2016-01-04,148.8,154.02,147.06,151.78,1815819,0
2016-01-05,151.89,153.33,149.44,150.74,1131111,0
2016-01-06,149.23,149.6,145.33,146.75,1051612,0
2016-01-07,144.36,149.01,142.69,148.38,1347766,0
2016-01-08,148.58,148.99,144.43,145.11,1033501,0
2016-01-11,145.68,147.67,144.62,146.6,1117609,0
2016-01-12,147.07,148.52,145.29,147.62,1048632,0
2016-01-13,147.89,148.44,141.32,141.72,1340110,0
2016-01-14,141.74,142.56,138.73,140.88,1124609,0
2016-01-15,137.61,144.26,137.24,143.85,1319751,0
2016-01-19,144.65,145.99,142.46,144.18,1187505,0
2016-01-20,142.14,144.67,138.97,142.95,618613,0
2016-01-21,142.8,145.94,141.83,143.36,708976,0
2016-01-22,144.5,145.4,142.15,143.99,993409,0
2016-01-25,144.55,145.88,142.8,144.28,856347,0
2016-01-26,144.99,152.25,144.32,151.01,1159582,0
2016-01-27,150.69,153.6,149.73,151.06,991275,0
2016-01-28,152.5,153.24,145.22,148.11,1005109,0
2016-01-29,149.42,151.77,147.73,151.59,1259395,0
2016-02-01,151.24,155.87,150.22,154.42,865532,0
2016-02-02,153.92,154.47,150.21,151.4,715277,0
2016-02-03,151.12,152.49,145.57,147.49,1518216,0
2016-02-04,147.01,147.99,145.03,147.4,1578297,0
2016-02-05,147.09,147.51,143,143.5,1288156,0
2016-02-08,142.33,142.66,135.64,141.01,2116321,0
2016-02-09,140.71,143.2,138.7,141.06,1243582,0
2016-02-10,140.69,143.06,137.99,138.15,2210438,0
2016-02-11,136.62,142.33,131.21,137.99,2581388,0
2016-02-12,139.11,140.96,136.77,140.33,977794,0
2016-02-16,141.6,148.52,140.74,145.55,1314952,0
2016-02-17,146.72,148.56,142.55,142.97,1475594,0
2016-02-18,141.91,144.4,140.12,142.88,1071278,0
2016-02-19,143.08,144.65,140.91,143.19,952292,0
2016-02-22,144.81,148.02,144.58,147.42,897306,0
2016-02-23,147.99,150.88,146.92,147.1,700398,0
2016-02-24,146.89,150.16,145.02,149.96,626972,0
2016-02-25,150.34,151.03,146.6,149.63,641819,0
2016-02-26,150.14,150.92,147.96,149.6,591268,0
2016-02-29,149.55,150.6,147.93,147.99,864826,0
2016-03-01,149.47,153.08,148.85,152.89,623988,0
2016-03-02,151.98,153.36,150.87,151.71,661363,0
2016-03-03,150.88,153.74,149.42,153.42,788032,0
2016-03-04,153.61,153.81,150.71,151.91,727789,0
2016-03-07,150.91,152.41,149.93,151.06,481716,0
2016-03-08,150.13,152.19,148.72,149.23,1019319,0
2016-03-09,150.52,153.63,149.3,153.31,629899,0
2016-03-10,153.34,155.82,153.08,155.68,767578,0
2016-03-11,156.37,158.68,155.5,158.09,966332,0
2016-03-14,157.06,159.66,156.88,158.86,668015,0
2016-03-15,157.85,159.64,156.88,158.1,832866,0
2016-03-16,158.04,159.74,156.61,158.54,488052,0
2016-03-17,157.37,158.42,155.89,157.53,581826,0
2016-03-18,157.85,158.08,156.25,157.06,856472,0
2016-03-21,157.07,158.33,156.97,158.19,390623,0
2016-03-22,157.57,158.85,157.06,157.77,405266,0
2016-03-23,157.81,161.49,157.12,160.67,778463,0
2016-03-24,160.57,161.61,159.53,161.39,848248,0
2016-03-28,161,162.44,158.97,161.33,639915,0
2016-03-29,161.16,162.65,160.01,162.6,665088,0
2016-03-30,161.93,165.54,161.93,163.36,790721,0
2016-03-31,162.05,162.28,159.83,159.92,1040019,0
2016-04-01,159.99,160.56,158.91,160,686634,0
2016-04-04,160.78,163.69,157.15,158.81,1043807,0
2016-04-05,158.08,160.48,157.69,160.05,726711,0
2016-04-06,160.48,160.65,157.76,159.46,696828,0
2016-04-07,158.44,159.11,154.72,155.42,582430,0
2016-04-08,156.59,156.88,154.59,155.7,505570,0
2016-04-11,155.84,156.87,154.34,154.36,365425,0
2016-04-12,154.26,156.19,153.1,156.09,676362,0
2016-04-13,157.27,160.48,157.05,160.07,698557,0
2016-04-14,159.81,161.08,159.32,160.52,500328,0
2016-04-15,160.6,161.59,159.6,160.76,412484,0
2016-04-18,159.96,162.86,158.85,160.52,751063,0
2016-04-19,161.44,162.29,159.88,160.37,530860,0
2016-04-20,160.6,160.91,157.97,157.97,684796,0
2016-04-21,157.98,158.41,155.97,156.72,688016,0
2016-04-22,156.97,158.54,154.77,157.98,541913,0
2016-04-25,157.18,157.89,155.22,156.98,620301,0
2016-04-26,157.48,158.34,155.78,157.86,658246,0
2016-04-27,157.66,159.65,156.54,158.85,372179,0
2016-04-28,157.17,158.01,155.02,155.46,637432,0
2016-04-29,155.57,156.09,153.74,155.69,455996,0
2016-05-02,155.93,156.35,152.29,155.05,864534,0
2016-05-03,154.82,156.56,153.51,155.6,531599,0
2016-05-04,153.86,155.89,153.29,155.43,357232,0
2016-05-05,152.59,152.71,147.81,148.35,1552623,0
2016-05-06,149.76,150.66,146.87,150.12,1013779,0
2016-05-09,149.61,151.66,149.02,151.13,548245,0
2016-05-10,151.99,153.18,150.97,151.89,686467,0
2016-05-11,151.34,151.77,147.67,147.74,616054,0
2016-05-12,148.6,150.63,147.6,149.61,844717,0
2016-05-13,149.18,149.63,144.8,145.17,992770,0
2016-05-16,145.16,148.22,145.06,147.75,967865,0
2016-05-17,146.54,146.54,142.92,143.69,1620304,0
2016-05-18,143.62,145.1,141.49,143.42,1608903,0
2016-05-19,133.76,143.83,132.64,143.15,5410432,0
2016-05-20,142.97,146.77,142.39,146,1953689,0
2016-05-23,145.19,147.11,144.71,145.48,1072651,0
2016-05-24,144.51,149.56,144.51,148.95,1129809,0
2016-05-25,148.89,153.93,148.41,153.13,1685438,0
2016-05-26,154.15,156.38,153.1,156.25,2197513,0
2016-05-27,156.4,157.35,155.49,155.9,1078473,0
2016-05-31,156.58,156.58,153.32,153.44,1694247,0
2016-06-01,153.44,153.49,151.53,152.94,1377396,0
2016-06-02,150.99,152.76,150.18,151.75,1323445,0
2016-06-03,151.27,152.27,149.34,150.31,898235,0
2016-06-06,150.31,150.32,148.12,149.85,857442,0
2016-06-07,149.93,151.66,149.06,151.31,1139143,0
2016-06-08,151.1,153.79,151.08,153.12,1855256,0
2016-06-09,153.49,157.05,153.49,156.37,2687555,0
2016-06-10,154.49,155.23,152.3,152.62,968715,0
2016-06-13,152.09,154.66,152.09,152.15,888728,0
2016-06-14,152.35,153.19,150.7,152.23,1042310,0
2016-06-15,152.54,154.83,152.34,153.3,869099,0
2016-06-16,152.07,153.88,151.4,153.6,944532,0
2016-06-17,153.23,154.65,152.07,154.21,1038367,0
2016-06-20,155.39,156.92,154.99,155.23,706524,0
2016-06-21,155.21,155.96,153.55,154.1,808591,0
2016-06-22,154.23,154.9,152.75,152.82,718424,0
2016-06-23,154.1,154.76,153.37,154.58,832984,0
2016-06-24,150.66,155.62,150.57,154.18,1754802,0
2016-06-27,153.4,155.35,151.86,153.44,2247618,0
2016-06-28,154.52,156.81,153.94,156.63,1537209,0
2016-06-29,157.68,161.41,157.68,160.65,1564346,0
2016-06-30,160.66,161.33,159.14,161.26,794119,0
2016-07-01,161.79,164.32,161.41,163.95,878514,0
2016-07-05,162.09,163.27,159.96,160.82,755867,0
2016-07-06,160.7,161.57,160.04,161.08,1164658,0
2016-07-07,161.17,162.24,159.69,160.76,673974,0
2016-07-08,161.92,164.88,161.31,164.47,913188,0
2016-07-11,164.47,165.93,163.21,163.32,680791,0
2016-07-12,164.12,164.54,162.18,163.18,862172,0
2016-07-13,163.77,164.35,160.18,162.54,908199,0
2016-07-14,163.09,165.08,162.07,164.58,576652,0
2016-07-15,165.07,165.41,164.01,164.21,678679,0
2016-07-18,164.54,164.54,163.58,164.02,517953,0
2016-07-19,162.8,163.4,161.29,163.33,857827,0
2016-07-20,164.23,164.23,163.05,163.38,446388,0
2016-07-21,163.12,163.98,162.62,163.71,421464,0
2016-07-22,164.33,165.84,163.82,165.65,587374,0
2016-07-25,165.61,166.38,165,166.28,504102,0
2016-07-26,166.55,167.73,165.29,165.84,879990,0
2016-07-27,166.63,167.27,164.09,164.35,837993,0
2016-07-28,164.29,172.48,164.03,169.95,1760207,0
2016-07-29,169.61,169.9,168.11,169.47,1372326,0
2016-08-01,168.87,169.18,167.68,168.11,846826,0
2016-08-02,167.78,168.09,164.97,166.22,883811,0
2016-08-03,166.05,168.27,164.61,168.26,595851,0
2016-08-04,167.99,169.99,167.92,169.79,1105133,0
2016-08-05,170.11,171.56,169.81,170.1,1092771,0
2016-08-08,170.1,170.92,168.36,168.49,1114410,0
2016-08-09,168.36,169.17,165.9,166.11,514309,0
2016-08-10,166.18,167.09,165.19,166.26,840245,0
2016-08-11,167.41,170.03,166.27,166.32,831251,0
2016-08-12,165.71,166.11,163.12,165.62,1167838,0
2016-08-15,166.36,169.51,165.17,167.37,1858777,0
2016-08-16,161.63,165.02,159.98,160.04,3037577,0
2016-08-17,159.64,160.06,156.58,157.69,1991295,0
2016-08-18,158.14,158.44,156.28,157.08,1373754,0
2016-08-19,156.62,159.36,156.62,157.69,1143049,0
2016-08-22,158.61,160.6,157.69,158.11,1152728,0
2016-08-23,159.01,159.55,157.41,157.59,998448,0
2016-08-24,158.57,163.59,158.57,160,1751538,0
2016-08-25,159.69,160.56,158.58,159.82,785851,0
2016-08-26,159.33,160.26,155.85,156.48,960669,0
2016-08-29,156.48,158.03,156.36,157.32,551356,0
2016-08-30,157.63,157.63,155.73,156.31,724720,0
2016-08-31,156.44,157.51,155.54,157.03,701062,0
2016-09-01,157.84,159.26,157.4,158.4,723320,0
2016-09-02,158.43,159.29,157.69,158.21,637058,0
2016-09-06,158.45,160.5,158.38,159.78,726257,0
2016-09-07,159.94,161.91,159.66,161.51,910688,0
2016-09-08,160.31,160.77,156.86,158.51,1743755,0
2016-09-09,156.51,157.39,152.62,152.62,1501193,0
2016-09-12,152.38,153.54,151.08,153.03,2170217,0
2016-09-13,152.59,153.67,150.32,150.84,1180014,0
2016-09-14,151.2,152.15,149.81,150.38,702599,0
2016-09-15,150.15,150.51,148.38,148.61,1124575,0
2016-09-16,147.93,148.66,147.4,147.78,963433,0
2016-09-19,147.78,148.64,147.11,148.11,974369,0
2016-09-20,148.72,148.93,144.95,145.56,1199864,0
2016-09-21,145.31,146.3,144.88,146.06,1119040,0
2016-09-22,147.35,149.47,146.73,148.88,1572345,0
2016-09-23,148.73,149.55,147.96,148.97,1378501,0
2016-09-26,148.46,149.96,147.53,149.83,999175,0
2016-09-27,151.3,152.42,150.31,150.73,1153397,0
2016-09-28,150.97,151.06,148.42,148.73,1122723,0
2016-09-29,148.65,148.66,145.81,146.47,813508,0
2016-09-30,146.84,149.23,145.99,148.85,1067476,0
2016-10-03,148.26,148.99,146.29,146.67,628917,0
2016-10-04,147.05,147.82,145.84,146.27,593558,0
2016-10-05,147.35,149.13,147.23,148.66,700416,0
2016-10-06,148.4,148.82,147.15,148.44,609505,0
2016-10-07,149.12,149.4,146.96,147.86,397514,0
2016-10-10,148.73,149.55,147.53,147.79,437260,0
2016-10-11,147.69,148.2,146.18,146.49,629652,0
2016-10-12,146.36,148.8,146.3,147.69,513939,0
2016-10-13,146.99,147.34,144.83,146.51,768708,0
2016-10-14,147.31,148.29,146.03,146.37,566109,0
2016-10-17,146.12,146.45,142.87,143,805931,0
2016-10-18,143.88,144.62,140.31,142.72,1507668,0
2016-10-19,141.79,144.73,137.76,141.96,2182455,0
2016-10-20,141.82,142.46,140.6,141.03,925797,0
2016-10-21,140.41,141.93,139.49,141.66,503149,0
2016-10-24,142.65,143.27,140.37,140.83,1015172,0
2016-10-25,140.16,143.99,139.82,143.54,1119898,0
2016-10-26,143.25,144.39,142.42,143.69,873153,0
2016-10-27,143.17,144.27,138.71,138.95,1365707,0
2016-10-28,138.19,141.14,137.93,139.93,1016785,0
2016-10-31,140.06,140.55,138.56,139.81,1280147,0
2016-11-01,139.61,140.65,138.28,139.52,803619,0
2016-11-02,139.39,139.73,136.86,137.88,733127,0
2016-11-03,138.53,140.02,137.97,138.58,1021926,0
2016-11-04,138.58,139.73,135.5,135.93,1097293,0
2016-11-07,137.28,137.57,135.96,137.28,860939,0
2016-11-08,137.19,138.73,135.84,137.41,922759,0
2016-11-09,134.53,140.27,133.83,140.06,1352375,0
2016-11-10,140.58,146.18,140.58,145.55,2276251,0
2016-11-11,144.84,146.96,143.36,144.75,1743315,0
2016-11-14,145.01,146.73,141.93,142.63,3414875,0
2016-11-15,163.69,166.58,161.23,164.02,7366415,0
2016-11-16,162.91,163.44,160.66,162.68,1884333,0
2016-11-17,163.14,166.65,162.04,166,1499517,0
2016-11-18,165.8,166.41,161.93,162.27,1228809,0
2016-11-21,162.45,167.07,161.7,166.58,766087,0
2016-11-22,167.31,170.66,166.75,169.97,1390438,0
2016-11-23,169.94,171.19,168.33,170.72,983892,0
2016-11-25,171.37,171.7,169.81,170.54,406313,0
2016-11-28,170.83,173.99,170.23,170.45,1024608,0
2016-11-29,172.02,173.17,169.38,169.48,640908,0
2016-11-30,169.16,170.35,168.09,169.4,829081,0
2016-12-01,168.86,171.25,167,170.44,860340,0
2016-12-02,170.14,171.66,169.56,169.82,487917,0
2016-12-05,171.12,171.64,169.64,170.21,741643,0
2016-12-06,169.86,173.44,169.53,172.99,754800,0
2016-12-07,172.06,176.67,172.06,176.45,775900,0
2016-12-08,176.08,177.5,174.86,176.19,798261,0
2016-12-09,175.72,176.99,173.64,175.25,522545,0
2016-12-12,173.89,175.32,171.44,172.68,1091588,0
2016-12-13,172.94,174.63,170.83,171.55,1011757,0
2016-12-14,172.71,173.97,169.57,171.19,1460723,0
2016-12-15,171.3,173.13,170.69,172.6,664771,0
2016-12-16,173.04,173.67,170.85,171.59,893362,0
2016-12-19,171.29,175.22,171.29,173.5,550249,0
2016-12-20,173.94,176,171.9,175.3,1248595,0
2016-12-21,174.5,175.2,173.05,173.25,455419,0
2016-12-22,172.44,173.15,169.43,170.13,947544,0
2016-12-23,170.43,171.82,169.74,170.63,334806,0
2016-12-27,170.46,172.49,170.46,171.58,509465,0
2016-12-28,171.75,172.67,170.09,170.16,357899,0
2016-12-29,169.82,170.82,169.2,170.02,432047,0
2016-12-30,171.06,171.74,168.34,168.86,513781,0
2017-01-03,170.52,171.1,169.05,170.34,692575,0
2017-01-04,170.11,172.91,170.11,171.74,643341,0
2017-01-05,170.61,172.8,169.97,171.62,665488,0
2017-01-06,171.06,171.73,169.04,169.37,828633,0
2017-01-09,169.8,170.02,168.06,169.27,561011,0
2017-01-10,168.44,171.66,168.37,169.66,622271,0
2017-01-11,173.25,174.73,170.66,173.17,890368,0
2017-01-12,172.16,174.35,171.74,174.21,745727,0
2017-01-13,174.16,175.59,173.26,174.53,1197975,0
2017-01-17,174.08,177.23,172.68,172.74,1050512,0
2017-01-18,172.75,173.92,171.5,173.72,792661,0
2017-01-19,173.95,174.56,170.96,171.46,607516,0
2017-01-20,171.98,172.65,170.15,171.24,732429,0
2017-01-23,166.82,168.37,164.02,167.52,1418839,0
2017-01-24,168.54,170.72,167.52,168.03,883771,0
2017-01-25,169.14,170.05,166.74,167.24,970109,0
2017-01-26,167.49,169.16,165.09,165.25,1303581,0
2017-01-27,165.89,166.02,163.69,164.12,769843,0
2017-01-30,165.1,165.1,162.65,164.38,728109,0
2017-01-31,163.65,164.43,162.03,163.99,1057620,0
2017-02-01,163.74,164.64,159.46,160.35,1597467,0
2017-02-02,159.85,162.81,159.76,162.1,1487720,0
2017-02-03,162.74,163.46,161.68,162.51,851831,0
2017-02-06,161.49,162.78,159.69,160.03,946172,0
2017-02-07,160.97,161.82,157.54,158.94,1193094,0
2017-02-08,158.05,163.41,158.01,162.49,1924890,0
2017-02-09,162.02,164.92,161.07,164.58,1103660,0
2017-02-10,164.98,165.62,162.95,163.8,736156,0
2017-02-13,164.75,164.75,161.91,162.15,987692,0
2017-02-14,162.15,164.54,161.61,164.12,936688,0
2017-02-15,163.05,165.05,162.76,163.63,695781,0
2017-02-16,163.96,164.21,160.08,160.75,1359902,0
2017-02-17,160.37,161.64,159.51,161.34,1563913,0
2017-02-21,164.25,169.29,160.44,160.91,3291410,0
2017-02-22,160.5,161.75,155.03,159.44,3448319,0
2017-02-23,159.08,159.42,156.42,157.48,1398288,0
2017-02-24,156.22,157.99,155.21,157.09,1602029,0
2017-02-27,156.61,157.15,155.12,156.7,1445873,0
2017-02-28,155.4,158.45,154.94,156.37,1088929,0
2017-03-01,158.35,158.35,155.4,156.44,1039361,0
2017-03-02,156.44,157.85,156.21,157.12,1159848,0
2017-03-03,157.06,157.89,154.07,155.11,1254067,0
2017-03-06,155.11,155.85,153.96,154.02,1059536,0
2017-03-07,154.03,154.56,151.39,151.76,1104278,0
2017-03-08,153.28,155.5,152.59,154.97,1417705,0
2017-03-09,154.73,155.24,153.98,154.91,1026139,0
2017-03-10,155.28,155.57,153.16,153.74,1066154,0
2017-03-13,152.53,154.72,151.76,154.12,962409,0
2017-03-14,154.07,154.4,152.67,153.48,897947,0
2017-03-15,153.35,153.37,150.92,152.69,1596130,0
2017-03-16,152.51,153.54,151.6,153.18,584412,0
2017-03-17,152.19,153.02,150.67,152.17,1136949,0
2017-03-20,152.72,154,151.63,152.21,1053006,0
2017-03-21,152.31,152.6,150.41,150.99,1063498,0
2017-03-22,151.43,151.89,150.29,151.1,662485,0
2017-03-23,151.1,152.21,149.95,150.61,653810,0
2017-03-24,150.61,150.83,149.19,149.57,616337,0
2017-03-27,148.34,148.61,146.01,147.64,770743,0
2017-03-28,147.03,148.72,146.2,148.2,1120539,0
2017-03-29,148.22,149.91,147.45,149.51,739842,0
2017-03-30,149.08,149.48,148.19,148.51,700424,0
2017-03-31,148.1,149.24,147.22,148.1,982864,0
2017-04-03,148.24,149.04,143.4,145.34,2032070,0
2017-04-04,144.77,145.06,142.51,142.88,1073361,0
2017-04-05,143.6,144.53,142.38,142.58,742324,0
2017-04-06,143.59,144.49,142.2,142.4,766186,0
2017-04-07,142.35,143.38,141.77,141.89,929126,0
2017-04-10,141.72,143.6,141.71,142.68,740198,0
2017-04-11,142.33,143.76,141.33,143.3,764523,0
2017-04-12,142.75,142.75,140.91,141.58,596721,0
2017-04-13,141.76,142.68,140.73,140.73,477193,0
2017-04-17,141.1,141.32,139.99,140.68,647052,0
2017-04-18,140.17,141.44,140.17,140.75,647075,0
2017-04-19,141.37,144.61,141.37,142.26,1231428,0
2017-04-20,143.4,146.66,142.93,146.4,1280329,0
2017-04-21,146.31,146.86,144.87,146.68,1022773,0
2017-04-24,147.72,148.19,145.76,146.94,906186,0
2017-04-25,146.84,146.84,144.04,145.51,1031548,0
2017-04-26,146.13,146.75,145.24,145.62,1114192,0
2017-04-27,145.59,148.12,140.8,143.03,2082072,0
2017-04-28,142.81,142.81,139.96,141.98,1460631,0
2017-05-01,142.99,142.99,140.2,140.37,923544,0
2017-05-02,140.28,142.51,139.71,142.39,806433,0
2017-05-03,142.33,143.27,141.8,142.66,544015,0
2017-05-04,142.55,144.79,142.55,144.65,596594,0
2017-05-05,144.82,144.86,143.44,144.82,618172,0
2017-05-08,145.01,146.9,144.6,146.81,839238,0
2017-05-09,146.65,146.95,144.63,145.96,808905,0
2017-05-10,145.67,146.1,144.99,146,381877,0
2017-05-11,145.33,146,142.87,145.79,771538,0
2017-05-12,145.6,145.6,144.23,144.86,593825,0
2017-05-15,144.5,146.99,144.33,145.69,1098914,0
2017-05-16,146.49,146.49,141.95,145.09,2322627,0
2017-05-17,143.55,144.97,142.73,144.4,1207466,0
2017-05-18,144.57,149,144.36,148.35,1582850,0
2017-05-19,148.69,151.55,147.75,151.3,1613906,0
2017-05-22,150.73,151.18,147.04,147.21,1923632,0
2017-05-23,138.99,143.67,138.98,140.5,3895279,0
2017-05-24,131.51,135.74,131.16,132.88,5971295,0
2017-05-25,132.86,133.92,129.26,131.83,3937963,0
2017-05-26,131.7,135.54,131.3,134.01,2252846,0
2017-05-30,134.49,135.05,132.63,132.85,1546020,0
2017-05-31,133.99,135.24,131.48,133.49,2120903,0
2017-06-01,133.95,136.94,133.6,136.94,1314757,0
2017-06-02,136.82,138.07,135.97,137.64,1210532,0
2017-06-05,136.84,136.84,134.57,135.41,1408374,0
2017-06-06,134.83,134.83,129.81,131.16,2215497,0
2017-06-07,131.95,133.79,130.23,130.48,997496,0
2017-06-08,130.3,131.24,125.68,125.78,2227203,0
2017-06-09,125.8,128.49,123.35,128.22,1681096,0
2017-06-12,127.97,131.15,127.49,130.81,1467880,0
2017-06-13,130.81,131.53,128.49,131.49,897111,0
2017-06-14,131.79,131.79,129.99,130.45,882519,0
2017-06-15,130.39,131.67,128.96,131.01,1222588,0
2017-06-16,130.33,130.78,127.5,130.02,1727132,0
2017-06-19,130.16,130.93,128.44,129.46,1055567,0
2017-06-20,128.14,128.21,123.43,123.44,2236151,0
2017-06-21,124.18,124.18,118.19,120.03,2494493,0
2017-06-22,120.13,122.44,119.75,120.62,2119748,0
2017-06-23,120.67,121.35,118.67,119.66,2291010,0
2017-06-26,119.98,124.54,119.98,121.71,1545422,0
2017-06-27,121.31,123.22,121.21,121.88,1653665,0
2017-06-28,119.67,120.52,116.56,116.64,2107408,0
2017-06-29,116.18,118.18,115.55,115.98,2185441,0
2017-06-30,116.38,117.75,115.96,116.52,995556,0
2017-07-03,117.38,118.65,116.2,118.34,915419,0
2017-07-05,110.06,111.63,99.067,105.14,7352789,0
2017-07-06,104.41,105.76,102.19,103.09,2720410,0
2017-07-07,102.63,103.1,100.87,101.87,2113304,0
2017-07-10,101.88,102.33,99.437,101.11,1910486,0
2017-07-11,101.09,101.87,99.307,100.19,1433954,0
2017-07-12,100.97,102.37,100.44,100.88,1997819,0
2017-07-13,100.63,103.72,100.63,103.15,2223670,0
2017-07-14,103.59,103.61,101.57,101.98,1206146,0
2017-07-17,101.75,102.92,101.56,101.68,1648671,0
2017-07-18,101.72,101.94,99.92,100.24,2219736,0
2017-07-19,100.41,101.85,99.89,100.81,1414524,0
2017-07-20,100.64,104.07,99.75,103.16,1710107,0
2017-07-21,103.3,105.39,103.29,105.2,1217161,0
2017-07-24,105.04,105.13,103.05,103.1,1414381,0
2017-07-25,103.52,105.89,103.4,105.22,1249889,0
2017-07-26,105.66,107.41,105.11,106.63,1701222,0
2017-07-27,107.98,110.47,107.17,110.27,2248681,0
2017-07-28,109.83,111.12,109.18,110.14,1033778,0
2017-07-31,111.54,112.83,110.48,111.94,1980849,0
2017-08-01,111.93,114.03,110.75,113.98,1513978,0
2017-08-02,113.61,114.81,113.39,114.41,1776318,0
2017-08-03,114.2,115.33,110.38,110.46,1813808,0
2017-08-04,111.06,111.78,110.23,110.94,944681,0
2017-08-07,110.79,111.1,108.13,109.42,1436248,0
2017-08-08,109.44,110.74,108.22,109.32,864122,0
2017-08-09,109.17,110.21,108.34,109.11,939064,0
2017-08-10,108.37,108.75,105.18,106.06,1810016,0
2017-08-11,106.02,107.4,105.17,107.27,1904594,0
2017-08-14,107.81,109.74,106.26,109.25,2127709,0
2017-08-15,91.932,92.941,82.158,87.025,19749386,0
2017-08-16,86.505,92.791,86.495,91.452,6534894,0
2017-08-17,90.693,95.43,90.123,92.791,4671850,0
2017-08-18,92.781,94.94,92.072,93.201,3074211,0
2017-08-21,93.871,95.889,93.461,95.13,1969426,0
2017-08-22,95.17,96.689,95.01,95.739,2076225,0
2017-08-23,95.23,95.899,93.041,93.481,1776735,0
2017-08-24,94.12,95.19,92.302,93.041,1408654,0
2017-08-25,93.431,97.778,92.941,95.739,1634205,0
2017-08-28,95.879,96.249,93.891,94.6,1109009,0
2017-08-29,93.841,95.25,93.041,95.06,1750496,0
2017-08-30,95.06,98.018,95.06,96.749,1441969,0
2017-08-31,97.228,98.548,96.779,97.838,1914571,0
2017-09-01,98.248,99.367,97.588,97.998,1096262,0
2017-09-05,97.648,98.857,96.219,96.669,1194767,0
2017-09-06,96.859,97.638,94.96,95.549,1894384,0
2017-09-07,95.939,96.269,92.711,93.471,2865005,0
2017-09-08,93.531,94.97,92.421,93.97,1824925,0
2017-09-11,93.94,94.96,93.311,94.34,1250676,0
2017-09-12,92.252,97.888,91.402,97.198,2288280,0
2017-09-13,97.009,100.26,97.009,100.04,2081319,0
2017-09-14,100.03,100.03,98.937,99.96,1323571,0
2017-09-15,99.71,99.71,98.198,99.447,2588513,0
2017-09-18,99.6,100.23,98.428,98.518,2073449,0
2017-09-19,98.937,100.65,94.18,94.79,3101074,0
2017-09-20,94.44,96.039,93.611,94.69,1455300,0
2017-09-21,94.75,94.97,93.19,93.68,1596691,0
2017-09-22,93.9,95.906,93.68,95.59,1784029,0
2017-09-25,95.83,98.55,95.39,97.94,2681297,0
2017-09-26,97.99,98.43,96.9,97.59,1175469,0
2017-09-27,98.2,99.45,97.41,99.33,1253987,0
2017-09-28,99.26,99.92,98.91,99.5,1132752,0
2017-09-29,99.7,99.99,98.2377,99.2,1878241,0
2017-10-02,99.58,99.74,98.39,99.36,1517333,0
2017-10-03,99.46,100.095,98.24,98.98,934959,0
2017-10-04,95.04,98.41,94.48,94.93,2780155,0
2017-10-05,94.77,95.85,93.6,94.33,2050807,0
2017-10-06,94.14,95.67,93.69,94.29,1316795,0
2017-10-09,94.23,94.47,90.99,91.12,1951334,0
2017-10-10,91.22,92.38,91.06,91.84,1260603,0
2017-10-11,91.7,92.16,89.18,89.4,1527595,0
2017-10-12,89.38,89.5,86.49,86.56,2518506,0
2017-10-13,86.76,86.8726,85.4,85.51,1969373,0
2017-10-16,85.7,86.05,84.755,86.01,2448040,0
2017-10-17,86.38,88.97,86.2,88.09,2100239,0
2017-10-18,87.83,88.88,87.44,87.81,2345242,0
2017-10-19,86.24,87.96,85.34,86.92,2400967,0
2017-10-20,87.65,87.72,85.93,86.78,1128060,0
2017-10-23,86.55,87.44,85.58,85.91,1345034,0
2017-10-24,85.73,85.93,83.5,84.25,1787794,0
2017-10-25,83.71,84.06,81.82,83.31,2052654,0
2017-10-26,82.89,87.64,81.31,85.65,3229389,0
2017-10-27,85.65,85.65,81.805,81.93,2914705,0
2017-10-30,81.915,82.13,81.13,82,2309813,0
2017-10-31,82.17,83.1523,81.68,81.74,1081473,0
2017-11-01,82.33,82.74,80.68,80.75,1157567,0
2017-11-02,81.02,82.91,80.21,81.69,1669094,0
2017-11-03,81.39,82.38,80.27,81.8,1108556,0
2017-11-06,81.53,81.81,80.31,80.71,1173581,0
2017-11-07,80.66,80.66,78.9,79.38,1261581,0
2017-11-08,79.2,80.62,78.81,79.41,3233316,0
2017-11-09,79.56,81.09,79.14,80.45,1898508,0
2017-11-10,80.16,81.99,80,81.22,1941881,0
