2016-01-04,32.928,33.303,32.041,32.061,210549,0
2016-01-05,32.11,32.425,31.647,32.19,216685,0
2016-01-06,31.657,31.943,31.579,31.657,455936,0
2016-01-07,31.224,31.687,30.958,31.067,325855,0
2016-01-08,31.292,31.52,30.672,30.761,355554,0
2016-01-11,30.899,31.254,30.506,30.731,323112,0
2016-01-12,31.067,31.402,30.161,30.565,186812,0
2016-01-13,30.613,30.613,29.785,29.963,393003,0
2016-01-14,30.121,30.298,29.648,29.747,212852,0
2016-01-15,29.017,29.342,28.574,29.244,264084,0
2016-01-19,29.559,29.747,28.831,29.127,141730,0
2016-01-20,28.742,29.224,28.25,28.84,146640,0
2016-01-21,28.821,28.967,28.465,28.782,195597,0
2016-01-22,27.865,29.205,26.274,27.195,902949,0
2016-01-25,26.949,27.205,26.269,26.329,269433,0
2016-01-26,26.209,26.861,26.103,26.812,508207,0
2016-01-27,26.713,27.462,26.506,27.175,379938,0
2016-01-28,27.462,27.865,27.344,27.538,144866,0
2016-01-29,27.628,28.515,27.408,28.495,254096,0
2016-02-01,28.358,28.378,27.718,28.171,290883,0
2016-02-02,27.828,28.071,27.718,27.875,168541,0
2016-02-03,27.993,27.993,26.901,27.422,172036,0
2016-02-04,27.394,27.748,26.812,26.988,142840,0
2016-02-05,27.066,27.165,26.18,26.18,160198,0
2016-02-08,26.004,26.133,25.363,25.433,277531,0
2016-02-09,25.137,26.239,25.079,25.865,246345,0
2016-02-10,25.965,26.458,25.502,25.591,266297,0
2016-02-11,25.127,25.433,24.586,24.713,146787,0
2016-02-12,25.117,25.522,24.82,25.323,274371,0
2016-02-16,25.648,26.199,25.403,25.965,376903,0
2016-02-17,26.113,26.279,24.99,25.611,351703,0
2016-02-18,25.688,25.787,25.283,25.423,229165,0
2016-02-19,25.363,26.219,25.323,25.875,214953,0
2016-02-22,26.054,26.259,25.561,26.103,180209,0
2016-02-23,25.985,26.319,25.63,25.895,133410,0
2016-02-24,25.668,26.064,25.413,26.004,124177,0
2016-02-25,25.985,26.239,25.826,26.17,50442,0
2016-02-26,26.398,26.911,26.349,26.752,118234,0
2016-02-29,26.713,27.285,26.535,26.584,149516,0
2016-03-01,26.841,27.354,26.772,27.175,123188,0
2016-03-02,27.205,27.828,26.723,27.136,124047,0
2016-03-03,27.096,27.943,27.018,27.904,144491,0
2016-03-04,27.924,28.131,27.618,27.778,100701,0
2016-03-07,27.658,27.914,27.462,27.847,67699,0
2016-03-08,27.598,27.783,27.432,27.509,75642,0
2016-03-09,27.638,27.708,27.146,27.255,57265,0
2016-03-10,27.324,27.668,27.086,27.519,97900,0
2016-03-11,27.738,28.012,27.588,27.993,112000,0
2016-03-14,27.993,28.84,27.945,28.574,619555,0
2016-03-15,28.378,28.529,27.847,27.904,197177,0
2016-03-16,27.875,28.141,27.648,28.071,235633,0
2016-03-17,28.061,28.772,27.865,28.663,252519,0
2016-03-18,28.86,29.382,28.831,28.987,495139,0
2016-03-21,28.987,29.352,28.465,28.673,162048,0
2016-03-22,28.534,29.234,27.683,28.475,77658,0
2016-03-23,28.426,29.077,28.171,28.27,104391,0
2016-03-24,28.081,28.855,27.638,28.358,112142,0
2016-03-28,28.485,28.544,28.022,28.339,64008,0
2016-03-29,28.309,29.048,27.807,28.654,181404,0
2016-03-30,28.714,28.861,28.348,28.644,222361,0
2016-03-31,28.694,29.276,28.574,29.187,124716,0
2016-04-01,28.978,29.216,28.743,29.068,111376,0
2016-04-04,29.098,29.473,28.664,28.714,107019,0
2016-04-05,28.456,28.587,27.982,27.992,156144,0
2016-04-06,28.071,28.309,27.807,28.131,131453,0
2016-04-07,28.001,28.21,27.364,27.518,147547,0
2016-04-08,27.677,28.121,27.527,27.797,75606,0
2016-04-11,27.962,28.436,27.908,28.24,84677,0
2016-04-12,28.21,28.574,27.952,28.456,97119,0
2016-04-13,28.674,29.571,28.674,29.453,99119,0
2016-04-14,29.413,30.4,29.314,30.164,532784,0
2016-04-15,30.104,30.578,29.828,30.5,157803,0
2016-04-18,30.311,30.666,29.946,30.559,71215,0
2016-04-19,30.588,30.775,30.4,30.666,181372,0
2016-04-20,30.646,30.735,29.996,30.598,196545,0
2016-04-21,30.676,30.953,30.51,30.745,103671,0
2016-04-22,30.904,32.318,30.805,31.959,392974,0
2016-04-25,31.831,31.968,31.307,31.585,119437,0
2016-04-26,30.953,31.575,30.844,31.367,477177,0
2016-04-27,31.268,31.416,30.933,31.307,137977,0
2016-04-28,31.297,31.441,30.894,30.982,82644,0
2016-04-29,30.923,31.209,30.656,30.982,127042,0
2016-05-02,31.151,31.263,30.815,30.982,269609,0
2016-05-03,30.745,30.884,30.222,30.43,192548,0
2016-05-04,30.331,30.824,29.966,30.174,123214,0
2016-05-05,30.321,30.617,30.154,30.164,366990,0
2016-05-06,30.065,30.4,29.768,30.38,176909,0
2016-05-09,30.321,30.608,30.016,30.341,67547,0
2016-05-10,30.41,31.081,30.331,30.834,111520,0
2016-05-11,30.745,31.042,30.432,30.5,56298,0
2016-05-12,30.676,30.785,30.251,30.578,94537,0
2016-05-13,30.44,30.884,30.154,30.4,145517,0
2016-05-16,30.331,31.111,30.331,30.735,217324,0
2016-05-17,30.559,30.904,29.591,29.788,102702,0
2016-05-18,29.758,30.745,29.758,30.588,205426,0
2016-05-19,30.539,30.608,29.896,30.144,106714,0
2016-05-20,30.35,30.745,30.277,30.49,129044,0
2016-05-23,30.549,30.598,30.144,30.45,179673,0
2016-05-24,30.49,30.834,30.36,30.735,885355,0
2016-05-25,30.923,31.799,30.923,31.575,434354,0
2016-05-26,31.575,31.675,31.278,31.387,159348,0
2016-05-27,31.516,31.673,31.268,31.614,109570,0
2016-05-31,31.811,31.811,31.278,31.407,111839,0
2016-06-01,31.307,31.575,30.894,31.347,142740,0
2016-06-02,31.249,31.476,31.012,31.446,126417,0
2016-06-03,31.219,31.219,30.124,30.904,109332,0
2016-06-06,30.953,31.585,30.864,31.516,123762,0
2016-06-07,31.575,31.585,31.258,31.288,51535,0
2016-06-08,31.258,31.545,31.131,31.446,51948,0
2016-06-09,31.426,31.446,30.854,31.258,121653,0
2016-06-10,30.963,31.307,30.884,31.151,60934,0
2016-06-13,30.636,31.052,30.075,30.46,161736,0
2016-06-14,30.35,30.588,29.739,29.788,102788,0
2016-06-15,29.828,30.213,29.601,29.72,80263,0
2016-06-16,29.463,29.601,29.008,29.256,147324,0
2016-06-17,29.168,29.453,28.465,28.841,267654,0
2016-06-20,29.266,29.611,29.028,29.078,103836,0
2016-06-21,29.078,29.148,28.714,29.048,104150,0
2016-06-22,29.078,29.571,29.078,29.187,108844,0
2016-06-23,29.571,30.026,29.468,30.016,81080,0
2016-06-24,28.594,28.958,28.348,28.614,259804,0
2016-06-27,28.21,28.23,27.547,27.577,234688,0
2016-06-28,27.983,28.33,27.597,28.102,84679,0
2016-06-29,28.398,28.932,27.993,28.872,123377,0
2016-06-30,28.922,29.387,28.369,29.357,208323,0
2016-07-01,29.209,29.406,28.912,29.111,147115,0
2016-07-05,29.061,29.061,28.666,28.745,61975,0
2016-07-06,28.616,28.941,28.566,28.785,90082,0
2016-07-07,28.795,29.071,28.666,28.853,71040,0
2016-07-08,29.219,29.461,29.131,29.239,111017,0
2016-07-11,29.377,29.762,29.307,29.743,94275,0
2016-07-12,29.704,30.405,29.704,30.169,121050,0
2016-07-13,30.179,30.306,30.04,30.179,105549,0
2016-07-14,30.544,30.564,30.198,30.495,116318,0
2016-07-15,30.672,30.959,30.445,30.85,147412,0
2016-07-18,30.86,30.87,30.405,30.415,73138,0
2016-07-19,30.385,30.515,30.089,30.208,119116,0
2016-07-20,30.218,30.35,29.956,30.099,47433,0
2016-07-21,30.07,30.415,29.958,30.129,76134,0
2016-07-22,30.564,31.582,30.435,31.562,170019,0
2016-07-25,31.69,32.342,31.69,32.215,230154,0
2016-07-26,32.175,32.748,32.016,32.659,231031,0
2016-07-27,32.629,33.355,32.496,33.272,301806,0
2016-07-28,33.222,33.262,32.827,33.015,135099,0
2016-07-29,33.025,33.222,32.748,32.757,110228,0
2016-08-01,32.699,32.916,32.441,32.57,94386,0
2016-08-02,32.451,32.561,32.244,32.392,95560,0
2016-08-03,32.274,32.6,31.976,32.431,71399,0
2016-08-04,32.461,32.995,32.461,32.629,124488,0
2016-08-05,32.639,33.43,32.491,33.41,183299,0
2016-08-08,33.292,33.41,32.975,33.104,67094,0
2016-08-09,33.144,33.42,33.064,33.4,74119,0
2016-08-10,33.36,33.36,32.807,32.837,88952,0
2016-08-11,32.876,33.114,32.699,33.015,57309,0
2016-08-12,32.857,32.896,32.61,32.866,56744,0
2016-08-15,32.797,33.242,32.797,33.094,64294,0
2016-08-16,33.034,33.202,32.827,33.104,46934,0
2016-08-17,33.104,33.405,32.985,33.074,47618,0
2016-08-18,33.064,33.37,33.054,33.36,73419,0
2016-08-19,33.31,33.36,32.382,33.212,72527,0
2016-08-22,33.114,33.44,33.025,33.39,48448,0
2016-08-23,33.539,33.639,33.34,33.42,114992,0
2016-08-24,33.46,33.509,33.292,33.48,43717,0
2016-08-25,33.074,33.639,32.886,33.599,81699,0
2016-08-26,33.559,33.925,33.41,33.619,65340,0
2016-08-29,33.639,33.815,33.609,33.716,74341,0
2016-08-30,33.736,34.023,33.629,34.003,60274,0
2016-08-31,34.201,34.498,33.925,34.409,164904,0
2016-09-01,34.596,34.665,34.161,34.586,198396,0
2016-09-02,34.734,34.854,34.32,34.844,137353,0
2016-09-06,35.002,35.002,34.468,34.754,201490,0
2016-09-07,34.694,35.417,34.493,35.387,193099,0
2016-09-08,35.387,35.436,35.169,35.368,108121,0
2016-09-09,35.407,35.783,35.309,35.358,231775,0
2016-09-12,35.209,35.368,34.636,35.269,132697,0
2016-09-13,34.963,35.189,34.665,35.08,96952,0
2016-09-14,35.09,35.339,34.774,34.894,152451,0
2016-09-15,34.943,35.169,34.764,34.794,169186,0
2016-09-16,34.844,34.992,34.32,34.923,269229,0
2016-09-19,34.834,35.159,34.547,34.953,179992,0
2016-09-20,34.992,35.149,34.631,34.684,61159,0
2016-09-21,34.834,35.055,34.478,34.953,119001,0
2016-09-22,34.953,35.07,34.684,35.051,222942,0
2016-09-23,34.884,35.476,34.854,35.249,145137,0
2016-09-26,35.08,35.08,34.448,34.468,88911,0
2016-09-27,34.083,34.421,33.41,34.161,170350,0
2016-09-28,34.25,34.509,33.954,34.499,117995,0
2016-09-29,34.529,34.587,33.994,34.053,116416,0
2016-09-30,34.102,34.816,33.825,34.647,168957,0
2016-10-03,34.43,34.736,34.31,34.716,145619,0
2016-10-04,34.776,35.588,34.696,34.886,120505,0
2016-10-05,34.945,35.51,34.896,35.242,193588,0
2016-10-06,35.282,35.638,35.083,35.381,139681,0
2016-10-07,35.362,35.381,35.004,35.302,85060,0
2016-10-10,35.391,35.886,35.391,35.867,96859,0
2016-10-11,35.886,35.994,35.372,35.548,65522,0
2016-10-12,35.44,35.906,35.43,35.588,100040,0
2016-10-13,35.421,35.421,34.706,34.905,64739,0
2016-10-14,35.122,35.558,35.053,35.47,133226,0
2016-10-17,35.936,35.936,35.093,35.49,166598,0
2016-10-18,35.936,35.936,35.292,35.44,134414,0
2016-10-19,35.588,35.738,35.49,35.588,145230,0
2016-10-20,35.391,35.638,35.044,35.242,134302,0
2016-10-21,35.044,35.688,35.044,35.539,103851,0
2016-10-24,35.838,36.332,35.688,35.886,203643,0
2016-10-25,35.936,36.159,35.688,36.134,145453,0
2016-10-26,36.034,36.259,35.936,36.084,172086,0
2016-10-27,36.284,36.284,35.838,35.886,103300,0
2016-10-28,35.838,35.886,35.445,35.738,85155,0
2016-10-31,35.688,36.009,35.539,35.986,183807,0
2016-11-01,35.986,36.675,35.317,35.936,163443,0
2016-11-02,35.986,35.986,35.192,35.342,89238,0
2016-11-03,35.391,35.862,35.242,35.788,120692,0
2016-11-04,35.788,36.234,35.49,35.788,93370,0
2016-11-07,36.234,36.73,36.134,36.58,139604,0
2016-11-08,36.432,36.73,36.377,36.53,103330,0
2016-11-09,36.828,38.91,34.846,38.563,494218,0
2016-11-10,39.207,41.314,39.207,41.141,632632,0
2016-11-11,41.141,42.33,40.843,42.28,290644,0
2016-11-14,43.123,43.52,41.983,42.181,393558,0
2016-11-15,42.231,42.33,41.041,42.131,231117,0
2016-11-16,41.884,42.108,41.587,41.637,191680,0
2016-11-17,41.637,41.884,39.703,41.487,272846,0
2016-11-18,41.587,42.131,40.942,42.033,218081,0
2016-11-21,42.083,42.677,41.735,42.627,122671,0
2016-11-22,42.925,43.817,42.726,43.718,190142,0
2016-11-23,43.718,44.164,43.47,44.064,161663,0
2016-11-25,44.114,44.264,43.966,44.214,56635,0
2016-11-28,44.064,44.114,43.147,43.371,117776,0
2016-11-29,43.47,44.313,43.371,44.114,122952,0
2016-11-30,44.51,44.908,44.139,44.462,111717,0
2016-12-01,44.362,44.462,44.015,44.064,210409,0
2016-12-02,44.064,44.114,43.421,43.817,125234,0
2016-12-05,43.817,44.61,43.421,44.56,263312,0
2016-12-06,44.858,46.147,44.56,46.098,221359,0
2016-12-07,45.998,46.221,45.602,45.849,187196,0
2016-12-08,46.048,47.039,45.686,46.94,129605,0
2016-12-09,47.088,47.286,46.394,46.791,148563,0
2016-12-12,46.84,46.99,44.76,45.006,209136,0
2016-12-13,45.106,45.8,44.808,45.304,164233,0
2016-12-14,45.006,45.75,44.759,45.056,140606,0
2016-12-15,45.254,45.948,45.156,45.354,258675,0
2016-12-16,45.254,45.652,44.66,44.759,291046,0
2016-12-19,44.956,44.956,42.38,42.975,689764,0
2016-12-20,42.677,44.064,42.38,43.668,280992,0
2016-12-21,43.47,43.892,43.421,43.569,231631,0
2016-12-22,43.52,43.966,43.371,43.569,178910,0
2016-12-23,43.668,44.164,43.618,44.015,133647,0
2016-12-27,44.114,44.71,43.916,44.71,108071,0
2016-12-28,44.858,44.858,43.815,44.263,95441,0
2016-12-29,44.213,44.759,43.815,44.163,133364,0
2016-12-30,44.163,44.213,43.144,43.319,203954,0
2017-01-03,43.865,43.914,42.971,43.418,228261,0
2017-01-04,43.517,44.411,42.766,44.361,196098,0
2017-01-05,44.163,44.411,42.921,43.914,153340,0
2017-01-06,44.063,44.263,43.666,43.815,80968,0
2017-01-09,43.269,43.269,41.587,42.622,261840,0
2017-01-10,42.722,43.691,42.474,43.418,225229,0
2017-01-11,43.467,44.263,43.02,44.263,203344,0
2017-01-12,44.013,44.013,42.424,42.971,96400,0
2017-01-13,43.219,44.312,42.822,42.971,129158,0
2017-01-17,42.524,42.524,41.381,41.431,132932,0
2017-01-18,41.728,41.853,41.331,41.828,117393,0
2017-01-19,41.928,42.125,41.331,41.977,125290,0
2017-01-20,41.728,43.368,41.331,42.921,211668,0
2017-01-23,42.722,43.169,42.263,42.921,196043,0
2017-01-24,43.119,44.063,43.069,44.013,263896,0
2017-01-25,44.312,45.852,44.163,45.454,248236,0
2017-01-26,45.702,45.702,45.057,45.355,178830,0
2017-01-27,45.255,45.275,44.66,44.858,94943,0
2017-01-30,44.411,44.66,43.766,44.461,218733,0
2017-01-31,44.361,45.057,44.063,44.808,154195,0
2017-02-01,45.207,45.901,44.461,44.759,125427,0
2017-02-02,44.361,44.808,43.964,44.56,170765,0
2017-02-03,45.057,46.149,44.908,46.101,167997,0
2017-02-06,45.802,46.001,45.554,45.852,174794,0
2017-02-07,46.001,46.101,45.255,45.355,163776,0
2017-02-08,45.007,45.255,44.312,44.759,96642,0
2017-02-09,44.858,45.901,44.858,45.852,114879,0
2017-02-10,46.101,46.199,45.454,46.149,92774,0
2017-02-13,46.597,47.59,46.498,46.945,224957,0
2017-02-14,46.746,47.442,46.696,47.292,127440,0
2017-02-15,47.541,47.69,46.945,47.59,126410,0
2017-02-16,47.64,48.236,47.414,48.236,126089,0
2017-02-17,48.087,48.684,47.64,48.435,186312,0
2017-02-21,48.684,48.809,47.938,48.634,107612,0
2017-02-22,48.336,49.131,48.207,48.882,93828,0
2017-02-23,49.18,49.18,48.037,48.882,92892,0
2017-02-24,47.889,48.584,47.496,48.435,76107,0
2017-02-27,48.336,48.783,48.236,48.634,106750,0
2017-02-28,48.485,48.485,47.59,47.988,181621,0
2017-03-01,47.789,48.187,46.945,47.69,1508013,0
2017-03-02,47.59,47.69,46.051,46.051,311990,0
2017-03-03,46.249,47.143,45.752,46.646,283596,0
2017-03-06,46.101,47.59,45.951,47.044,655627,0
2017-03-07,46.995,47.193,46.448,46.498,210650,0
2017-03-08,47.044,47.268,45.702,45.802,182380,0
2017-03-09,45.752,46.53,45.305,45.702,216857,0
2017-03-10,45.951,45.951,42.822,45.504,400570,0
2017-03-13,45.404,46.498,45.207,46.149,258194,0
2017-03-14,45.702,46.299,44.957,46.199,187124,0
2017-03-15,46.299,47.093,46.199,46.498,395818,0
2017-03-16,46.746,47.442,46.448,47.392,249664,0
2017-03-17,47.193,47.442,46.051,47.342,970123,0
2017-03-20,47.143,47.64,46.548,47.044,181983,0
2017-03-21,47.193,47.243,43.964,44.238,395944,0
2017-03-22,43.716,44.213,42.424,43.069,308432,0
2017-03-23,42.772,43.815,42.772,43.219,201662,0
2017-03-24,43.269,44.361,42.871,44.213,277762,0
2017-03-27,43.319,44.411,42.672,44.361,229058,0
2017-03-28,44.063,44.808,43.766,44.56,195270,0
2017-03-29,44.51,44.51,43.764,44.212,192798,0
2017-03-30,44.311,46.402,44.311,46.203,208562,0
2017-03-31,46.104,46.452,43.863,45.904,439099,0
2017-04-03,45.904,46.004,44.262,44.909,210523,0
2017-04-04,44.71,45.357,43.98,45.158,181886,0
2017-04-05,45.556,45.805,43.963,44.012,209626,0
2017-04-06,44.012,45.954,43.714,44.51,107468,0
2017-04-07,44.162,44.71,43.913,44.162,189097,0
2017-04-10,44.311,44.859,44.082,44.461,180104,0
2017-04-11,44.212,44.859,43.913,44.71,83409,0
2017-04-12,44.461,44.61,43.764,43.813,84987,0
2017-04-13,43.515,44.212,42.967,43.017,176965,0
2017-04-17,43.166,43.714,42.469,43.664,129090,0
2017-04-18,43.316,43.963,42.818,43.415,156743,0
2017-04-19,43.714,44.51,43.714,44.361,128903,0
2017-04-20,44.71,45.606,44.461,45.556,148715,0
2017-04-21,45.805,46.751,44.958,46.104,298749,0
2017-04-24,47.249,47.697,46.801,47.249,261196,0
2017-04-25,47.697,48.244,47.05,47.298,174745,0
2017-04-26,48.294,49.24,48.244,48.991,391809,0
2017-04-27,49.041,49.041,47.996,48.045,136525,0
2017-04-28,48.195,48.244,46.85,46.9,121539,0
2017-05-01,47.348,47.747,46.651,47.149,161831,0
2017-05-02,47.249,47.348,46.452,46.602,214498,0
2017-05-03,46.253,46.85,45.755,46.701,171690,0
2017-05-04,47.099,47.747,46.651,46.95,144384,0
2017-05-05,47.149,47.149,46.352,46.801,91794,0
2017-05-08,46.701,47.099,46.452,46.95,105140,0
2017-05-09,47,47.298,46.253,46.502,118054,0
2017-05-10,46.203,46.825,46.104,46.402,93171,0
2017-05-11,46.104,47,44.909,45.008,186721,0
2017-05-12,44.71,44.809,43.863,44.461,220634,0
2017-05-15,44.61,45.257,44.162,45.208,228935,0
2017-05-16,45.158,45.805,44.61,45.755,160966,0
2017-05-17,44.411,44.859,43.34,43.465,167621,0
2017-05-18,43.316,44.162,42.868,43.764,152660,0
2017-05-19,43.813,44.958,43.664,43.764,304618,0
2017-05-22,43.433,44.461,43.433,44.212,90838,0
2017-05-23,44.212,45.406,43.838,45.058,197474,0
2017-05-24,45.208,46.054,44.809,45.058,141341,0
2017-05-25,45.257,45.456,44.66,44.909,110729,0
2017-05-26,45.008,45.008,44.436,44.56,84747,0
2017-05-30,44.361,44.361,43.515,43.764,76235,0
2017-05-31,43.963,43.963,42.419,43.166,226710,0
2017-06-01,43.515,43.913,42.818,43.863,143215,0
2017-06-02,43.614,44.71,43.415,44.012,189797,0
2017-06-05,44.062,44.411,43.664,43.863,157692,0
2017-06-06,43.415,43.764,42.718,43.714,289113,0
2017-06-07,43.764,44.61,43.714,44.411,160605,0
2017-06-08,44.411,46.701,44.212,45.954,217915,0
2017-06-09,46.402,49.091,46.153,49.041,294847,0
2017-06-12,49.041,49.589,47.647,48.195,212778,0
2017-06-13,48.344,48.742,47.697,47.996,187109,0
2017-06-14,47.548,48.045,46.801,47.996,122972,0
2017-06-15,47.448,48.593,47.448,48.195,75360,0
2017-06-16,47.896,48.195,47.398,47.597,293812,0
2017-06-19,47.796,48.22,47.199,47.348,93603,0
2017-06-20,47.149,47.548,46.602,46.85,78571,0
2017-06-21,47,47.149,46.203,46.203,81228,0
2017-06-22,46.104,46.153,45.317,45.904,86986,0
2017-06-23,45.954,46.253,45.456,46.203,278891,0
2017-06-26,46.253,46.651,45.705,46.153,79165,0
2017-06-27,46.402,47.199,46.153,46.85,135252,0
2017-06-28,47.2,48.597,47.2,48.048,249140,0
2017-06-29,48.996,49.146,47.948,48.647,192430,0
2017-06-30,48.697,49.146,47.998,48.098,181191,0
2017-07-03,48.247,49.495,48.148,49.195,73903,0
2017-07-05,49.195,49.195,48.198,48.946,84749,0
2017-07-06,48.896,49.644,48.247,48.796,190167,0
2017-07-07,49.146,49.57,48.347,49.096,129124,0
2017-07-10,48.946,48.946,47.898,47.998,121452,0
2017-07-11,47.948,48.297,47.05,47.699,245891,0
2017-07-12,47.549,48.098,46.84,47.1,192090,0
2017-07-13,47.299,47.649,46.801,47.15,131528,0
2017-07-14,46.701,46.875,45.952,46.651,444615,0
2017-07-17,46.601,47.15,46.351,46.751,187324,0
2017-07-18,46.351,46.95,46.102,46.701,98009,0
2017-07-19,46.701,47.25,46.551,47,82084,0
2017-07-20,47,47.599,46.701,47.05,111194,0
2017-07-21,51.141,51.166,46.252,46.85,218667,0
2017-07-24,46.202,47.15,46.052,47,255202,0
2017-07-25,47.399,47.749,46.801,47.1,186729,0
2017-07-26,47.15,47.15,45.853,45.853,135407,0
2017-07-27,45.902,46.351,45.374,46.052,142813,0
2017-07-28,45.902,46.102,45.304,45.653,102217,0
2017-07-31,45.703,46.202,44.954,45.703,143688,0
2017-08-01,46.002,46.95,45.753,46.451,117455,0
2017-08-02,46.302,46.501,45.653,45.703,222046,0
2017-08-03,45.603,46.052,45.279,45.354,111313,0
2017-08-04,45.753,46.451,45.503,46.152,120292,0
2017-08-07,46.202,46.202,45.154,45.254,196055,0
2017-08-08,45.054,46.202,44.905,45.553,98031,0
2017-08-09,45.004,45.753,44.58,44.755,143003,0
2017-08-10,44.306,44.505,43.508,43.557,105390,0
2017-08-11,43.857,43.957,42.884,43.158,122238,0
2017-08-14,43.408,45.054,43.408,45.004,235656,0
2017-08-15,45.304,45.503,44.655,44.755,169002,0
2017-08-16,44.905,45.154,44.505,44.905,122237,0
2017-08-17,44.755,44.905,43.358,43.458,188098,0
2017-08-18,43.158,43.607,43.058,43.158,639548,0
2017-08-21,43.258,43.508,42.709,43.358,108791,0
2017-08-22,43.607,43.857,43.358,43.657,76790,0
2017-08-23,43.208,44.156,43.208,43.607,67572,0
2017-08-24,43.907,44.805,43.557,44.306,216348,0
2017-08-25,44.505,44.655,43.857,44.306,108445,0
2017-08-28,44.456,44.456,43.957,44.156,99801,0
2017-08-29,43.607,43.907,43.408,43.707,85467,0
2017-08-30,43.657,44.006,43.408,43.557,94465,0
2017-08-31,43.707,44.206,43.483,43.957,132401,0
2017-09-01,44.006,44.805,43.957,44.655,154265,0
2017-09-05,44.356,44.356,43.233,43.258,280478,0
2017-09-06,43.757,43.757,42.659,42.709,111700,0
2017-09-07,42.659,42.659,41.088,41.312,89404,0
2017-09-08,41.512,42.46,41.163,41.861,130217,0
2017-09-11,42.31,43.158,42.31,42.809,116663,0
2017-09-12,43.009,43.308,40.963,43.158,234147,0
2017-09-13,43.108,43.707,43.009,43.458,121589,0
2017-09-14,43.408,43.657,42.959,43.108,68452,0
2017-09-15,43.108,43.383,42.609,43.258,480920,0
2017-09-18,43.358,43.807,43.258,43.707,122846,0
2017-09-19,43.607,44.056,43.508,43.907,103571,0
2017-09-20,43.957,45.154,43.557,45.004,153267,0
2017-09-21,44.954,45.853,44.954,45.753,184943,0
2017-09-22,45.653,45.753,45.204,45.304,188168,0
2017-09-25,45.204,45.553,44.755,45.054,157100,0
2017-09-26,45.104,45.453,44.705,45.354,166979,0
2017-09-27,45.803,47.549,45.703,47.05,275074,0
2017-09-28,47.5,48.55,47.15,47.9,425631,0
2017-09-29,47.8,48.6,47.8,48,251396,0
2017-10-02,48,48.8,47.4,48.75,190683,0
2017-10-03,49.05,49.05,48,48.5,215672,0
2017-10-04,48.45,48.45,48,48.35,217678,0
2017-10-05,48.3,49.15,47.5648,48.65,164704,0
2017-10-06,48.65,49.4,48.65,49.4,177004,0
2017-10-09,49.4,49.95,49,49.85,239308,0
2017-10-10,49.9,51.275,49.855,51.05,285106,0
2017-10-11,50.8,51.15,50.7,50.7,227924,0
2017-10-12,50.75,51.1,49.85,49.95,151197,0
2017-10-13,48.1,49.925,48.1,49.05,273976,0
2017-10-16,48.85,50.25,48.85,49.65,179110,0
2017-10-17,49.65,50.25,48.6,49.15,116487,0
2017-10-18,49.3,49.7,47.3493,49.45,122287,0
2017-10-19,47.45,48.8,47.45,48.1,257726,0
2017-10-20,48.8,48.8,48.1375,48.25,203899,0
2017-10-23,48.3,48.6,47.85,48,126560,0
2017-10-24,47.9,49.1,47.9,48.45,166409,0
2017-10-25,48.85,48.85,48.15,48.4,186660,0
2017-10-26,48.65,49.25,48.55,49.05,149748,0
2017-10-27,49.4,49.4,48.5,48.8,259330,0
2017-10-30,48.55,48.75,47.5,47.9,158066,0
2017-10-31,47.9,48.5,47.5,47.9,133096,0
2017-11-01,48.3,48.65,47.15,47.65,83249,0
2017-11-02,47.55,48.55,47.15,48.45,115796,0
2017-11-03,48.4,48.45,47.8501,48.1,91427,0
2017-11-06,48.15,48.45,47.755,47.9,69296,0
2017-11-07,47.8,48.05,46.65,46.65,160746,0
2017-11-08,46.65,47.45,45.95,46.5,147688,0
2017-11-09,46.15,46.55,45.3,45.75,100978,0
2017-11-10,45.75,46.3,45.55,45.8,110322,0
