2016-01-04,8.6862,8.7205,8.4837,8.6771,5231212,0
2016-01-05,8.7138,8.8243,8.5391,8.7966,4775089,0
2016-01-06,8.6494,8.723,8.4653,8.493,4986224,0
2016-01-07,8.3641,8.4608,8.272,8.2813,8045338,0
2016-01-08,8.2905,8.4653,8.079,8.401,8885156,0
2016-01-11,8.3917,8.4837,8.102,8.3089,8049004,0
2016-01-12,8.3733,8.3825,7.987,8.0512,6692099,0
2016-01-13,8.0973,8.355,7.8857,7.95,9223431,0
2016-01-14,7.9685,8.1801,7.8304,8.1432,11452499,0
2016-01-15,7.9409,7.9592,7.6556,7.8579,9342056,0
2016-01-19,7.95,8.1249,7.7569,8.0236,9603573,0
2016-01-20,7.9133,8.0052,7.5636,7.9317,10781224,0
2016-01-21,7.95,8.5297,7.9041,8.3825,11402722,0
2016-01-22,8.5391,8.6402,8.3502,8.4377,5861990,0
2016-01-25,8.401,8.4561,8.042,8.042,7917438,0
2016-01-26,8.1065,8.3733,8.0697,8.318,4751399,0
2016-01-27,8.318,8.4745,8.2443,8.355,5122887,0
2016-01-28,8.4837,8.5941,8.3656,8.4285,5816664,0
2016-01-29,8.4937,8.8569,8.4844,8.8476,12300893,0
2016-02-01,8.8197,8.885,8.6614,8.8104,6511731,0
2016-02-02,8.7172,8.8383,8.6334,8.652,8337772,0
2016-02-03,8.7637,9.1181,8.7172,9.0806,9891345,0
2016-02-04,9.0341,9.4166,9.0341,9.1267,8970679,0
2016-02-05,8.885,9.2857,8.885,9.0806,8737681,0
2016-02-08,9.0151,9.0426,8.68,8.7919,6458799,0
2016-02-09,8.6893,8.9782,8.5683,8.8569,5938112,0
2016-02-10,8.8476,8.9594,8.6148,8.8756,4562015,0
2016-02-11,8.7358,8.7544,8.354,8.3819,9283353,0
2016-02-12,8.3913,8.559,8.2703,8.5402,6597610,0
2016-02-16,8.6427,8.8104,8.5683,8.7358,5051441,0
2016-02-17,8.7919,9.0711,8.7312,8.9594,6869858,0
2016-02-18,8.9782,9.0901,8.8476,9.0341,4628784,0
2016-02-19,8.9782,8.9782,8.6986,8.7637,4585963,0
2016-02-22,8.997,9.1267,8.8756,9.1181,5119782,0
2016-02-23,9.0426,9.1131,8.8569,8.9221,4481869,0
2016-02-24,8.8476,9.4433,8.68,9.341,7719035,0
2016-02-25,9.341,9.3879,8.8663,9.2857,7327501,0
2016-02-26,9.3234,9.4433,9.1267,9.1927,4964449,0
2016-02-29,9.1735,9.2808,9.1085,9.1267,4596094,0
2016-03-01,9.1545,9.471,9.0901,9.4255,5442656,0
2016-03-02,9.3693,9.584,9.2566,9.574,4502838,0
2016-03-03,9.584,9.742,9.3968,9.733,5254161,0
2016-03-04,9.713,10.076,9.565,10.049,6838055,0
2016-03-07,10.002,10.236,9.947,10.143,6609943,0
2016-03-08,10.105,10.124,9.854,9.889,6757502,0
2016-03-09,9.956,10.049,9.751,9.78,10189146,0
2016-03-10,9.78,10.068,9.713,10.068,4459894,0
2016-03-11,10.189,10.253,10.086,10.161,5028632,0
2016-03-14,10.124,10.253,10.068,10.207,4468860,0
2016-03-15,10.143,10.245,10.105,10.217,7123627,0
2016-03-16,10.179,10.627,10.161,10.608,9266795,0
2016-03-17,10.589,10.775,10.506,10.739,7408170,0
2016-03-18,10.739,10.896,10.739,10.823,8654058,0
2016-03-21,10.803,10.841,10.72,10.748,6732178,0
2016-03-22,10.71,10.85,10.617,10.748,7273901,0
2016-03-23,10.784,10.784,10.506,10.524,5757353,0
2016-03-24,10.468,10.784,10.394,10.775,8280798,0
2016-03-28,10.813,10.833,10.627,10.627,6802065,0
2016-03-29,10.603,10.858,10.566,10.85,4940293,0
2016-03-30,10.926,10.97,10.803,10.823,3494463,0
2016-03-31,10.823,10.989,10.775,10.989,6071153,0
2016-04-01,10.877,10.882,10.627,10.775,8869798,0
2016-04-04,10.765,10.854,10.533,10.579,5806771,0
2016-04-05,10.496,10.543,10.301,10.31,9770683,0
2016-04-06,10.31,10.356,10.189,10.319,7286887,0
2016-04-07,10.217,10.399,10.049,10.114,7742183,0
2016-04-08,10.161,10.39,10.161,10.207,4837639,0
2016-04-11,10.253,10.375,10.207,10.262,4969797,0
2016-04-12,10.301,10.421,10.249,10.394,4269459,0
2016-04-13,10.45,10.515,10.338,10.458,4877831,0
2016-04-14,10.45,10.561,10.426,10.468,2696098,0
2016-04-15,10.458,10.552,10.44,10.478,3653127,0
2016-04-18,10.413,10.579,10.301,10.533,3464754,0
2016-04-19,10.589,10.748,10.579,10.71,4279096,0
2016-04-20,10.71,10.739,10.478,10.496,3211930,0
2016-04-21,10.496,10.556,10.301,10.347,3656691,0
2016-04-22,10.385,10.528,10.31,10.413,2906435,0
2016-04-25,10.403,10.435,10.236,10.245,3620591,0
2016-04-26,10.262,10.44,10.262,10.44,3815617,0
2016-04-27,10.468,10.691,10.365,10.599,4203479,0
2016-04-28,10.532,10.636,10.401,10.457,5198367,0
2016-04-29,10.457,10.505,10.269,10.495,4989471,0
2016-05-02,10.486,10.692,10.457,10.627,3958557,0
2016-05-03,10.532,10.571,10.298,10.467,4861782,0
2016-05-04,10.419,10.552,10.373,10.495,4445133,0
2016-05-05,10.571,10.599,10.348,10.411,3562429,0
2016-05-06,10.373,10.448,10.298,10.419,3350547,0
2016-05-09,10.298,10.571,10.156,10.495,5077902,0
2016-05-10,10.532,10.805,10.467,10.767,3696758,0
2016-05-11,10.731,10.786,10.571,10.646,4555039,0
2016-05-12,10.711,10.758,10.542,10.599,3702910,0
2016-05-13,10.561,10.584,10.411,10.495,3599200,0
2016-05-16,10.514,10.571,10.438,10.448,3228144,0
2016-05-17,10.419,10.486,10.289,10.363,3929727,0
2016-05-18,10.316,10.416,10.04,10.091,4714899,0
2016-05-19,10.016,10.129,9.866,10.1,8240521,0
2016-05-20,10.119,10.25,10.091,10.241,3046336,0
2016-05-23,10.213,10.241,10.091,10.1,3032793,0
2016-05-24,10.175,10.289,10.119,10.259,3706681,0
2016-05-25,10.241,10.411,10.175,10.316,3883188,0
2016-05-26,10.335,10.376,10.232,10.241,5246629,0
2016-05-27,10.25,10.467,10.241,10.448,3205282,0
2016-05-31,10.457,10.561,10.335,10.429,6544197,0
2016-06-01,10.383,10.411,10.259,10.289,4883065,0
2016-06-02,10.25,10.353,10.146,10.195,5800397,0
2016-06-03,10.279,10.627,10.213,10.552,7579321,0
2016-06-06,10.571,10.758,10.552,10.711,3918741,0
2016-06-07,10.711,10.857,10.683,10.825,4475264,0
2016-06-08,10.861,10.861,10.702,10.75,4946030,0
2016-06-09,10.692,10.777,10.552,10.758,3523898,0
2016-06-10,10.636,10.711,10.495,10.532,4827811,0
2016-06-13,10.505,10.561,10.457,10.505,4065321,0
2016-06-14,10.477,10.5,10.353,10.457,4193879,0
2016-06-15,10.457,10.542,10.363,10.401,4714007,0
2016-06-16,10.344,10.599,10.259,10.589,4819462,0
2016-06-17,10.617,10.929,10.599,10.919,8297738,0
2016-06-20,11.013,11.2,10.983,11.145,8093552,0
2016-06-21,11.163,11.361,11.082,11.294,6612851,0
2016-06-22,11.314,11.342,11.224,11.275,5535640,0
2016-06-23,11.351,11.417,11.294,11.378,4173562,0
2016-06-24,11.145,11.284,10.938,11.181,9510916,0
2016-06-27,11.032,11.041,10.617,10.731,11107227,0
2016-06-28,10.805,11.097,10.646,11.087,8575411,0
2016-06-29,11.191,11.369,11.145,11.314,7174627,0
2016-06-30,11.361,11.736,11.284,11.736,11017382,0
2016-07-01,11.736,11.783,11.52,11.595,4594666,0
2016-07-05,11.52,11.558,11.332,11.473,5789293,0
2016-07-06,11.407,11.52,11.309,11.501,5062201,0
2016-07-07,11.482,11.529,11.284,11.378,5156865,0
2016-07-08,11.426,11.586,11.314,11.586,4447421,0
2016-07-11,11.586,11.811,11.51,11.802,4049476,0
2016-07-12,11.82,11.923,11.726,11.736,3611983,0
2016-07-13,11.82,11.887,11.662,11.878,5366207,0
2016-07-14,11.887,11.924,11.698,11.776,3176722,0
2016-07-15,11.802,11.919,11.776,11.878,3987145,0
2016-07-18,11.878,11.878,11.766,11.82,2417749,0
2016-07-19,11.756,11.776,11.614,11.766,3555221,0
2016-07-20,11.756,11.83,11.652,11.811,3231001,0
2016-07-21,11.802,11.86,11.726,11.84,3789248,0
2016-07-22,11.83,11.924,11.776,11.896,2911840,0
2016-07-25,11.887,11.963,11.855,11.914,3391130,0
2016-07-26,11.904,11.924,11.788,11.86,3756173,0
2016-07-27,11.869,11.904,11.529,11.633,4473493,0
2016-07-28,11.614,11.672,11.481,11.623,2364925,0
2016-07-29,11.595,11.767,11.51,11.718,5924360,0
2016-08-01,11.699,11.737,11.51,11.548,5086655,0
2016-08-02,11.519,11.604,11.453,11.557,4600661,0
2016-08-03,11.586,11.947,11.519,11.767,4692680,0
2016-08-04,11.747,11.803,11.586,11.776,4058426,0
2016-08-05,11.803,11.879,11.481,11.604,6959728,0
2016-08-08,11.652,11.69,11.519,11.557,3391637,0
2016-08-09,11.557,11.623,11.415,11.453,3970559,0
2016-08-10,11.434,11.567,11.434,11.557,3408052,0
2016-08-11,11.567,11.614,11.491,11.614,3523935,0
2016-08-12,11.614,11.737,11.576,11.595,3637962,0
2016-08-15,11.614,11.699,11.471,11.471,3174046,0
2016-08-16,11.396,11.462,11.339,11.386,6254887,0
2016-08-17,11.386,11.681,11.282,11.652,7108681,0
2016-08-18,11.642,11.862,11.614,11.862,5496623,0
2016-08-19,11.767,11.776,11.538,11.595,4259107,0
2016-08-22,11.595,11.69,11.538,11.662,2899325,0
2016-08-23,11.718,11.767,11.548,11.557,4988421,0
2016-08-24,11.548,11.557,11.424,11.462,2913857,0
2016-08-25,11.471,11.538,11.406,11.491,2773719,0
2016-08-26,11.538,11.681,11.348,11.406,5439515,0
2016-08-29,11.453,11.6,11.406,11.529,3005040,0
2016-08-30,11.538,11.552,11.372,11.406,3340272,0
2016-08-31,11.386,11.462,11.311,11.453,6975244,0
2016-09-01,11.453,11.471,11.239,11.396,5902173,0
2016-09-02,11.424,11.633,11.424,11.604,3729693,0
2016-09-06,11.672,12.192,11.623,12.183,7767741,0
2016-09-07,12.192,12.412,12.146,12.363,8533567,0
2016-09-08,12.335,12.363,12.217,12.287,6607871,0
2016-09-09,12.137,12.165,11.69,11.699,5147226,0
2016-09-12,11.652,12.002,11.614,11.947,6329466,0
2016-09-13,11.852,11.898,11.672,11.757,6171031,0
2016-09-14,11.784,11.932,11.633,11.69,5592114,0
2016-09-15,11.642,11.975,11.595,11.907,5815771,0
2016-09-16,11.842,11.927,11.718,11.898,5938378,0
2016-09-19,11.947,12.079,11.879,12.052,3565364,0
2016-09-20,12.087,12.183,12.022,12.127,4398238,0
2016-09-21,12.155,12.439,12.122,12.43,5375855,0
2016-09-22,12.497,12.543,12.335,12.515,3571464,0
2016-09-23,12.458,12.638,12.425,12.583,4169042,0
2016-09-26,12.553,12.593,12.43,12.448,2778208,0
2016-09-27,12.43,12.468,12.212,12.412,4926028,0
2016-09-28,12.458,12.492,12.297,12.478,6030964,0
2016-09-29,12.468,12.468,12.146,12.24,6409302,0
2016-09-30,12.25,12.34,12.165,12.192,6184216,0
2016-10-03,11.992,12.097,11.586,11.832,9373678,0
2016-10-04,11.747,11.747,11.263,11.339,10218391,0
2016-10-05,11.386,11.443,11.167,11.254,14768822,0
2016-10-06,11.187,11.225,11.007,11.063,8728232,0
2016-10-07,11.13,11.225,10.987,10.997,7206399,0
2016-10-10,11.073,11.164,11.017,11.073,4650692,0
2016-10-11,11.026,11.055,10.864,10.931,4206354,0
2016-10-12,10.95,11.121,10.912,11.073,5311409,0
2016-10-13,11.017,11.244,10.922,11.13,5745726,0
2016-10-14,11.121,11.272,10.96,10.978,5951893,0
2016-10-17,11.007,11.13,11.007,11.111,6531688,0
2016-10-18,11.244,11.337,11.14,11.263,5843125,0
2016-10-19,11.291,11.538,11.272,11.5,5362228,0
2016-10-20,11.529,11.628,11.424,11.434,4260289,0
2016-10-21,11.329,11.458,11.263,11.406,4550198,0
2016-10-24,11.491,11.519,11.353,11.434,3631498,0
2016-10-25,11.396,11.462,11.301,11.406,3344352,0
2016-10-26,11.368,11.424,11.272,11.386,3960467,0
2016-10-27,11.386,11.434,11.159,11.216,4825501,0
2016-10-28,11.225,11.321,11.101,11.158,6535455,0
2016-10-31,11.206,11.421,11.192,11.273,5951200,0
2016-11-01,11.273,11.312,11.106,11.158,5345707,0
2016-11-02,11.101,11.101,10.775,10.976,9695792,0
2016-11-03,10.976,11.34,10.957,11.254,6949637,0
2016-11-04,11.034,11.944,10.775,11.599,10769308,0
2016-11-07,11.752,11.904,11.694,11.886,7220119,0
2016-11-08,11.914,11.949,11.772,11.904,5037843,0
2016-11-09,11.781,11.781,11.407,11.503,6889991,0
2016-11-10,11.474,11.512,10.929,10.985,6775393,0
2016-11-11,11.043,11.081,10.661,10.784,5783075,0
2016-11-14,10.717,10.775,10.612,10.747,11097107,0
2016-11-15,10.794,11.072,10.794,11.053,6396501,0
2016-11-16,11.015,11.043,10.775,10.871,4393283,0
2016-11-17,10.871,11.024,10.833,10.947,3278790,0
2016-11-18,10.938,11.177,10.899,10.919,7044281,0
2016-11-21,10.966,11.129,10.89,11.062,4539367,0
2016-11-22,10.938,11.015,10.842,10.929,5985030,0
2016-11-23,10.813,10.957,10.775,10.861,5318120,0
2016-11-25,10.861,11.148,10.861,11.139,2977141,0
2016-11-28,11.225,11.464,11.225,11.436,5345834,0
2016-11-29,11.378,11.503,11.345,11.378,6818417,0
2016-11-30,11.235,11.292,10.966,10.966,5749873,0
2016-12-01,10.88,10.976,10.516,10.565,5721645,0
2016-12-02,10.621,10.823,10.593,10.708,5764454,0
2016-12-05,10.689,10.909,10.602,10.861,6785789,0
2016-12-06,10.909,10.971,10.823,10.852,4920205,0
2016-12-07,10.909,11.148,10.871,11.129,6121802,0
2016-12-08,11.081,11.417,11.024,11.34,4660271,0
2016-12-09,11.349,11.455,11.206,11.417,4690769,0
2016-12-12,11.378,11.531,11.349,11.503,4858058,0
2016-12-13,11.58,11.704,11.55,11.676,5441269,0
2016-12-14,11.752,11.944,11.417,11.436,7225892,0
2016-12-15,11.378,11.436,11.235,11.302,4745550,0
2016-12-16,11.312,11.417,11.167,11.254,10949939,0
2016-12-19,11.34,11.436,11.187,11.34,5428836,0
2016-12-20,11.33,11.503,11.321,11.436,3570623,0
2016-12-21,11.436,11.59,11.407,11.474,4179329,0
2016-12-22,11.398,11.464,11.263,11.283,3457045,0
2016-12-23,11.33,11.34,11.187,11.235,3751513,0
2016-12-27,11.244,11.388,11.206,11.359,2458856,0
2016-12-28,11.378,11.417,11.139,11.148,2675696,0
2016-12-29,11.254,11.263,11.159,11.206,2469077,0
2016-12-30,11.235,11.292,11.101,11.129,3388322,0
2017-01-03,11.177,11.187,11.062,11.167,5242577,0
2017-01-04,11.053,11.254,11.034,11.072,5515485,0
2017-01-05,11.034,11.107,10.784,10.929,8463799,0
2017-01-06,10.919,11.349,10.909,11.321,4348432,0
2017-01-09,11.369,11.398,11.034,11.043,3927716,0
2017-01-10,11.053,11.086,10.813,10.852,6744629,0
2017-01-11,10.852,11.283,10.852,11.273,8124475,0
2017-01-12,11.283,11.34,11.091,11.091,5172281,0
2017-01-13,11.12,11.244,11.081,11.225,2862225,0
2017-01-17,11.302,11.531,11.263,11.407,4282234,0
2017-01-18,11.436,11.55,11.369,11.426,4759510,0
2017-01-19,11.388,11.445,11.206,11.235,3444382,0
2017-01-20,11.254,11.34,10.871,10.929,7995163,0
2017-01-23,10.938,10.976,10.717,10.747,9179571,0
2017-01-24,10.775,11.148,10.775,10.89,7871600,0
2017-01-25,10.89,11.005,10.874,10.89,10751013,0
2017-01-26,10.929,11.043,10.727,10.747,9185813,0
2017-01-27,10.823,10.985,10.765,10.919,7817168,0
2017-01-30,10.929,10.977,10.793,10.851,4855998,0
2017-01-31,10.899,11.253,10.899,11.073,9496351,0
2017-02-01,11.035,11.073,10.773,10.88,6293225,0
2017-02-02,10.909,10.996,10.802,10.957,3339786,0
2017-02-03,10.986,11.069,10.921,11.006,3431167,0
2017-02-06,11.025,11.025,10.87,10.929,4451244,0
2017-02-07,10.938,11.17,10.938,11.064,5868186,0
2017-02-08,11.064,11.219,11.025,11.219,4134425,0
2017-02-09,11.19,11.257,11.044,11.103,4399257,0
2017-02-10,11.103,11.248,11.083,11.238,3814475,0
2017-02-13,11.267,11.354,11.18,11.306,2094929,0
2017-02-14,11.277,11.286,11.054,11.122,3802372,0
2017-02-15,11.016,11.219,10.986,11.19,3461632,0
2017-02-16,11.248,11.325,11.141,11.277,5979104,0
2017-02-17,11.267,11.267,10.89,11.093,6518644,0
2017-02-21,11.093,11.47,11.025,11.403,4225320,0
2017-02-22,11.403,11.451,11.219,11.228,5249507,0
2017-02-23,11.315,11.403,11.257,11.373,5242897,0
2017-02-24,11.393,11.548,11.306,11.548,6538844,0
2017-02-27,11.335,11.364,10.745,10.783,13416407,0
2017-02-28,10.783,11.228,10.783,11.151,10949512,0
2017-03-01,11.016,11.131,10.947,10.986,7037239,0
2017-03-02,10.938,11.306,10.909,11.257,7002665,0
2017-03-03,11.267,11.277,11.016,11.18,6223082,0
2017-03-06,11.18,11.238,11.112,11.151,7112471,0
2017-03-07,11.18,11.228,10.947,10.967,6180471,0
2017-03-08,10.89,10.947,10.706,10.715,4692968,0
2017-03-09,10.696,10.832,10.686,10.706,5321856,0
2017-03-10,10.745,10.841,10.696,10.793,4345548,0
2017-03-13,10.812,10.846,10.658,10.667,3608490,0
2017-03-14,10.667,10.725,10.579,10.648,4056565,0
2017-03-15,10.696,11.035,10.676,10.947,4044472,0
2017-03-16,10.899,10.996,10.86,10.938,4055334,0
2017-03-17,10.996,11.103,10.947,11.093,8513700,0
2017-03-20,11.112,11.112,10.786,10.841,2815634,0
2017-03-21,10.832,11.016,10.763,10.938,6061435,0
2017-03-22,10.977,11.064,10.745,10.793,4643118,0
2017-03-23,10.773,10.977,10.763,10.822,3495403,0
2017-03-24,10.822,10.947,10.807,10.87,3594933,0
2017-03-27,10.899,10.899,10.715,10.773,3441777,0
2017-03-28,10.725,10.957,10.696,10.947,3982857,0
2017-03-29,10.899,11.025,10.832,10.89,5917879,0
2017-03-30,10.88,10.904,10.676,10.725,7446424,0
2017-03-31,10.754,10.909,10.735,10.822,14261481,0
2017-04-03,10.812,10.86,10.706,10.832,6637611,0
2017-04-04,10.832,10.957,10.725,10.909,5802412,0
2017-04-05,10.88,10.947,10.725,10.802,9912503,0
2017-04-06,10.812,10.947,10.783,10.802,6219881,0
2017-04-07,10.822,10.851,10.676,10.686,5797863,0
2017-04-10,10.696,10.832,10.658,10.793,8119505,0
2017-04-11,10.773,10.986,10.676,10.947,8907153,0
2017-04-12,10.929,11.025,10.88,11.006,9034034,0
2017-04-13,10.996,11.044,10.929,10.996,5401207,0
2017-04-17,11.016,11.103,10.977,11.064,3518349,0
2017-04-18,11.035,11.083,10.977,11.044,6111853,0
2017-04-19,11.054,11.078,10.938,11.006,5922447,0
2017-04-20,11.006,11.064,10.89,11.054,6489493,0
2017-04-21,11.016,11.073,10.957,11.016,5192606,0
2017-04-24,11.035,11.228,10.996,11.219,7177260,0
2017-04-25,11.18,11.248,11.146,11.248,4331848,0
2017-04-26,11.228,11.228,11.064,11.083,5474426,0
2017-04-27,11.054,11.2,10.985,11.044,13065358,0
2017-04-28,11.054,11.132,10.966,11.064,6273337,0
2017-05-01,11.064,11.162,11.054,11.064,5149934,0
2017-05-02,11.083,11.093,10.99,11.054,3642740,0
2017-05-03,11.024,11.054,10.936,10.946,5213010,0
2017-05-04,10.927,10.976,10.804,10.848,5865657,0
2017-05-05,10.897,11.083,10.819,11.073,4006215,0
2017-05-08,10.839,11.122,10.711,11.064,7902771,0
2017-05-09,11.015,11.22,10.985,11.093,5571794,0
2017-05-10,11.093,11.445,11.044,11.318,7578376,0
2017-05-11,11.318,11.347,11.2,11.22,6238130,0
2017-05-12,11.25,11.259,11.034,11.083,4015165,0
2017-05-15,11.093,11.2,11.064,11.152,3810434,0
2017-05-16,11.181,11.259,11.064,11.073,4391564,0
2017-05-17,11.064,11.171,11.005,11.083,4015181,0
2017-05-18,11.054,11.083,10.741,10.936,6767536,0
2017-05-19,10.976,10.995,10.839,10.956,6162757,0
2017-05-22,10.927,11.132,10.907,11.112,5848963,0
2017-05-23,11.132,11.298,11.103,11.122,3818166,0
2017-05-24,11.112,11.572,11.112,11.494,9126386,0
2017-05-25,11.455,11.552,11.416,11.524,5022538,0
2017-05-26,11.504,11.592,11.426,11.533,2622260,0
2017-05-30,11.504,11.533,11.426,11.445,2948261,0
2017-05-31,11.474,11.533,11.328,11.426,6931373,0
2017-06-01,11.426,11.69,11.386,11.69,4676314,0
2017-06-02,11.728,11.738,11.562,11.65,5174306,0
2017-06-05,11.612,11.68,11.455,11.455,4012837,0
2017-06-06,11.543,11.733,11.396,11.65,8060432,0
2017-06-07,11.66,11.66,11.298,11.318,5643684,0
2017-06-08,11.308,11.347,11.181,11.308,4031592,0
2017-06-09,11.279,11.464,11.279,11.464,2731949,0
2017-06-12,11.474,11.572,11.396,11.494,4602812,0
2017-06-13,11.455,11.7,11.416,11.67,4807602,0
2017-06-14,11.71,11.788,11.617,11.65,4433365,0
2017-06-15,11.562,11.783,11.505,11.66,5482122,0
2017-06-16,11.68,11.719,11.602,11.66,7366903,0
2017-06-19,11.67,11.71,11.597,11.65,2718208,0
2017-06-20,11.631,11.65,11.524,11.64,2356292,0
2017-06-21,11.67,11.68,11.386,11.416,2730806,0
2017-06-22,11.396,11.445,11.235,11.318,4864566,0
2017-06-23,11.347,11.445,11.245,11.308,7014090,0
2017-06-26,11.376,11.582,11.376,11.426,5302965,0
2017-06-27,11.396,11.464,11.25,11.25,4788585,0
2017-06-28,11.288,11.347,11.024,11.083,6673079,0
2017-06-29,11.005,11.064,10.868,10.917,6040626,0
2017-06-30,10.936,11.002,10.868,10.868,4318534,0
2017-07-03,10.907,10.946,10.721,10.77,2816282,0
2017-07-05,10.76,10.848,10.614,10.633,5467964,0
2017-07-06,10.575,10.589,10.369,10.447,5820638,0
2017-07-07,10.457,10.535,10.394,10.526,5598318,0
2017-07-10,10.614,10.741,10.565,10.702,6471200,0
2017-07-11,10.711,10.746,10.633,10.692,4931440,0
2017-07-12,10.848,10.976,10.751,10.858,6150735,0
2017-07-13,10.878,10.985,10.76,10.78,5219129,0
2017-07-14,10.868,10.907,10.765,10.79,4337301,0
2017-07-17,10.809,10.883,10.731,10.878,3433219,0
2017-07-18,10.878,11.054,10.848,10.995,4732916,0
2017-07-19,11.034,11.088,10.966,11.073,3885091,0
2017-07-20,11.103,11.177,11.015,11.122,2774464,0
2017-07-21,11.132,11.191,11.083,11.171,3268553,0
2017-07-24,11.171,11.2,11.065,11.073,2961446,0
2017-07-25,11.103,11.112,10.976,10.995,4728039,0
2017-07-26,10.995,10.995,10.8,10.917,5455080,0
2017-07-27,10.917,10.995,10.78,10.858,6130703,0
2017-07-28,10.848,10.868,10.721,10.741,4939215,0
2017-07-31,10.76,11.015,10.751,10.936,17787246,0
2017-08-01,10.936,11.105,10.877,11.075,6358248,0
2017-08-02,11.025,11.035,10.798,10.927,6591721,0
2017-08-03,11.016,11.114,10.936,10.996,7432236,0
2017-08-04,10.956,11.035,10.833,10.956,3653007,0
2017-08-07,10.956,11.154,10.946,10.976,6130375,0
2017-08-08,10.887,11.53,10.887,11.253,11272317,0
2017-08-09,11.322,11.322,10.996,11.124,7137569,0
2017-08-10,11.124,11.367,11.055,11.253,9066740,0
2017-08-11,11.213,11.213,10.877,10.976,4854203,0
2017-08-14,10.996,11.025,10.872,10.986,4915020,0
2017-08-15,10.927,10.986,10.818,10.976,4576978,0
2017-08-16,11.006,11.065,10.976,11.055,3143632,0
2017-08-17,11.016,11.1,10.877,10.887,3807695,0
2017-08-18,10.897,10.996,10.862,10.946,4496874,0
2017-08-21,10.976,11.114,10.961,11.105,3828276,0
2017-08-22,11.105,11.253,11.055,11.223,4291818,0
2017-08-23,11.213,11.273,11.124,11.223,2947341,0
2017-08-24,11.233,11.302,11.194,11.273,4989338,0
2017-08-25,11.292,11.391,11.243,11.302,2591929,0
2017-08-28,11.342,11.362,11.006,11.065,4959078,0
2017-08-29,11.065,11.144,11.025,11.045,3665365,0
2017-08-30,11.025,11.075,10.907,10.936,4442933,0
2017-08-31,10.946,11.016,10.907,10.917,3957211,0
2017-09-01,10.956,11.05,10.946,10.996,2437861,0
2017-09-05,11.045,11.045,10.946,10.966,2994309,0
2017-09-06,11.035,11.035,10.897,10.986,4283077,0
2017-09-07,11.006,11.045,10.936,11.025,2945130,0
2017-09-08,11.035,11.114,10.996,11.085,3582811,0
2017-09-11,11.105,11.302,11.095,11.263,6543384,0
2017-09-12,11.253,11.312,11.085,11.114,3436772,0
2017-09-13,11.075,11.213,11.011,11.105,4291581,0
2017-09-14,11.075,11.169,11.016,11.134,3717766,0
2017-09-15,11.114,11.223,11.016,11.223,8309232,0
2017-09-18,11.233,11.263,11.09,11.144,3193531,0
2017-09-19,11.154,11.253,11.144,11.203,3987774,0
2017-09-20,11.263,11.322,11.134,11.154,5442403,0
2017-09-21,11.154,11.208,11.006,11.006,3293588,0
2017-09-22,11.055,11.085,10.956,10.986,2580170,0
2017-09-25,11.006,11.095,10.976,11.085,3958368,0
2017-09-26,11.045,11.154,10.986,11.035,5737786,0
2017-09-27,10.966,11.045,10.936,11.006,4743069,0
2017-09-28,10.966,10.996,10.877,10.956,4497751,0
2017-09-29,10.956,10.996,10.887,10.897,5139539,0
2017-10-02,10.936,11.065,10.936,10.966,3178034,0
2017-10-03,10.976,11.095,10.897,11.065,3812653,0
2017-10-04,11.045,11.164,11.025,11.154,2539021,0
2017-10-05,11.174,11.189,11.085,11.164,2878471,0
2017-10-06,11.114,11.14,11.025,11.065,2876008,0
2017-10-09,11.085,11.164,11.055,11.075,2934139,0
2017-10-10,11.095,11.164,11.055,11.124,3706975,0
2017-10-11,11.075,11.184,11.075,11.144,3114250,0
2017-10-12,11.095,11.134,11.025,11.095,2880514,0
2017-10-13,11.144,11.213,11.105,11.124,2061146,0
2017-10-16,11.105,11.159,11.065,11.144,2589890,0
2017-10-17,11.114,11.124,11.055,11.065,3461309,0
2017-10-18,11.025,11.075,10.986,11.006,3189193,0
2017-10-19,11.006,11.164,10.946,11.164,3031201,0
2017-10-20,11.164,11.184,10.956,11.006,3835481,0
2017-10-23,11.006,11.035,10.927,11.006,4186582,0
2017-10-24,11.025,11.045,10.828,10.867,3817426,0
2017-10-25,10.847,10.877,10.571,10.778,7543865,0
2017-10-26,10.847,10.907,10.63,10.739,4712793,0
2017-10-27,10.709,10.719,10.6,10.66,4896636,0
2017-10-30,10.66,10.689,10.511,10.62,5144688,0
2017-10-31,10.6247,10.74,10.485,10.63,7255338,0
2017-11-01,10.59,10.66,10.55,10.57,7046925,0
2017-11-02,10.62,10.925,10.46,10.79,6642786,0
2017-11-03,10.72,10.77,10.47,10.49,6025677,0
2017-11-06,10.49,10.54,10.34,10.35,5259567,0
2017-11-07,10.35,10.55,10.31,10.51,6848210,0
2017-11-08,10.5,10.55,10.42,10.51,4696613,0
2017-11-09,10.44,10.52,10.28,10.3,6324427,0
2017-11-10,10.25,10.29,10,10.23,26490467,0
