2016-01-04,63.52,65.61,62.28,63.64,491830,0
2016-01-05,64.11,66.87,63.18,64.43,392643,0
2016-01-06,63.36,63.74,55.521,55.87,886388,0
2016-01-07,54.36,56.18,51.5,54.75,478819,0
2016-01-08,55.3,56.55,51.22,51.69,601342,0
2016-01-11,52.63,52.94,45.12,47.42,911081,0
2016-01-12,48.14,55.02,47.02,51.54,1025420,0
2016-01-13,51.97,54.415,45.01,45.03,835104,0
2016-01-14,45.87,50.36,43.54,48.755,703376,0
2016-01-15,45.84,51.13,44.38,50.35,1350981,0
2016-01-19,50.39,51.78,44.62,45.83,1017200,0
2016-01-20,44.59,51.3,43,50.55,706743,0
2016-01-21,49.94,56.56,49.17,52.03,881336,0
2016-01-22,53.27,55.35,51.54,54.1,495706,0
2016-01-25,53.37,58,53.01,55.27,743513,0
2016-01-26,55.28,55.28,49.39,51.39,837746,0
2016-01-27,51.11,52.49,46,46.08,876320,0
2016-01-28,46.64,47.69,43.071,43.65,539379,0
2016-01-29,43.46,45.3198,40.21,42.2,1019369,0
2016-02-01,42.47,43.4399,38.85,42.31,1061484,0
2016-02-02,41.44,41.44,36.56,37.15,1528852,0
2016-02-03,37.54,38.2499,33.57,36.8,1294144,0
2016-02-04,36.85,41.06,36.22,37.94,1521541,0
2016-02-05,37.86,38.4,33.5,38,2404948,0
2016-02-08,36.99,37.86,35.71,35.91,722870,0
2016-02-09,34.91,39.39,33.88,36.34,547204,0
2016-02-10,37.12,40,36,36.48,650621,0
2016-02-11,35.49,37.98,34.45,35.76,608858,0
2016-02-12,36.23,38.1767,35.05,37.76,610554,0
2016-02-16,38.5,40.78,38.28,39.76,595309,0
2016-02-17,40.34,43.43,39.19,41.93,916885,0
2016-02-18,39.04,42.09,35.01,37.15,1495724,0
2016-02-19,37,39.25,36.7173,38.44,534022,0
2016-02-22,39.18,40.86,38.29,38.96,616177,0
2016-02-23,38.95,39.74,36.78,38.2,540333,0
2016-02-24,37.52,38.63,35.296,38.32,548326,0
2016-02-25,38.24,40,36.3,37.09,576326,0
2016-02-26,37.5,39.85,37.4277,39.71,559293,0
2016-02-29,39.57,40.97,38.13,38.35,635516,0
2016-03-01,38.77,43.53,38.22,43.42,1669130,0
2016-03-02,43.07,45.89,42.34,43.8,1325794,0
2016-03-03,43.88,44.59,41.9,42.96,650376,0
2016-03-04,42.9,46.27,41.44,44.32,697105,0
2016-03-07,44.31,48.7,42.29,47.72,641798,0
2016-03-08,47.41,48.02,41.37,41.49,526222,0
2016-03-09,42.26,42.8182,39.03,39.55,513674,0
2016-03-10,39.96,41.23,36.98,37.87,645366,0
2016-03-11,38.6,40.07,38.04,39.91,316920,0
2016-03-14,39.7,41.93,39.45,41,523092,0
2016-03-15,40.27,40.775,36.9,37.45,614665,0
2016-03-16,37.25,38.35,35,36.74,506776,0
2016-03-17,36.71,37.15,34.4471,35.89,685880,0
2016-03-18,36,36.705,34.48,36.1,1281181,0
2016-03-21,35.78,37.72,35.25,36.25,765897,0
2016-03-22,36.25,40.44,36.16,39.87,1030452,0
2016-03-23,39.84,40.88,37.02,37.07,766750,0
2016-03-24,36.76,39.25,35,37.91,727272,0
2016-03-28,38.29,38.35,36,36.17,458209,0
2016-03-29,35.92,37.42,34.3065,36.98,457280,0
2016-03-30,38.02,39.95,37.09,37.89,795806,0
2016-03-31,37.87,41.96,37.52,40.6,657780,0
2016-04-01,40.51,42.8499,39.36,41.83,453021,0
2016-04-04,42.18,45.87,41.5,43.77,697781,0
2016-04-05,43.03,44.72,41.98,42.72,382110,0
2016-04-06,43.01,48.39,42.92,48.31,758160,0
2016-04-07,48,50.08,46.91,47.04,729609,0
2016-04-08,48.04,48.7564,45.5601,47.4,478347,0
2016-04-11,47.92,48.1,45.3,45.46,416317,0
2016-04-12,45.56,47.25,44.44,46.55,387264,0
2016-04-13,47.15,49.82,46.68,49.52,499989,0
2016-04-14,49.31,49.6,47.79,49.12,539986,0
2016-04-15,48.87,48.99,47.44,48.58,318897,0
2016-04-18,48.14,51.1999,47.6557,50.44,414556,0
2016-04-19,50.49,50.7599,48.33,49.37,410654,0
2016-04-20,49.69,50.17,48.24,49.19,324583,0
2016-04-21,49.17,54.48,49.17,54.33,614553,0
2016-04-22,54.28,55.15,52.2,54.54,409842,0
2016-04-25,54.53,56.72,52.5628,53.21,769529,0
2016-04-26,53.19,53.67,50.39,52.24,413217,0
2016-04-27,51.83,52.92,50.2,50.91,387673,0
2016-04-28,50.69,52.67,49.75,50.53,330892,0
2016-04-29,50.37,50.98,48.02,48.95,453227,0
2016-05-02,49.44,50.11,46.75,49.74,467349,0
2016-05-03,49.01,49.17,46.4,46.52,367002,0
2016-05-04,46.42,46.57,43.91,44.16,534226,0
2016-05-05,45.3,47,42.53,43.15,571621,0
2016-05-06,42.52,44.37,42.27,43.58,535064,0
2016-05-09,43.72,48.03,43.72,47.67,492109,0
2016-05-10,47.94,48.43,46.05,47.41,414295,0
2016-05-11,47.24,48.39,44.93,45.05,572841,0
2016-05-12,45.45,45.79,43.44,44.85,653488,0
2016-05-13,44.95,48.56,43.4197,46.82,688964,0
2016-05-16,46.83,50.82,46.56,50.57,642898,0
2016-05-17,50.21,52.1,50.1301,51.27,684786,0
2016-05-18,53.43,53.5,49.53,50.51,693274,0
2016-05-19,50.14,51,45.1705,45.2501,1025426,0
2016-05-20,45.05,45.98,43.47,45.44,790351,0
2016-05-23,45.44,48.9,45.21,48.58,669209,0
2016-05-24,49.33,50.29,47.98,48.34,794686,0
2016-05-25,48.72,52.71,48.0001,52.63,941133,0
2016-05-26,52.79,53.98,51.17,52.9,560435,0
2016-05-27,52.83,53.805,52.0201,53.34,274378,0
2016-05-31,53.92,56.48,53.92,55.95,517229,0
2016-06-01,55.5,58.56,54.82,57.35,681071,0
2016-06-02,57.13,61.44,57.13,60.99,733662,0
2016-06-03,60.38,60.89,56.22,56.8,621794,0
2016-06-06,57.05,59.78,56.43,59.68,419184,0
2016-06-07,59.44,61.8,58.79,61.62,758623,0
2016-06-08,62.04,66.74,61.8,66.09,1200298,0
2016-06-09,63.67,64.67,54.02,56.22,3070017,0
2016-06-10,55.22,55.96,50.02,50.345,1439081,0
2016-06-13,54.56,54.68,48.52,51.97,2765771,0
2016-06-14,50.13,52.62,46.89,48.75,1570949,0
2016-06-15,49.14,50.73,48.36,49.65,416940,0
2016-06-16,49.22,49.51,46.79,48.82,771073,0
2016-06-17,49.08,49.74,47.25,47.51,563046,0
2016-06-20,48.86,50.34,48.03,49.3,435817,0
2016-06-21,49.51,49.9737,46.99,47.33,604994,0
2016-06-22,47.36,48.6599,46.2,47.06,537876,0
2016-06-23,47.87,48.73,47.29,48.5,883324,0
2016-06-24,45.76,47.2767,44.21,44.275,694684,0
2016-06-27,43.69,44.26,39.84,40.27,723992,0
2016-06-28,41.3,44.11,41.3,43.885,650825,0
2016-06-29,44.46,45.87,44.05,44.6,613936,0
2016-06-30,44.24,44.26,41.6,41.895,588016,0
2016-07-01,41.65,43.47,40.51,42.77,665331,0
2016-07-05,42.17,43.3,40.635,41.47,242636,0
2016-07-06,40.93,43.14,40.15,43.03,480273,0
2016-07-07,43.12,43.98,41.91,42.63,390219,0
2016-07-08,42.71,43.5,42.26,42.75,294598,0
2016-07-11,42.93,43.6,42.33,42.5,346807,0
2016-07-12,43.01,44.69,42.72,44.05,355011,0
2016-07-13,44.24,44.886,40.84,40.92,470197,0
2016-07-14,41.38,42.297,40.01,41.19,458266,0
2016-07-15,41.13,42.06,40.14,41.74,604775,0
2016-07-18,41.75,42.2,41.1,41.71,297383,0
2016-07-19,41.65,41.83,39.5,40.06,356617,0
2016-07-20,40.08,42.67,39.03,42.53,462660,0
2016-07-21,42.73,44.24,42.2,42.97,368961,0
2016-07-22,43.13,43.73,42,42.23,308587,0
2016-07-25,42.23,42.68,41.05,42.31,258360,0
2016-07-26,41.99,44.11,41.68,43.93,273478,0
2016-07-27,43.98,45.86,43.89,45.56,388656,0
2016-07-28,45.59,45.59,43.21,43.86,228819,0
2016-07-29,43.64,45.41,43.17,45.23,254934,0
2016-08-01,45.23,46.359,44.6401,45.68,282061,0
2016-08-02,45.72,46.19,43.33,44.9,348051,0
2016-08-03,44.71,46.1,44.71,46.02,427434,0
2016-08-04,46.1,46.71,43.23,43.72,572846,0
2016-08-05,43.8,44.46,42.895,43.12,515913,0
2016-08-08,42.8,43.68,40.01,40.63,836293,0
2016-08-09,40.69,41.385,40.11,40.96,451758,0
2016-08-10,41.13,41.84,39.735,39.9,696458,0
2016-08-11,39.94,40.9,39.62,39.93,621374,0
2016-08-12,40,40.498,39.87,40.42,521333,0
2016-08-15,40.8,41.9098,40.47,41.63,490873,0
2016-08-16,41.45,41.8,40.58,40.82,358368,0
2016-08-17,40.8,41.05,39.1137,39.91,321238,0
2016-08-18,40.07,40.94,40.03,40.59,346208,0
2016-08-19,40.23,40.89,39.32,39.9,321566,0
2016-08-22,40.13,40.63,39.79,40.31,643892,0
2016-08-23,40.56,41.365,40.16,40.99,444269,0
2016-08-24,41.02,42.17,38.11,38.52,785797,0
2016-08-25,39.02,39.46,36.9245,38.08,802358,0
2016-08-26,38.03,39.29,37.05,38.03,505751,0
2016-08-29,38.29,38.35,37.37,37.76,254641,0
2016-08-30,37.68,37.925,36.33,36.62,727252,0
2016-08-31,36.5,37.21,35.84,36.84,421074,0
2016-09-01,36.82,37.22,36.37,36.74,197133,0
2016-09-02,36.99,37.28,36.25,36.35,255691,0
2016-09-06,36.63,37.91,36.495,37.285,316254,0
2016-09-07,44.6,47.75,44.15,46.98,4423895,0
2016-09-08,47.6,48,45.67,46.64,810869,0
2016-09-09,45.76,46.05,42.95,43,976178,0
2016-09-12,43.09,45.87,43.02,45.8,748014,0
2016-09-13,45.5,46.68,44,45.95,585292,0
2016-09-14,43.99,45.78,43.3,45.26,834572,0
2016-09-15,46.35,47.31,45.26,45.89,2048458,0
2016-09-16,45.19,46.8,45,46.62,1039383,0
2016-09-19,46.9,47.825,46.1,47.57,575329,0
2016-09-20,47.9,50.26,47.6,49.81,930402,0
2016-09-21,50.48,52.48,49.61,52.28,764890,0
2016-09-22,52.81,53.39,51.41,53.03,707625,0
2016-09-23,52.81,54.2,51.521,53.03,658943,0
2016-09-26,52.46,53.72,52.08,52.7,291801,0
2016-09-27,52.68,54.65,52.38,54.55,298617,0
2016-09-28,54.65,54.99,52.38,54.21,474148,0
2016-09-29,53.76,54.27,51.535,51.82,587905,0
2016-09-30,52.2,53.43,51.89,52.82,441632,0
2016-10-03,52.36,53.48,51.1033,52.89,335464,0
2016-10-04,52.96,53.48,52.45,53.3,362852,0
2016-10-05,53.69,55.14,52.86,54.4,305259,0
2016-10-06,53.47,54.19,52.845,53.8,505190,0
2016-10-07,53.91,54.015,51.26,52.69,527682,0
2016-10-10,53.46,55.55,53.12,55.02,278314,0
2016-10-11,54.26,55.52,52.64,53.26,319098,0
2016-10-12,53.16,54.085,50.25,50.45,471934,0
2016-10-13,49.75,51.965,49.13,50.72,447135,0
2016-10-14,51.13,51.17,47.48,47.78,604995,0
2016-10-17,47.52,48.375,46.68,47.52,455992,0
2016-10-18,48.48,50.12,48.48,49.26,390508,0
2016-10-19,49.42,49.5099,47.65,48.32,283396,0
2016-10-20,48.11,51.33,48.11,50.33,449699,0
2016-10-21,49.87,51.125,49,49.13,423247,0
2016-10-24,49.92,50.1,48.57,49.01,366820,0
2016-10-25,48.83,49.925,48.31,48.72,305412,0
2016-10-26,48.56,49.61,48.1035,48.72,470115,0
2016-10-27,49.41,50.24,47.97,48.3,448657,0
2016-10-28,48.07,50.1,47.39,48.58,568684,0
2016-10-31,48.93,49.55,47.69,47.84,300301,0
2016-11-01,48.14,49.08,46.58,48.29,571812,0
2016-11-02,48.1,48.23,45.89,46.1,1187262,0
2016-11-03,49.05,49.1,45.73,47.63,1089551,0
2016-11-04,47.29,49.72,46.68,49.46,866556,0
2016-11-07,50.62,52.5,49.8,52.29,628531,0
2016-11-08,52.01,55.19,50.62,53.98,592431,0
2016-11-09,56.56,60,55.68,59.5,1134632,0
2016-11-10,60,64.5,59.74,63.77,1195417,0
2016-11-11,62.5,64.66,61.221,64.22,860369,0
2016-11-14,64.98,67.43,63.01,66.98,882140,0
2016-11-15,66.35,67.74,64.54,67.25,556083,0
2016-11-16,66.64,67.5,61.87,61.94,770759,0
2016-11-17,62.37,63.24,61.55,62.81,494398,0
2016-11-18,62.72,63.55,62.07,62.54,384861,0
2016-11-21,62.67,65.18,62,64.52,517808,0
2016-11-22,64.95,65.45,61.44,61.85,409444,0
2016-11-23,60.78,64.17,59.69,63.825,495889,0
2016-11-25,63.86,64.52,62.07,63.67,200104,0
2016-11-28,63.09,63.93,60.58,60.9,349059,0
2016-11-29,60.57,62.25,60.04,61.34,547471,0
2016-11-30,61.47,62.34,58.06,58.21,603243,0
2016-12-01,58.63,59.8297,56.52,58.06,633167,0
2016-12-02,58,59.5499,56.1,56.97,611190,0
2016-12-05,56.25,56.39,47.94,49.88,3523903,0
2016-12-06,50.51,51.175,46.29,48.65,1930715,0
2016-12-07,47.43,48.22,45.73,46.72,1106157,0
2016-12-08,47.22,48.51,45.771,47.86,916285,0
2016-12-09,47.53,51.23,47.33,49.58,978488,0
2016-12-12,48.99,50.32,48.16,49.91,1082525,0
2016-12-13,50.08,53.2,50.08,52.36,971895,0
2016-12-14,51.77,54.09,51.4001,53.11,865168,0
2016-12-15,52.93,55.97,52.6855,55.94,587522,0
2016-12-16,46.62,47.2,43.6,45.08,5755712,0
2016-12-19,44.83,46.85,44.83,46.03,1045284,0
2016-12-20,46.32,46.73,45.75,46.33,572597,0
2016-12-21,46.24,46.45,43.33,43.4,976829,0
2016-12-22,43.51,43.895,40.82,41.37,892758,0
2016-12-23,41.58,43.29,40.59,43.15,824987,0
2016-12-27,43.39,44.64,43.23,43.37,684306,0
2016-12-28,43.4,43.8271,42.0387,42.42,466161,0
2016-12-29,42.41,42.86,41.19,42.69,438897,0
2016-12-30,42.65,43.265,41.53,41.73,536412,0
2017-01-03,42.41,44.17,41.61,43.22,967374,0
2017-01-04,43.39,45.8,43.39,45.69,513946,0
2017-01-05,45.7,46.5,45.07,46.02,443905,0
2017-01-06,46.32,48,46.32,47.5,549897,0
2017-01-09,47.56,48.34,40.82,42.78,2188165,0
2017-01-10,42.16,43.15,40.5001,42.25,733265,0
2017-01-11,42.26,42.43,39.7,40.56,873859,0
2017-01-12,40.18,42.29,39.5,41.61,524861,0
2017-01-13,41.61,42.45,41.31,41.55,348107,0
2017-01-17,43.51,43.94,40.87,41.32,552902,0
2017-01-18,41.5,42.75,41.14,42.67,471036,0
2017-01-19,42.58,42.88,41.33,42.03,580850,0
2017-01-20,42.1,42.45,40.9,42.28,648077,0
2017-01-23,42.24,42.555,40.22,41.01,834229,0
2017-01-24,41.11,41.64,39.81,40.68,601932,0
2017-01-25,41.66,42.02,40.51,41.48,501283,0
2017-01-26,41.63,42.2,40.47,40.79,410912,0
2017-01-27,40.78,41.505,40.345,41.24,391838,0
2017-01-30,41.22,41.365,39.2406,40.51,468892,0
2017-01-31,40.13,43.16,39.6,43.03,787701,0
2017-02-01,43.31,43.9,42.5926,43.23,490712,0
2017-02-02,43.07,44.34,42.47,43.5,425208,0
2017-02-03,43.78,44,42.46,43.9,433418,0
2017-02-06,43.75,44.7,43.32,44.42,313194,0
2017-02-07,44.49,45,43.98,44.43,340527,0
2017-02-08,44.18,44.98,43.5,44.32,419111,0
2017-02-09,44.31,46.1656,44.31,46.01,447416,0
2017-02-10,46.1,46.92,45.73,46.39,451117,0
2017-02-13,46.68,46.97,45.5986,46.47,298082,0
2017-02-14,46.22,46.69,45.56,46.38,437774,0
2017-02-15,46.47,46.68,45.32,46.12,579597,0
2017-02-16,47.74,50.09,45.41,49.83,1443215,0
2017-02-17,49.86,54.23,49.09,54.09,1130328,0
2017-02-21,54.63,54.73,49.75,50.4,922180,0
2017-02-22,50.15,50.7743,48.89,48.99,355584,0
2017-02-23,49.06,49.4753,46.7686,47.4,506740,0
2017-02-24,46.97,48.67,45.84,47.81,495521,0
2017-02-27,47.63,50.56,47.51,50.35,633564,0
2017-02-28,50.49,50.55,48.39,48.44,444768,0
2017-03-01,50.21,52.4,50.06,51.74,780966,0
2017-03-02,51.5,53.57,50.96,51.03,451853,0
2017-03-03,51.19,52.475,50.01,50.96,437565,0
2017-03-06,50.73,50.9672,49.24,49.93,389875,0
2017-03-07,49.46,50.15,48.26,49.57,331422,0
2017-03-08,49.67,51.93,49.07,51.1,381286,0
2017-03-09,51.16,52.14,50.62,51.77,420361,0
2017-03-10,52.31,52.75,51.18,52.24,310967,0
2017-03-13,52.7,52.7,51.4,51.77,276947,0
2017-03-14,51.68,51.98,50.1956,51.47,258209,0
2017-03-15,51.82,54.59,51.21,54.25,407538,0
2017-03-16,54,54.47,53.065,54.09,310853,0
2017-03-17,53.5,54.23,53.16,53.66,462342,0
2017-03-20,53.71,56.43,53.19,56.16,429550,0
2017-03-21,56.37,56.71,52.3,53.15,884887,0
2017-03-22,53.13,53.66,51.48,52.92,552140,0
2017-03-23,53.03,54.47,52.69,54.13,409416,0
2017-03-24,54.3,55.59,54.18,55.27,356714,0
2017-03-27,54.18,58.28,53.55,56.77,649313,0
2017-03-28,56.72,58,56.1351,56.33,374533,0
2017-03-29,56.44,58.15,56.12,57.2,320513,0
2017-03-30,57.28,58.49,57.18,57.34,363549,0
2017-03-31,57.43,58.65,57.275,58.4,283791,0
2017-04-03,58.55,59,55.83,56.2,470741,0
2017-04-04,56.46,57.19,54.61,55.57,544136,0
2017-04-05,55.9,56.55,52.56,53.45,1043966,0
2017-04-06,53.81,54.46,52.64,53.69,578221,0
2017-04-07,53.56,54.11,52.58,53.84,354474,0
2017-04-10,54.13,54.79,53.2323,53.71,291654,0
2017-04-11,53.44,54.82,52.4801,53.64,347040,0
2017-04-12,53.66,54.406,52.745,53.64,232130,0
2017-04-13,53.39,56.37,53.23,55.33,323972,0
2017-04-17,55.31,55.57,53.99,55.51,218314,0
2017-04-18,53.81,53.81,49.94,50.36,1279338,0
2017-04-19,49.78,50.94,48.57,48.74,4107100,0
2017-04-20,48.79,49.73,47.74,48.28,974938,0
2017-04-21,48.07,48.73,46.92,46.99,682274,0
2017-04-24,47.69,48.5,47.08,47.37,561354,0
2017-04-25,48.15,50.42,48.062,50.2,891049,0
2017-04-26,50.19,51.6,50.19,50.51,734926,0
2017-04-27,50.47,52.09,50.01,50.91,542573,0
2017-04-28,50.85,51.33,49.6,49.71,762564,0
2017-05-01,50.17,51.32,49.61,51.2,374221,0
2017-05-02,51,51.28,46.9,47.2,1008206,0
2017-05-03,47,47.2,45.32,46.79,952874,0
2017-05-04,47.79,48.4717,45.11,47.27,794246,0
2017-05-05,47.22,50.05,46.95,49.98,896680,0
2017-05-08,49.77,50.11,48.85,49.02,566077,0
2017-05-09,49.15,51.16,49.1,50.31,660965,0
2017-05-10,50.32,52.035,49.62,51.58,484801,0
2017-05-11,51.29,52.98,50.55,50.96,505425,0
2017-05-12,51.05,53.37,50.78,53.16,465462,0
2017-05-15,53.28,53.86,52.55,53.46,352027,0
2017-05-16,53.57,53.57,52.145,53.4,348178,0
2017-05-17,52.3,52.3599,50.48,50.53,642254,0
2017-05-18,50.02,52.1,49.27,51.95,490364,0
2017-05-19,52.02,52.37,48.68,49.16,489130,0
2017-05-22,49.31,50.13,48.13,49.26,509598,0
2017-05-23,49.4,49.705,48.2,48.56,311922,0
2017-05-24,48.77,49.2,46.57,47.24,597231,0
2017-05-25,47.73,47.73,46.222,47.46,478820,0
2017-05-26,47.53,48.24,46.84,48.2,492347,0
2017-05-30,48.22,48.42,47,47.07,443632,0
2017-05-31,47.53,47.53,45.96,46.67,604054,0
2017-06-01,46.8,48.88,46.48,48.49,530654,0
2017-06-02,48.55,49.4999,48.13,49.17,374151,0
2017-06-05,49.52,49.71,47.25,48.72,394039,0
2017-06-06,48.51,50.09,48,49.22,381907,0
2017-06-07,49.45,50.82,48.54,50.48,391235,0
2017-06-08,50.59,51.38,50.15,50.48,212660,0
2017-06-09,50.22,50.99,49.41,50.02,305593,0
2017-06-12,49.92,51.08,48.86,50.62,350919,0
2017-06-13,50.75,51.2,49.96,50.73,313985,0
2017-06-14,50.58,51.69,50.01,51.26,364938,0
2017-06-15,50.86,51.55,49.76,50.51,423704,0
2017-06-16,50.46,51.85,50.0611,51.77,569726,0
2017-06-19,52.01,52.65,51.26,51.76,427255,0
2017-06-20,51.89,54.25,51.42,52.75,764640,0
2017-06-21,52.72,56.79,52.37,56.78,710011,0
2017-06-22,56.91,58.49,54.67,57.42,732720,0
2017-06-23,57.46,59.58,56.54,59.18,833933,0
2017-06-26,56.8,57.648,52.7908,54.7,1121808,0
2017-06-27,54.73,54.86,51.21,51.56,691406,0
2017-06-28,52.15,53.61,51.32,53.18,458311,0
2017-06-29,52.92,53.09,51.37,52.45,419097,0
2017-06-30,52.57,52.57,51,51.45,448000,0
2017-07-03,51.84,52.41,50.91,52.14,205861,0
2017-07-05,51.9,54.14,51.29,53.87,640895,0
2017-07-06,53.19,54.6,52.591,54.02,1235409,0
2017-07-07,54.33,55,53.44,54.91,418893,0
2017-07-10,55.01,55.79,53.4,54.5,530485,0
2017-07-11,54.62,56.8,54.41,56.27,515026,0
2017-07-12,56.69,56.78,55.56,56.16,470356,0
2017-07-13,56.49,57.97,55.56,57.38,406850,0
2017-07-14,57.36,57.92,56.87,57.81,309924,0
2017-07-17,57.89,59.165,57.4,57.75,416255,0
2017-07-18,57.61,58.16,55.88,56.03,289266,0
2017-07-19,56.5,57.45,55.74,56.39,274212,0
2017-07-20,56.5,57.94,56.17,57.23,269561,0
2017-07-21,57.13,58.57,56.51,57.17,345338,0
2017-07-24,57.26,59.39,57.05,59.38,387351,0
2017-07-25,59.77,59.77,57.8,57.96,362407,0
2017-07-26,58.09,58.88,57.75,58.12,277178,0
2017-07-27,58.2,58.94,55.77,56.23,353001,0
2017-07-28,56.01,56.73,55.34,56.57,329453,0
2017-07-31,56.59,56.805,55.75,55.94,243861,0
2017-08-01,56.21,59.85,54.295,58.65,2149335,0
2017-08-02,60.06,63.5,58.3574,61.64,1521805,0
2017-08-03,62.8,64.82,61.87,63.04,929708,0
2017-08-04,63.035,63.28,61.42,61.51,474115,0
2017-08-07,61.14,61.8,60.14,61.06,637741,0
2017-08-08,59,60.645,55.44,59.51,1058869,0
2017-08-09,58.83,61.48,58.55,60.56,518590,0
2017-08-10,60.08,60.08,57.76,58.26,314047,0
2017-08-11,58.31,59.15,57.06,58.86,501674,0
2017-08-14,59.43,59.92,58.78,58.93,252910,0
2017-08-15,59.04,59.2065,57.81,58.17,279882,0
2017-08-16,58.26,58.4,55.94,56.22,569131,0
2017-08-17,56.08,56.49,54.76,54.89,368487,0
2017-08-18,54.95,56.08,53.9,55.09,445941,0
2017-08-21,55.19,56,54.4,55.11,231243,0
2017-08-22,55.4,57.67,55.17,57.65,462803,0
2017-08-23,57.12,57.56,56.51,56.86,367484,0
2017-08-24,57.27,58.74,56.94,58.39,392349,0
2017-08-25,58.59,58.73,57.01,57.08,197527,0
2017-08-28,57.86,58.68,57.03,58.65,434878,0
2017-08-29,58.1,60.61,57.81,60.05,347649,0
2017-08-30,60,62.73,59.94,61.88,400707,0
2017-08-31,61.92,63.45,61.34,63.26,489594,0
2017-09-01,63.26,63.78,61.27,61.55,440426,0
2017-09-05,61.2,61.875,60.49,60.6,489697,0
2017-09-06,61.11,62.75,60.08,62.5,362606,0
2017-09-07,62.55,64.18,61.87,63.8,297979,0
2017-09-08,63.56,64.55,62.26,63.64,247200,0
2017-09-11,64.32,65.25,63.15,65.1,463799,0
2017-09-12,65.01,66.56,64.4714,66.11,389079,0
2017-09-13,66.2,66.33,65.02,65.82,403373,0
2017-09-14,65.8,66.42,65.075,65.59,257949,0
2017-09-15,66.07,67,64.875,66.43,863491,0
2017-09-18,67,67.45,66.71,66.86,513361,0
2017-09-19,67.15,67.7234,65.75,65.82,322503,0
2017-09-20,66.31,67.26,66.085,66.63,358721,0
2017-09-21,66.73,67.21,64.97,67.12,289143,0
2017-09-22,66.68,67,65.23,66.07,245305,0
2017-09-25,66.27,67.1,65.75,66.53,247089,0
2017-09-26,66.43,66.49,64.83,65.4,282889,0
2017-09-27,65.88,66.89,65.6,65.75,401362,0
2017-09-28,65.93,65.93,64.01,64.97,376318,0
2017-09-29,64.94,66.86,64.19,66.75,327148,0
2017-10-02,66.79,68.37,66.19,68.22,575965,0
2017-10-03,68.56,69.45,67.25,69.23,473463,0
2017-10-04,68.94,71.4,68.021,70.25,1017271,0
2017-10-05,70.24,71.02,69.04,70.82,320924,0
2017-10-06,70.51,71.24,69.9338,70.45,284949,0
2017-10-09,70.75,71.4,69.745,71.27,316327,0
2017-10-10,71.95,71.95,70.26,71.225,231250,0
2017-10-11,71.22,71.59,70.11,70.43,507206,0
2017-10-12,70.49,72.5,70.32,72.33,406908,0
2017-10-13,72.27,72.73,71.17,71.35,243591,0
2017-10-16,71.65,72.54,70.41,71.12,294570,0
2017-10-17,70.97,72.095,70.54,70.69,338502,0
2017-10-18,71.04,71.49,69.3,69.59,233119,0
2017-10-19,69.04,69.49,67.8,68.73,377032,0
2017-10-20,68.98,69.425,67.02,67.25,397873,0
2017-10-23,67.46,68.14,66.36,66.91,317007,0
2017-10-24,67.25,67.5,65.63,66.71,478709,0
2017-10-25,66.84,67.21,65.18,65.5,469355,0
2017-10-26,65,66.649,64.4,65.42,434764,0
2017-10-27,65.505,66.08,64.36,64.43,506575,0
2017-10-30,65.1,66.1759,64.58,65.92,372850,0
2017-10-31,65.77,66.44,63.9,64.27,451529,0
2017-11-01,66.75,66.75,61.13,62.01,893336,0
2017-11-02,62.63,65.98,62.225,64.29,655564,0
2017-11-03,64,66.83,63.525,66.49,360936,0
2017-11-06,66.13,67.08,65.77,66.59,312321,0
2017-11-07,66.54,67.99,65.5175,67.25,331804,0
2017-11-08,66.92,67.05,64.26,64.4,520695,0
2017-11-09,64.21,64.775,62.31,63.39,406910,0
2017-11-10,63.15,64.37,61.83,62.05,417446,0
