2016-01-04,25.35,25.73,25.3,25.73,16013,0
2016-01-05,25.7,25.88,25.59,25.78,14402,0
2016-01-06,25.5415,25.8899,25.5,25.8899,4708,0
2016-01-07,25.47,25.8,25.45,25.7032,11848,0
2016-01-08,25.8,25.8899,25.5501,25.83,11701,0
2016-01-11,25.75,25.87,25.75,25.87,2156,0
2016-01-12,25.84,25.96,25.6501,25.95,13942,0
2016-01-13,25.61,25.87,25.61,25.81,4104,0
2016-01-14,25.7,25.8,25.593,25.7301,4364,0
2016-01-15,25.68,25.8,25.3101,25.8,12939,0
2016-01-19,25.4186,25.4186,25.4186,25.4186,0,0
2016-01-20,25.43,25.653,25.05,25.4,14485,0
2016-01-21,25.54,25.8,25.27,25.65,7689,0
2016-01-22,25.66,25.742,25.39,25.442,6101,0
2016-01-25,25.51,25.51,25.2,25.39,8474,0
2016-01-26,25.49,25.7,25.2101,25.48,10145,0
2016-01-27,25.67,25.67,25.3101,25.48,3412,0
2016-01-28,25.65,25.6973,25.321,25.6973,5464,0
2016-01-29,25.5248,25.7,25.49,25.67,7523,0
2016-02-01,25.7,25.8399,25.55,25.71,18967,0
2016-02-02,25.5697,25.75,25.5619,25.75,5014,0
2016-02-03,25.518,25.7846,25.4602,25.73,3318,0
2016-02-04,25.5,25.7,25.4801,25.7,6164,0
2016-02-05,25.55,25.6876,25.45,25.45,7690,0
2016-02-08,25.45,25.6399,25.1,25.12,10336,0
2016-02-09,24.5,25.0499,22.8,25,39502,0
2016-02-10,25.05,25.3482,25,25,4942,0
2016-02-11,24.97,25.08,24.03,24.2,24869,0
2016-02-12,24.44,24.97,24.44,24.97,15646,0
2016-02-16,25.05,25.3,25.005,25.3,14180,0
2016-02-17,25.75,25.75,25.104,25.55,6729,0
2016-02-18,25.25,25.54,25.15,25.4007,12405,0
2016-02-19,25.3316,25.55,25.1896,25.55,5512,0
2016-02-22,25.36,25.65,25.26,25.65,9266,0
2016-02-23,25.45,25.63,25.29,25.61,4223,0
2016-02-24,25.36,25.59,25.3501,25.5273,3855,0
2016-02-25,25.5,25.62,25.3001,25.62,7457,0
2016-02-26,25.5831,25.77,25.5501,25.58,9131,0
2016-02-29,25.6461,25.74,25.5701,25.65,9972,0
2016-03-01,25.71,25.96,25.5801,25.89,15429,0
2016-03-02,25.67,25.9,25.54,25.62,7141,0
2016-03-03,25.75,25.75,25.56,25.56,6142,0
2016-03-04,25.7083,25.7189,25.5,25.5,8621,0
2016-03-07,25.45,25.5854,25.44,25.45,8854,0
2016-03-08,25.5,25.6725,25.5,25.65,3243,0
2016-03-09,25.37,25.7,25.37,25.7,3778,0
2016-03-10,25.53,25.66,25,25.35,17696,0
2016-03-11,25.37,25.665,25.2025,25.4,5875,0
2016-03-14,25.41,25.7,25.27,25.41,14993,0
2016-03-15,25.4401,25.67,25.44,25.44,3806,0
2016-03-16,25.5427,25.7,25.44,25.44,8454,0
2016-03-17,25.45,25.6425,25.31,25.31,5763,0
2016-03-18,25.4566,25.65,25.4566,25.6082,5139,0
2016-03-21,25.5001,25.75,25.5,25.75,3947,0
2016-03-22,25.5613,25.749,25.3801,25.57,5341,0
2016-03-23,25.5901,25.75,25.5901,25.75,3576,0
2016-03-24,25.61,25.7194,25.56,25.7194,5317,0
2016-03-28,25.6176,25.75,25.55,25.7,45268,0
2016-03-29,25.75,25.8499,25.6,25.63,17361,0
2016-03-30,25.63,25.7225,25.59,25.59,15266,0
2016-03-31,25.63,25.65,25.5603,25.6249,7524,0
2016-04-01,25.65,25.65,25.22,25.28,16090,0
2016-04-04,25.42,25.44,25.21,25.25,7654,0
2016-04-05,25.13,25.52,25.13,25.52,10706,0
2016-04-06,25.36,25.56,25.33,25.55,7801,0
2016-04-07,25.56,25.57,25.3647,25.4,7678,0
2016-04-08,25.42,25.4978,25.3,25.4974,7818,0
2016-04-11,25.42,25.5,25.36,25.49,8397,0
2016-04-12,25.49,25.58,25.36,25.4601,12840,0
2016-04-13,25.33,25.4,25.15,25.4,8504,0
2016-04-14,25.38,25.5,25.22,25.5,17566,0
2016-04-15,25.2921,25.75,25.2921,25.75,14031,0
2016-04-18,25.53,25.64,25.33,25.45,26875,0
2016-04-19,25.49,25.62,25.486,25.62,14138,0
2016-04-20,25.6501,25.676,25.488,25.6475,15839,0
2016-04-21,25.68,25.7,25.5096,25.7,5756,0
2016-04-22,25.7,25.74,25.6,25.6,9295,0
2016-04-25,25.6882,25.78,25.6882,25.78,4575,0
2016-04-26,25.732,25.8,25.73,25.8,8673,0
2016-04-27,25.8,25.84,25.74,25.84,7666,0
2016-04-28,25.82,25.8475,25.8,25.8205,6421,0
2016-04-29,25.74,25.85,25.7,25.85,7717,0
2016-05-02,25.94,26.01,25.7101,25.98,20320,0
2016-05-03,25.82,25.99,25.701,25.97,9173,0
2016-05-04,25.8313,26.02,25.77,26.02,6565,0
2016-05-05,25.97,25.99,25.75,25.94,5948,0
2016-05-06,25.7819,26.09,25.7819,26.09,9500,0
2016-05-09,26.0156,26.0156,25.8621,26,7506,0
2016-05-10,26.0699,26.09,25.9501,26.09,7440,0
2016-05-11,25.97,26.09,25.86,26.06,10593,0
2016-05-12,26.0096,26.18,25.9959,25.9959,4470,0
2016-05-13,25.9285,26.1,25.7924,25.9001,7250,0
2016-05-16,25.93,26.11,25.92,26.09,9223,0
2016-05-17,26.0967,26.15,25.96,25.99,9224,0
2016-05-18,26.0001,26.17,26.0001,26.15,3669,0
2016-05-19,26.05,26.1299,25.7412,26.01,12807,0
2016-05-20,26.0231,26.13,25.91,26.13,5888,0
2016-05-23,26.05,26.1686,26.0343,26.11,9835,0
2016-05-24,26.0199,26.19,25.9973,26.0635,11725,0
2016-05-25,26.12,26.16,25.9531,26.14,10993,0
2016-05-26,26.14,26.19,26.0988,26.148,3894,0
2016-05-27,26.16,26.17,26,26.162,13053,0
2016-05-31,26.11,26.19,25.9501,26.19,13538,0
2016-06-01,26.15,26.19,26.091,26.19,12099,0
2016-06-02,26.19,26.19,25.85,26.07,20159,0
2016-06-03,26.0099,26.49,26.0099,26.44,17760,0
2016-06-06,26.26,26.49,26.06,26.16,27667,0
2016-06-07,26.17,26.335,26.01,26.23,13836,0
2016-06-08,26.17,26.2311,25.97,26.02,7902,0
2016-06-09,26.11,26.11,25.934,26,14772,0
2016-06-10,25.93,26.172,25.8,25.8,8478,0
2016-06-13,25.8,25.87,25.68,25.68,7517,0
2016-06-14,25.62,25.726,25.56,25.6101,4057,0
2016-06-15,25.62,25.92,25.62,25.84,9817,0
2016-06-16,25.97,26,25.65,25.65,15430,0
2016-06-17,25.63,25.94,25.63,25.91,10884,0
2016-06-20,25.8501,26.1399,25.8307,26.1,11610,0
2016-06-21,26.1,26.24,26.03,26.24,3812,0
2016-06-22,26.3415,26.443,25.95,26.17,6907,0
2016-06-23,26.23,26.3899,26.23,26.383,8859,0
2016-06-24,25.54,26.38,25.54,26.38,8355,0
2016-06-27,26,26.204,25.8,26.2,11814,0
2016-06-28,25.96,26.27,25.89,26.27,15120,0
2016-06-29,26.1913,26.4499,26.17,26.27,10261,0
2016-06-30,26.2519,26.49,26.1618,26.44,15590,0
2016-07-01,26.26,26.4072,26.17,26.2,9615,0
2016-07-05,26.15,26.2384,26.1,26.2,6384,0
2016-07-06,26.14,26.44,26.1,26.4399,8088,0
2016-07-07,26.36,26.43,26.16,26.16,16002,0
2016-07-08,26.25,26.374,26.03,26.03,27240,0
2016-07-11,26.11,26.25,26.04,26.05,16150,0
2016-07-12,26.2,26.2,26.05,26.15,8680,0
2016-07-13,25.91,26.14,25.86,26.13,11565,0
2016-07-14,26,26.1625,25.9,26.1625,9948,0
2016-07-15,26.24,26.585,26,26.36,35664,0
2016-07-18,26.2,26.4036,26.18,26.3099,9562,0
2016-07-19,26.2112,26.5,26.18,26.49,9494,0
2016-07-20,26.4,26.47,26.3,26.47,4119,0
2016-07-21,26.4056,26.469,26.3215,26.45,3951,0
2016-07-22,26.42,26.47,26.31,26.47,10764,0
2016-07-25,26.35,26.65,26.35,26.4945,7678,0
2016-07-26,26.53,26.68,26.4771,26.66,11620,0
2016-07-27,26.69,26.8,26.4325,26.8,11514,0
2016-07-28,26.74,26.77,26.33,26.51,13440,0
2016-07-29,26.43,26.74,26.3393,26.74,21151,0
2016-08-01,26.92,26.92,26.6,26.77,19258,0
2016-08-02,26.83,26.86,26.68,26.68,8115,0
2016-08-03,26.7,26.9,26.5973,26.9,6686,0
2016-08-04,26.8,26.98,26.6918,26.98,8002,0
2016-08-05,27.04,27.04,26.58,26.94,17889,0
2016-08-08,26.71,27.04,26.71,26.92,10599,0
2016-08-09,26.86,27.11,26.84,26.95,18199,0
2016-08-10,26.92,27.37,26.92,27.22,15988,0
2016-08-11,27.3,27.35,27.0555,27.34,15848,0
2016-08-12,27.2589,27.2589,26.84,27.23,8269,0
2016-08-15,27.18,27.18,26.45,26.45,6722,0
2016-08-16,26.45,26.62,25.967,26.21,12057,0
2016-08-17,26.3606,26.66,26.3606,26.6299,3654,0
2016-08-18,26.549,26.63,26.545,26.63,4726,0
2016-08-19,26.22,26.4844,26.19,26.38,6988,0
2016-08-22,26.49,26.49,26.2821,26.39,8968,0
2016-08-23,26.27,26.44,26.26,26.412,7838,0
2016-08-24,26.45,26.57,26.36,26.36,6144,0
2016-08-25,26.28,26.5614,26.26,26.45,13181,0
2016-08-26,26.599,26.6,26.4101,26.47,4439,0
2016-08-29,26.47,26.76,26.47,26.75,8403,0
2016-08-30,26.756,26.9039,26.671,26.89,9738,0
2016-08-31,26.86,27,26.7445,27,18744,0
2016-09-01,27,27.1,26.6501,26.88,23985,0
2016-09-02,26.8201,27.0799,26.8201,27.05,11262,0
2016-09-06,26.9702,27.03,26.6865,26.9,11190,0
2016-09-07,26.9,27.0501,26.8801,27.05,10737,0
2016-09-08,27,27.17,26.85,27.15,13194,0
2016-09-09,27.08,27.08,26.34,26.46,15419,0
2016-09-12,26.4,26.74,26.3301,26.69,10050,0
2016-09-13,26.64,26.91,26.5,26.91,6269,0
2016-09-14,26.8871,26.9884,26.61,26.72,7483,0
2016-09-15,26.4,26.74,26.4,26.5,7197,0
2016-09-16,26.48,26.5838,26.31,26.33,5339,0
2016-09-19,26.44,26.75,26.44,26.675,11451,0
2016-09-20,26.6,26.8862,26.6,26.88,5013,0
2016-09-21,26.82,26.97,26.549,26.97,4363,0
2016-09-22,27,27.06,26.75,26.9544,8106,0
2016-09-23,26.9,27.05,26.69,26.9,16253,0
2016-09-26,26.85,26.85,26.485,26.4964,10630,0
2016-09-27,26.45,26.5,26.2601,26.4,11416,0
2016-09-28,26.42,26.73,26.3499,26.73,5634,0
2016-09-29,26.64,26.91,26.64,26.83,5505,0
2016-09-30,26.63,26.7078,26.2601,26.35,10494,0
2016-10-03,26.34,26.75,26.34,26.43,4835,0
2016-10-04,26.45,26.715,26.4479,26.5643,4184,0
2016-10-05,26.36,26.61,26.35,26.35,8136,0
2016-10-06,26.37,26.5562,26.36,26.5562,5020,0
2016-10-07,26.44,26.61,26.1,26.1,6200,0
2016-10-10,25.95,26.57,25.62,26.11,19601,0
2016-10-11,26.05,26.4,25.5,25.75,7661,0
2016-10-12,26.02,26.02,25.56,25.97,9953,0
2016-10-13,25.63,25.9,25.6,25.8248,7501,0
2016-10-14,25.85,25.9473,25.85,25.9423,3509,0
2016-10-17,25.81,25.98,25.58,25.75,10225,0
2016-10-18,25.74,26.26,25.71,26.26,16859,0
2016-10-19,26.27,26.28,25.93,26.1862,5066,0
2016-10-20,26.0152,26.17,25.8532,26.15,5907,0
2016-10-21,25.8301,26.67,25.8301,26.67,18484,0
2016-10-24,26.58,26.58,26.2901,26.47,8112,0
2016-10-25,26.32,26.8,26.32,26.8,16017,0
2016-10-26,26.32,26.73,26.3,26.73,5125,0
2016-10-27,26.67,26.68,26.3434,26.53,3959,0
2016-10-28,26.41,26.62,26.41,26.62,3235,0
2016-10-31,26.5965,26.6785,26.53,26.62,3954,0
2016-11-01,26.61,26.67,26.439,26.67,5849,0
2016-11-02,26.6,26.66,26.2,26.62,10655,0
2016-11-03,26.52,26.52,25.84,25.84,10913,0
2016-11-04,25.87,26.247,25.83,25.85,7859,0
2016-11-07,25.97,26.26,25.715,25.8,3301,0
2016-11-08,25.85,26.1814,25.73,25.73,2886,0
2016-11-09,25.81,25.82,25.305,25.4,6415,0
2016-11-10,25.41,25.7319,25.33,25.4,12847,0
2016-11-11,25.35,25.9135,25.18,25.32,9950,0
2016-11-14,25.25,25.42,23.73,24.48,33432,0
2016-11-15,24.8,25.5839,24.592,25.5138,5627,0
2016-11-16,25.16,25.2905,25,25,17796,0
2016-11-17,25.0309,25.06,24.7872,24.86,12884,0
2016-11-18,24.98,25.1847,24.65,24.65,16819,0
2016-11-21,24.65,25.1283,24.55,24.55,14732,0
2016-11-22,24.8,25.2,24.8,24.9,10038,0
2016-11-23,24.85,25.2488,24.85,25.2399,11486,0
2016-11-25,25.05,25.25,25.0375,25.25,2821,0
2016-11-28,25.2537,25.3707,25.0486,25.1799,6076,0
2016-11-29,25.189,25.289,25.01,25.035,5186,0
2016-11-30,25.08,25.2171,24.87,24.99,6601,0
2016-12-01,25.12,25.12,24.82,24.82,15445,0
2016-12-02,24.8,25.0102,24.501,24.687,12681,0
2016-12-05,24.6,24.913,24.5429,24.7762,17153,0
2016-12-06,24.92,25.2256,24.72,24.9649,13388,0
2016-12-07,25.0667,25.2016,24.85,25.11,5919,0
2016-12-08,25.01,25.25,24.95,24.95,9313,0
2016-12-09,24.96,25.1848,24.95,24.95,9672,0
2016-12-12,24.85,25.16,24.54,25,19173,0
2016-12-13,24.9,25.1428,24.9,24.99,9415,0
2016-12-14,25.07,25.07,24.7,24.85,12724,0
2016-12-15,24.9,25.09,24.51,25,13545,0
2016-12-16,25,25.015,24.9374,24.9748,6679,0
2016-12-19,25.01,25.13,25.01,25.09,10951,0
2016-12-20,25.19,25.21,25.06,25.13,11706,0
2016-12-21,25.03,25.2115,24.65,25.09,5436,0
2016-12-22,25.0229,25.2,24.9154,25.078,9079,0
2016-12-23,25.02,25.2,24.748,24.93,7719,0
2016-12-27,25.15,25.15,24.91,24.96,17181,0
2016-12-28,24.995,25.04,24.99,25,5307,0
2016-12-29,25.011,25.011,24.8,24.83,9904,0
2016-12-30,24.81,25,24.81,24.99,13626,0
2017-01-03,25,25.25,25,25.15,3081,0
2017-01-04,25.29,25.61,25.28,25.59,16613,0
2017-01-05,25.5,25.5766,25.42,25.52,7660,0
2017-01-06,25.52,25.57,25.4,25.4501,5848,0
2017-01-09,25.6,25.6,25.44,25.44,4567,0
2017-01-10,25.38,25.45,25.3001,25.3828,7450,0
2017-01-11,25.5353,25.63,25.37,25.63,5039,0
2017-01-12,25.31,25.45,25.21,25.2979,10061,0
2017-01-13,25.28,25.419,25.23,25.29,10942,0
2017-01-17,25.26,25.3387,25.11,25.18,15996,0
2017-01-18,25.169,25.2101,25.109,25.21,6720,0
2017-01-19,25.2,25.2273,24.54,24.84,31611,0
2017-01-20,24.88,25.25,24.6,24.6,73473,0
2017-01-23,24.78,25.13,24.64,25.02,49357,0
2017-01-24,25.22,25.25,25.031,25.15,14098,0
2017-01-25,24.92,25.17,24.92,25.17,10803,0
2017-01-26,25.1339,25.18,25.0203,25.16,10428,0
2017-01-27,25.15,25.25,25.1249,25.15,9814,0
2017-01-30,25.13,25.1445,25.05,25.13,9758,0
2017-01-31,25.19,25.19,25,25.0101,10641,0
2017-02-01,25.15,25.17,25.065,25.1208,11928,0
2017-02-02,25.1348,25.1348,25.04,25.07,5207,0
2017-02-03,25.11,25.2412,25.05,25.21,6422,0
2017-02-06,25.22,25.23,25.1774,25.23,6682,0
2017-02-07,25.25,25.31,25.1986,25.24,9460,0
2017-02-08,25.21,25.4,25.201,25.39,10179,0
2017-02-09,25.3594,25.39,25.2589,25.2589,5601,0
2017-02-10,25.31,25.4682,25.181,25.3615,9438,0
2017-02-13,25.42,25.44,25.3601,25.39,8098,0
2017-02-14,25.32,25.4399,25.231,25.4399,10039,0
2017-02-15,25.383,25.4699,25.31,25.3305,13858,0
2017-02-16,25.34,25.4,25.3,25.3,17584,0
2017-02-17,25.39,25.39,25.21,25.3599,4077,0
2017-02-21,25.37,25.37,25.2115,25.25,9993,0
2017-02-22,25.26,25.35,25.2401,25.26,6603,0
2017-02-23,25.36,25.41,25.296,25.3,5950,0
2017-02-24,25.2733,25.47,25.2733,25.46,4039,0
2017-02-27,25.34,25.4799,25.3301,25.4,6509,0
2017-02-28,25.32,25.48,25.32,25.4,6329,0
2017-03-01,25.26,25.4285,25.26,25.41,9626,0
2017-03-02,25.26,25.48,25.26,25.31,11888,0
2017-03-03,25.3194,25.365,25.22,25.32,4905,0
2017-03-06,25.2314,25.3121,25.19,25.25,10117,0
2017-03-07,25.26,25.29,25.23,25.2871,3728,0
2017-03-08,25.23,25.2327,25.01,25.0397,9462,0
2017-03-09,25.08,25.2614,25,25.21,12167,0
2017-03-10,25.2,25.274,25,25.1148,5710,0
2017-03-13,25.11,25.27,25.11,25.27,10797,0
2017-03-14,25.1576,25.3699,25.1576,25.34,1971,0
2017-03-15,25.2645,25.5,25.2645,25.42,12915,0
2017-03-16,25.49,25.59,25.49,25.58,6150,0
2017-03-17,25.59,25.63,25.5252,25.63,11909,0
2017-03-20,25.5649,25.5717,25.51,25.56,7816,0
2017-03-21,25.56,25.6,25.3026,25.5,6023,0
2017-03-22,25.4731,25.7,25.3101,25.69,13345,0
2017-03-23,25.6,25.66,25.4412,25.5,6796,0
2017-03-24,25.49,25.6,25.41,25.41,3009,0
2017-03-27,25.4299,25.67,25.39,25.55,14272,0
2017-03-28,25.5,25.5038,25.42,25.4662,5931,0
2017-03-29,25.5,25.65,25.5,25.6344,8215,0
2017-03-30,25.46,25.62,25.46,25.5446,2692,0
2017-03-31,25.5,25.6999,25.5,25.6999,5639,0
2017-04-03,25.7,26.26,25.6935,26.1602,16187,0
2017-04-04,26.25,26.3211,26.0634,26.3211,5494,0
2017-04-05,26.21,26.4204,26.21,26.41,11509,0
2017-04-06,26.3596,26.45,26.34,26.44,8164,0
2017-04-07,26.4,26.4,26.21,26.26,7771,0
2017-04-10,26.397,26.4195,25.95,26.28,9987,0
2017-04-11,26,26,25.4701,25.8891,6768,0
2017-04-12,26.02,26.05,25.5171,25.78,7235,0
2017-04-13,25.8732,25.8732,25.6,25.6,9655,0
2017-04-17,25.6,25.9373,25.6,25.73,10454,0
2017-04-18,25.75,25.8499,25.61,25.83,10455,0
2017-04-19,25.8499,25.8499,25.72,25.72,3422,0
2017-04-20,25.59,25.85,25.59,25.65,11740,0
2017-04-21,25.665,26.28,25.665,26.26,8749,0
2017-04-24,25.98,26.11,25.82,25.89,7167,0
2017-04-25,26,26.17,25.9,25.98,10183,0
2017-04-26,26.15,26.15,25.87,25.94,5622,0
2017-04-27,25.88,25.88,25.5601,25.7499,17852,0
2017-04-28,25.62,25.89,25.59,25.72,11279,0
2017-05-01,25.88,26.2883,25.6535,26.2883,11605,0
2017-05-02,26.1392,26.25,25.97,26.25,4077,0
2017-05-03,26,26.3,25.822,26.3,13442,0
2017-05-04,26.33,26.33,25.73,25.8499,7666,0
2017-05-05,25.8677,25.9069,25.7901,25.87,6997,0
2017-05-08,25.9,26.12,25.82,26.12,17215,0
2017-05-09,25.99,26.08,25.8258,25.94,8257,0
2017-05-10,25.9,26.07,25.9,25.96,9762,0
2017-05-11,25.86,25.9624,25.77,25.81,10847,0
2017-05-12,25.75,25.9299,25.5992,25.9299,8646,0
2017-05-15,25.75,25.9164,25.74,25.75,6844,0
2017-05-16,25.774,25.79,25.62,25.66,11367,0
2017-05-17,25.65,25.6999,25.55,25.62,12286,0
2017-05-18,25.5918,25.6151,25.5352,25.58,8676,0
2017-05-19,25.53,25.6303,25.445,25.46,13998,0
2017-05-22,25.47,25.54,25.46,25.52,7941,0
2017-05-23,25.578,25.61,25.55,25.57,4127,0
2017-05-24,25.5165,25.559,25.46,25.46,4131,0
2017-05-25,25.55,25.6926,25.5292,25.63,8045,0
2017-05-26,25.53,25.77,25.53,25.72,7046,0
2017-05-30,25.79,25.9808,25.78,25.86,6462,0
2017-05-31,25.81,26,25.81,25.97,4331,0
2017-06-01,25.8688,26,25.8688,26,7858,0
2017-06-02,25.8,26.22,25.8,26.22,6652,0
2017-06-05,26.0201,26.2,26.0201,26.2,4783,0
2017-06-06,26.0492,26.2,25.96,26.16,7088,0
2017-06-07,25.9745,26.2,25.97,26.15,5326,0
2017-06-08,26.04,26.2,25.9668,26.06,9098,0
2017-06-09,25.97,26.146,25.97,26.1,2791,0
2017-06-12,26.01,26.1458,25.764,25.99,9834,0
2017-06-13,25.8588,26.1899,25.8588,26.16,3028,0
2017-06-14,26.0811,26.29,26.0591,26.0796,9773,0
2017-06-15,26.005,26.161,25.9738,26,2560,0
2017-06-16,26.18,26.18,25.92,26.0652,5807,0
2017-06-19,25.9301,26.1943,25.9301,26.11,6540,0
2017-06-20,26.18,26.2,26.0573,26.08,2016,0
2017-06-21,26.04,26.19,25.62,25.84,42187,0
2017-06-22,25.7845,25.88,25.77,25.84,3927,0
2017-06-23,25.88,25.8815,25.7601,25.78,5640,0
2017-06-26,25.86,25.93,25.77,25.8,18470,0
2017-06-27,25.75,25.86,25.7,25.75,15579,0
2017-06-28,25.68,25.8,25.68,25.79,2915,0
2017-06-29,25.78,25.86,25.7,25.83,5772,0
2017-06-30,25.73,25.879,25.73,25.879,1189,0
2017-07-03,25.75,25.84,25.65,25.84,4655,0
2017-07-05,25.84,25.945,25.72,25.945,5205,0
2017-07-06,25.97,25.97,25.7,25.8,15253,0
2017-07-07,25.9348,26.1,25.875,26.1,8280,0
2017-07-10,26.045,26.2,26,26.19,12501,0
2017-07-11,26.14,26.31,26.14,26.2,4901,0
2017-07-12,26.4,26.76,26.36,26.69,12047,0
2017-07-13,26.64,26.64,26.02,26.02,10493,0
2017-07-14,25.97,26.015,25.73,25.86,4486,0
2017-07-17,26.0294,26.23,26.0294,26.09,4020,0
2017-07-18,25.95,26.33,25.95,26.31,4952,0
2017-07-19,26.06,26.35,26.06,26.2365,8542,0
2017-07-20,26.18,26.18,25.97,25.98,10925,0
2017-07-21,26,26.39,25.77,26.39,20581,0
2017-07-24,25.9601,26.38,25.9601,26.38,9036,0
2017-07-25,26.17,26.2694,26.01,26.1,12251,0
2017-07-26,26.1259,26.15,26.05,26.09,2924,0
2017-07-27,26.36,26.36,25.8758,25.93,5504,0
2017-07-28,25.8401,26.2,25.8401,26.089,3091,0
2017-07-31,25.92,26.0687,25.89,25.9,6288,0
2017-08-01,26.04,26.14,25.99,26.07,8885,0
2017-08-02,26.01,26.139,26.01,26.07,6385,0
2017-08-03,25.9689,26.092,25.9689,26.092,1675,0
2017-08-04,26.0383,26.14,26.03,26.1175,3641,0
2017-08-07,26.1048,26.15,26.1042,26.15,1097,0
2017-08-08,26.1189,26.1479,26.1105,26.1222,3189,0
2017-08-09,26,26.14,26,26.04,4536,0
2017-08-10,25.9,25.9562,25.77,25.78,3983,0
2017-08-11,25.7918,25.7918,25.6,25.6,9361,0
2017-08-14,25.6,25.8895,25.6,25.8895,4360,0
2017-08-15,25.87,25.9813,25.74,25.85,7282,0
2017-08-16,25.94,25.94,25.4535,25.67,12810,0
2017-08-17,25.63,25.652,25.51,25.62,9148,0
2017-08-18,25.6,25.69,25.6,25.68,4683,0
2017-08-21,25.6,25.779,25.6,25.66,9327,0
2017-08-22,25.62,25.6795,25.55,25.55,8751,0
2017-08-23,25.5548,25.6937,25.5548,25.6937,6642,0
2017-08-24,25.7,25.7,25.594,25.689,4064,0
2017-08-25,25.603,25.699,25.54,25.58,6348,0
2017-08-28,25.48,25.65,25.47,25.5756,11437,0
2017-08-29,25.47,25.709,25.47,25.62,13303,0
2017-08-30,25.59,25.6699,25.45,25.66,23404,0
2017-08-31,25.61,25.76,25.5701,25.76,9228,0
2017-09-01,25.6201,25.8899,25.6201,25.87,7072,0
2017-09-05,25.87,25.87,25.75,25.85,4748,0
2017-09-06,25.69,25.89,25.69,25.89,4889,0
2017-09-07,25.76,25.84,25.72,25.84,12908,0
2017-09-08,25.75,25.84,25.56,25.56,7269,0
2017-09-11,25.5937,25.81,25.5937,25.7749,5690,0
2017-09-12,25.73,25.78,25.73,25.77,3912,0
2017-09-13,25.65,25.8,25.65,25.69,15322,0
2017-09-14,25.77,25.77,25.6614,25.7155,3122,0
2017-09-15,25.7,25.9787,25.68,25.9787,4399,0
2017-09-18,26,26.2922,25.9385,26.11,3432,0
2017-09-19,26.242,26.253,25.75,25.75,8021,0
2017-09-20,25.86,25.86,25.71,25.71,8637,0
2017-09-21,25.72,25.777,25.72,25.763,3132,0
2017-09-22,25.74,25.7841,25.7,25.71,5862,0
2017-09-25,25.72,25.7679,25.7,25.7,12247,0
2017-09-26,25.7,25.73,25.61,25.7,23569,0
2017-09-27,25.72,25.729,25.63,25.67,29981,0
2017-09-28,25.63,25.7276,25.57,25.63,21701,0
2017-09-29,25.62,25.6799,25.55,25.57,16067,0
2017-10-02,25.61,25.67,25.56,25.65,28525,0
2017-10-03,25.61,25.669,25.6,25.62,18902,0
2017-10-04,25.64,25.64,25.4,25.46,42590,0
2017-10-05,25.41,25.52,25.41,25.44,37740,0
2017-10-06,25.43,25.4376,25.28,25.31,55518,0
2017-10-09,25.31,25.4,25.31,25.32,66269,0
2017-10-10,25.34,25.4,25.25,25.27,82162,0
2017-10-11,25.292,25.34,25.27,25.28,45608,0
2017-10-12,25.3,25.37,25.28,25.28,94407,0
2017-10-13,25.31,25.35,25.29,25.32,72084,0
2017-10-16,24.94,24.98,24.91,24.96,96975,0
2017-10-17,24.99,25.13,24.9855,25.1,136468,0
2017-10-18,25.1,25.13,25.06,25.08,80908,0
2017-10-19,25.11,25.12,25.08,25.1,70847,0
2017-10-20,25.11,25.94,25.0901,25.9,886800,0
2017-10-23,25.76,25.92,25.68,25.9,187495,0
2017-10-24,25.83,26.23,25.83,26.12,111795,0
2017-10-25,26.04,26.35,26.04,26.28,74231,0
2017-10-26,26.25,26.39,26.11,26.27,52933,0
2017-10-27,26.24,26.52,26.24,26.38,52815,0
2017-10-30,26.48,26.48,26.33,26.38,8648,0
2017-10-31,26.34,26.46,26.23,26.33,50329,0
2017-11-01,26.36,26.47,26.26,26.4,9157,0
2017-11-02,26.4035,26.48,26.3111,26.39,14795,0
2017-11-03,26.4,26.47,26.32,26.44,23551,0
2017-11-06,26.4264,26.4264,26.35,26.39,26592,0
2017-11-07,26.38,26.45,26.23,26.41,11424,0
2017-11-08,26.34,26.68,26.34,26.595,24861,0
2017-11-09,26.4352,26.61,26.42,26.59,30091,0
2017-11-10,26.55,26.6217,26.488,26.61,9912,0
