2016-01-04,32.53,32.955,30.66,31.8,527134,0
2016-01-05,32.06,32.16,31.13,31.43,254522,0
2016-01-06,30.99,31.56,30.36,31.5,504387,0
2016-01-07,31.1,31.105,29.77,30.1,633611,0
2016-01-08,30.2,30.61,29.2,30.26,615461,0
2016-01-11,30.37,30.6099,25.715,27.3,767325,0
2016-01-12,27.33,29.36,26.7701,28.75,760810,0
2016-01-13,29,29.33,25.929,26.05,694884,0
2016-01-14,26,29.32,25.62,28.97,1068229,0
2016-01-15,28.04,29.4,27.26,29.13,897443,0
2016-01-19,29.96,30.48,27.62,28.05,1167500,0
2016-01-20,27.62,29.92,26.1,29.39,627284,0
2016-01-21,29.53,31.44,28.4,29,478264,0
2016-01-22,29.56,31,28.14,29.37,492491,0
2016-01-25,29.39,30.73,28.87,29.03,407526,0
2016-01-26,29.08,29.24,27.51,27.76,369390,0
2016-01-27,27.91,28.2,26.02,26.39,349133,0
2016-01-28,26.62,26.8,24.56,25.47,554883,0
2016-01-29,25.51,25.75,22.6,24.18,1055638,0
2016-02-01,24.3,25.7799,24.25,25.39,927671,0
2016-02-02,25,25.69,24.45,25.12,670856,0
2016-02-03,25.2,25.46,22.65,24.11,661315,0
2016-02-04,23.95,25.61,23.57,24.09,452386,0
2016-02-05,24,25.27,21.407,22.14,696513,0
2016-02-08,21.8,21.805,19.8,20,715726,0
2016-02-09,19.7,21.37,19.05,20.47,523869,0
2016-02-10,20.7,21.35,20.31,20.45,360741,0
2016-02-11,19.94,20.75,19.81,20.32,731989,0
2016-02-12,20.5,21.48,19.6,21.33,995482,0
2016-02-16,21.44,22.585,21.01,22.46,1137250,0
2016-02-17,22.56,23.75,21.3,21.67,887020,0
2016-02-18,21.75,21.91,21.06,21.23,388784,0
2016-02-19,21.27,21.82,20.52,21.36,398149,0
2016-02-22,21.61,22.24,21.18,21.23,382541,0
2016-02-23,20.82,21.06,19.14,19.29,676662,0
2016-02-24,18.72,19.92,17.5,19.17,828099,0
2016-02-25,19.11,20.31,18.45,18.79,349916,0
2016-02-26,19.14,19.82,18.74,19.49,422961,0
2016-02-29,19.73,20.56,18.84,18.99,591479,0
2016-03-01,19.19,20.54,18.72,20.53,479408,0
2016-03-02,20.31,21.36,19.55,21.31,582546,0
2016-03-03,21.39,21.68,19.979,20.17,418038,0
2016-03-04,19.94,20.74,19.68,19.93,406058,0
2016-03-07,19.7,21.5,19.5677,20.99,365362,0
2016-03-08,21.01,21.33,19.28,19.38,297258,0
2016-03-09,19.45,19.7,18.31,18.82,404222,0
2016-03-10,19.06,19.6,18.34,19.03,629922,0
2016-03-11,19.22,20.31,18.94,20.21,548234,0
2016-03-14,20.24,20.44,19.56,19.84,493134,0
2016-03-15,19.64,20.08,18.24,18.41,485134,0
2016-03-16,18.24,18.76,17.18,17.65,749767,0
2016-03-17,17.51,17.76,15.8201,17.08,866599,0
2016-03-18,17.23,19.11,16.74,18.69,922072,0
2016-03-21,18.48,18.55,17.4,17.81,589940,0
2016-03-22,17.8,18.52,17.76,18.44,623454,0
2016-03-23,18.39,18.9,17.42,17.68,564833,0
2016-03-24,17.55,17.98,16.71,17.18,534826,0
2016-03-28,22.1,27.79,21.75,25.7,14220016,0
2016-03-29,26.1,26.19,23.76,24.51,2986782,0
2016-03-30,24.5,25.1,22.76,23.36,1473301,0
2016-03-31,23.5,24.83,23.09,24.49,1000895,0
2016-04-01,24.36,26.34,23.7,25.78,1096630,0
2016-04-04,25.88,26.2975,24.64,24.71,521009,0
2016-04-05,24.46,25.1,23.83,24.21,690841,0
2016-04-06,24.35,25.98,24.24,25.92,641932,0
2016-04-07,25.6,27.27,25.41,26.95,5290445,0
2016-04-08,27.32,27.49,24.32,25.11,1196448,0
2016-04-11,25.3,25.77,24.02,24.78,728487,0
2016-04-12,24.72,24.96,23.6075,24.51,816732,0
2016-04-13,24.72,26.23,24.52,26,650119,0
2016-04-14,26.07,28.1385,25.91,27.87,1064629,0
2016-04-15,27.76,28.355,27.01,27.89,999416,0
2016-04-18,27.83,28.99,27.75,28,666881,0
2016-04-19,27.93,28.29,26.92,27.5,790697,0
2016-04-20,27.94,28.9,27.36,27.73,699491,0
2016-04-21,28,29.09,27.79,28.19,844304,0
2016-04-22,28.52,29.085,27.18,28.87,902240,0
2016-04-25,28.62,28.88,27.57,27.63,505949,0
2016-04-26,27.81,28.25,26.25,27.86,602889,0
2016-04-27,27.7,28.76,27.41,28.13,682845,0
2016-04-28,27.78,28.88,27.3,27.58,576360,0
2016-04-29,27.06,28.15,25.51,26.55,739593,0
2016-05-02,26.48,27.92,25.77,27.48,806504,0
2016-05-03,27.19,27.75,26.28,26.54,472398,0
2016-05-04,26.29,26.55,25.241,25.84,562664,0
2016-05-05,25.8,26.38,24.94,25.21,356873,0
2016-05-06,24.88,25.67,24.51,25.1,383594,0
2016-05-09,25.22,26.79,25.13,26.22,495281,0
2016-05-10,26.39,26.65,25.41,26.12,363270,0
2016-05-11,26.02,26.73,25.54,25.61,286181,0
2016-05-12,25.85,26.22,23.27,23.99,567945,0
2016-05-13,23.71,24.54,23.56,24.01,332242,0
2016-05-16,24.25,25.66,23.99,25.48,722447,0
2016-05-17,25.43,26.01,25.13,25.26,437897,0
2016-05-18,25.23,27.77,25.11,26.81,648776,0
2016-05-19,26.63,27.2,25.5,26.61,537085,0
2016-05-20,26.37,28.045,26.28,27.96,620223,0
2016-05-23,27.84,28.08,27.35,27.57,387992,0
2016-05-24,27.83,28.44,27.28,28.36,365248,0
2016-05-25,28.62,29.06,27.53,27.75,357895,0
2016-05-26,27.84,29.93,27.12,29.26,917367,0
2016-05-27,29.18,30.34,28.47,29.04,528993,0
2016-05-31,28.99,30.75,28.65,30.07,980356,0
2016-06-01,29.99,30.51,28.94,30.11,687212,0
2016-06-02,29.91,32.44,29.91,31.95,830214,0
2016-06-03,31.83,32.42,29.3801,29.51,844217,0
2016-06-06,29.55,31.79,28.69,31.71,529333,0
2016-06-07,31.94,32.08,30.96,31.16,520134,0
2016-06-08,30.81,30.84,29,30.62,601878,0
2016-06-09,30.23,31,29.3,29.42,361591,0
2016-06-10,29.67,30.5,28.58,29.88,735706,0
2016-06-13,29.4,30.02,28.33,29,524126,0
2016-06-14,29.1,29.6499,27.97,28.78,289765,0
2016-06-15,29.15,29.295,28.11,28.34,491363,0
2016-06-16,28.02,28.36,27.55,28.02,366596,0
2016-06-17,28.07,28.115,26.74,26.88,855906,0
2016-06-20,27.13,28.18,26.89,26.99,498324,0
2016-06-21,26.95,27.04,24.8,25.16,796539,0
2016-06-22,25.12,26.5,24.64,25.3,851759,0
2016-06-23,25.56,25.92,25.04,25.825,519211,0
2016-06-24,24.68,25.13,24.3,24.51,938388,0
2016-06-27,24.09,24.38,22.38,22.92,800361,0
2016-06-28,23.22,24.27,23.22,24.1,589390,0
2016-06-29,24.51,24.91,23.4,24.34,457640,0
2016-06-30,24.37,25.38,24.01,24.97,430045,0
2016-07-01,24.91,26.19,24.76,25.95,392345,0
2016-07-05,25.7,26.42,24.39,25.08,323090,0
2016-07-06,25.12,26.52,24.74,26.24,673580,0
2016-07-07,26.19,27.24,25.84,26.58,316579,0
2016-07-08,26.6,27.07,26.07,27,329317,0
2016-07-11,27.11,27.37,26.68,26.88,264373,0
2016-07-12,26.89,27.42,26.61,26.67,402472,0
2016-07-13,26.97,26.97,25.03,25.09,556768,0
2016-07-14,25.46,25.79,25,25.56,263754,0
2016-07-15,25.78,26.99,25.56,25.87,797329,0
2016-07-18,25.87,26.29,25.42,25.9,260476,0
2016-07-19,25.94,26.23,25.1401,25.56,196493,0
2016-07-20,25.6,26.68,25.53,26.61,347413,0
2016-07-21,26.97,27.82,26.4,27.21,726413,0
2016-07-22,27.42,27.87,26.8,27.06,380978,0
2016-07-25,27.92,28.82,26.915,28.72,683223,0
2016-07-26,28.41,30.01,28,29.47,649044,0
2016-07-27,29.9,32.6,29.34,30.49,1094194,0
2016-07-28,30.35,30.9,29.73,30.53,495321,0
2016-07-29,30.5,32.38,30.05,32.1,618907,0
2016-08-01,32,32.35,30.165,30.79,1096444,0
2016-08-02,30.53,30.88,29.52,29.89,492334,0
2016-08-03,29.83,31.44,29.65,31.35,245427,0
2016-08-04,31.64,32.411,30.96,31.04,435028,0
2016-08-05,31.18,31.81,30.88,31.45,220255,0
2016-08-08,31.46,31.62,30.27,30.42,209410,0
2016-08-09,30.54,30.82,29.751,30.7,177797,0
2016-08-10,30.55,30.9,29.25,29.68,321796,0
2016-08-11,29.82,30.75,29.16,30.48,337307,0
2016-08-12,30.27,31.25,30.001,31.13,218473,0
2016-08-15,31.36,31.5165,30.685,31.24,286606,0
2016-08-16,31.2,31.34,30.05,30.14,280660,0
2016-08-17,30.26,30.57,29.83,30.29,239653,0
2016-08-18,30.19,30.92,30.13,30.59,200660,0
2016-08-19,30.39,30.8,30.2025,30.4,158515,0
2016-08-22,30.69,33.87,30.36,33.31,1640415,0
2016-08-23,33.69,34.1,32.64,33.31,589309,0
2016-08-24,33.17,36.48,30.7,31.04,1287941,0
2016-08-25,31.18,32.94,30.79,31.81,687273,0
2016-08-26,31.97,33.05,31.515,32.4,547290,0
2016-08-29,32.45,33.24,31.56,32.88,390512,0
2016-08-30,32.72,33.46,32.72,33.15,262223,0
2016-08-31,33.18,33.21,32.18,32.97,490575,0
2016-09-01,32.96,33.23,32.045,32.53,339754,0
2016-09-02,32.73,32.9417,31.5,31.52,217136,0
2016-09-06,31.62,31.72,30.77,31.645,367958,0
2016-09-07,31.65,32.42,31,31.85,250116,0
2016-09-08,31.66,31.95,30.87,31.88,224815,0
2016-09-09,31.2,31.66,29.6,29.61,330786,0
2016-09-12,29.31,31.28,29.14,31.25,345381,0
2016-09-13,31.5,31.74,29.6,31.12,560277,0
2016-09-14,31.03,31.58,30.58,31.09,238812,0
2016-09-15,31.16,32.65,30.98,32.53,330514,0
2016-09-16,32.46,33.61,31.96,33.1,704401,0
2016-09-19,33.25,34.36,32.48,33.83,558608,0
2016-09-20,34.36,35.055,33.81,34.14,425798,0
2016-09-21,34.2,35.47,33.64,35.12,569107,0
2016-09-22,35.6,35.6199,33.66,34.3,423151,0
2016-09-23,33.93,34.48,33.711,33.95,330594,0
2016-09-26,33.7,33.91,32.68,32.76,215905,0
2016-09-27,32.82,34.4,32.3,34.31,440467,0
2016-09-28,34.54,34.64,33.23,33.35,664887,0
2016-09-29,33.48,33.795,31.03,31.29,782643,0
2016-09-30,31.64,33.0685,31.01,32.77,577789,0
2016-10-03,32.26,32.73,30.3,31.38,635606,0
2016-10-04,31.4,31.71,30.65,31.08,239496,0
2016-10-05,31.14,32.07,30.83,31.47,229693,0
2016-10-06,31.12,31.12,30.2,30.2,189921,0
2016-10-07,30.44,31.065,29.8,30.33,295416,0
2016-10-10,30.62,31.68,30.08,31.49,362379,0
2016-10-11,31.16,31.45,30.2,30.28,338438,0
2016-10-12,30.18,30.7,28.37,28.45,665403,0
2016-10-13,28.16,28.8399,27.79,28.18,558189,0
2016-10-14,28.47,28.47,27.37,27.43,297735,0
2016-10-17,27.45,27.95,27.065,27.65,214239,0
2016-10-18,28.1,28.9,27.875,28.65,245162,0
2016-10-19,28.6,28.9,27.95,28.2,354657,0
2016-10-20,28.25,30.35,28.1,30.2,418868,0
2016-10-21,29.8,31.25,29.55,30.3,371077,0
2016-10-24,30.65,30.9,29.55,29.55,232252,0
2016-10-25,29.5,29.9,28.15,28.15,396596,0
2016-10-26,28.2,28.75,27.45,27.45,378888,0
2016-10-27,27.85,28.3,26.75,26.8,556800,0
2016-10-28,27.5,27.5,23.4,24.8,1862259,0
2016-10-31,25.1,25.8,24.15,24.25,781397,0
2016-11-01,24.9,25.1,23.7,24.5,601247,0
2016-11-02,24.45,24.7,23.6,23.8,603779,0
2016-11-03,23.9,24.1,22.3,22.4,649918,0
2016-11-04,22.45,24.35,22.4,24.15,733680,0
2016-11-07,24.8,26.9,24.2,26.1,883191,0
2016-11-08,25.85,26.8,25.05,26,405478,0
2016-11-09,28.8,30.6,27.65,29.5,1774464,0
2016-11-10,29.9,31.35,29.4,30.35,950165,0
2016-11-11,31.5,32.35,30.5,32.15,639286,0
2016-11-14,32.5,34.3,31.8,34.15,671151,0
2016-11-15,33.65,34.3,31.8,32.95,756749,0
2016-11-16,32.75,32.8,29.5,29.575,768185,0
2016-11-17,29.85,29.95,27.75,29.3,973718,0
2016-11-18,29.3,29.3,27.3,28.75,987626,0
2016-11-21,28.6,28.6,25.55,26.45,1094454,0
2016-11-22,26.6,27.4,24.825,25.3,857698,0
2016-11-23,24.4,25.875,23.85,25.6,804906,0
2016-11-25,25.7,26.8668,25.2,26.8,272776,0
2016-11-28,26.55,26.7,23.6,23.65,1388461,0
2016-11-29,23.85,24.6,23.4005,24.25,889236,0
2016-11-30,24.3,24.55,23.25,23.55,619144,0
2016-12-01,23.8,24.15,22.1,22.65,803219,0
2016-12-02,22.55,23.25,22.3,22.85,428089,0
2016-12-05,23.3,24.3,22.95,23.4,710770,0
2016-12-06,23.5,23.75,22.5,23.6,727406,0
2016-12-07,22.9,23.4,21.4,21.6,706292,0
2016-12-08,21.6,21.65,20.5,21.45,568048,0
2016-12-09,21.65,23,21.5,22.35,723017,0
2016-12-12,22.05,22.5,21.3,21.7,571799,0
2016-12-13,21.95,22.25,21.15,22.2,681282,0
2016-12-14,22.2,22.45,21.4,21.6,487921,0
2016-12-15,21.65,21.95,21.2,21.8,611276,0
2016-12-16,21.85,23,21.85,22.95,796281,0
2016-12-19,23.05,24.05,22.85,23.4,850145,0
2016-12-20,23.55,23.7144,22.1,22.4,537493,0
2016-12-21,22.35,22.45,21.1,21.35,465356,0
2016-12-22,21.35,21.7,20.75,21.05,414240,0
2016-12-23,21,22.7,20.95,22.5,530621,0
2016-12-27,22.65,23.2,21.45,21.5,507508,0
2016-12-28,21.7,21.895,20.6,20.9,417336,0
2016-12-29,21,21.3,20.4,20.7,289343,0
2016-12-30,20.65,20.95,20.3,20.8,440193,0
2017-01-03,21.05,21.7,20.8,21.25,709167,0
2017-01-04,21.4,22.5,21,22.45,855928,0
2017-01-05,22.4,23.05,21.85,22.85,316221,0
2017-01-06,23.05,23.25,22.3,22.5,532091,0
2017-01-09,23,23,22,22.3,653425,0
2017-01-10,22.4,22.45,21.1,22.35,420229,0
2017-01-11,22.35,22.4,20.1,20.55,906864,0
2017-01-12,20.25,21.4,20,20.85,881543,0
2017-01-13,20.9,22.55,20.85,21.35,1335893,0
2017-01-17,21.05,21.9,20.2,21.55,874167,0
2017-01-18,21.8,23.8,21.8,22.6,873525,0
2017-01-19,22.45,22.45,21.2,21.55,532415,0
2017-01-20,21.65,21.65,20.5,21,534664,0
2017-01-23,21,21.15,20.05,20.15,412597,0
2017-01-24,20.15,20.65,19.45,20.5,623071,0
2017-01-25,20.7,20.85,19.85,20.15,393403,0
2017-01-26,20.25,20.65,19.65,20,575917,0
2017-01-27,20.15,20.55,19.675,20.4,413305,0
2017-01-30,20.3,20.575,19.3,19.5,534031,0
2017-01-31,19.4,20.85,18.55,20.55,710931,0
2017-02-01,20.65,21.5,20.5,20.9,715078,0
2017-02-02,20.85,20.85,19.1,20.35,1063660,0
2017-02-03,20.55,21.5,20.15,21.3,825034,0
2017-02-06,21.25,23.25,21,23.15,1210991,0
2017-02-07,23.2,23.55,22.7,23.2,860583,0
2017-02-08,23,23.775,22.55,23.7,639535,0
2017-02-09,23.7,25.25,23.3,25,1177072,0
2017-02-10,24.95,25.45,24.3,24.8,700182,0
2017-02-13,24.95,25.2,23.85,24,468717,0
2017-02-14,23.8,24.1,23.1,24.05,454597,0
2017-02-15,23.95,24.5,23.5,24.4,456844,0
2017-02-16,24.45,24.5,23.2,23.4,579505,0
2017-02-17,23.35,23.495,22.25,23.3,586718,0
2017-02-21,23.55,23.75,22.4,22.45,554215,0
2017-02-22,22.55,22.8,21.65,21.75,503737,0
2017-02-23,21.8,21.9,20.85,21.9,559177,0
2017-02-24,20,21.8,19.05,21.8,1036736,0
2017-02-27,21.9,23.575,21.9,23.5,707702,0
2017-02-28,23.45,23.575,22.8,22.85,565081,0
2017-03-01,23.15,24.075,22.8,23.9,817888,0
2017-03-02,23.8,24.65,23.35,23.4,1079431,0
2017-03-03,23.3,23.95,23.05,23.6,348406,0
2017-03-06,23.45,23.45,22.15,22.7,404796,0
2017-03-07,22.25,22.7,21.7,21.7,385000,0
2017-03-08,21.7,22.95,21.5,22.4,377222,0
2017-03-09,22.45,24.05,22.45,23.6,649473,0
2017-03-10,23.95,24.25,23,23.95,457127,0
2017-03-13,23.85,24.1,23.35,23.65,339320,0
2017-03-14,23.35,23.35,22.55,22.65,389562,0
2017-03-15,22.75,23.8,22.5,23.6,333339,0
2017-03-16,23.6,23.65,22.7,23.4,332943,0
2017-03-17,22.8,23.35,22.25,22.55,552807,0
2017-03-20,22.55,22.7737,21.8,22.05,405592,0
2017-03-21,22.2,22.3,20.65,20.8,767350,0
2017-03-22,20.9,21.05,20,20.85,603735,0
2017-03-23,20.8,21.3,20.35,20.7,418170,0
2017-03-24,20.75,21.6,20.7,21.35,361636,0
2017-03-27,21.15,21.5,20.8,21.4,455044,0
2017-03-28,21.4,21.65,20.6,21,312878,0
2017-03-29,21.1,21.635,20.95,21.2,461335,0
2017-03-30,21.2,21.4,20.7,21.05,362254,0
2017-03-31,21,21.45,20.75,20.8,369657,0
2017-04-03,20.9,21.35,20.15,20.2,600041,0
2017-04-04,20.1,20.512,19.4,19.7,374363,0
2017-04-05,19.75,20.5,19.2,19.5,654408,0
2017-04-06,19.6,20.15,19.25,20.05,575127,0
2017-04-07,19.9,20.25,19.6,19.9,457744,0
2017-04-10,20,20.2135,19.5,19.55,426488,0
2017-04-11,19.5,19.855,19.3,19.75,408766,0
2017-04-12,19.8,20.7,19.6,20.3,427736,0
2017-04-13,20.3,21.9,20.2,21.7,684280,0
2017-04-17,21.7,21.95,20.9,21.1,320816,0
2017-04-18,20.95,21.2,20.425,20.8,279942,0
2017-04-19,20.95,21.45,20.45,20.45,500118,0
2017-04-20,20.7,21.2,20.5,20.75,484709,0
2017-04-21,20.75,20.85,20.05,20.5,510197,0
2017-04-24,20.85,21.6,20.3,20.85,909278,0
2017-04-25,21.1,22.1,20.9,21.9,672826,0
2017-04-26,21.95,22.5,21.7288,22.15,589365,0
2017-04-27,22.2,22.45,21.2,21.35,654583,0
2017-04-28,20.25,21.275,19.2,20.05,1461927,0
2017-05-01,20,21.625,19.9,21.6,810263,0
2017-05-02,21.7,22.25,21.05,21.7,808683,0
2017-05-03,21.65,22.025,21.25,21.8,465473,0
2017-05-04,21.85,22.2,21.45,21.8,606737,0
2017-05-05,20.8,21,19.8,20.75,1056293,0
2017-05-08,20.6,20.65,18.65,18.75,859332,0
2017-05-09,18.8,18.82,17.5,18.05,1362041,0
2017-05-10,17.95,18.65,17.625,18.5,597700,0
2017-05-11,18.4,19,18.25,18.9,723377,0
2017-05-12,18.85,19.05,18.2,18.2,832544,0
2017-05-15,18.25,18.55,17.6,17.8,469154,0
2017-05-16,18.35,18.75,17.85,18.7,707108,0
2017-05-17,18.45,18.45,17.95,18.05,830172,0
2017-05-18,18.1,18.55,17.6,18.4,658163,0
2017-05-19,18.4,18.6,17.65,17.65,559912,0
2017-05-22,17.7,17.85,17.35,17.45,430224,0
2017-05-23,17.45,17.729,16.825,17.4,517180,0
2017-05-24,17.35,17.55,16.525,16.9,713299,0
2017-05-25,17.1,17.15,16.7,17.05,741789,0
2017-05-26,17,17.2,16,16.15,582873,0
2017-05-30,16.1,16.3,15.75,16.05,520665,0
2017-05-31,16.15,16.35,15.1,15.4,732416,0
2017-06-01,15.55,17.35,15.15,17,1775157,0
2017-06-02,17,18,16.375,17.5,1380558,0
2017-06-05,17.55,17.9224,16.5499,16.65,949559,0
2017-06-06,16.6,17,16.25,16.7,411379,0
2017-06-07,16.75,16.85,16.05,16.35,353440,0
2017-06-08,16.3,16.75,15.65,16.6,456682,0
2017-06-09,16.75,17.25,16.4,16.8,859154,0
2017-06-12,16.85,17.25,16.35,16.4,654935,0
2017-06-13,16.4,17.2,16.3,17.15,829008,0
2017-06-14,17.25,17.5,16.65,17.05,491564,0
2017-06-15,16.75,17.75,16.6988,17.65,694996,0
2017-06-16,17.35,18,17.2,17.5,940767,0
2017-06-19,17.5,18.95,17.5,18.8,984923,0
2017-06-20,18.85,20,18.7,19.1,1543254,0
2017-06-21,19.3,19.75,18.35,19,1123885,0
2017-06-22,19.15,19.8,18.85,19.4,978719,0
2017-06-23,19.3,19.75,18.775,19.7,1963866,0
2017-06-26,19.8,19.9693,18.25,18.7,983188,0
2017-06-27,14.5,15.9,13.45,13.475,13347410,0
2017-06-28,13.7,14,12.1,12.15,6365871,0
2017-06-29,12.15,12.25,11.15,12,4960339,0
2017-06-30,12,12.1,11.35,11.45,2407186,0
2017-07-03,11.45,11.8,11.2,11.45,925092,0
2017-07-05,11.6,12.4,11.3,11.9,2108278,0
2017-07-06,11.7,12,11.5,11.95,1816738,0
2017-07-07,11.95,12.125,11.65,11.85,926486,0
2017-07-10,11.85,12,11.5,11.8,604238,0
2017-07-11,11.7,12.3,11.65,12.2,1004913,0
2017-07-12,10.85,11,10.05,10.125,5155520,0
2017-07-13,10.55,12.2,10.5,11.95,16055349,0
2017-07-14,12.15,12.8,11.2,11.65,3939020,0
2017-07-17,11.6,12.15,11.55,11.85,1506152,0
2017-07-18,11.75,12.05,11.15,11.55,1653357,0
2017-07-19,11.85,12.15,11.65,12,2955856,0
2017-07-20,12,12.025,11.65,11.85,963837,0
2017-07-21,11.95,12,11.5,11.5,1585282,0
2017-07-24,11.5,11.9,11.2,11.9,1212658,0
2017-07-25,11.85,11.95,11.2,11.45,1943384,0
2017-07-26,11.5,11.5,11.15,11.2,1168667,0
2017-07-27,11.3,11.3,10.5,10.65,1199095,0
2017-07-28,10.55,11.25,10.55,10.9,940401,0
2017-07-31,10.95,11.05,10.65,10.75,709032,0
2017-08-01,10.75,10.75,10.3,10.5,1452725,0
2017-08-02,10.5,10.6,10.25,10.4,761481,0
2017-08-03,10.35,10.55,9.9,9.9,1598588,0
2017-08-04,10,10,9.4,9.45,2276151,0
2017-08-07,9.45,9.7,9.3,9.45,822365,0
2017-08-08,9.4,9.6,9.15,9.2,1107347,0
2017-08-09,9.75,10.15,9.499,9.65,1388777,0
2017-08-10,9.6,9.6712,8.8,8.85,2194909,0
2017-08-11,9,9.5,8.85,9.3,1416650,0
2017-08-14,9.4,9.8349,9.05,9.25,1071902,0
2017-08-15,9.25,9.75,9.1,9.7,844155,0
2017-08-16,9.75,9.8,9.225,9.25,739716,0
2017-08-17,9.3,9.4,8.95,8.95,714438,0
2017-08-18,8.9,9,8.75,8.8,918492,0
2017-08-21,8.75,8.925,8.6,8.75,1266989,0
2017-08-22,8.8,9.275,8.75,9.15,783604,0
2017-08-23,9.1,9.55,8.9,9.5,887539,0
2017-08-24,9.45,9.85,9.35,9.75,955812,0
2017-08-25,9.8,9.8,9.3,9.35,738875,0
2017-08-28,9.55,9.7,9.3,9.7,770244,0
2017-08-29,9.45,9.8,9.314,9.65,555132,0
2017-08-30,9.7,9.8,9.45,9.55,645925,0
2017-08-31,9.55,9.9264,9.5,9.8,945057,0
2017-09-01,9.8,9.95,9.55,9.7,741031,0
2017-09-05,9.6,9.85,9.45,9.5,745259,0
2017-09-06,9.6,9.625,9.2,9.3,950051,0
2017-09-07,10,10.05,9.5,9.9,1830284,0
2017-09-08,9.85,10.65,9.75,10.1,1834806,0
2017-09-11,10.25,10.45,9.5,9.9,1659280,0
2017-09-12,9.8,9.95,9.6,9.9,1110251,0
2017-09-13,9.9,10.45,9.9,10.1,1239829,0
2017-09-14,10.15,10.2999,9.55,9.95,1255971,0
2017-09-15,10.2,10.3,10,10.2,6546066,0
2017-09-18,10.2,10.6,10.2,10.5,1152623,0
2017-09-19,10.6,10.6,10.15,10.35,1009241,0
2017-09-20,10.3,10.6,10.15,10.5,855773,0
2017-09-21,10.45,10.8,10.35,10.45,1024006,0
2017-09-22,10.35,10.95,10.34,10.85,935914,0
2017-09-25,10.8,11.3,10.8,11.15,1441187,0
2017-09-26,11.75,11.75,10.95,11.15,2555328,0
2017-09-27,11.15,11.7,11.05,11.35,1505306,0
2017-09-28,11.4,11.75,11.3,11.45,1103407,0
2017-09-29,11.4,12.4,11.35,12.25,1756242,0
2017-10-02,12.3,12.45,12,12.3,2367323,0
2017-10-03,12.3,12.75,12.2,12.45,1484015,0
2017-10-04,12.35,12.75,12.25,12.45,1258537,0
2017-10-05,12.45,13.25,12.35,13.025,2508730,0
2017-10-06,13,13.2,12.425,12.75,1741365,0
2017-10-09,12.7,12.9,12.45,12.45,917730,0
2017-10-10,12.4,12.7,12.2,12.275,888946,0
2017-10-11,12.15,12.55,12.1,12.35,1101789,0
2017-10-12,12.4,12.65,12.25,12.45,1072222,0
2017-10-13,12.5,12.75,12.3,12.55,1106452,0
2017-10-16,12.45,12.7,12.1,12.3,816477,0
2017-10-17,12.25,12.4,11.85,12.1,743597,0
2017-10-18,12.15,12.25,11.4,11.65,1134661,0
2017-10-19,11.55,11.65,10.9,11.5,1233252,0
2017-10-20,11.6,11.75,11.3,11.5,910167,0
2017-10-23,11.55,11.55,11.1,11.1,782415,0
2017-10-24,11.1,11.3,10.625,10.75,1311675,0
2017-10-25,10.75,10.85,10.35,10.5,904670,0
2017-10-26,10.4,10.95,10.25,10.35,1098087,0
2017-10-27,10.85,11.4,10.7501,11.2,1263486,0
2017-10-30,11.4,11.6,10.925,11.2,768978,0
2017-10-31,11.25,11.55,11.125,11.25,941916,0
2017-11-01,11.4,11.75,10.65,10.65,878934,0
2017-11-02,10.7,10.85,10.45,10.6,760549,0
2017-11-03,10.6,11,10.55,10.95,841830,0
2017-11-06,11,11.15,10.7,11,893972,0
2017-11-07,10.95,11.1,10.65,10.7,740579,0
2017-11-08,11.05,12.3,10.5,11.15,1552807,0
2017-11-09,11.05,11.2,10.8,11.2,722145,0
2017-11-10,11.15,11.25,10.75,11.15,734153,0
