2016-01-04,121.96,122.96,120.88,122.87,1388070,0
2016-01-05,122.21,122.95,119.75,120.7,1425292,0
2016-01-06,118.77,118.99,116.84,117.77,1566458,0
2016-01-07,115.34,116.72,113.36,113.79,4147157,0
2016-01-08,114.44,114.98,113.05,113.21,2709442,0
2016-01-11,115.2,115.32,112.86,113.64,2391667,0
2016-01-12,114.81,115.34,113.63,115.28,2503720,0
2016-01-13,115.99,116.38,112.61,112.77,1409683,0
2016-01-14,113.41,113.74,109.99,112.61,3364934,0
2016-01-15,110.01,112.37,109.26,112.07,2443629,0
2016-01-19,113.01,114.29,111.6,113.74,1886130,0
2016-01-20,111.85,112.83,109.05,111.82,1824099,0
2016-01-21,112.41,113.12,110.7,111.46,1271275,0
2016-01-22,113.29,114.82,112.17,113.17,1089360,0
2016-01-25,113.11,113.38,110.48,110.64,1165903,0
2016-01-26,111.56,113.73,110.77,112.64,1274919,0
2016-01-27,112.35,114.63,111.79,112.3,1594693,0
2016-01-28,112.95,114.58,112.3,113.2,1922441,0
2016-01-29,116.33,120.61,115.38,120.54,3445172,0
2016-02-01,119.33,125.26,118.92,124.86,3456333,0
2016-02-02,124.66,125.88,122.72,124.41,3874024,0
2016-02-03,126.31,127.36,124.43,126.88,3103532,0
2016-02-04,126.79,130.32,126.47,129.51,3398826,0
2016-02-05,129.51,130.23,128.38,128.99,2169576,0
2016-02-08,127.47,127.61,122.52,124.35,2697820,0
2016-02-09,122.96,126.96,122.54,125.98,1742445,0
2016-02-10,126.36,127.93,123.78,124.1,1459400,0
2016-02-11,122.3,123.66,119.94,121.01,2218029,0
2016-02-12,122.53,124.56,121.07,124,1166576,0
2016-02-16,125.51,125.55,123.36,124.94,967916,0
2016-02-17,126.21,126.66,124.87,126.03,1246483,0
2016-02-18,125.91,126.47,124.2,124.77,1133654,0
2016-02-19,124.3,125.48,122.6,125.11,1225896,0
2016-02-22,126.38,127.38,125.82,126.43,941678,0
2016-02-23,125.62,126.13,124.19,124.81,1025594,0
2016-02-24,122.52,125.31,120.21,125.13,786300,0
2016-02-25,125.67,126.51,124.1,126.5,665723,0
2016-02-26,127.15,127.9,126.52,127.13,868326,0
2016-02-29,126.93,128.19,125.93,125.99,1930021,0
2016-03-01,127.26,128.64,125.49,127.82,1377172,0
2016-03-02,126.91,128.4,126.17,127.66,980286,0
2016-03-03,127.94,129.3,127.46,128.3,1146889,0
2016-03-04,129.06,129.59,127.07,128.22,1296797,0
2016-03-07,128.12,129.35,127.26,128.42,943496,0
2016-03-08,127.39,128.5,125.51,127.66,988270,0
2016-03-09,128.53,128.89,127.18,128.11,1873218,0
2016-03-10,128.86,129.44,126.53,128.03,4436640,0
2016-03-11,129.33,131.05,128.42,129.82,1349346,0
2016-03-14,129.33,130.01,128.67,129.6,2763693,0
2016-03-15,128.49,128.87,127.12,127.5,1800708,0
2016-03-16,126.79,129.8,126.66,129.41,1634285,0
2016-03-17,130.41,134.51,129.55,134.07,2365424,0
2016-03-18,134.21,135.77,133.45,134.69,3050166,0
2016-03-21,134.37,134.94,132.92,133.83,2000916,0
2016-03-22,133.18,136.87,132.93,136.1,2881321,0
2016-03-23,135.52,136.91,134.64,136.91,2637358,0
2016-03-24,137.02,137.32,134.43,134.84,1220761,0
2016-03-28,135.42,136.63,135.02,136.16,1811920,0
2016-03-29,135.31,138.85,134.64,137.95,2086016,0
2016-03-30,138.75,140.8,138.14,138.99,1411159,0
2016-03-31,138.88,139.39,137.14,137.83,1289582,0
2016-04-01,137.32,139.25,135.78,139.04,1393305,0
2016-04-04,137.54,137.86,135.88,136.54,1599034,0
2016-04-05,135.88,137.21,135.42,136.54,983071,0
2016-04-06,136.23,137.53,135.54,137.5,754736,0
2016-04-07,136.93,137.03,135.46,135.73,763282,0
2016-04-08,137.22,137.73,135.96,136.37,537128,0
2016-04-11,137.29,138.13,136.96,137.18,978301,0
2016-04-12,137.59,138.6,136.68,138.01,640298,0
2016-04-13,138.73,138.96,137.46,138.17,911490,0
2016-04-14,138.69,138.93,137.97,138.83,1065955,0
2016-04-15,138.88,138.96,138.03,138.78,712852,0
2016-04-18,138.42,140.21,137.91,140.16,714545,0
2016-04-19,141.08,142.76,140.33,142.76,1138151,0
2016-04-20,142.89,142.89,141.82,142.4,958513,0
2016-04-21,142.34,142.99,141.55,141.93,696333,0
2016-04-22,142.62,143.06,141.19,141.74,751183,0
2016-04-25,140.94,141.66,140.35,141.59,901983,0
2016-04-26,141.82,142.3,140.65,141.13,984069,0
2016-04-27,141.22,142.36,139.72,141.92,1435522,0
2016-04-28,141.44,145.59,140.54,142.14,2167701,0
2016-04-29,141.22,142.24,139.17,139.6,1721576,0
2016-05-02,138.58,140.73,138.58,139.58,1421287,0
2016-05-03,137.99,138.76,135.87,136.97,3894267,0
2016-05-04,136.23,137.07,135.91,136.68,1991627,0
2016-05-05,137.35,138.15,136.56,137.08,1348776,0
2016-05-06,137.48,139.35,136.83,138.34,1596731,0
2016-05-09,137.84,138.74,136.18,136.46,907225,0
2016-05-10,136.99,138.15,136.2,138.09,957120,0
2016-05-11,138.05,138.47,136.21,136.27,738039,0
2016-05-12,137.98,138.22,136.5,137.16,1061328,0
2016-05-13,136.83,137.46,135.11,135.71,706130,0
2016-05-16,135.87,137.72,135.76,137.36,873475,0
2016-05-17,137.32,138.06,136.1,136.71,1702976,0
2016-05-18,135.88,137.4,135.02,135.59,708226,0
2016-05-19,135.63,136.48,134.44,135.59,694435,0
2016-05-20,136.39,136.69,135,135.34,650410,0
2016-05-23,135.63,136.29,135.46,135.56,869211,0
2016-05-24,135.8,137.39,135.47,137.12,630773,0
2016-05-25,137.64,138.54,137.31,137.49,700928,0
2016-05-26,137.78,138.02,136.85,136.9,459766,0
2016-05-27,136.94,137.34,136.68,136.89,459148,0
2016-05-31,137.49,137.49,136.15,136.49,715615,0
2016-06-01,136.04,137.94,135.15,137.78,858735,0
2016-06-02,137.26,137.32,136.16,137.32,702427,0
2016-06-03,137.21,137.32,136.15,137.08,531034,0
2016-06-06,137.67,139.59,137.67,139.27,755425,0
2016-06-07,139.13,139.64,138.77,138.99,930745,0
2016-06-08,139.46,140.84,138.76,140.56,836210,0
2016-06-09,139.58,140.52,138.85,140.29,611933,0
2016-06-10,139.51,140.28,138.81,140.08,747014,0
2016-06-13,139.63,140.05,137.69,137.81,865765,0
2016-06-14,137.74,138.19,136.68,137.69,924179,0
2016-06-15,138.52,139.46,137.34,137.46,810653,0
2016-06-16,136.98,138.29,135.27,138.13,629209,0
2016-06-17,138.29,138.29,136.54,137.13,1142975,0
2016-06-20,138.56,139.77,137.67,137.82,1301873,0
2016-06-21,138.04,138.23,136.39,136.98,1161840,0
2016-06-22,137.42,137.59,136.68,137.32,1003905,0
2016-06-23,138.83,139.92,138.76,139.72,1292662,0
2016-06-24,134.94,136.57,133.27,134.07,1993290,0
2016-06-27,132.97,133.15,128.37,129.01,1559335,0
2016-06-28,130.22,130.89,128.55,130.81,1541767,0
2016-06-29,131.72,134.42,131.13,134.09,1476324,0
2016-06-30,134.41,136.82,133.68,136.77,1570901,0
2016-07-01,136.36,137.4,135.36,135.71,1137604,0
2016-07-05,134.83,135.43,132.77,133.36,933898,0
2016-07-06,133.26,134.32,132.22,134.19,877967,0
2016-07-07,134.69,135.23,133.81,134.5,693653,0
2016-07-08,135.74,139.35,135.19,139,1518336,0
2016-07-11,140.08,140.17,138.19,139.49,1075629,0
2016-07-12,140.14,142.39,139.95,142.23,2127709,0
2016-07-13,142.47,142.51,141.28,142.43,821314,0
2016-07-14,142.93,144.1,142.55,143.39,1106983,0
2016-07-15,143.86,144.14,142.94,143.81,843531,0
2016-07-18,143.82,144.13,143.15,143.66,990551,0
2016-07-19,143.11,143.88,142.76,143.84,843794,0
2016-07-20,143.7,144.44,143.48,143.81,636858,0
2016-07-21,143.95,143.95,142.33,142.8,485121,0
2016-07-22,142.99,143.37,142.32,143.13,374893,0
2016-07-25,142.94,143.29,142.29,143.02,645699,0
2016-07-26,143.48,144.98,142.7,144.29,1313208,0
2016-07-27,144.39,144.52,143.14,143.49,1171600,0
2016-07-28,145.87,147.03,142.98,143.47,1571664,0
2016-07-29,143.3,145.16,142.77,143.88,1557285,0
2016-08-01,142.26,143.82,141.68,143.62,1001456,0
2016-08-02,143.5,143.62,142.07,142.73,646685,0
2016-08-03,143.25,143.25,142.3,142.71,891553,0
2016-08-04,142.68,143.98,142.1,143.48,854560,0
2016-08-05,143.94,144.44,143.22,143.68,970183,0
2016-08-08,144.15,144.15,142.85,143.26,652943,0
2016-08-09,143.33,143.75,142.99,143.57,726960,0
2016-08-10,143.72,143.72,143.05,143.51,547950,0
2016-08-11,144.04,144.31,143.15,143.53,640114,0
2016-08-12,144.44,146.45,143.86,144.28,1351610,0
2016-08-15,144.61,146.1,144.45,145.9,763767,0
2016-08-16,147,149.16,146.85,147.11,1958295,0
2016-08-17,147.19,148.35,145.99,148.03,1114796,0
2016-08-18,148.01,149.25,147.7,149.22,1035037,0
2016-08-19,148.43,150.16,148,149.92,1019788,0
2016-08-22,149.39,150.13,148.95,149.73,596780,0
2016-08-23,150.22,151.04,149.63,149.68,836405,0
2016-08-24,149.44,150.02,148.98,149.46,912559,0
2016-08-25,149.34,150.37,149.34,149.96,832058,0
2016-08-26,150.04,150.22,147.88,148.53,1139239,0
2016-08-29,148.84,151.68,148.84,150.11,899348,0
2016-08-30,149.97,151.42,149.55,150.84,1181162,0
2016-08-31,150.29,150.93,149.59,149.86,1075758,0
2016-09-01,150.34,150.74,149.79,150.49,1354174,0
2016-09-02,151.19,151.54,150.52,151.28,1098870,0
2016-09-06,151.54,151.98,150.56,151.57,1222759,0
2016-09-07,150.91,151.77,150.53,151.57,729684,0
2016-09-08,151.61,151.84,150.05,150.11,1236849,0
2016-09-09,149.32,149.32,145.89,145.91,2352449,0
2016-09-12,145.32,147.02,143.72,145.01,8691584,0
2016-09-13,144.27,145.02,140.85,142.24,3677148,0
2016-09-14,142.24,143.1,140.12,141.38,2976296,0
2016-09-15,141.12,141.63,140.61,141.15,3068942,0
2016-09-16,140.34,141.13,139.51,140.4,5607272,0
2016-09-19,141.23,142.32,141.07,141.36,1326336,0
2016-09-20,142.29,142.8,141.55,141.63,1113076,0
2016-09-21,141.99,143.42,141.8,143.24,1106912,0
2016-09-22,144.57,144.98,142.31,142.66,1289482,0
2016-09-23,141.92,142.62,141.69,141.99,898377,0
2016-09-26,141.94,143.37,141.56,142.85,1227625,0
2016-09-27,142.9,143.9,142.57,143.33,1319165,0
2016-09-28,143.79,144.67,143.28,144.23,1388462,0
2016-09-29,145.06,146.82,144.99,145.77,2104190,0
2016-09-30,146.6,147.09,145.17,145.6,2108528,0
2016-10-03,135.44,136.57,134.48,136.15,3116055,0
2016-10-04,136.24,136.62,132.67,133,2274895,0
2016-10-05,133,133.79,132.24,132.66,1756854,0
2016-10-06,132.53,133.67,132.44,133.55,1213454,0
2016-10-07,133.75,133.75,130.35,131.66,1935909,0
2016-10-10,132.48,132.48,131.65,131.97,1920564,0
2016-10-11,131.59,131.61,128.39,129.27,1983094,0
2016-10-12,128.92,129.77,128.65,129.43,1219257,0
2016-10-13,128,129.18,126.6,128.91,1522965,0
2016-10-14,129.89,129.89,128.66,129.27,1224821,0
2016-10-17,129.27,129.85,128.83,128.93,818134,0
2016-10-18,130.52,131.1,130.08,130.43,928799,0
2016-10-19,130.81,130.96,129.84,130.52,872828,0
2016-10-20,130.29,131.35,129.83,130.97,1215230,0
2016-10-21,129.97,131.22,129.39,131.02,1025728,0
2016-10-24,131.66,132.61,131.03,131.39,907309,0
2016-10-25,131.96,131.96,130.1,130.13,1549423,0
2016-10-26,129.4,129.67,128.41,129.6,2829400,0
2016-10-27,130.12,131.63,125.73,130.02,3697059,0
2016-10-28,130.02,131.71,129.29,130.42,2040251,0
2016-10-31,130.84,131.07,130,130.04,1667788,0
2016-11-01,130.35,131.09,127.78,128.91,1739801,0
2016-11-02,128.98,130.48,128.46,130.17,2157209,0
2016-11-03,130.6,131.3,129.67,129.71,1411577,0
2016-11-04,129.61,130.66,128.72,129.99,1177041,0
2016-11-07,131.92,133.77,131.42,133.6,2291628,0
2016-11-08,133.4,134.38,132.92,133.45,1544771,0
2016-11-09,131.56,134.42,130.76,133.74,2440248,0
2016-11-10,134.61,137.42,134.39,136.42,2046832,0
2016-11-11,136.52,137.56,134.66,135.02,1685100,0
2016-11-14,135.3,135.65,134.38,134.48,1338222,0
2016-11-15,134.29,134.83,133.39,134.64,878026,0
2016-11-16,134.58,135.27,133.94,135.22,1080291,0
2016-11-17,135.41,135.8,134.39,134.5,1188532,0
2016-11-18,134.5,135.01,134.1,134.46,1599815,0
2016-11-21,139.17,139.17,135.49,136.2,1264510,0
2016-11-22,136.68,137.31,135.26,136.17,1408242,0
2016-11-23,135.83,137.22,135.83,137.18,689918,0
2016-11-25,137.42,137.94,137.15,137.94,290935,0
2016-11-28,137.83,138.78,137.19,138.18,1484274,0
2016-11-29,137.39,140.51,136.97,139.83,2108844,0
2016-11-30,140.01,141.58,139.26,140.78,2768211,0
2016-12-01,140.74,141.69,140.15,140.42,1391049,0
2016-12-02,140.35,141.38,139.81,140.87,1335582,0
2016-12-05,142.49,144.09,142.06,143.59,1830104,0
2016-12-06,143.46,143.75,142.3,142.85,888784,0
2016-12-07,143.09,144.82,142.19,144.77,1189600,0
2016-12-08,144.84,145.36,144.33,145.27,858489,0
2016-12-09,145.07,145.9,144.21,145.75,687296,0
2016-12-12,146.06,146.58,145.19,145.84,823752,0
2016-12-13,146.22,146.64,144.51,145.33,1036240,0
2016-12-14,145.2,146.03,143.38,144.42,1565959,0
2016-12-15,144.1,145.6,143.71,145.3,1097674,0
2016-12-16,145.48,145.72,143.53,143.69,2262127,0
2016-12-19,143.61,144.24,143.17,143.96,781429,0
2016-12-20,144.14,146.01,143.32,143.75,1841254,0
2016-12-21,144.56,144.74,143.28,143.61,984577,0
2016-12-22,143.38,144.2,141.99,142.37,1119700,0
2016-12-23,142.31,142.88,141.94,142.76,602849,0
2016-12-27,142.9,143.8,142.9,143.64,1056422,0
2016-12-28,143.91,143.91,141.34,141.44,637639,0
2016-12-29,141.63,142.21,141.35,141.55,488824,0
2016-12-30,141.71,141.98,140.43,141,740639,0
2017-01-03,140.74,141.9,140.05,140.59,1430485,0
2017-01-04,141.22,142,140.87,141.83,2052326,0
2017-01-05,141.56,141.6,140.05,140.42,1285516,0
2017-01-06,140.44,141.96,140.16,141.54,1780702,0
2017-01-09,141.48,144.7,141.47,143.45,2417747,0
2017-01-10,143.62,144.01,142.36,142.41,1059567,0
2017-01-11,141.95,143.25,141.95,143.16,1020790,0
2017-01-12,143.11,143.11,141.38,142.99,667146,0
2017-01-13,142.85,143.23,142.21,142.5,1016371,0
2017-01-17,142.23,142.99,141.85,142.49,1294427,0
2017-01-18,142.71,143.49,141.74,143.47,1170853,0
2017-01-19,143.5,143.76,142.32,142.62,1264178,0
2017-01-20,142.85,143.9,142.74,143.75,1172947,0
2017-01-23,143.53,144,141.94,143.22,1293704,0
2017-01-24,143.68,144.52,143.4,144.25,2056661,0
2017-01-25,144.62,145.81,144.27,145.62,1629738,0
2017-01-26,145.33,146.54,144.79,145.9,1893131,0
2017-01-27,137.26,139.68,134.37,139.23,5578687,0
2017-01-30,137.36,139.05,137.17,138.23,2779314,0
2017-01-31,138.23,138.46,136.41,137.03,2533332,0
2017-02-01,136.59,137.49,135.3,135.97,1685304,0
2017-02-02,135.97,137.12,134.77,136.55,1431497,0
2017-02-03,137.04,137.55,136.42,137.42,1326192,0
2017-02-06,137.26,137.53,135.93,136.32,824696,0
2017-02-07,136.36,136.76,135.18,136.09,1496158,0
2017-02-08,135.48,136.09,135.02,135.88,1681911,0
2017-02-09,135.87,136.73,135.52,135.83,1323923,0
2017-02-10,136.19,137.69,135.83,137.39,2318740,0
2017-02-13,137.99,138.49,137.12,137.74,1626940,0
2017-02-14,137.65,139.47,137.02,139.34,2041483,0
2017-02-15,138.9,140.2,138.43,139.59,1457553,0
2017-02-16,139.78,140.33,138.3,139.09,878055,0
2017-02-17,139.19,139.35,138.34,138.73,720493,0
2017-02-21,138.22,139.03,138.07,138.71,1171164,0
2017-02-22,138.01,138.61,137.54,137.6,1013143,0
2017-02-23,138.21,138.45,136.59,137.62,1462784,0
2017-02-24,137.33,138.25,136.88,138.1,908098,0
2017-02-27,138.17,138.47,136.39,136.65,1100952,0
2017-02-28,136.22,137.94,136.09,137.72,1711325,0
2017-03-01,139.34,141.24,139.2,140.87,1741058,0
2017-03-02,140.6,140.6,137.66,137.81,1292757,0
2017-03-03,137.6,138.11,136.4,136.79,942315,0
2017-03-06,136.29,137.37,135.95,136.58,993498,0
2017-03-07,136.49,137.11,136.14,136.91,888086,0
2017-03-08,137,137.67,136.42,136.83,1206982,0
2017-03-09,136.87,137.75,135.33,135.87,1602140,0
2017-03-10,136.68,136.87,135.54,136.06,1504961,0
2017-03-13,136.19,136.56,134.25,135.12,1471934,0
2017-03-14,134.84,134.88,133.22,133.51,1782382,0
2017-03-15,134.21,135.72,133.5,135.29,2509672,0
2017-03-16,135.54,135.54,134.35,135.27,1491905,0
2017-03-17,135.85,136.88,135.78,136.8,2217414,0
2017-03-20,136.76,136.97,135.61,135.98,1273623,0
2017-03-21,135.98,136.22,133.34,133.78,1579096,0
2017-03-22,133.7,134.32,132.36,133.74,858180,0
2017-03-23,133.49,135.31,132.65,134.37,1212431,0
2017-03-24,134.15,134.74,132.03,132.3,1339610,0
2017-03-27,131.25,133.54,131.01,133.26,2573048,0
2017-03-28,133.19,134.88,133.19,134.57,1034205,0
2017-03-29,134.08,134.62,133.56,134.1,754783,0
2017-03-30,134.07,135.11,133.88,133.88,2096106,0
2017-03-31,133.41,134.6,133.4,133.57,1868910,0
2017-04-03,133.97,134.7,132.38,133.23,1645111,0
2017-04-04,133.36,133.67,132.96,133.63,1124051,0
2017-04-05,134.11,135.36,133.3,133.52,942780,0
2017-04-06,133.76,134.1,133.28,133.47,871472,0
2017-04-07,133.07,133.83,132.62,133.29,2945674,0
2017-04-10,133.5,134.38,133.36,134.03,870096,0
2017-04-11,134.06,134.73,133.68,134.69,1016908,0
2017-04-12,134.72,134.74,133.63,133.79,911526,0
2017-04-13,133.61,133.86,132.46,132.59,635017,0
2017-04-17,133.07,134.16,132.71,134.13,1106443,0
2017-04-18,133.32,134.29,133.01,133.55,710048,0
2017-04-19,134,134.31,133.07,133.24,585261,0
2017-04-20,133.9,135.59,133.48,135.16,997944,0
2017-04-21,135.13,135.91,135.08,135.55,1135770,0
2017-04-24,136.16,138.12,136.16,137.98,1019765,0
2017-04-25,138.44,140.06,138.36,139.93,1204696,0
2017-04-26,139.53,140.64,138.96,139.78,1530750,0
2017-04-27,139.48,140.05,135.97,139.3,1879029,0
2017-04-28,139.21,139.39,137.58,138.72,1935543,0
2017-05-01,139.75,140.33,138.23,140.23,1692954,0
2017-05-02,140.69,141.76,140.21,141.7,2524374,0
2017-05-03,141.67,142.48,141.44,141.99,1931279,0
2017-05-04,142.08,143.73,142.07,142.92,2332882,0
2017-05-05,143.16,145.78,143.16,145.34,2346768,0
2017-05-08,144.96,145.51,144.07,144.33,1610377,0
2017-05-09,144.34,144.58,143.14,143.46,955921,0
2017-05-10,143.6,143.75,142.8,143.41,940237,0
2017-05-11,143.15,143.2,141.47,142.03,1079489,0
2017-05-12,142.03,143.27,141.9,142.24,1304644,0
2017-05-15,142.67,143.38,142.28,143.24,2836202,0
2017-05-16,140.91,143.4,140.82,142.51,2146497,0
2017-05-17,141.88,142.51,140.73,140.75,1367223,0
2017-05-18,140.83,141.71,139.54,140.89,1288237,0
2017-05-19,141.17,142.13,140.74,141.28,1357332,0
2017-05-22,142.02,142.06,141.04,141.49,831438,0
2017-05-23,141.76,141.76,140.77,141.01,647339,0
2017-05-24,141.46,143.08,141.06,142.3,1095406,0
2017-05-25,142.31,142.67,141.5,142.28,791433,0
2017-05-26,142.01,142.43,141.73,142.08,703473,0
2017-05-30,141.83,142.46,141.52,142.14,896606,0
2017-05-31,142,142.47,141.16,142.23,1514473,0
2017-06-01,142.62,144.07,142.17,143.24,1099053,0
2017-06-02,143.62,145.62,142.94,144.93,1207962,0
2017-06-05,144.75,144.97,143.03,143.12,1308556,0
2017-06-06,142.64,142.99,142.02,142.28,780727,0
2017-06-07,142.74,142.84,141.36,141.54,894217,0
2017-06-08,141.25,142.32,140.72,141.68,1076063,0
2017-06-09,141.85,144.23,141.85,143.99,1167387,0
2017-06-12,143.65,144.32,142.39,142.59,1215181,0
2017-06-13,142.58,144.46,142.21,144.41,842193,0
2017-06-14,144.41,144.49,142.97,143.71,784597,0
2017-06-15,142.95,144.68,142.87,143.37,2064502,0
2017-06-16,143.8,144.14,142.81,143.66,1758099,0
2017-06-19,144.51,145.5,143.96,144.29,1284896,0
2017-06-20,143.4,143.94,142.78,142.9,811770,0
2017-06-21,143.07,143.79,141.49,141.66,759572,0
2017-06-22,141.5,142.69,141.38,142.41,1021177,0
2017-06-23,142.76,143.17,141.98,143.1,4061854,0
2017-06-26,143.19,143.69,142.74,143.07,1165711,0
2017-06-27,143.21,143.66,142,142,806838,0
2017-06-28,143.33,143.41,142.56,143,881451,0
2017-06-29,143.3,143.56,139.91,140.89,897897,0
2017-06-30,141.09,142.97,141.01,142.17,943979,0
2017-07-03,142.84,143.84,142.61,143.4,414208,0
2017-07-05,143.26,143.59,141.57,141.73,723851,0
2017-07-06,141.43,142.55,141.11,141.25,536952,0
2017-07-07,141.55,143.24,141.19,143.12,693582,0
2017-07-10,142.65,143.62,142.19,142.61,594782,0
2017-07-11,142.73,142.83,141.31,141.89,649797,0
2017-07-12,142.36,143.35,142.29,142.84,955346,0
2017-07-13,143.01,143.78,142.4,143.48,1011381,0
2017-07-14,143.76,144.88,143.46,144.67,1020353,0
2017-07-17,144.53,145.17,144.34,144.65,1202552,0
2017-07-18,143.69,144.6,143.69,144.34,761982,0
2017-07-19,144.28,145.3,143.92,145.3,1250094,0
2017-07-20,145.12,145.43,144.23,145.11,1298734,0
2017-07-21,144.99,144.99,143.75,144.74,1234207,0
2017-07-24,144.43,144.43,143.43,144.04,1316392,0
2017-07-25,145.09,145.64,143.83,144.14,1292727,0
2017-07-26,144.06,144.26,142.93,143.01,1115053,0
2017-07-27,143.19,143.41,141.83,142.76,1250922,0
2017-07-28,143.09,143.3,141.74,142.6,934708,0
2017-07-31,143.29,143.34,141,141.27,1840195,0
2017-08-01,147.08,148.71,145.24,148,4501851,0
2017-08-02,147.42,147.98,146.07,147.19,4008518,0
2017-08-03,147.55,147.68,145.79,146.01,1871913,0
2017-08-04,146.5,147.13,146.11,146.31,809519,0
2017-08-07,147.02,147.02,146.02,146.39,872008,0
2017-08-08,146.3,146.38,144.73,144.95,871464,0
2017-08-09,144.94,145.45,144.66,145.34,1170824,0
2017-08-10,144.62,145.1,143.99,144.12,1060782,0
2017-08-11,142.92,144.89,142.92,143.7,1075118,0
2017-08-14,144.58,146.52,144.47,145.73,1346188,0
2017-08-15,145.59,146,144.9,145.9,1327378,0
2017-08-16,146.09,147.24,146,147.16,1240031,0
2017-08-17,146.96,147.18,144.63,144.64,1199549,0
2017-08-18,144.53,145.44,143.9,144.86,1411189,0
2017-08-21,144.84,144.85,144.02,144.25,1594574,0
2017-08-22,144.94,145.89,144.5,145.05,1240111,0
2017-08-23,144.46,144.86,144.05,144.26,2228201,0
2017-08-24,144.57,144.91,144.01,144.33,959740,0
2017-08-25,144.15,145.56,144.15,145.11,959166,0
2017-08-28,145.77,145.79,144.45,144.88,543978,0
2017-08-29,143.89,144.58,143.74,144.47,461442,0
2017-08-30,144.45,144.94,144.22,144.61,884675,0
2017-08-31,145.1,145.1,144.34,144.47,1200134,0
2017-09-01,144.76,145.2,144.14,144.75,999033,0
2017-09-05,144.25,144.91,142.98,143.57,1759923,0
2017-09-06,143.48,144,142.97,143.6,2850072,0
2017-09-07,143.6,143.68,142.9,143.48,2228117,0
2017-09-08,143.44,144.47,143.14,144.07,1726046,0
2017-09-11,145.11,148.45,144.47,148.26,3043516,0
2017-09-12,148.92,150.48,148.16,148.35,2074473,0
2017-09-13,148.09,148.63,147.6,148.28,1549013,0
2017-09-14,148.68,149.52,147.85,149.14,1568533,0
2017-09-15,149.09,149.43,148.55,149.2,1761541,0
2017-09-18,149.22,150.01,148.75,150.01,2202832,0
2017-09-19,149.97,150.36,149.15,149.57,2638218,0
2017-09-20,149.9,150.2,149.13,150.04,2506934,0
2017-09-21,149.81,150.53,149.32,150.11,1596876,0
2017-09-22,150.06,150.28,149.23,149.33,2439735,0
2017-09-25,149.37,150.64,149.01,150.59,1281459,0
2017-09-26,150.83,151.04,149.96,150.04,702497,0
2017-09-27,150.36,150.64,149.17,150.38,947961,0
2017-09-28,150.51,151.32,150.24,150.4,1094615,0
2017-09-29,150.56,150.66,149.53,150.28,977277,0
2017-10-02,150.1,151.81,149.62,151.26,1087706,0
2017-10-03,151.59,152.54,150.78,152.24,796357,0
2017-10-04,152.1,152.61,151.78,151.95,778269,0
2017-10-05,152.28,152.39,151.49,152.36,812052,0
2017-10-06,152.36,153.33,152.02,153.3,1315019,0
2017-10-09,153.36,153.36,152.56,152.74,690813,0
2017-10-10,152.81,153.28,152.165,153.19,1067519,0
2017-10-11,153.17,153.17,151.93,152.93,694723,0
2017-10-12,152.57,153.4,152.49,153.34,599410,0
2017-10-13,153.5,154.41,153.41,153.46,1387968,0
2017-10-16,153.89,154.26,152.25,153.22,926590,0
2017-10-17,153.68,153.95,152.8,153.47,585651,0
2017-10-18,153.59,153.82,152.05,153.2,1114568,0
2017-10-19,152.82,153.23,152.02,152.86,929230,0
2017-10-20,153.65,154.735,153.6,154.22,811486,0
2017-10-23,154.15,154.41,153.245,153.6,883970,0
2017-10-24,153.47,154.27,153.47,153.85,791444,0
2017-10-25,153.88,154.825,153.18,154.59,1694813,0
2017-10-26,159.85,161.96,158.62,161.39,2326473,0
2017-10-27,161.3,162.86,160.72,160.88,1047554,0
2017-10-30,160.96,161.12,159.44,159.95,852050,0
2017-10-31,160.78,160.78,159.19,159.43,866114,0
2017-11-01,159.69,160.644,158.53,159.92,899604,0
2017-11-02,160.19,160.775,158.17,159.41,881666,0
2017-11-03,159.68,159.68,158.38,159.25,461227,0
2017-11-06,159.48,159.96,158.57,158.8,435487,0
2017-11-07,159.38,159.77,159.13,159.77,638589,0
2017-11-08,159.78,161.1,159.71,160.94,672629,0
2017-11-09,160.02,162.31,159.67,160.55,1162911,0
2017-11-10,160.2,160.935,159.811,160.3,585251,0
