2016-01-04,26.84,27,26.58,26.95,27693,0
2016-01-05,26.98,27.1,26.87,26.9,32681,0
2016-01-06,26.96,26.96,26.59,26.835,15109,0
2016-01-07,26.73,26.87,26.65,26.71,65442,0
2016-01-08,26.82,26.82,26.47,26.51,44654,0
2016-01-11,26.61,26.61,26.22,26.28,30966,0
2016-01-12,26.41,26.41,26.16,26.22,32051,0
2016-01-13,26.34,26.34,25.6,25.78,21170,0
2016-01-14,25.86,25.8999,25.57,25.77,29233,0
2016-01-15,25.79,25.79,25.25,25.65,27556,0
2016-01-19,25.85,25.85,25.85,25.85,0,0
2016-01-20,25.8,25.8399,25.4803,25.62,21161,0
2016-01-21,25.86,26,25.63,25.7,124686,0
2016-01-22,25.72,26.15,25.72,25.99,25273,0
2016-01-25,25.99,25.99,25.69,25.69,8314,0
2016-01-26,25.73,26.08,25.72,25.82,21709,0
2016-01-27,25.88,26.42,25.78,26.18,20194,0
2016-01-28,26.26,26.4,26.1001,26.12,11372,0
2016-01-29,26.29,26.29,25.9575,26,21640,0
2016-02-01,26.12,26.224,26,26.2,10073,0
2016-02-02,26.18,26.25,26.1,26.25,14303,0
2016-02-03,26.25,26.25,26.095,26.14,23775,0
2016-02-04,26.22,26.25,26.12,26.25,12893,0
2016-02-05,26.25,26.25,25.94,25.94,9968,0
2016-02-08,25.95,25.95,25.45,25.5,31319,0
2016-02-09,25.56,25.62,25.14,25.25,32660,0
2016-02-10,25.63,25.67,25.29,25.31,22243,0
2016-02-11,25.37,25.37,24.85,25.15,103552,0
2016-02-12,25.2,25.85,25.19,25.39,37638,0
2016-02-16,25.72,25.86,25.35,25.52,23632,0
2016-02-17,25.58,25.926,25.58,25.926,11649,0
2016-02-18,26.05,26.14,25.63,26.12,16991,0
2016-02-19,25.77,26.18,25.71,26.18,33690,0
2016-02-22,26.14,26.47,26.14,26.4,11167,0
2016-02-23,26.46,26.63,26.2998,26.57,19702,0
2016-02-24,26.55,26.73,26.2712,26.35,16566,0
2016-02-25,26.51,26.689,26.19,26.5,8986,0
2016-02-26,26.59,26.9199,26.49,26.84,15230,0
2016-02-29,26.74,27.13,26.51,27.13,14702,0
2016-03-01,27.11,27.51,27.11,27.37,27546,0
2016-03-02,27.22,27.47,26.5,26.7,61911,0
2016-03-03,26.55,26.66,26.524,26.61,12387,0
2016-03-04,26.52,26.64,26.52,26.61,12271,0
2016-03-07,26.73,26.738,26.55,26.72,14199,0
2016-03-08,26.75,26.75,26.55,26.7,11901,0
2016-03-09,26.73,26.88,26.63,26.88,10803,0
2016-03-10,27.07,27.07,26.88,26.93,13754,0
2016-03-11,26.9,26.9,26.48,26.7399,14287,0
2016-03-14,26.87,26.9299,26.52,26.837,14470,0
2016-03-15,26.88,26.88,26.52,26.52,15843,0
2016-03-16,26.69,26.69,26.3,26.5252,19227,0
2016-03-17,26.56,26.56,26.1501,26.23,22642,0
2016-03-18,26.35,26.35,26.15,26.19,11691,0
2016-03-21,26.2,26.2,26.07,26.17,10623,0
2016-03-22,26.24,26.37,26.18,26.24,18599,0
2016-03-23,26.28,26.44,26.28,26.42,12181,0
2016-03-24,26.55,26.66,26.43,26.66,10942,0
2016-03-28,26.58,27.25,26.58,27.2,18224,0
2016-03-29,26.94,27.42,26.94,27.23,21522,0
2016-03-30,27.16,27.214,26.95,26.95,24531,0
2016-03-31,27.04,27.04,26.61,26.61,18785,0
2016-04-01,26.68,26.7985,26.49,26.49,22011,0
2016-04-04,26.37,26.4,26.05,26.17,46756,0
2016-04-05,26.19,26.37,26.03,26.37,19596,0
2016-04-06,26.33,26.5375,26.2,26.31,38901,0
2016-04-07,26.24,26.24,25.91,26.07,30972,0
2016-04-08,26.16,26.28,26.01,26.11,35089,0
2016-04-11,26.11,26.32,26.1,26.31,22487,0
2016-04-12,26.32,26.32,26.23,26.27,13048,0
2016-04-13,26.24,26.52,26.14,26.5,32915,0
2016-04-14,26.56,26.56,26.36,26.36,13915,0
2016-04-15,26.17,26.62,26.17,26.62,29545,0
2016-04-18,26.54,26.69,26.4,26.69,16703,0
2016-04-19,26.39,26.94,26.39,26.82,23124,0
2016-04-20,26.76,26.8101,26.35,26.35,25585,0
2016-04-21,26.42,26.5,26.15,26.18,41343,0
2016-04-22,26.24,26.35,26.21,26.21,36120,0
2016-04-25,26.25,26.29,26.07,26.07,27661,0
2016-04-26,26.09,26.2799,26.07,26.225,11317,0
2016-04-27,26.28,26.43,26.22,26.35,22762,0
2016-04-28,26.27,26.4199,26.27,26.4099,17143,0
2016-04-29,26.42,26.42,26.33,26.35,16101,0
2016-05-02,26.33,26.44,26.28,26.44,15442,0
2016-05-03,26.45,26.5099,26.37,26.46,20067,0
2016-05-04,26.36,26.5299,26.36,26.52,14085,0
2016-05-05,26.46,26.46,26.4,26.44,7000,0
2016-05-06,26.37,26.68,26.37,26.66,18449,0
2016-05-09,26.66,26.66,26.53,26.62,9937,0
2016-05-10,26.67,26.73,26.47,26.47,28835,0
2016-05-11,26.57,26.57,26.42,26.448,18056,0
2016-05-12,26.5,26.65,26.4,26.6,26604,0
2016-05-13,26.64,26.6699,26.5,26.5699,17986,0
2016-05-16,26.63,26.7,26.45,26.5392,25364,0
2016-05-17,26.6,26.65,26.53,26.65,8516,0
2016-05-18,26.7,26.7,26.57,26.67,16973,0
2016-05-19,26.66,26.66,26.29,26.46,21909,0
2016-05-20,26.35,26.46,26.31,26.46,8819,0
2016-05-23,26.46,26.66,26.46,26.66,10732,0
2016-05-24,26.58,26.75,26.58,26.64,13545,0
2016-05-25,26.56,26.6799,26.56,26.64,12972,0
2016-05-26,26.6,26.66,26.6,26.6559,7149,0
2016-05-27,26.61,26.73,26.53,26.73,8102,0
2016-05-31,26.7,26.7,26.68,26.69,8803,0
2016-06-01,26.64,27.12,26.64,26.99,16579,0
2016-06-02,26.8,26.9,26.8,26.9,14823,0
2016-06-03,26.9,27.11,26.831,27.04,40995,0
2016-06-06,26.981,26.99,26.74,26.75,25147,0
2016-06-07,26.74,26.78,26.66,26.75,10971,0
2016-06-08,26.67,26.79,26.65,26.78,11462,0
2016-06-09,26.72,26.76,26.72,26.75,20490,0
2016-06-10,26.69,26.75,26.64,26.71,9627,0
2016-06-13,26.38,26.38,26.238,26.32,9306,0
2016-06-14,26.27,26.33,26.25,26.26,14990,0
2016-06-15,26.3,26.4,26.25,26.25,40717,0
2016-06-16,26.25,26.25,26.119,26.2,21435,0
2016-06-17,26.16,26.33,26.16,26.31,20939,0
2016-06-20,26.3,26.39,26.3,26.35,40937,0
2016-06-21,26.31,26.4,26.31,26.39,21644,0
2016-06-22,26.31,26.36,26.28,26.28,11509,0
2016-06-23,26.35,26.35,26.2333,26.26,10091,0
2016-06-24,25.5,26.24,25.5,26.23,14538,0
2016-06-27,26.16,26.19,26.054,26.16,8472,0
2016-06-28,26.16,26.34,26.16,26.34,20409,0
2016-06-29,26.33,26.41,26.33,26.36,26524,0
2016-06-30,26.36,26.605,26.289,26.54,23166,0
2016-07-01,26.48,26.64,26.48,26.55,14764,0
2016-07-05,26.49,26.55,26.43,26.53,12733,0
2016-07-06,26.48,26.52,26.3,26.3,15537,0
2016-07-07,26.31,26.54,26.31,26.53,17271,0
2016-07-08,26.47,26.7,26.47,26.7,22683,0
2016-07-11,26.57,26.7,26.55,26.69,10530,0
2016-07-12,26.63,26.97,26.63,26.97,15499,0
2016-07-13,26.75,27.08,26.73,27.08,16307,0
2016-07-14,26.99,27.08,26.95,27.08,20822,0
2016-07-15,26.96,27.24,26.96,27.11,63146,0
2016-07-18,27.1,27.21,27.07,27.13,18102,0
2016-07-19,27.1,27.25,27.09,27.24,14625,0
2016-07-20,27.19,27.37,27.1728,27.37,11131,0
2016-07-21,27.43,27.46,27.1,27.355,18537,0
2016-07-22,27.32,27.6,27.32,27.59,13118,0
2016-07-25,27.46,27.65,27.4474,27.62,17331,0
2016-07-26,27.51,27.63,27.39,27.46,34266,0
2016-07-27,27.4,27.48,27.4,27.47,19017,0
2016-07-28,27.34,27.48,27.34,27.47,24716,0
2016-07-29,27.38,27.65,27.38,27.55,34046,0
2016-08-01,27.44,27.65,27.44,27.64,13486,0
2016-08-02,27.47,27.52,27.41,27.51,34913,0
2016-08-03,27.39,27.51,27.39,27.51,22684,0
2016-08-04,27.42,27.49,27.38,27.48,15285,0
2016-08-05,27.43,27.48,27.4085,27.45,16880,0
2016-08-08,27.4,27.49,27.36,27.39,96478,0
2016-08-09,27.25,27.363,27.16,27.25,31714,0
2016-08-10,27.12,27.22,27.051,27.1699,24145,0
2016-08-11,27.06,27.17,27.0471,27.08,13427,0
2016-08-12,27,27.04,26.89,26.97,23059,0
2016-08-15,26.67,26.93,26.6,26.7499,19234,0
2016-08-16,26.47,26.59,26.35,26.47,23644,0
2016-08-17,26.5,26.78,26.45,26.61,39232,0
2016-08-18,26.55,26.63,26.39,26.47,18655,0
2016-08-19,26.5,26.54,26.25,26.26,11030,0
2016-08-22,26.26,26.38,26.257,26.35,6573,0
2016-08-23,26.48,26.56,26.45,26.53,7158,0
2016-08-24,26.42,26.57,26.42,26.5001,7734,0
2016-08-25,26.33,26.6501,26.33,26.35,31450,0
2016-08-26,26.31,26.488,26.3,26.42,24111,0
2016-08-29,26.42,26.4899,26.42,26.42,7703,0
2016-08-30,26.36,26.53,26.36,26.5,14745,0
2016-08-31,26.44,26.49,26.33,26.33,20770,0
2016-09-01,26.34,26.64,26.34,26.53,13652,0
2016-09-02,26.47,26.87,26.45,26.87,10244,0
2016-09-06,26.75,26.89,26.62,26.84,18947,0
2016-09-07,26.66,26.9,26.65,26.86,10582,0
2016-09-08,26.67,26.8188,26.61,26.65,21671,0
2016-09-09,26.37,26.66,26.3401,26.445,8308,0
2016-09-12,26.17,26.37,26.13,26.32,17382,0
2016-09-13,25.76,25.9279,25.63,25.81,19431,0
2016-09-14,25.73,25.91,25.7235,25.9,9378,0
2016-09-15,25.75,26.08,25.73,25.85,14243,0
2016-09-16,25.8,26.0103,25.7,25.7,16064,0
2016-09-19,25.73,25.86,25.73,25.85,13726,0
2016-09-20,25.83,25.96,25.82,25.84,17326,0
2016-09-21,25.8,25.96,25.8,25.93,14378,0
2016-09-22,25.96,26.111,25.81,25.8299,26442,0
2016-09-23,25.81,25.85,25.75,25.77,33281,0
2016-09-26,25.77,25.96,25.75,25.79,11992,0
2016-09-27,25.85,25.94,25.8033,25.86,10341,0
2016-09-28,25.85,25.94,25.85,25.86,14633,0
2016-09-29,25.84,25.99,25.63,25.63,14935,0
2016-09-30,25.61,25.75,25.583,25.62,11905,0
2016-10-03,25.65,25.829,25.65,25.81,10010,0
2016-10-04,25.75,26.02,25.75,25.96,8492,0
2016-10-05,25.87,26.1,25.8171,25.9597,8116,0
2016-10-06,25.9,26.03,25.71,25.8109,23348,0
2016-10-07,25.77,25.77,25.66,25.75,11293,0
2016-10-10,25.68,25.7392,25.66,25.66,10246,0
2016-10-11,25.65,25.7266,25.58,25.58,10289,0
2016-10-12,25.57,25.68,25.54,25.55,10160,0
2016-10-13,25.54,25.5721,25.51,25.51,8717,0
2016-10-14,25.54,25.62,25.52,25.55,17569,0
2016-10-17,25.55,25.57,25.52,25.53,11158,0
2016-10-18,25.56,25.65,25.56,25.62,28827,0
2016-10-19,25.6,25.68,25.6,25.63,9408,0
2016-10-20,25.6,25.69,25.6,25.67,13061,0
2016-10-21,25.72,25.84,25.69,25.84,44041,0
2016-10-24,25.84,25.9,25.79,25.8,20130,0
2016-10-25,25.73,25.8295,25.73,25.75,33695,0
2016-10-26,25.7,25.78,25.7,25.76,8834,0
2016-10-27,25.72,25.79,25.7198,25.75,13242,0
2016-10-28,25.61,25.65,25.6,25.62,13634,0
2016-10-31,25.61,25.69,25.57,25.57,43647,0
2016-11-01,25.57,25.6,25.51,25.55,51732,0
2016-11-02,25.54,25.562,25.5,25.51,26753,0
2016-11-03,25.5,25.5,25.46,25.49,29039,0
2016-11-04,25.45,25.52,25.41,25.46,126009,0
2016-11-07,25.49,25.53,25.46,25.46,26257,0
2016-11-08,25.46,25.4899,25.45,25.47,69746,0
2016-11-09,25.4,25.46,25.31,25.38,45775,0
2016-11-10,25.38,25.4,25.18,25.36,152210,0
2016-11-11,25.33,25.4,25.31,25.37,31514,0
2016-11-14,25.24,25.43,25.21,25.2667,42371,0
2016-11-15,25.28,25.44,25.23,25.43,38679,0
2016-11-16,25.3,25.54,25.3,25.39,28724,0
2016-11-17,25.36,25.48,25.3,25.46,34836,0
2016-11-18,25.37,25.45,25.28,25.3,26845,0
2016-11-21,25.38,25.45,25.34,25.41,15596,0
2016-11-22,25.38,25.4379,25.38,25.4331,16218,0
2016-11-23,25.4,25.48,25.39,25.47,17970,0
2016-11-25,25.42,25.48,25.42,25.48,2880,0
2016-11-28,25.46,25.53,25.44,25.46,35975,0
2016-11-29,25.45,25.51,25.45,25.51,9851,0
2016-11-30,25.45,25.52,25.424,25.48,15744,0
2016-12-01,25.42,25.49,25.4,25.47,37363,0
2016-12-02,25.5,25.52,25.48,25.52,156508,0
2016-12-05,25.48,25.53,25.48,25.5,8414,0
2016-12-06,25.48,25.56,25.48,25.51,20874,0
2016-12-07,25.48,25.585,25.48,25.55,33270,0
2016-12-08,25.51,25.63,25.51,25.52,16229,0
2016-12-09,25.51,25.52,25.48,25.48,19094,0
2016-12-12,25.47,25.5336,25.45,25.52,29843,0
2016-12-13,25.16,25.16,25.07,25.1,40988,0
2016-12-14,25.08,25.17,25.08,25.12,55066,0
2016-12-15,25.12,25.2883,25.12,25.15,27925,0
2016-12-16,25.15,25.234,25.15,25.15,13909,0
2016-12-19,25.16,25.2,25.1021,25.13,15505,0
2016-12-20,25.13,25.15,25.1,25.13,29402,0
2016-12-21,25.13,25.15,25.11,25.15,23616,0
2016-12-22,25.15,25.16,25.13,25.15,11911,0
2016-12-23,25.15,25.23,25.11,25.21,33160,0
2016-12-27,25.17,25.1912,25.14,25.15,13403,0
2016-12-28,25.15,25.19,25.1,25.14,33269,0
2016-12-29,25.14,25.16,25.12,25.14,15899,0
2016-12-30,25.14,25.18,25.14,25.17,17135,0
2017-01-03,25.171,25.3,25.17,25.27,64792,0
2017-01-04,25.28,25.39,25.28,25.3817,11993,0
2017-01-05,25.31,25.3813,25.17,25.31,21093,0
2017-01-06,25.26,25.35,25.26,25.26,17502,0
2017-01-09,25.27,25.34,25.26,25.27,13476,0
2017-01-10,25.27,25.39,25.27,25.39,15956,0
2017-01-11,25.35,25.45,25.35,25.41,11777,0
2017-01-12,25.4,25.5,25.4,25.47,9622,0
2017-01-13,25.49,25.49,25.3981,25.41,14095,0
2017-01-17,25.4,25.5,25.4,25.41,11628,0
2017-01-18,25.4,25.5,25.4,25.43,12704,0
2017-01-19,25.44,25.44,25.28,25.33,27442,0
2017-01-20,25.3,25.44,25.23,25.23,75318,0
2017-01-23,25.29,25.45,25.28,25.36,14740,0
2017-01-24,25.36,25.42,25.36,25.42,5698,0
2017-01-25,25.39,25.436,25.37,25.4,10161,0
2017-01-26,25.37,25.44,25.35,25.43,15069,0
2017-01-27,25.4,25.455,25.4,25.43,13456,0
2017-01-30,25.42,25.4224,25.4,25.41,12019,0
2017-01-31,25.42,25.42,25.4,25.41,10573,0
2017-02-01,25.4,25.4299,25.4,25.4078,18905,0
2017-02-02,25.4,25.43,25.4,25.4201,5653,0
2017-02-03,25.4,25.44,25.4,25.43,10117,0
2017-02-06,25.43,25.45,25.4,25.43,11932,0
2017-02-07,25.43,25.44,25.42,25.43,8449,0
2017-02-08,25.41,25.42,25.375,25.4,42181,0
2017-02-09,25.37,25.4088,25.37,25.39,12656,0
2017-02-10,25.35,25.4,25.35,25.4,16177,0
2017-02-13,25.41,25.41,25.37,25.38,12231,0
2017-02-14,25.37,25.4,25.37,25.38,16510,0
2017-02-15,25.38,25.4,25.36,25.4,15721,0
2017-02-16,25.39,25.4,25.38,25.4,6509,0
2017-02-17,25.38,25.4,25.38,25.4,13947,0
2017-02-21,25.39,25.4,25.38,25.39,6001,0
2017-02-22,25.38,25.4,25.38,25.39,7833,0
2017-02-23,25.4,25.4,25.38,25.4,9440,0
2017-02-24,25.38,25.4,25.38,25.39,9375,0
2017-02-27,25.39,25.49,25.39,25.46,9471,0
2017-02-28,25.4,25.44,25.4,25.42,13529,0
2017-03-01,25.4,25.4273,25.4,25.4006,4692,0
2017-03-02,25.4,25.4399,25.4,25.4399,2678,0
2017-03-03,25.41,25.49,25.4,25.49,5595,0
2017-03-06,25.47,25.48,25.45,25.47,6750,0
2017-03-07,25.46,25.51,25.46,25.47,11168,0
2017-03-08,25.44,25.4555,25.42,25.42,7717,0
2017-03-09,25.42,25.44,25.42,25.4368,10386,0
2017-03-10,25.41,25.54,25.41,25.505,12395,0
2017-03-13,25.13,25.13,25.02,25.06,11551,0
2017-03-14,25.07,25.08,25.0289,25.08,17385,0
2017-03-15,25.08,25.08,25.05,25.08,30415,0
2017-03-16,25.14,25.14,25.055,25.09,34478,0
2017-03-17,25.12,25.16,25.09,25.12,86291,0
2017-03-20,25.16,25.16,25.09,25.14,30694,0
2017-03-21,25.17,25.17,25.09,25.1,37549,0
2017-03-22,25.15,25.1807,25.15,25.1501,14274,0
2017-03-23,25.2,25.2498,25.2,25.24,20646,0
2017-03-24,25.27,25.3,25.27,25.28,14969,0
2017-03-27,25.34,25.35,25.2606,25.27,21369,0
2017-03-28,25.3,25.3001,25.23,25.23,14891,0
2017-03-29,25.27,25.27,25.13,25.14,51493,0
2017-03-30,25.17,25.18,25.14,25.14,28223,0
2017-03-31,25.19,25.21,25.15,25.17,125989,0
2017-04-03,25.2,25.31,25.2,25.31,33888,0
2017-04-04,25.31,25.34,25.2735,25.34,12302,0
2017-04-05,25.3,25.36,25.3,25.35,13306,0
2017-04-06,25.34,25.38,25.3259,25.38,18497,0
2017-04-07,25.4,25.4,25.3261,25.3506,19913,0
2017-04-10,25.43,25.437,25.39,25.437,9115,0
2017-04-11,25.43,25.43,25.38,25.43,11157,0
2017-04-12,25.4,25.45,25.4,25.45,7032,0
2017-04-13,25.41,25.46,25.41,25.46,4924,0
2017-04-17,25.44,25.46,25.42,25.46,8607,0
2017-04-18,25.39,25.88,25.39,25.6299,28480,0
2017-04-19,25.69,25.69,25.5,25.53,10462,0
2017-04-20,25.6,25.62,25.59,25.59,7071,0
2017-04-21,25.65,25.65,25.47,25.56,14110,0
2017-04-24,25.48,25.57,25.45,25.5,9283,0
2017-04-25,25.48,25.6299,25.48,25.59,6636,0
2017-04-26,25.59,25.59,25.25,25.25,106314,0
2017-04-27,25.28,25.3499,25.27,25.3399,108246,0
2017-04-28,25.31,25.33,25.28,25.33,33405,0
2017-05-01,25.34,25.35,25.33,25.35,18370,0
2017-05-02,25.35,25.35,25.29,25.35,100380,0
2017-05-03,25.31,25.349,25.28,25.3,112591,0
2017-05-04,25.31,25.329,25.28,25.3,76551,0
2017-05-05,25.31,25.33,25.28,25.32,75361,0
2017-05-08,25.32,25.33,25.29,25.3,64638,0
2017-05-09,25.33,25.33,25.31,25.31,45559,0
2017-05-10,25.34,25.38,25.2921,25.3,55814,0
2017-05-11,25.3,25.34,25.285,25.34,554360,0
2017-05-12,25.33,25.34,25.31,25.33,155862,0
2017-05-15,25.36,25.37,25.3201,25.325,307307,0
2017-05-16,25.38,25.38,25.34,25.36,17641,0
2017-05-17,25.37,25.49,25.35,25.35,103592,0
2017-05-18,25.36,25.42,25.36,25.4,15845,0
2017-05-19,25.38,25.47,25.37,25.38,105916,0
2017-05-22,25.38,25.45,25.36,25.37,10331,0
2017-05-23,25.49,25.49,25.39,25.4199,21057,0
2017-05-24,25.4,25.45,25.3782,25.41,196011,0
2017-05-25,25.42,25.45,25.41,25.4299,27880,0
2017-05-26,25.43,25.44,25.43,25.43,20638,0
2017-05-30,25.48,25.48,25.4,25.44,8552,0
2017-05-31,25.44,25.48,25.43,25.48,25473,0
2017-06-01,25.5,25.54,25.48,25.49,20983,0
2017-06-02,25.49,25.55,25.47,25.53,15022,0
2017-06-05,25.53,25.57,25.49,25.55,38907,0
2017-06-06,25.55,25.65,25.5,25.55,34467,0
2017-06-07,25.57,25.58,25.52,25.53,9869,0
2017-06-08,25.56,25.62,25.5593,25.59,40979,0
2017-06-09,25.61,25.6548,25.61,25.63,15137,0
2017-06-12,25.65,25.86,25.65,25.84,78810,0
2017-06-13,25.44,25.44,25.36,25.43,58453,0
2017-06-14,25.44,25.55,25.43,25.47,63602,0
2017-06-15,25.47,25.55,25.45,25.45,62052,0
2017-06-16,25.46,25.51,25.45,25.5,279817,0
2017-06-19,25.47,25.52,25.43,25.43,25748,0
2017-06-20,25.44,25.44,25.4201,25.44,9158,0
2017-06-21,25.47,25.56,25.47,25.54,13399,0
2017-06-22,25.55,25.6,25.55,25.6,5320,0
2017-06-23,25.58,25.7,25.57,25.57,18666,0
2017-06-26,25.66,25.66,25.6376,25.65,8034,0
2017-06-27,25.65,25.6525,25.56,25.63,13063,0
2017-06-28,25.64,25.65,25.59,25.65,17612,0
2017-06-29,25.56,25.61,25.53,25.57,6490,0
2017-06-30,25.64,25.65,25.5667,25.65,7906,0
2017-07-03,25.53,25.66,25.53,25.66,5415,0
2017-07-05,25.65,25.65,25.5867,25.65,9182,0
2017-07-06,25.6,25.64,25.5176,25.64,12142,0
2017-07-07,25.63,25.64,25.5575,25.64,5850,0
2017-07-10,25.58,25.61,25.58,25.61,16825,0
2017-07-11,25.51,25.5878,25.51,25.569,9805,0
2017-07-12,25.51,25.59,25.51,25.57,16183,0
2017-07-13,25.64,25.64,25.51,25.51,24550,0
2017-07-14,25.52,25.63,25.52,25.53,8091,0
2017-07-17,25.65,25.65,25.54,25.54,26998,0
2017-07-18,25.54,25.54,25.51,25.53,13429,0
2017-07-19,25.53,25.535,25.5,25.5,20197,0
2017-07-20,25.6,25.6,25.523,25.55,12309,0
2017-07-21,25.6,25.69,25.57,25.69,44252,0
2017-07-24,25.56,25.66,25.47,25.5,40774,0
2017-07-25,25.53,25.53,25.43,25.5,18988,0
2017-07-26,25.47,25.5,25.4448,25.45,41187,0
2017-07-27,25.45,25.54,25.45,25.5,14775,0
2017-07-28,25.45,25.48,25.43,25.43,249578,0
2017-07-31,25.47,25.49,25.46,25.46,20549,0
2017-08-01,25.49,25.55,25.49,25.52,22699,0
2017-08-02,25.51,25.55,25.5,25.5,16365,0
2017-08-03,25.52,25.54,25.5,25.5017,13627,0
2017-08-04,25.5217,25.5529,25.45,25.4945,49896,0
2017-08-07,25.52,25.52,25.43,25.43,41880,0
2017-08-08,25.47,25.5,25.44,25.46,36289,0
2017-08-09,25.5,25.5,25.38,25.43,39846,0
2017-08-10,25.44,25.44,25.38,25.4,47082,0
2017-08-11,25.4,25.44,25.37,25.3998,92652,0
2017-08-14,25.41,25.43,25.32,25.32,131363,0
2017-08-15,25.35,25.36,25.3,25.32,38879,0
2017-08-16,25.32,25.39,25.32,25.39,77772,0
2017-08-17,25.36,25.4,25.36,25.38,32682,0
2017-08-18,25.38,25.44,25.371,25.41,92313,0
2017-08-21,25.41,25.45,25.41,25.43,21329,0
2017-08-22,25.42,25.43,25.4,25.43,29348,0
2017-08-23,25.41,25.51,25.41,25.43,78311,0
2017-08-24,25.43,25.64,25.43,25.56,92801,0
2017-08-25,25.56,25.6,25.56,25.5792,11742,0
2017-08-28,25.58,25.64,25.55,25.61,26979,0
2017-08-29,25.51,25.63,25.51,25.61,44255,0
2017-08-30,25.64,25.66,25.59,25.64,56055,0
2017-08-31,25.69,25.84,25.651,25.83,26027,0
2017-09-01,25.71,25.81,25.7,25.81,21831,0
2017-09-05,25.75,25.7899,25.71,25.7463,28236,0
2017-09-06,25.75,25.81,25.7299,25.81,7880,0
2017-09-07,25.81,25.81,25.78,25.81,7585,0
2017-09-08,25.83,25.95,25.81,25.95,9019,0
2017-09-11,25.95,25.95,25.89,25.92,4569,0
2017-09-12,25.94,26,25.881,25.97,10701,0
2017-09-13,25.95,26.01,25.92,25.92,6105,0
2017-09-14,25.61,25.61,25.41,25.46,24884,0
2017-09-15,25.45,25.54,25.45,25.5,11550,0
2017-09-18,25.54,25.5999,25.5011,25.5999,10769,0
2017-09-19,25.59,25.77,25.5789,25.7191,34164,0
2017-09-20,25.74,25.74,25.66,25.66,24628,0
2017-09-21,25.63,25.7,25.61,25.62,17735,0
2017-09-22,25.68,25.68,25.5889,25.65,16559,0
2017-09-25,25.65,25.65,25.45,25.6,15738,0
2017-09-26,25.65,25.6624,25.541,25.5707,8020,0
2017-09-27,25.56,25.62,25.55,25.62,7321,0
2017-09-28,25.59,25.59,25.46,25.51,23750,0
2017-09-29,25.47,25.5,25.42,25.45,27312,0
2017-10-02,25.45,25.45,25.32,25.33,44070,0
2017-10-03,25.33,25.4093,25.31,25.31,25845,0
2017-10-04,25.31,25.4084,25.28,25.3,33166,0
2017-10-05,25.3,25.38,25.3,25.37,43334,0
2017-10-06,25.34,25.34,25.29,25.3,42022,0
2017-10-09,25.3,25.3586,25.3,25.32,35132,0
2017-10-10,25.3199,25.33,25.3,25.31,13692,0
2017-10-11,25.3,25.321,25.3,25.32,6566,0
2017-10-12,25.31,25.35,25.31,25.3382,4986,0
2017-10-13,25.33,25.37,25.33,25.37,4888,0
2017-10-16,25.36,25.4,25.36,25.384,29424,0
2017-10-17,25.41,25.41,25.37,25.37,78993,0
2017-10-18,25.4,25.42,25.39,25.4,16289,0
2017-10-19,25.39,25.4,25.38,25.388,11941,0
2017-10-20,25.39,25.39,25.37,25.39,13755,0
2017-10-23,25.4,25.4,25.38,25.3924,8515,0
2017-10-24,25.392,25.4,25.381,25.381,6709,0
2017-10-25,25.39,25.39,25.36,25.36,30366,0
2017-10-26,25.36,25.36,25.35,25.3552,16121,0
2017-10-27,25.34,25.43,25.333,25.36,20542,0
2017-10-30,25.4157,25.43,25.3794,25.3966,7218,0
2017-10-31,25.4,25.42,25.36,25.36,11457,0
2017-11-01,25.41,25.41,25.38,25.3899,6142,0
2017-11-02,25.39,25.39,25.38,25.3898,4954,0
2017-11-03,25.3858,25.43,25.3727,25.43,14515,0
2017-11-06,25.38,25.43,25.38,25.43,10769,0
2017-11-07,25.43,25.48,25.41,25.45,41701,0
2017-11-08,25.45,25.45,25.4,25.4,11736,0
2017-11-09,25.39,25.43,25.39,25.41,11638,0
2017-11-10,25.38,25.39,25.37,25.3899,17728,0
