2016-01-04,60.53,60.549,59.565,59.906,559875,0
2016-01-05,59.926,60.339,59.383,60.127,615062,0
2016-01-06,59.964,60.685,59.743,60.319,426588,0
2016-01-07,59.713,60.228,59.513,59.733,449763,0
2016-01-08,59.723,62.903,59.263,59.802,502169,0
2016-01-11,59.273,60.213,59.273,60.002,522406,0
2016-01-12,60.223,60.223,59.08,59.639,553460,0
2016-01-13,59.811,59.926,59.08,59.302,535450,0
2016-01-14,59.436,60.761,59.416,60.492,473895,0
2016-01-15,58.649,60.585,57.63,60.483,722595,0
2016-01-19,60.943,61.684,60.569,61.433,649558,0
2016-01-20,61.329,61.651,59.12,59.926,606062,0
2016-01-21,59.974,60.213,59.186,59.916,682313,0
2016-01-22,60.223,61.549,59.377,61.492,587289,0
2016-01-25,61.586,62.393,60.839,61.319,755021,0
2016-01-26,61.606,62.884,61.606,62.827,869516,0
2016-01-27,62.808,63.301,62.249,62.558,623005,0
2016-01-28,62.998,64.939,62.923,64.537,1047490,0
2016-01-29,65.036,66.486,64.892,66.486,1825612,0
2016-02-01,66.524,67.053,65.679,65.881,1176726,0
2016-02-02,65.958,67.207,65.258,67.137,842878,0
2016-02-03,66.274,67.754,66.177,66.965,1096249,0
2016-02-04,66.909,67.187,66.131,66.88,1037432,0
2016-02-05,66.831,67.092,65.958,66.784,696088,0
2016-02-08,66.727,67.157,66.279,67.092,537074,0
2016-02-09,66.974,68.176,66.466,68.003,703401,0
2016-02-10,68.11,68.11,66.939,67.504,911095,0
2016-02-11,67.024,67.744,66.841,67.514,656338,0
2016-02-12,68.11,68.273,66.034,67.072,1286680,0
2016-02-16,67.801,68.118,67.053,67.648,1158599,0
2016-02-17,67.667,67.696,66.303,66.89,1113713,0
2016-02-18,66.995,68.793,66.754,68.437,1263942,0
2016-02-19,67.923,68.503,67.518,67.739,921709,0
2016-02-22,67.827,68.089,67.633,67.991,823603,0
2016-02-23,67.991,68.657,67.817,68.079,625796,0
2016-02-24,68.079,68.705,66.939,68.667,1353973,0
2016-02-25,69.015,69.48,68.647,69.209,663288,0
2016-02-26,68.919,69.121,67.455,67.788,910543,0
2016-02-29,67.691,67.961,65.855,67.073,7083854,0
2016-03-01,67.391,67.624,66.628,66.939,937429,0
2016-03-02,66.965,67.991,66.29,67.961,773028,0
2016-03-03,67.923,67.933,66.792,67.277,1006085,0
2016-03-04,66.821,68.687,66.811,68.318,1064492,0
2016-03-07,67.943,68.483,67.721,68.3,845406,0
2016-03-08,68.765,68.947,68.223,68.397,735034,0
2016-03-09,68.193,69.064,67.905,68.522,634610,0
2016-03-10,68.601,68.88,68.019,68.541,788676,0
2016-03-11,68.745,68.899,68.263,68.561,690230,0
2016-03-14,68.697,68.995,68.135,68.89,508508,0
2016-03-15,68.687,69.673,68.687,69.305,600068,0
2016-03-16,69.189,69.962,68.637,69.914,704711,0
2016-03-17,69.914,70.696,69.663,70.484,686452,0
2016-03-18,70.001,70.295,68.821,69.653,1705735,0
2016-03-21,69.393,69.573,68.611,68.919,613611,0
2016-03-22,69.102,69.47,68.745,69.199,467193,0
2016-03-23,69.285,69.614,68.697,69.421,393499,0
2016-03-24,69.46,70.078,69.228,69.942,508327,0
2016-03-28,70.29,70.522,69.682,70.126,398182,0
2016-03-29,70.358,71.875,69.857,71.827,688206,0
2016-03-30,72.087,72.087,71.363,71.557,516681,0
2016-03-31,71.451,71.933,70.996,71.76,828672,0
2016-04-01,71.489,72.341,71.142,72.049,819145,0
2016-04-04,72.321,72.321,71.324,71.875,720508,0
2016-04-05,71.855,71.855,70.61,70.746,489810,0
2016-04-06,70.581,71.015,70.345,71.005,513929,0
2016-04-07,70.977,71.353,70.667,71.16,1426879,0
2016-04-08,71.219,72.059,70.87,71.691,600184,0
2016-04-11,71.837,72.107,71.142,71.257,411619,0
2016-04-12,71.209,71.895,71.015,71.498,658100,0
2016-04-13,71.663,71.663,70.758,71.403,369506,0
2016-04-14,71.403,71.827,70.639,70.639,501584,0
2016-04-15,70.774,71.451,70.658,71.15,701822,0
2016-04-18,71.403,71.403,70.948,71.199,395945,0
2016-04-19,71.199,71.77,70.92,71.547,393287,0
2016-04-20,71.615,71.983,70.106,70.175,359700,0
2016-04-21,69.982,69.982,68.039,68.223,490095,0
2016-04-22,68.213,69.054,68.108,68.909,430401,0
2016-04-25,68.784,69.121,68.611,68.919,403109,0
2016-04-26,69.084,69.614,68.985,69.295,370669,0
2016-04-27,69.393,70.046,68.657,69.383,392705,0
2016-04-28,69.005,70.041,68.899,69.644,318251,0
2016-04-29,69.276,70.243,68.802,70.106,651473,0
2016-05-02,70.29,70.85,70.116,70.494,645085,0
2016-05-03,70.813,71.015,70.233,70.368,542501,0
2016-05-04,70.503,72.311,70.204,71.596,665861,0
2016-05-05,69.759,72.331,69.691,71.093,958234,0
2016-05-06,71.103,71.373,70.349,71.112,598386,0
2016-05-09,71.413,72.117,71.168,71.799,560453,0
2016-05-10,71.895,72.523,71.721,71.953,417059,0
2016-05-11,71.992,72.435,71.634,72.02,588647,0
2016-05-12,71.837,72.194,71.632,71.983,1258454,0
2016-05-13,72.02,72.495,71.343,71.76,836211,0
2016-05-16,71.914,72.571,71.507,72.465,1033014,0
2016-05-17,72.311,72.311,69.982,70.31,614047,0
2016-05-18,69.866,70.86,69.15,69.353,611500,0
2016-05-19,69.091,69.946,68.858,69.878,415745,0
2016-05-20,69.986,70.19,69.48,70.082,528727,0
2016-05-23,70.141,70.275,69.431,69.461,334203,0
2016-05-24,69.48,70.452,68.936,70.394,766957,0
2016-05-25,70.238,70.5,69.771,69.85,498544,0
2016-05-26,69.946,70.423,69.86,70.345,493533,0
2016-05-27,70.491,70.665,69.878,70.656,521379,0
2016-05-31,70.694,71.094,70.335,70.859,1042234,0
2016-06-01,70.859,71.444,70.588,70.869,551685,0
2016-06-02,70.977,70.977,70.394,70.665,568482,0
2016-06-03,71.435,72.854,71.18,72.639,582226,0
2016-06-06,72.89,72.96,72.055,72.279,552299,0
2016-06-07,72.249,72.715,71.035,72.376,365567,0
2016-06-08,72.514,72.96,72.269,72.804,340618,0
2016-06-09,72.9,74.35,72.804,74.253,285198,0
2016-06-10,74.263,74.475,73.738,73.824,339373,0
2016-06-13,73.893,74.194,73.465,73.62,401082,0
2016-06-14,73.679,74.165,73.34,74.135,502284,0
2016-06-15,74.233,74.243,73.194,73.873,566746,0
2016-06-16,73.776,74.438,73.65,74.194,276706,0
2016-06-17,73.815,74.078,73.175,73.854,625368,0
2016-06-20,73.854,74.213,73.405,74.048,408319,0
2016-06-21,74.048,74.767,73.679,74.485,341850,0
2016-06-22,74.7,74.749,74.223,74.398,508834,0
2016-06-23,74.545,74.777,74.135,74.777,338611,0
2016-06-24,74.145,75.768,73.728,74.894,559046,0
2016-06-27,74.68,75.943,74.65,75.692,513722,0
2016-06-28,75.847,76.061,74.962,76.041,459235,0
2016-06-29,76.391,77.043,76.153,76.274,435852,0
2016-06-30,76.644,79.073,76.488,79.045,1179768,0
2016-07-01,79.675,79.675,77.489,78.218,611722,0
2016-07-05,78.432,78.977,77.83,78.86,735290,0
2016-07-06,78.831,79.277,78.218,78.889,905037,0
2016-07-07,78.442,78.442,77.256,77.373,479176,0
2016-07-08,77.295,77.79,76.488,77.76,547329,0
2016-07-11,77.479,77.879,76.888,77.849,531197,0
2016-07-12,77.303,78.16,76.954,77.674,584791,0
2016-07-13,78.238,78.733,77.884,78.48,378041,0
2016-07-14,77.839,78.325,77.595,77.849,446151,0
2016-07-15,77.917,78.345,77.548,77.82,355947,0
2016-07-18,77.898,78.13,77.489,77.664,265959,0
2016-07-19,77.8,77.8,77.47,77.693,253465,0
2016-07-20,77.703,77.795,77.383,77.431,218720,0
2016-07-21,77.228,77.693,76.726,77.508,284912,0
2016-07-22,77.393,78.355,77.303,78.258,236719,0
2016-07-25,77.888,77.906,77.403,77.713,299652,0
2016-07-26,77.81,78.005,77.168,77.363,255584,0
2016-07-27,77.363,77.46,76.196,76.634,530545,0
2016-07-28,76.594,77.303,76.314,77.081,345270,0
2016-07-29,77.158,77.839,77.11,77.558,577197,0
2016-08-01,77.431,77.519,76.868,77.198,292159,0
2016-08-02,76.935,77.178,76.449,77.003,386052,0
2016-08-03,77.119,77.238,76.041,76.703,387170,0
2016-08-04,75.758,77.935,75.72,76.799,476714,0
2016-08-05,76.76,76.76,75.536,75.933,386833,0
2016-08-08,75.788,76.274,75.166,75.448,363453,0
2016-08-09,75.389,75.748,75.128,75.243,309750,0
2016-08-10,75.389,75.613,75.05,75.224,332852,0
2016-08-11,75.185,75.593,75.03,75.185,211802,0
2016-08-12,75.517,75.818,74.991,75.098,181713,0
2016-08-15,75.108,75.205,73.553,73.65,484304,0
2016-08-16,73.388,73.485,72.183,72.201,509959,0
2016-08-17,72.154,73.222,71.804,73.145,474414,0
2016-08-18,73.321,74.297,73.15,74.297,578206,0
2016-08-19,73.447,73.946,72.822,73.398,402583,0
2016-08-22,73.526,73.789,73.291,73.535,310133,0
2016-08-23,73.613,74.093,73.165,73.212,362446,0
2016-08-24,73.155,73.276,72.44,73.036,363258,0
2016-08-25,72.989,73.516,72.352,73.231,320167,0
2016-08-26,73.341,73.828,71.952,72.128,282412,0
2016-08-29,72.324,73.241,72.324,72.812,310077,0
2016-08-30,72.979,73.575,72.049,72.225,348434,0
2016-08-31,72.138,72.557,71.601,72.039,432381,0
2016-09-01,72.02,72.186,71.405,71.601,281737,0
2016-09-02,71.697,72.733,71.482,72.304,546198,0
2016-09-06,72.45,73.251,72.411,73.008,505730,0
2016-09-07,73.046,74.425,72.646,73.809,439396,0
2016-09-08,73.633,74.063,73.301,73.692,338371,0
2016-09-09,72.909,73.36,70.241,70.261,558689,0
2016-09-12,70.154,71.676,69.997,71.581,712514,0
2016-09-13,71.326,71.405,70.554,70.955,760219,0
2016-09-14,71.082,71.658,70.653,71.003,777779,0
2016-09-15,71.052,71.932,70.965,71.853,536908,0
2016-09-16,71.591,72.553,71.258,72.42,886920,0
2016-09-19,72.42,73.789,72.42,73.751,508622,0
2016-09-20,74.209,74.288,73.457,73.506,635129,0
2016-09-21,73.721,75.207,73.593,75.129,395981,0
2016-09-22,75.677,75.969,74.923,75.9,634316,0
2016-09-23,75.501,75.773,74.914,74.914,486639,0
2016-09-26,74.865,75.325,74.689,74.943,282454,0
2016-09-27,75.021,75.391,74.068,74.2,338396,0
2016-09-28,74.279,74.454,73.487,74.131,282879,0
2016-09-29,74.161,74.161,72.773,73.194,386939,0
2016-09-30,73.603,73.633,72.289,72.793,650169,0
2016-10-03,72.666,72.714,71.601,72.069,501801,0
2016-10-04,71.982,72.128,69.155,69.665,592353,0
2016-10-05,69.821,70.124,68.873,69.019,594746,0
2016-10-06,68.951,69.465,68.454,69.146,516339,0
2016-10-07,69.557,69.948,68.324,68.491,588214,0
2016-10-10,68.344,69.361,68.111,69.107,394416,0
2016-10-11,68.863,68.932,67.377,67.406,606283,0
2016-10-12,67.505,68.6,67.505,68.453,338033,0
2016-10-13,68.56,69.938,68.56,69.411,539346,0
2016-10-14,69.245,70.017,68.831,69.48,490574,0
2016-10-17,69.586,70.124,69.42,70.065,269836,0
2016-10-18,70.339,70.809,69.48,70.544,469136,0
2016-10-19,70.593,70.999,70.055,70.69,372779,0
2016-10-20,70.662,71.239,70.239,70.544,448590,0
2016-10-21,70.154,70.397,69.693,70.104,302605,0
2016-10-24,70.613,70.749,69.953,70.231,234311,0
2016-10-25,70.104,70.534,69.928,70.514,262731,0
2016-10-26,70.368,70.819,69.988,70.749,229958,0
2016-10-27,70.397,70.74,69.693,70.241,320409,0
2016-10-28,70.3,70.955,70.154,70.358,246410,0
2016-10-31,71.003,72.969,70.564,72.714,1118621,0
2016-11-01,72.607,72.607,70.31,70.329,348940,0
2016-11-02,70.28,70.349,69.137,69.284,375193,0
2016-11-03,68.932,70.154,68.54,69.752,323813,0
2016-11-04,70.134,70.71,69.371,69.371,360813,0
2016-11-07,69.928,71.179,69.45,71.111,336034,0
2016-11-08,70.994,72.274,70.994,71.521,419673,0
2016-11-09,70.134,71.082,69.653,70.447,351851,0
2016-11-10,70.759,71.405,66.966,68.883,843024,0
2016-11-11,68.706,69.87,68.667,68.979,595471,0
2016-11-14,68.501,69.411,67.929,69.313,576635,0
2016-11-15,69.527,70.388,69.411,69.841,595593,0
2016-11-16,69.732,70.349,69.137,69.675,497497,0
2016-11-17,69.303,70.114,69.245,69.665,393644,0
2016-11-18,70.007,70.603,69.713,70.017,637864,0
2016-11-21,70.27,71.541,70.037,71.199,592900,0
2016-11-22,71.082,71.601,70.554,70.749,591419,0
2016-11-23,69.923,70.809,69.923,70.376,434702,0
2016-11-25,70.543,71.723,70.543,71.693,262945,0
2016-11-28,71.93,71.97,71.29,71.507,653173,0
2016-11-29,71.32,73.08,71.182,72.933,750822,0
2016-11-30,71.606,72.362,69.953,69.953,981937,0
2016-12-01,69.786,70.312,68.429,69.008,796869,0
2016-12-02,69.49,70.543,69.49,70.297,588272,0
2016-12-05,70.169,70.169,69.117,69.983,437465,0
2016-12-06,70.159,70.356,69.609,69.893,441878,0
2016-12-07,70.346,71.123,69.893,71.123,642980,0
2016-12-08,70.445,71.95,69.816,71.9,458398,0
2016-12-09,72.047,72.319,71.477,72.027,306905,0
2016-12-12,71.753,72.835,71.644,72.756,513213,0
2016-12-13,72.993,73.553,72.589,72.736,468355,0
2016-12-14,73.13,73.337,71.212,71.222,493883,0
2016-12-15,70.946,72.009,70.838,71.803,461083,0
2016-12-16,72.018,73.218,71.943,72.943,1624690,0
2016-12-19,73.347,73.494,72.421,72.893,484074,0
2016-12-20,72.933,73.626,72.692,73.198,424236,0
2016-12-21,72.963,73.769,72.874,73.051,237365,0
2016-12-22,73.1,73.591,72.648,73.434,319843,0
2016-12-23,73.591,73.76,73.196,73.386,207906,0
2016-12-27,72.983,74.015,72.529,73.504,259728,0
2016-12-28,73.573,73.573,72.294,72.481,263618,0
2016-12-29,72.638,73.631,72.638,73.424,366853,0
2016-12-30,73.514,73.648,72.776,72.933,337214,0
2017-01-03,73.12,73.327,72.436,73.327,459062,0
2017-01-04,73.434,74.547,73.434,73.74,675440,0
2017-01-05,73.661,74.261,72.796,73.376,405339,0
2017-01-06,73.14,73.376,72.796,72.953,519012,0
2017-01-09,73.11,73.11,71.95,72.009,324021,0
2017-01-10,72.037,72.334,71.349,72.087,466763,0
2017-01-11,71.88,72.874,71.88,72.874,344194,0
2017-01-12,72.796,73.514,72.009,73.287,498891,0
2017-01-13,73.041,73.858,73.031,73.631,397709,0
2017-01-17,73.976,74.261,73.347,73.514,348874,0
2017-01-18,73.464,74.537,73.464,74.005,417737,0
2017-01-19,73.524,74.163,72.883,73.041,357633,0
2017-01-20,73.1,73.621,72.913,73.484,355149,0
2017-01-23,73.543,73.76,72.876,73.17,301725,0
2017-01-24,73.198,74.054,72.805,73.907,421283,0
2017-01-25,73.553,74.35,73.474,73.75,451191,0
2017-01-26,73.818,74.635,73.769,74.458,374450,0
2017-01-27,74.448,74.89,73.877,74.104,214336,0
2017-01-30,73.828,74.153,73.228,73.591,267602,0
2017-01-31,73.671,75.008,73.484,74.93,505718,0
2017-02-01,74.448,74.979,73.08,73.337,352093,0
2017-02-02,73.366,73.985,73.18,73.848,444512,0
2017-02-03,74.33,74.694,73.937,74.635,257061,0
2017-02-06,74.89,74.89,73.838,74.005,369815,0
2017-02-07,73.937,74.822,73.937,74.723,538991,0
2017-02-08,74.624,74.624,71.389,74.241,828532,0
2017-02-09,74.378,74.743,73.887,73.917,388392,0
2017-02-10,73.769,74.291,73.583,74.211,355836,0
2017-02-13,74.3,74.468,73.887,74.388,231965,0
2017-02-14,73.788,74.408,73.788,74.005,366122,0
2017-02-15,73.267,74.477,73.252,74.448,311899,0
2017-02-16,74.635,74.959,74.163,74.654,338799,0
2017-02-17,74.487,74.841,73.838,74.792,412347,0
2017-02-21,74.418,75.775,74.378,75.775,432054,0
2017-02-22,75.688,76.189,75.491,75.982,407030,0
2017-02-23,76.249,77.061,76.022,76.951,365571,0
2017-02-24,76.922,77.723,76.843,77.347,318123,0
2017-02-27,77.219,77.575,77.12,77.437,283595,0
2017-02-28,77.407,77.921,77.061,77.457,538313,0
2017-03-01,76.566,77.981,75.28,77.783,414247,0
2017-03-02,77.615,78.347,77.515,78.001,376060,0
2017-03-03,78.001,78.04,77.071,77.565,347946,0
2017-03-06,77.495,77.495,77.021,77.298,249726,0
2017-03-07,77.12,77.447,76.961,77.179,281884,0
2017-03-08,76.378,76.9,75.744,75.814,324744,0
2017-03-09,75.903,76.21,75.358,75.438,336649,0
2017-03-10,76.062,77.031,75.715,77.001,471442,0
2017-03-13,76.833,77.327,76.655,77.307,317415,0
2017-03-14,77.289,77.545,76.981,77.495,420025,0
2017-03-15,77.793,79.5,77.793,79.098,485354,0
2017-03-16,79.138,79.138,78.218,78.614,388433,0
2017-03-17,78.544,79.386,78.297,79.078,1200379,0
2017-03-20,79.178,79.613,77.718,77.833,301506,0
2017-03-21,77.842,79.158,77.733,79.05,468714,0
2017-03-22,79.03,79.316,78.337,79.02,452871,0
2017-03-23,78.92,79.692,78.732,79.296,333282,0
2017-03-24,79.416,79.554,79.098,79.286,285468,0
2017-03-27,79.286,79.604,78.366,79.454,265330,0
2017-03-28,79.118,79.702,78.881,79.544,341059,0
2017-03-29,79.386,79.386,78.891,79,351074,0
2017-03-30,79.118,79.118,78.03,78.159,475295,0
2017-03-31,78.139,78.594,77.921,78.149,494769,0
2017-04-03,78.06,78.179,77.585,78.06,412500,0
2017-04-04,77.931,79.064,77.783,78.802,407613,0
2017-04-05,78.862,79.266,78.416,79.178,322273,0
2017-04-06,79.316,79.584,78.584,79.494,226763,0
2017-04-07,79.484,79.821,79.218,79.266,186502,0
2017-04-10,79.316,79.416,78.842,79.386,202915,0
2017-04-11,79.426,79.702,79.033,79.633,308021,0
2017-04-12,79.416,79.791,79.128,79.633,291109,0
2017-04-13,79.643,79.643,78.673,79.296,316558,0
2017-04-17,79.445,80.177,79.098,80.137,187148,0
2017-04-18,80.276,80.286,79.426,79.959,333065,0
2017-04-19,79.93,79.93,79.059,79.208,281314,0
2017-04-20,79.228,79.286,78.554,79.069,256736,0
2017-04-21,78.98,79.426,78.772,78.98,389812,0
2017-04-24,79.266,79.376,78.792,79.158,379594,0
2017-04-25,79.059,79.84,78.416,79.604,271810,0
2017-04-26,79.643,80.811,79.386,80.405,408565,0
2017-04-27,80.603,81.197,80.425,80.533,305986,0
2017-04-28,80.503,80.503,79.494,80.157,901966,0
2017-05-01,80.415,80.415,79.633,79.85,361780,0
2017-05-02,79.791,80.608,79.633,79.86,269327,0
2017-05-03,79.594,79.826,79.128,79.256,239241,0
2017-05-04,79.742,80.593,77.713,80.513,437679,0
2017-05-05,81.009,81.493,80.563,81.295,360222,0
2017-05-08,81.473,81.859,80.731,81.037,285949,0
2017-05-09,80.919,80.929,79.604,79.692,334593,0
2017-05-10,79.752,80.296,79.554,80.029,240215,0
2017-05-11,79.662,79.959,79.316,79.93,354641,0
2017-05-12,80.137,80.671,79.772,80.474,382827,0
2017-05-15,80.385,80.84,80.227,80.493,322723,0
2017-05-16,80.583,80.761,79.386,79.474,256584,0
2017-05-17,79.474,80.093,79.04,79.692,425443,0
2017-05-18,79.832,80.359,79.065,79.951,329224,0
2017-05-19,80.11,80.797,79.424,80.667,245868,0
2017-05-22,80.707,81.334,80.234,81.115,397870,0
2017-05-23,81.244,81.921,80.886,81.672,333707,0
2017-05-24,81.792,82.08,81.483,81.742,290344,0
2017-05-25,81.881,82.811,81.583,82.677,358446,0
2017-05-26,82.717,82.876,82.209,82.428,371565,0
2017-05-30,82.518,82.941,82.07,82.767,280838,0
2017-05-31,82.816,83.194,82.558,82.886,1018415,0
2017-06-01,82.866,85.542,82.727,83.99,475964,0
2017-06-02,84.518,84.766,83.841,84.448,282077,0
2017-06-05,84.279,84.403,83.423,83.453,263049,0
2017-06-06,83.582,83.831,83.354,83.672,423906,0
2017-06-07,83.771,83.861,83.314,83.363,368820,0
2017-06-08,83.105,83.393,82.17,83.115,441640,0
2017-06-09,83.065,83.393,82.607,83.214,310329,0
2017-06-12,83.244,83.592,82.808,83.473,317074,0
2017-06-13,83.652,84.418,83.284,83.901,356987,0
2017-06-14,84.458,84.975,84.13,84.657,350763,0
2017-06-15,84.329,84.786,83.906,84.667,365819,0
2017-06-16,84.687,85.174,84.368,85.105,666052,0
2017-06-19,84.975,85.075,84.279,84.627,282474,0
2017-06-20,84.557,84.627,83.96,84.13,678489,0
2017-06-21,84.149,84.149,83.284,83.453,216246,0
2017-06-22,83.443,83.712,82.966,83.025,238793,0
2017-06-23,83.035,83.702,82.98,83.085,549768,0
2017-06-26,83.393,84.03,82.826,83.881,478102,0
2017-06-27,83.493,83.921,82.597,83.065,424074,0
2017-06-28,83.473,83.95,82.886,82.926,404479,0
2017-06-29,82.558,82.577,81.722,82.329,549602,0
2017-06-30,82.568,82.995,82.498,82.528,383130,0
2017-07-03,82.956,83.194,82.269,82.528,230121,0
2017-07-05,82.408,82.687,81.722,82.259,423996,0
2017-07-06,81.931,82.498,81.732,82.289,502469,0
2017-07-07,82.289,83.642,82.239,83.254,390131,0
2017-07-10,83.533,83.632,82.876,82.946,669977,0
2017-07-11,83.115,83.214,81.931,82,366477,0
2017-07-12,82.916,83.533,82.816,83.324,319065,0
2017-07-13,83.433,83.433,82.299,82.806,280970,0
2017-07-14,83.373,83.98,83.04,83.363,359858,0
2017-07-17,83.403,83.672,83.135,83.572,265646,0
2017-07-18,83.801,83.871,83.264,83.652,238180,0
2017-07-19,83.781,84.279,83.493,84.159,279672,0
2017-07-20,84.617,85.244,84.13,85.095,656200,0
2017-07-21,85.274,85.801,84.99,85.781,177358,0
2017-07-24,85.781,85.781,85.144,85.512,204977,0
2017-07-25,85.562,86.537,85.433,86.458,507327,0
2017-07-26,86.328,86.647,86.05,86.328,282049,0
2017-07-27,86.219,86.776,85.891,86.577,256152,0
2017-07-28,86.577,86.771,85.861,86.129,219734,0
2017-07-31,86.209,86.487,85.682,86.318,569611,0
2017-08-01,86.497,86.985,86.189,86.935,349158,0
2017-08-02,86.935,88.239,86.517,88.239,309586,0
2017-08-03,86.856,87.771,85.856,86.965,534667,0
2017-08-04,86.836,87.353,86.348,86.746,370326,0
2017-08-07,86.826,86.955,86.289,86.438,291700,0
2017-08-08,86.547,87.144,86.199,87.144,428331,0
2017-08-09,87.204,87.652,86.706,86.985,491570,0
2017-08-10,86.816,87.428,86.567,87.224,224411,0
2017-08-11,87.224,87.283,86.408,86.716,264444,0
2017-08-14,86.905,87.393,86.866,87.293,216059,0
2017-08-15,86.826,87.761,86.826,87.333,356878,0
2017-08-16,87.472,88.159,87.353,87.95,246429,0
2017-08-17,87.92,88.04,87.44,87.46,282530,0
2017-08-18,87.31,87.455,86.83,87.12,293478,0
2017-08-21,87.19,87.76,87.04,87.59,321323,0
2017-08-22,87.55,88.19,87.29,88.18,198609,0
2017-08-23,88.12,88.35,87.66,88.28,158889,0
2017-08-24,88.28,88.58,87.82,88.41,220278,0
2017-08-25,88.52,88.81,88.35,88.47,198225,0
2017-08-28,88.59,88.72,88.19,88.69,196958,0
2017-08-29,88.77,89,88.14,88.19,198216,0
2017-08-30,88.53,88.71,87.87,87.98,270623,0
2017-08-31,88.19,88.42,87.88,88.04,434232,0
2017-09-01,88.45,88.45,87.82,88.16,240535,0
2017-09-05,88.32,88.62,87.71,88.02,259269,0
2017-09-06,88.19,88.32,86.63,86.73,504716,0
2017-09-07,87.06,87.485,86.66,87.4,450423,0
2017-09-08,87.31,87.43,86.755,87.22,480984,0
2017-09-11,87.28,88.17,87.265,88.01,297399,0
2017-09-12,87.96,88.03,86.43,86.74,212181,0
2017-09-13,86.74,86.885,85.83,85.9,350811,0
2017-09-14,85.93,87.15,85.59,86.95,523414,0
2017-09-15,87.12,87.36,86.67,87.13,543945,0
2017-09-18,87.12,87.2,86.04,86.5,222333,0
2017-09-19,86.54,86.845,85.8,85.93,346506,0
2017-09-20,86.12,86.14,84.685,85.08,444832,0
2017-09-21,85.11,85.45,84.45,84.55,276112,0
2017-09-22,84.72,84.88,83.76,83.89,302025,0
2017-09-25,83.77,85.2,83.77,85,282692,0
2017-09-26,84.86,85.96,84.65,85.4,298699,0
2017-09-27,84.87,85.18,83.37,84.1,444805,0
2017-09-28,83.98,84.34,83.41,84.3,292263,0
2017-09-29,84.17,84.38,83.795,83.84,384487,0
2017-10-02,84.07,84.73,83.6,84.67,280403,0
2017-10-03,84.78,84.78,84.07,84.41,321469,0
2017-10-04,84.53,84.77,84.12,84.67,266192,0
2017-10-05,84.73,85.16,84.545,84.8,272486,0
2017-10-06,84.55,85.24,84.41,85.23,256986,0
2017-10-09,85.27,85.69,85.04,85.36,229672,0
2017-10-10,85.5,86.03,85.302,85.89,249459,0
2017-10-11,85.84,86.82,85.84,86.2,225236,0
2017-10-12,86.19,87.08,86.19,86.79,300446,0
2017-10-13,87.09,87.41,86.24,86.29,212181,0
2017-10-16,86.28,86.89,85.93,86.25,301935,0
2017-10-17,86.19,86.83,86.08,86.22,317063,0
2017-10-18,86.05,86.61,85.58,86.43,268850,0
2017-10-19,86.49,87.1,86.175,87.08,273318,0
2017-10-20,87.01,87.26,86.35,86.87,331897,0
2017-10-23,86.93,86.93,86.47,86.58,238424,0
2017-10-24,86.58,86.65,85.82,86.31,229287,0
2017-10-25,86.24,86.24,84.84,86.04,294999,0
2017-10-26,86.46,86.86,86.06,86.36,243021,0
2017-10-27,86.31,87.29,86.06,87.29,271893,0
2017-10-30,87.04,87.36,86.63,86.94,282433,0
2017-10-31,87,87.64,86.56,87.24,547941,0
2017-11-01,87.52,87.815,86.63,86.97,339302,0
2017-11-02,86.93,87.51,86.44,86.52,323197,0
2017-11-03,86.46,87.79,86.325,87.59,390298,0
2017-11-06,87.53,88.14,87.15,87.84,303894,0
2017-11-07,88.06,88.76,87.72,88.57,640669,0
2017-11-08,88.64,89.25,88.19,89.24,353435,0
2017-11-09,89.42,90.3864,89.165,89.79,496731,0
2017-11-10,89.46,89.78,88.9151,89.16,459637,0
