2016-01-04,28.71,29,27.38,28.55,159387,0
2016-01-05,28,29,28,28.94,255041,0
2016-01-06,28.44,29.04,28.24,28.49,139468,0
2016-01-07,28,28.045,27.05,27.36,189184,0
2016-01-08,27.4,27.81,26.67,26.73,175521,0
2016-01-11,26.94,27.0475,26.56,26.9,195559,0
2016-01-12,27.08,27.49,26.5,26.95,95942,0
2016-01-13,27.06,27.23,25.87,26,138703,0
2016-01-14,26.09,26.45,25.58,26.1,115026,0
2016-01-15,25.44,26.13,25.26,26.04,144273,0
2016-01-19,26.23,26.23,24.08,24.66,258800,0
2016-01-20,24.19,25,23.69,24.74,180580,0
2016-01-21,24.71,25.015,24.24,24.64,117851,0
2016-01-22,24.95,24.98,24.35,24.67,90098,0
2016-01-25,24.7,24.7,24.14,24.19,92750,0
2016-01-26,24.24,25.54,24.24,25.45,233853,0
2016-01-27,25.34,25.485,24.55,24.86,139898,0
2016-01-28,25.06,25.47,24.3,24.38,89419,0
2016-01-29,24.35,25.62,24.31,25.5,116709,0
2016-02-01,25.26,25.65,24.54,25.52,147904,0
2016-02-02,25.3,25.4,24.63,25.03,112817,0
2016-02-03,25.16,25.19,24.46,24.87,66058,0
2016-02-04,24.76,25.38,24.72,24.87,67266,0
2016-02-05,24.81,24.96,24.175,24.18,81545,0
2016-02-08,24,24.75,23.84,24.56,90975,0
2016-02-09,24.16,24.57,23.92,24.06,75438,0
2016-02-10,24.06,24.61,23.9503,24.18,105495,0
2016-02-11,23.8,24.03,23.13,23.82,94425,0
2016-02-12,23.95,24.01,23.57,24,85187,0
2016-02-16,24.27,24.69,24,24.65,81544,0
2016-02-17,24.9,25.42,24.712,25.39,151293,0
2016-02-18,25.36,25.57,25.194,25.37,82245,0
2016-02-19,25.32,26.42,25.25,26.09,127188,0
2016-02-22,26.22,26.28,25.42,25.52,117014,0
2016-02-23,25.4,25.7,24.898,25.09,76400,0
2016-02-24,24.82,25.04,24.43,24.94,78582,0
2016-02-25,24.94,25.145,24.52,25.09,85131,0
2016-02-26,25.15,25.47,25.095,25.21,59061,0
2016-02-29,25.17,25.38,24.85,24.88,133015,0
2016-03-01,25.2,25.39,24.93,25.13,77132,0
2016-03-02,25.04,25.67,25.03,25.65,81734,0
2016-03-03,25.69,25.85,25.33,25.73,71190,0
2016-03-04,25.62,26.52,25.62,26.3,107470,0
2016-03-07,26.23,26.74,26.23,26.66,103855,0
2016-03-08,26.32,26.79,26,26.58,209327,0
2016-03-09,27.25,28.47,25.85,28.2,585833,0
2016-03-10,28.21,28.21,26.385,26.94,236050,0
2016-03-11,27.06,27.54,26.74,26.88,121850,0
2016-03-14,26.8,27.13,26.52,27.01,103827,0
2016-03-15,26.87,27.08,26.54,26.81,86408,0
2016-03-16,26.64,27.48,26.595,27.4,115774,0
2016-03-17,27.38,27.98,27.21,27.91,114114,0
2016-03-18,28.05,28.3,27.8,28.18,307523,0
2016-03-21,28.21,28.32,28.01,28.05,87377,0
2016-03-22,28,28.21,27.71,28.08,111997,0
2016-03-23,27.96,28.36,27.37,27.37,114512,0
2016-03-24,27.35,27.84,26.65,27.63,103688,0
2016-03-28,27.75,27.89,27.35,27.54,118879,0
2016-03-29,27.51,28.56,27.26,28.22,215660,0
2016-03-30,28.23,28.56,28.01,28.46,153664,0
2016-03-31,28.45,29,28.06,28.32,110103,0
2016-04-01,28.16,28.275,27.579,28.07,77734,0
2016-04-04,27.93,28.29,27.37,27.44,127345,0
2016-04-05,27.34,27.99,27.28,27.58,93762,0
2016-04-06,27.69,28.04,27.42,27.79,60626,0
2016-04-07,27.73,27.905,26.99,27.17,151095,0
2016-04-08,27.34,28.93,27.34,28.02,194302,0
2016-04-11,28.07,28.34,27.71,27.87,103639,0
2016-04-12,27.82,28.25,27.685,27.84,51893,0
2016-04-13,27.95,28.39,27.94,28.36,87262,0
2016-04-14,28.27,28.74,28.05,28.42,101882,0
2016-04-15,28.27,28.52,28.12,28.18,41976,0
2016-04-18,27.96,28.51,27.8,28.37,86034,0
2016-04-19,28.38,28.5687,28.03,28.37,55705,0
2016-04-20,28.7,28.76,28.19,28.35,94606,0
2016-04-21,28.48,29.31,28.4,28.51,173105,0
2016-04-22,28.31,29.16,28.175,28.91,98879,0
2016-04-25,28.69,28.92,28.5001,28.72,58338,0
2016-04-26,28.73,29.3,28.73,29.3,80198,0
2016-04-27,29.43,29.82,29.37,29.73,114918,0
2016-04-28,29.63,29.94,29.23,29.31,91058,0
2016-04-29,29.09,29.4745,28.59,28.88,72562,0
2016-05-02,28.86,29.4,28.6201,29.4,75998,0
2016-05-03,29.23,29.29,27.9,28.47,129537,0
2016-05-04,27.57,28.66,27.57,28.21,61938,0
2016-05-05,28.25,28.5,27.9401,28.04,58031,0
2016-05-06,28.06,28.49,27.8101,28.49,88695,0
2016-05-09,28.3,28.33,27.6603,28.11,81864,0
2016-05-10,28.31,28.74,28.28,28.7,52280,0
2016-05-11,28.58,28.86,28.3672,28.54,69859,0
2016-05-12,28.5,28.83,28.37,28.65,79568,0
2016-05-13,28.5,28.91,27.84,27.84,81263,0
2016-05-16,27.99,28.2399,27.87,28.08,89722,0
2016-05-17,27.98,28.15,27.11,27.64,126033,0
2016-05-18,27.49,28.38,27.49,27.84,47691,0
2016-05-19,27.75,27.98,27.33,27.62,64321,0
2016-05-20,27.76,28.2,27.631,28,47855,0
2016-05-23,28.02,28.18,27.6,27.82,59046,0
2016-05-24,28.05,28.44,27.81,28.19,60985,0
2016-05-25,28.21,28.7199,28.11,28.33,68331,0
2016-05-26,28.29,28.68,28.23,28.67,66681,0
2016-05-27,28.74,29.4,28.67,29.39,103632,0
2016-05-31,29.39,29.39,28.64,28.81,79257,0
2016-06-01,28.91,30.2,28.79,30.08,155947,0
2016-06-02,29.88,30.08,29.585,30.07,74360,0
2016-06-03,29.99,29.99,29.53,29.58,78153,0
2016-06-06,29.53,30.39,29.53,30.02,248042,0
2016-06-07,30.11,30.41,29.89,30.39,120339,0
2016-06-08,30.43,31.76,30.3,31.7,280914,0
2016-06-09,31.73,32.44,31.42,32.22,296918,0
2016-06-10,31.99,32.195,31.58,32.01,155278,0
2016-06-13,31.82,31.98,30.71,31.25,151588,0
2016-06-14,31.23,31.42,30.8656,31.32,74025,0
2016-06-15,31.5,31.5,30.91,30.93,81718,0
2016-06-16,30.76,30.76,30.12,30.68,101966,0
2016-06-17,30.78,30.98,30.46,30.5,198047,0
2016-06-20,30.81,31.39,30.33,30.87,156028,0
2016-06-21,30.85,31,30.13,30.23,174498,0
2016-06-22,30.21,30.55,29.93,30.09,187764,0
2016-06-23,30.42,30.47,29.99,30.25,297485,0
2016-06-24,28.84,30.06,28.57,29.5,338059,0
2016-06-27,29.29,29.42,28.17,28.41,163278,0
2016-06-28,28.51,28.755,28.28,28.5,253612,0
2016-06-29,26.7,28.52,26.02,26.69,886248,0
2016-06-30,26.89,27.87,26.69,27.8,323453,0
2016-07-01,27.7,28.25,27.4,27.97,164032,0
2016-07-05,27.95,27.99,26.86,26.93,109916,0
2016-07-06,26.91,27.11,26.58,27.06,188545,0
2016-07-07,26.97,27.15,26.48,26.7,169637,0
2016-07-08,26.92,27.25,26.8,27.13,107998,0
2016-07-11,27.22,27.7,27.13,27.25,169563,0
2016-07-12,27.34,27.87,27.16,27.35,190670,0
2016-07-13,27.57,27.84,27.4,27.6,135972,0
2016-07-14,27.73,27.74,27.46,27.49,93341,0
2016-07-15,27.55,27.65,27.05,27.61,100199,0
2016-07-18,27.49,27.789,27.481,27.57,73637,0
2016-07-19,27.58,27.86,27.28,27.38,94628,0
2016-07-20,27.54,27.95,27.24,27.79,94716,0
2016-07-21,27.83,27.95,27.405,27.56,86914,0
2016-07-22,27.47,27.59,27.27,27.49,54978,0
2016-07-25,27.48,27.75,27.37,27.63,87028,0
2016-07-26,27.59,28.26,27.45,27.94,144954,0
2016-07-27,28.09,28.73,27.94,28.65,105808,0
2016-07-28,28.61,28.64,28.21,28.42,73443,0
2016-07-29,28.43,28.52,28.09,28.35,55359,0
2016-08-01,28.44,28.55,28.095,28.32,47550,0
2016-08-02,28.29,28.465,27.815,28.02,47145,0
2016-08-03,28,28.32,27.97,28.25,34170,0
2016-08-04,28.37,28.65,28.15,28.23,34379,0
2016-08-05,28.35,29.04,28.35,28.65,75179,0
2016-08-08,28.77,28.98,28.6778,28.96,55306,0
2016-08-09,28.89,29.09,28.54,28.58,66267,0
2016-08-10,28.49,28.608,28,28.18,74990,0
2016-08-11,28.29,28.99,28.16,28.78,50344,0
2016-08-12,28.73,28.82,28.2565,28.43,56330,0
2016-08-15,28.4,29.21,28.4,29.16,58353,0
2016-08-16,29.02,29.1442,28.44,28.68,54658,0
2016-08-17,28.62,28.837,28.48,28.59,68501,0
2016-08-18,28.68,29.1,28.68,29.09,56571,0
2016-08-19,28.98,29.33,28.9,29.31,67291,0
2016-08-22,29.39,29.465,29.065,29.18,38780,0
2016-08-23,29.3,29.49,29.3,29.33,58614,0
2016-08-24,29.18,29.64,29.18,29.47,82600,0
2016-08-25,29.5,29.68,29.23,29.57,107456,0
2016-08-26,29.52,29.85,29.27,29.5,62263,0
2016-08-29,29.47,29.85,28.935,29.84,69057,0
2016-08-30,29.97,30.08,29.4,29.79,150649,0
2016-08-31,26,26.23,23.8501,24.74,1544033,0
2016-09-01,25.23,25.23,23.51,24.31,499682,0
2016-09-02,24.33,25.49,24.31,24.83,297958,0
2016-09-06,24.98,25.18,23.82,24.08,182089,0
2016-09-07,24,24.34,23.855,24.15,154742,0
2016-09-08,24.15,24.63,24.0601,24.44,127525,0
2016-09-09,24.36,24.44,23.7,23.71,127324,0
2016-09-12,23.69,24.16,23.51,24.06,120769,0
2016-09-13,24,24.14,23.44,23.54,89445,0
2016-09-14,23.63,23.76,23.13,23.21,87490,0
2016-09-15,23.13,23.54,23.1,23.53,85671,0
2016-09-16,23.5,23.58,23.03,23.48,242769,0
2016-09-19,23.51,23.92,23.51,23.77,114707,0
2016-09-20,24.98,24.98,23.53,23.67,115596,0
2016-09-21,23.89,25.49,23.69,25.24,304050,0
2016-09-22,25.62,25.62,24.94,25.09,158090,0
2016-09-23,24.89,25.0828,24.51,24.66,99165,0
2016-09-26,24.5,25.01,24.3745,24.43,80016,0
2016-09-27,24.32,24.65,24.25,24.49,104484,0
2016-09-28,24.57,24.84,24.33,24.51,108705,0
2016-09-29,24.39,24.75,24.2,24.2,110161,0
2016-09-30,24.23,24.5,24.06,24.41,178142,0
2016-10-03,24.35,24.64,24.27,24.54,92180,0
2016-10-04,24.57,24.74,24.21,24.34,84203,0
2016-10-05,24.49,24.8,24.34,24.55,70192,0
2016-10-06,24.22,24.291,23.65,24.14,130222,0
2016-10-07,24.1,24.1,23.35,23.42,91126,0
2016-10-10,23.48,23.91,23.3412,23.56,48222,0
2016-10-11,23.56,23.59,22.97,23.16,65328,0
2016-10-12,23.16,23.26,22.85,22.88,115167,0
2016-10-13,22.58,22.62,22.24,22.53,122437,0
2016-10-14,22.58,22.82,22.4,22.44,76321,0
2016-10-17,22.35,22.6,22.26,22.29,71636,0
2016-10-18,22.48,22.63,22.321,22.51,61098,0
2016-10-19,22.62,22.72,22.4,22.47,55678,0
2016-10-20,22.35,22.54,22.27,22.36,55414,0
2016-10-21,22.3,22.44,22.16,22.28,77469,0
2016-10-24,22.64,23.0372,22.6216,22.8,116369,0
2016-10-25,22.71,23.34,22.645,22.97,118300,0
2016-10-26,23,23.77,22.9955,23.73,235128,0
2016-10-27,23.93,24.07,23.3,23.55,104142,0
2016-10-28,23.62,23.96,23.475,23.69,110580,0
2016-10-31,23.62,24.11,23.58,23.99,152473,0
2016-11-01,24.12,24.35,23.7,23.9,98872,0
2016-11-02,23.96,23.99,23.45,23.7,163864,0
2016-11-03,23.67,23.8802,23.4,23.8,128102,0
2016-11-04,23.78,24.2,23.66,24,124895,0
2016-11-07,24.44,24.75,24.21,24.6,154468,0
2016-11-08,24.62,24.73,24.35,24.5,124123,0
2016-11-09,24.27,26.64,23.82,26.5,336531,0
2016-11-10,26.92,27.3,26.5,26.89,232979,0
2016-11-11,27.02,28.13,26.94,27.94,223537,0
2016-11-14,28.29,28.8,27.1,28.74,207410,0
2016-11-15,28.77,28.77,27.0604,27.7,184634,0
2016-11-16,27.7,27.85,27.14,27.55,130122,0
2016-11-17,27.53,27.96,27.32,27.53,147036,0
2016-11-18,27.53,27.73,27.085,27.55,104697,0
2016-11-21,27.67,27.7068,27.01,27.54,155244,0
2016-11-22,27.62,28.6,27.4,28.53,195817,0
2016-11-23,28.55,28.677,28.16,28.59,99753,0
2016-11-25,28.55,28.56,27.95,28.54,74618,0
2016-11-28,28.38,28.4,28,28.14,126217,0
2016-11-29,28.05,28.4,28,28.18,188565,0
2016-11-30,28.43,28.62,28,28.3,118484,0
2016-12-01,28.52,28.845,27.53,27.84,188274,0
2016-12-02,27.98,28.08,27.77,28,111746,0
2016-12-05,28,28.64,27.79,28.58,155082,0
2016-12-06,28.59,29.42,28.39,29.34,269317,0
2016-12-07,26.41,27.64,25.7625,27.62,1245461,0
2016-12-08,27.49,29.0699,26.91,29.02,486857,0
2016-12-09,28.96,28.99,28.1,28.88,232217,0
2016-12-12,28.89,28.89,27.74,28.11,140923,0
2016-12-13,28.32,28.4,27.8,27.93,130812,0
2016-12-14,27.78,28.05,27.23,27.37,173794,0
2016-12-15,27.42,27.82,27.27,27.35,122563,0
2016-12-16,27.33,27.99,27.14,27.24,177649,0
2016-12-19,27.17,28.01,27.14,27.97,170704,0
2016-12-20,28,28.19,27.71,27.98,120030,0
2016-12-21,28,28,27.39,27.43,93243,0
2016-12-22,27.55,27.69,26.83,27.07,211050,0
2016-12-23,26.95,26.97,26.54,26.84,85406,0
2016-12-27,26.74,27.51,26.51,27.36,92015,0
2016-12-28,27.34,27.47,26.65,26.8,131186,0
2016-12-29,26.81,27.1,26.55,27.07,107470,0
2016-12-30,27.08,27.29,26.71,26.83,125558,0
2017-01-03,27.13,27.25,26.43,26.93,148578,0
2017-01-04,26.95,27.39,26.95,27.33,132609,0
2017-01-05,27.28,27.43,26.21,26.23,149793,0
2017-01-06,26.24,26.62,26.02,26.38,98119,0
2017-01-09,26.18,26.39,25.89,25.98,108146,0
2017-01-10,26.02,26.33,25.9,26.04,136178,0
2017-01-11,26.11,26.35,25.35,26.1,94337,0
2017-01-12,25.89,26,25.121,25.76,137822,0
2017-01-13,25.79,26.09,25.76,25.86,60376,0
2017-01-17,25.95,25.9739,25.32,25.37,107378,0
2017-01-18,25.26,25.8099,25.04,25.29,92461,0
2017-01-19,25.31,25.67,25.04,25.6,94274,0
2017-01-20,25.64,25.67,25.05,25.23,97376,0
2017-01-23,25.22,25.23,24.7,25,66851,0
2017-01-24,24.96,25.51,24.74,25.4,101566,0
2017-01-25,25.72,26.1599,25.61,26.09,137091,0
2017-01-26,26.32,26.5,25.59,25.92,90281,0
2017-01-27,25.87,26.14,25.86,25.96,55069,0
2017-01-30,25.92,25.92,25.44,25.72,84837,0
2017-01-31,25.63,26.3,25.42,26.19,133102,0
2017-02-01,26.3,26.48,25.635,25.87,83729,0
2017-02-02,25.75,26,25.52,25.67,78088,0
2017-02-03,25.89,26.46,25.59,26.41,99272,0
2017-02-06,26.24,26.88,26.15,26.33,83117,0
2017-02-07,26.45,26.6,26.16,26.44,73386,0
2017-02-08,26.37,26.37,25.8,25.99,119477,0
2017-02-09,26.1,26.35,25.94,26.08,154634,0
2017-02-10,26.25,26.45,26.1,26.4,169853,0
2017-02-13,26.69,27.17,26.6001,26.74,118928,0
2017-02-14,26.59,27.22,26.4,26.87,157193,0
2017-02-15,26.87,27.2199,26.56,26.9,116171,0
2017-02-16,26.9,27.02,26.54,26.99,90220,0
2017-02-17,26.98,27.15,26.69,26.97,96590,0
2017-02-21,27.03,27.281,26.84,27,97920,0
2017-02-22,26.9,26.96,26.6119,26.95,85797,0
2017-02-23,27.11,27.11,26.33,26.78,115699,0
2017-02-24,26.56,26.7,25.92,26.58,90038,0
2017-02-27,26.58,27.42,26.58,27.35,126181,0
2017-02-28,27.34,27.47,26.82,27.02,119845,0
2017-03-01,27.35,27.66,27.25,27.42,112797,0
2017-03-02,27.44,27.5915,27,27.13,152827,0
2017-03-03,27.21,27.35,26.89,26.93,110679,0
2017-03-06,26.93,26.95,25.95,26.02,218367,0
2017-03-07,26.25,26.45,26,26.15,172221,0
2017-03-08,27.5,28.08,25.66,27.54,665643,0
2017-03-09,27.48,27.7,26.85,27.11,288201,0
2017-03-10,27.3,27.58,27.045,27.26,201827,0
2017-03-13,27.2701,27.93,27.14,27.59,152903,0
2017-03-14,27.36,27.4,26.85,27.3,138470,0
2017-03-15,27.34,27.69,27.07,27.56,114027,0
2017-03-16,27.62,28.0647,27.31,28.03,167095,0
2017-03-17,28.03,29.92,27.99,29.79,516643,0
2017-03-20,29.77,29.84,28.75,28.84,175416,0
2017-03-21,28.97,29.09,27.53,27.57,208702,0
2017-03-22,27.46,27.6,27.02,27.24,124161,0
2017-03-23,27.2,27.55,27.005,27.35,121254,0
2017-03-24,27.43,27.6125,26.81,26.97,143607,0
2017-03-27,26.93,27.2,26.4171,27.07,126717,0
2017-03-28,27.07,27.58,26.76,27.55,131518,0
2017-03-29,27.57,27.6699,27.08,27.54,94110,0
2017-03-30,27.55,27.8,27.45,27.76,113531,0
2017-03-31,27.75,28.165,27.6652,28.03,192646,0
2017-04-03,28.27,28.34,27.48,27.5,153229,0
2017-04-04,27.45,27.91,27.3701,27.61,113792,0
2017-04-05,27.76,27.87,27.15,27.28,125932,0
2017-04-06,27.28,27.73,26.925,27.73,147995,0
2017-04-07,27.9,27.97,27.41,27.96,174331,0
2017-04-10,27.95,28.05,27.43,27.6,110914,0
2017-04-11,27.53,28.37,27.42,28.33,131325,0
2017-04-12,28.26,28.2619,27.51,27.67,101958,0
2017-04-13,27.7,27.7641,27.068,27.41,107173,0
2017-04-17,27.47,27.87,27.335,27.86,62414,0
2017-04-18,27.76,28.58,27.76,28.55,153758,0
2017-04-19,28.58,28.9,28.32,28.59,116619,0
2017-04-20,28.76,29.12,28.62,28.85,77315,0
2017-04-21,28.82,29.14,28.71,28.73,115844,0
2017-04-24,29.14,29.41,29.02,29.28,113062,0
2017-04-25,29.48,29.96,29.44,29.58,144110,0
2017-04-26,29.58,29.7354,29.4,29.45,185071,0
2017-04-27,29.58,29.76,29.08,29.2,113349,0
2017-04-28,29.18,29.18,28.54,28.57,238946,0
2017-05-01,28.63,29.16,28.211,28.54,191107,0
2017-05-02,28.55,28.64,28.32,28.52,99255,0
2017-05-03,28.4,28.62,28.1999,28.55,102105,0
2017-05-04,28.6,28.71,28.13,28.66,70151,0
2017-05-05,28.76,28.97,28.54,28.96,64125,0
2017-05-08,28.97,29.21,28.78,29.18,71726,0
2017-05-09,29.22,29.649,28.955,29.49,75450,0
2017-05-10,29.47,29.73,29.27,29.66,82196,0
2017-05-11,29.56,29.87,29.19,29.77,69109,0
2017-05-12,29.73,30.5,29.42,30.4,198546,0
2017-05-15,30.47,31.599,30.4515,31.37,216969,0
2017-05-16,31.37,31.3948,30.89,31.2,164024,0
2017-05-17,30.85,30.92,30.3934,30.46,126610,0
2017-05-18,30.18,30.8,30.03,30.69,134422,0
2017-05-19,30.91,31.4026,30.69,30.85,128254,0
2017-05-22,31.05,31.65,31.05,31.46,161235,0
2017-05-23,31.57,31.66,31.138,31.33,168824,0
2017-05-24,31.32,31.455,31.1,31.26,107647,0
2017-05-25,31.35,31.55,31.07,31.38,123462,0
2017-05-26,31.35,31.35,31,31.21,79526,0
2017-05-30,31.15,31.2202,30.961,31.05,129282,0
2017-05-31,31.11,31.195,30.69,31.04,135692,0
2017-06-01,31.12,31.74,31.07,31.685,138473,0
2017-06-02,31.97,32.65,31.72,32.4,192334,0
2017-06-05,32.45,32.5303,31.9229,31.95,95772,0
2017-06-06,31.9,31.93,30.53,30.78,216001,0
2017-06-07,30.96,31.26,30.7001,30.99,177615,0
2017-06-08,30.93,31.63,30.59,31.53,164987,0
2017-06-09,31.58,31.845,30.9,31.09,230242,0
2017-06-12,31.08,31.14,30.42,30.64,127279,0
2017-06-13,30.86,31.3,30.85,31,133288,0
2017-06-14,31,31.2,30.75,31.05,131718,0
2017-06-15,30.77,31.41,30.77,31.4,94252,0
2017-06-16,31.13,31.5736,30.63,31,250816,0
2017-06-19,31.14,31.49,30.98,31.45,100980,0
2017-06-20,31.38,31.48,30.97,31.11,82523,0
2017-06-21,31.15,31.15,30.51,30.71,85573,0
2017-06-22,30.71,31.15,30.7,30.85,176136,0
2017-06-23,30.96,31.11,30.6515,30.77,408446,0
2017-06-26,30.93,31.28,30.84,30.97,219066,0
2017-06-27,31.11,32.6,30.97,32.49,678839,0
2017-06-28,30.37,35.4,30.05,35.11,1094114,0
2017-06-29,35.07,36.57,34.845,36.5,549409,0
2017-06-30,36.49,38.6,36.41,38.2,761638,0
2017-07-03,37.45,39.9299,37.211,39.08,540619,0
2017-07-05,39.34,40.1,38.96,39.51,584445,0
2017-07-06,39.41,39.98,37.95,38.11,554935,0
2017-07-07,38.2,39.13,38.2,38.67,285650,0
2017-07-10,38.8,39.64,38.49,39.38,408363,0
2017-07-11,39.06,39.83,38.98,39.42,199196,0
2017-07-12,39.57,39.95,39,39.73,237838,0
2017-07-13,39.76,40,39.33,39.36,376528,0
2017-07-14,39.31,39.73,39.31,39.47,229473,0
2017-07-17,39.47,39.63,39.09,39.29,240033,0
2017-07-18,39.15,39.15,38.4,38.45,203504,0
2017-07-19,38.45,38.77,37.9,38.24,362071,0
2017-07-20,38.21,38.513,38.03,38.11,328297,0
2017-07-21,38.44,38.53,38.13,38.3,317467,0
2017-07-24,38.45,38.49,38.1,38.24,183328,0
2017-07-25,38.4,38.71,38.02,38.15,141066,0
2017-07-26,38.19,38.265,37.36,37.74,229661,0
2017-07-27,37.83,38.04,37.14,37.66,194905,0
2017-07-28,37.54,37.96,37.5,37.75,154898,0
2017-07-31,37.76,37.8964,37.15,37.79,263836,0
2017-08-01,37.75,38,37.18,37.25,214021,0
2017-08-02,37.3,37.649,36.71,37.15,271984,0
2017-08-03,37.14,37.3059,36.88,37,182144,0
2017-08-04,37.11,37.3,36.7788,37.26,171134,0
2017-08-07,37.28,38.12,37.165,38.07,158339,0
2017-08-08,38.08,40.07,38.08,38.3,380405,0
2017-08-09,38.18,38.66,38.03,38.575,181768,0
2017-08-10,38.54,39.28,38.08,38.32,241848,0
2017-08-11,38.5,39.229,38.16,38.31,243604,0
2017-08-14,38.75,38.75,37.88,38.35,327338,0
2017-08-15,38.35,38.54,37.76,37.77,129279,0
2017-08-16,37.88,38.28,37.67,38,90241,0
2017-08-17,37.84,38.172,37.32,37.36,112006,0
2017-08-18,37.13,37.72,37.01,37.47,96924,0
2017-08-21,37.47,37.56,37.07,37.4,196212,0
2017-08-22,37.52,39.7081,37.52,39.3,369305,0
2017-08-23,39.27,39.88,38.461,38.57,157164,0
2017-08-24,38.63,39.31,38.4019,38.96,185214,0
2017-08-25,39.16,39.25,38.6,38.83,119133,0
2017-08-28,39.16,39.47,38.85,39.06,215007,0
2017-08-29,38.99,39.6781,38.71,39.35,375561,0
2017-08-30,42.77,47.03,42.5815,46.52,2816123,0
2017-08-31,47.03,49.18,47.0033,49.02,924391,0
2017-09-01,48.98,50,48.1,49.15,595180,0
2017-09-05,49.1,50.63,48.58,50.17,630877,0
2017-09-06,50.24,51.04,48.93,49.11,315382,0
2017-09-07,49,49.641,48.6,49.16,342120,0
2017-09-08,49.24,49.75,48.59,48.71,245430,0
2017-09-11,48.87,49.065,48.22,48.66,384952,0
2017-09-12,48.67,49.04,48.31,48.95,238048,0
2017-09-13,48.77,49.17,48.441,48.96,204348,0
2017-09-14,48.71,48.92,48.38,48.65,234866,0
2017-09-15,48.76,49.33,48.44,48.49,637038,0
2017-09-18,48.96,50.38,48.6933,49.13,689064,0
2017-09-19,49.46,51.7,49.01,51.35,524094,0
2017-09-20,51.87,52.32,51.2,51.89,418729,0
2017-09-21,52,52.084,51.1101,51.53,193170,0
2017-09-22,51.61,53.405,51.47,51.69,381483,0
2017-09-25,51.9,53.3,51.6,53.28,382493,0
2017-09-26,53.43,54.11,53.31,53.4,340803,0
2017-09-27,53.56,54.5,53.43,53.51,459434,0
2017-09-28,53.31,54.06,53.07,53.62,272408,0
2017-09-29,53.8,54.7,53.455,54.12,674744,0
2017-10-02,54.11,54.97,53.7701,54.95,236610,0
2017-10-03,55,55.43,54.77,55.42,241741,0
2017-10-04,55.56,55.7483,53.08,53.84,497509,0
2017-10-05,54.05,54.6,53.605,53.65,389015,0
2017-10-06,53.5,53.64,53.09,53.3,212373,0
2017-10-09,53.8,54.82,53.7,54.54,349901,0
2017-10-10,54.85,54.95,54.05,54.69,152966,0
2017-10-11,54.69,55,53.88,54.08,146191,0
2017-10-12,53.94,54.6,53.71,53.94,128539,0
2017-10-13,53.96,54.15,53.08,53.21,162351,0
2017-10-16,53.28,53.86,52.21,52.94,297127,0
2017-10-17,52.69,53.2,51.61,51.89,268789,0
2017-10-18,51.9,52.165,51.6,51.74,166717,0
2017-10-19,51.34,51.5,49.5008,50.64,379996,0
2017-10-20,50.9,52.88,50.88,52.65,302226,0
2017-10-23,52.66,52.7275,51.741,52.29,157104,0
2017-10-24,52.54,53.33,52.54,53.01,185543,0
2017-10-25,52.51,53.16,51.28,52.47,186700,0
2017-10-26,52.7,52.8842,51.54,51.65,132983,0
2017-10-27,51.94,51.98,51.06,51.38,160561,0
2017-10-30,50.76,51.44,50.08,50.74,194110,0
2017-10-31,50.74,51.43,50.5,51.16,158559,0
2017-11-01,51.52,51.54,50.39,50.86,241355,0
2017-11-02,50.73,51.72,50.09,51.3,307381,0
2017-11-03,51.08,51.2,50.33,50.35,215630,0
2017-11-06,50.37,50.9585,50,50.63,175388,0
2017-11-07,50.76,50.76,48.28,48.29,495418,0
2017-11-08,48,48.11,42.81,44.91,1744192,0
2017-11-09,43.57,44.8,42.2122,43.33,513474,0
2017-11-10,42.89,44.49,42.1151,43.77,278164,0
