2016-01-04,65.733,65.822,64.46,65.251,9559466,0
2016-01-05,65.039,65.368,63.398,64.248,11195012,0
2016-01-06,63.259,63.559,62.289,62.464,10057496,0
2016-01-07,61.386,62.299,61.168,61.9,11672155,0
2016-01-08,62.231,62.453,61.639,61.698,10316685,0
2016-01-11,61.803,62.26,61.183,62.104,8413111,0
2016-01-12,62.832,62.929,61.669,62.445,7791439,0
2016-01-13,61.717,62.416,60.339,60.941,11644889,0
2016-01-14,60.941,61.813,60.476,61.367,6860402,0
2016-01-15,60.145,61.134,59.632,61,8898413,0
2016-01-19,61.485,61.853,60.349,60.738,7891697,0
2016-01-20,59.671,61.61,59.429,61.115,9318905,0
2016-01-21,61.086,62.366,60.61,60.738,9244452,0
2016-01-22,56.617,57.102,52.495,53.389,45148116,0
2016-01-25,52.807,54.075,52.495,53.349,19074294,0
2016-01-26,53.523,54.046,53.291,53.417,13246331,0
2016-01-27,53.688,54.124,52.767,52.864,11376984,0
2016-01-28,53.019,53.097,50.566,51.274,18572677,0
2016-01-29,51.565,52.074,51.438,51.874,14418313,0
2016-02-01,51.789,53.319,51.39,53.038,10170805,0
2016-02-02,52.68,52.737,51.864,52.03,12064460,0
2016-02-03,52.36,52.641,51.225,52.466,10034305,0
2016-02-04,52.437,52.807,52.176,52.727,7114327,0
2016-02-05,53.057,53.18,52.176,52.34,9438596,0
2016-02-08,51.622,51.827,50.642,50.809,12200357,0
2016-02-09,50.672,51.409,50.334,51.032,8857966,0
2016-02-10,51.39,51.808,50.691,50.701,7299277,0
2016-02-11,49.665,50.022,48.743,49.558,9503148,0
2016-02-12,50.304,51.128,50.072,51.062,6298957,0
2016-02-16,51.4,51.855,51.128,51.565,7388219,0
2016-02-17,51.874,52.36,51.68,51.982,8909147,0
2016-02-18,51.874,52.695,51.827,52.505,8769611,0
2016-02-19,52.603,53.359,52.389,53.048,6762160,0
2016-02-22,53.533,53.941,53.291,53.941,6742040,0
2016-02-23,53.834,53.911,53.291,53.436,6068425,0
2016-02-24,52.797,53.203,51.933,52.98,5765286,0
2016-02-25,53.116,53.708,52.651,53.708,4516856,0
2016-02-26,54.018,54.203,53.475,53.698,6070101,0
2016-02-29,53.621,54.445,53.146,53.891,10691681,0
2016-03-01,54.328,55.113,53.931,55.073,9441754,0
2016-03-02,55.152,55.492,54.851,55.385,7493799,0
2016-03-03,55.425,56.414,55.425,56.326,7062297,0
2016-03-04,56.664,56.869,56.054,56.519,5579368,0
2016-03-07,56.238,57.672,55.879,57.207,9665059,0
2016-03-08,57.054,58.178,56.925,57.626,10886818,0
2016-03-09,57.915,57.974,56.742,57.256,6671872,0
2016-03-10,57.488,57.654,56.287,56.965,6687163,0
2016-03-11,57.716,58.09,57.222,57.654,8069591,0
2016-03-14,57.701,58.12,57.217,57.761,4386658,0
2016-03-15,57.558,57.596,56.846,57.43,4003493,0
2016-03-16,57.121,58.08,56.935,57.887,5035531,0
2016-03-17,57.741,58.658,57.518,58.256,4754139,0
2016-03-18,58.477,59.579,58.206,59.36,8602454,0
2016-03-21,59.138,59.515,59.001,59.351,3780391,0
2016-03-22,58.925,59.05,58.09,58.768,4933016,0
2016-03-23,58.857,59.06,58.45,58.788,3717987,0
2016-03-24,58.391,58.681,57.786,58.634,3660722,0
2016-03-28,58.925,58.944,58.043,58.45,3357179,0
2016-03-29,58.283,58.808,57.654,58.759,4342025,0
2016-03-30,59.128,59.148,58.358,58.458,5263100,0
2016-03-31,58.671,59.652,58.45,59.535,6496118,0
2016-04-01,59.128,59.787,58.721,59.244,4297911,0
2016-04-04,59.158,59.201,58.624,58.778,3472847,0
2016-04-05,58.313,58.605,57.868,58.363,4785313,0
2016-04-06,58.303,58.508,57.893,58.343,4220446,0
2016-04-07,57.923,57.991,57.192,57.35,4151488,0
2016-04-08,57.484,58.713,57.475,57.972,4724935,0
2016-04-11,58.138,58.537,57.759,58.264,4138792,0
2016-04-12,58.458,59.152,58.265,59.122,4468235,0
2016-04-13,59.327,60.827,59.279,60.564,4813128,0
2016-04-14,60.564,61.07,60.378,60.905,4123759,0
2016-04-15,61.051,61.227,60.32,60.545,4511522,0
2016-04-18,60.223,61.017,60.144,60.984,3221770,0
2016-04-19,61.138,61.977,61.128,61.938,4922822,0
2016-04-20,62.474,63.653,62.279,63.35,8688452,0
2016-04-21,65.279,65.612,63.72,63.925,9715646,0
2016-04-22,63.38,64.52,63.38,64.238,6102888,0
2016-04-25,63.954,64.159,63.467,64.013,4312331,0
2016-04-26,64.286,64.724,63.944,64.5,4084017,0
2016-04-27,64.684,64.958,64.139,64.529,4659307,0
2016-04-28,64.043,64.783,63.876,64.149,3897416,0
2016-04-29,63.886,64.1,63.185,63.749,5184330,0
2016-05-02,63.896,64.354,63.501,63.994,4443011,0
2016-05-03,63.36,63.38,62.68,63.185,4870500,0
2016-05-04,62.483,63.087,62.191,62.61,5129247,0
2016-05-05,62.805,63.059,62.152,62.279,4142788,0
2016-05-06,62.123,63.049,61.82,62.854,3758284,0
2016-05-09,62.58,62.922,62.133,62.337,4364019,0
2016-05-10,62.687,63.458,62.346,63.175,4148043,0
2016-05-11,62.96,63.643,62.755,62.931,5090217,0
2016-05-12,63.399,63.682,62.42,62.687,3703306,0
2016-05-13,62.697,63.312,62.406,62.474,4643251,0
2016-05-16,62.376,62.65,62.035,62.425,5008124,0
2016-05-17,62.221,62.454,60.984,61.148,8187838,0
2016-05-18,60.924,61.977,60.924,61.889,5447017,0
2016-05-19,61.441,61.898,60.721,61.128,4700217,0
2016-05-20,61.537,62.492,61.333,62.279,5417435,0
2016-05-23,62.221,62.454,61.928,61.958,3155042,0
2016-05-24,62.152,63.429,62.152,63.205,4049991,0
2016-05-25,63.37,64.072,63.34,63.633,5907637,0
2016-05-26,63.613,63.692,63.282,63.555,3687284,0
2016-05-27,63.71,64.013,63.653,63.839,4061411,0
2016-05-31,64.013,64.228,63.72,64.072,5385992,0
2016-06-01,63.759,64.266,63.506,64.218,3916504,0
2016-06-02,64.169,64.704,63.915,64.704,3133209,0
2016-06-03,63.848,64.129,63.107,63.809,4455834,0
2016-06-06,63.866,64.5,63.829,64.247,4019165,0
2016-06-07,64.451,64.889,64.188,64.198,3879010,0
2016-06-08,64.247,64.871,64.247,64.558,2661721,0
2016-06-09,64.033,64.091,63.233,64.023,3986536,0
2016-06-10,63.585,63.799,63.049,63.302,4042960,0
2016-06-13,63.136,63.223,61.996,62.035,6038197,0
2016-06-14,61.958,62.025,58.83,59.502,12645472,0
2016-06-15,59.892,60.564,59.297,59.842,6137441,0
2016-06-16,59.375,60.516,59.102,60.339,5689732,0
2016-06-17,60.339,60.827,60.033,60.272,6693078,0
2016-06-20,61.041,61.78,60.631,60.701,4395246,0
2016-06-21,60.701,60.875,60.164,60.691,3449058,0
2016-06-22,60.691,61.032,60.292,60.359,3554032,0
2016-06-23,61.227,61.645,60.865,61.625,3719845,0
2016-06-24,58.928,60.116,58.458,58.517,11072887,0
2016-06-27,57.817,57.817,55.857,56.19,7780886,0
2016-06-28,56.754,57.106,55.683,56.414,8503040,0
2016-06-29,56.746,58.459,56.658,58.391,6407750,0
2016-06-30,58.626,59.498,57.598,59.498,8716475,0
2016-07-01,59.537,60.242,59.312,59.43,4254739,0
2016-07-05,58.969,59.136,57.735,57.921,5016044,0
2016-07-06,57.53,58.489,57.04,58.244,5600675,0
2016-07-07,58.244,59.077,58.147,58.568,5185089,0
2016-07-08,59.42,60.32,59.292,60.213,5890498,0
2016-07-11,60.663,61.162,60.574,60.868,3481730,0
2016-07-12,61.328,62.014,61.328,61.692,4622103,0
2016-07-13,61.672,62.034,61.338,61.788,3970030,0
2016-07-14,62.337,62.672,62.09,62.289,4510174,0
2016-07-15,62.622,62.778,61.995,62.455,3752497,0
2016-07-18,62.632,62.788,62.221,62.662,3328831,0
2016-07-19,62.367,62.837,62.181,62.827,3912047,0
2016-07-20,62.954,63.454,62.181,63.141,8398181,0
2016-07-21,62.475,63.043,61.573,62.112,9724069,0
2016-07-22,62.083,63.003,62.053,62.945,4143175,0
2016-07-25,62.867,63.081,62.709,62.993,3125201,0
2016-07-26,63.091,63.209,62.652,63.033,2804125,0
2016-07-27,62.935,63.592,62.872,63.248,3230117,0
2016-07-28,63.023,63.62,62.728,63.445,3108572,0
2016-07-29,63.356,63.395,62.837,63.121,3803877,0
2016-08-01,63.15,63.39,62.632,62.798,2975085,0
2016-08-02,62.632,62.886,61.888,62.152,2584648,0
2016-08-03,62.181,62.689,62.152,62.503,3098915,0
2016-08-04,62.553,62.689,62.191,62.612,3758077,0
2016-08-05,63.2,64.345,63.013,64.159,4966689,0
2016-08-08,64.462,64.874,64.243,64.462,3317488,0
2016-08-09,64.462,64.638,63.817,64.032,3780106,0
2016-08-10,64.071,64.139,63.238,63.395,2933953,0
2016-08-11,63.65,64.296,63.542,64.119,2502109,0
2016-08-12,63.807,64.149,63.66,64.022,2148447,0
2016-08-15,63.914,64.452,63.914,64.266,3203229,0
2016-08-16,64.247,64.306,63.924,63.943,2865123,0
2016-08-17,64.042,64.482,63.737,64.315,3119406,0
2016-08-18,64.159,64.414,63.917,64.266,2867017,0
2016-08-19,64.11,64.31,63.718,64.169,2842205,0
2016-08-22,64.169,64.178,63.611,64.002,3299275,0
2016-08-23,64.365,64.902,64.315,64.315,3627046,0
2016-08-24,64.482,64.747,63.698,63.807,4215803,0
2016-08-25,63.65,63.797,63.415,63.65,4333838,0
2016-08-26,63.914,64.129,63.18,63.445,3694166,0
2016-08-29,63.65,64.404,63.454,64.159,4262392,0
2016-08-30,64.404,64.6,63.747,64.09,3855910,0
2016-08-31,64.11,64.35,63.517,64.218,4885088,0
2016-09-01,64.188,64.276,63.081,63.512,3733090,0
2016-09-02,63.708,64.301,63.512,63.837,3197874,0
2016-09-06,63.807,64.404,63.698,64.394,4040214,0
2016-09-07,64.129,64.825,63.953,64.815,3268599,0
2016-09-08,64.776,65.324,64.677,64.864,4157460,0
2016-09-09,64.374,64.648,63.767,63.767,5250729,0
2016-09-12,63.376,64.717,62.808,64.531,5019927,0
2016-09-13,63.864,63.963,62.709,63.023,5739504,0
2016-09-14,63.023,63.023,62.024,62.161,5516705,0
2016-09-15,62.083,62.832,61.946,62.503,4752327,0
2016-09-16,62.053,62.622,61.848,62.337,10685012,0
2016-09-19,62.632,63.238,62.347,62.728,3447659,0
2016-09-20,63.18,63.297,62.377,62.397,2960002,0
2016-09-21,62.662,63.155,62.397,62.945,3906699,0
2016-09-22,63.013,63.723,62.993,63.287,3261336,0
2016-09-23,63.17,63.482,62.46,62.523,5191615,0
2016-09-26,62.122,62.798,61.543,62.102,7093747,0
2016-09-27,62.602,63.081,62.259,62.945,3981837,0
2016-09-28,62.935,63.16,62.407,62.886,3656005,0
2016-09-29,62.876,63.463,61.652,62.053,4196976,0
2016-09-30,62.455,63.033,62.307,62.709,4377151,0
2016-10-03,62.503,62.719,62.221,62.484,2819962,0
2016-10-04,62.513,63.043,62.387,62.582,3776116,0
2016-10-05,62.759,63.507,62.681,63.34,3398875,0
2016-10-06,62.553,62.672,60.782,60.959,8103760,0
2016-10-07,61.125,61.283,60.506,60.782,4285282,0
2016-10-10,61.165,61.501,60.887,60.919,2563548,0
2016-10-11,60.555,60.723,59.59,59.896,3989757,0
2016-10-12,59.856,60.082,59.62,59.728,3346298,0
2016-10-13,59.275,59.6,58.557,59.452,4278530,0
2016-10-14,60.043,60.23,59.148,59.197,5037846,0
2016-10-17,59.315,59.462,58.833,58.951,3966703,0
2016-10-18,59.561,59.61,58.931,59.128,3471417,0
2016-10-19,59.462,60.703,59.315,60.28,7902027,0
2016-10-20,64.305,66.705,63.724,65.721,26277531,0
2016-10-21,65.397,66.519,65.348,66.293,8640631,0
2016-10-24,66.618,66.854,66.007,66.027,5257335,0
2016-10-25,65.869,66.313,65.555,65.682,3936678,0
2016-10-26,65.446,66.007,65.092,65.741,3669538,0
2016-10-27,65.937,66.155,65.378,65.869,4826572,0
2016-10-28,66.087,66.15,65.249,65.397,5065359,0
2016-10-31,65.751,65.771,65.259,65.368,3285448,0
2016-11-01,65.711,65.751,64.688,65.2,3822133,0
2016-11-02,64.718,64.984,64.108,64.413,3717805,0
2016-11-03,64.492,64.718,64.009,64.295,3857601,0
2016-11-04,64.462,65.033,64,64.472,3485124,0
2016-11-07,65.791,66.263,65.594,65.937,4050501,0
2016-11-08,65.731,66.193,65.259,66.007,4015996,0
2016-11-09,66.097,67.907,65.997,67.651,9469177,0
2016-11-10,68.143,69.284,67.957,69,9570334,0
2016-11-11,68.861,69.472,68.545,69.383,4731045,0
2016-11-14,69.678,71.523,69.506,71.272,8214274,0
2016-11-15,70.987,71.332,70.11,71.322,4502440,0
2016-11-16,70.81,71.253,70.15,70.545,4559850,0
2016-11-17,70.229,70.859,70.19,70.642,3851372,0
2016-11-18,70.396,70.461,69.648,69.874,5491752,0
2016-11-21,70.18,70.535,69.835,70.406,3401988,0
2016-11-22,70.682,70.741,69.747,70.584,4151980,0
2016-11-23,70.8,71.764,70.376,71.724,4760413,0
2016-11-25,71.814,72.02,71.312,71.705,1931047,0
2016-11-28,71.381,71.618,70.83,70.987,4492789,0
2016-11-29,71.056,71.115,70.254,70.356,3876228,0
2016-11-30,70.859,71.184,70.642,70.898,4884310,0
2016-12-01,71.302,71.618,70.642,71.381,4366721,0
2016-12-02,71.371,71.508,70.299,70.721,2995496,0
2016-12-05,71.184,71.489,70.849,70.888,3977014,0
2016-12-06,71.322,71.588,70.938,71.164,3899058,0
2016-12-07,71.322,73.536,71.086,73.114,5894787,0
2016-12-08,73.614,74.009,72.818,73.723,3470751,0
2016-12-09,73.654,73.723,73.114,73.585,2601100,0
2016-12-12,73.516,73.516,71.99,72.414,3694462,0
2016-12-13,72.502,73.054,71.951,72.669,2874595,0
2016-12-14,72.366,74.53,72.08,72.896,5502627,0
2016-12-15,73.359,74.54,73.162,73.753,4112911,0
2016-12-16,74.096,74.186,73.398,73.811,8332378,0
2016-12-19,73.497,73.94,72.965,73.368,3126188,0
2016-12-20,73.811,74.303,73.349,73.87,3297173,0
2016-12-21,73.92,74.372,73.506,74.126,3296750,0
2016-12-22,73.811,74.176,73.32,73.398,2911074,0
2016-12-23,73.556,74.047,73.556,73.782,1988967,0
2016-12-27,73.91,73.91,73.604,73.792,2077582,0
2016-12-28,73.841,74.186,72.974,73.191,2527328,0
2016-12-29,73.094,73.497,72.336,72.748,2615108,0
2016-12-30,72.788,73.162,72.669,72.906,3433210,0
2017-01-03,73.703,74.55,73.556,74.156,5948413,0
2017-01-04,74.383,75.658,74.181,75.371,4679072,0
2017-01-05,75.114,75.293,73.949,74.443,3422870,0
2017-01-06,74.522,75.031,74.186,74.59,3102675,0
2017-01-09,75.253,75.609,74.65,74.977,4872347,0
2017-01-10,75.628,77.091,75.234,75.758,9674110,0
2017-01-11,75.777,76.538,75.214,76.015,4553005,0
2017-01-12,75.935,76.053,74.957,75.985,4104505,0
2017-01-13,76.033,76.726,75.52,75.728,3384299,0
2017-01-17,76.499,76.795,75.579,75.708,6526286,0
2017-01-18,76.212,76.701,75.618,76.587,6050417,0
2017-01-19,76.706,76.874,75.718,75.796,8171375,0
2017-01-20,75.104,76.015,74.512,75.312,8565528,0
2017-01-23,75.036,75.589,74.847,75.085,4453157,0
2017-01-24,75.441,76.755,75.204,76.528,4070241,0
2017-01-25,77.091,77.111,75.51,75.995,5333863,0
2017-01-26,76.053,76.557,75.738,76.033,3384079,0
2017-01-27,76.103,76.4,75.648,75.955,3562168,0
2017-01-30,75.935,76.419,75.648,76.38,5407386,0
2017-01-31,75.965,76.35,75.085,75.491,5633195,0
2017-02-01,75.955,76.538,75.688,75.866,3962925,0
2017-02-02,75.342,75.995,75.174,75.618,3698630,0
2017-02-03,76.242,77.506,76.015,77.131,5297551,0
2017-02-06,76.814,77.496,76.577,76.914,3263468,0
2017-02-07,77.151,77.467,76.617,76.814,2084472,0
2017-02-08,76.637,77.027,76.182,76.894,2249199,0
2017-02-09,76.992,77.458,76.765,77.269,3067502,0
2017-02-10,77.585,77.773,77.319,77.566,2214224,0
2017-02-13,77.902,78.257,77.566,77.99,3356065,0
2017-02-14,78.08,78.524,77.753,78.485,3551812,0
2017-02-15,78.861,79.166,77.753,78.673,5765471,0
2017-02-16,78.534,78.673,78,78.584,4324574,0
2017-02-17,78.297,78.851,77.981,78.781,2712426,0
2017-02-21,78.989,79.513,78.712,79.039,3546784,0
2017-02-22,78.9,79.044,78.465,78.929,2977634,0
2017-02-23,78.939,79.513,78.841,79.118,3378236,0
2017-02-24,78.831,78.959,78.332,78.831,3978155,0
2017-02-27,78.821,79.375,78.663,79.236,2650283,0
2017-02-28,79.186,79.553,78.841,79.128,4461823,0
2017-03-01,80.106,81.045,80.077,80.965,4802210,0
2017-03-02,80.708,80.708,79.128,79.166,4453086,0
2017-03-03,79.335,79.72,78.89,78.949,4647185,0
2017-03-06,78.574,78.752,78.17,78.574,3713511,0
2017-03-07,78.841,79.088,78.406,78.653,4486221,0
2017-03-08,79.068,79.433,78.05,78.119,4377688,0
2017-03-09,78.267,78.772,77.887,78.376,4625623,0
2017-03-10,78.455,78.534,77.956,78.455,3791420,0
2017-03-13,78.455,78.614,78.139,78.287,3346424,0
2017-03-14,78.04,78.866,77.912,78.762,3360698,0
2017-03-15,78.919,78.959,78.07,78.307,4388159,0
2017-03-16,78.544,79.166,78.465,78.841,3515759,0
2017-03-17,78.989,79.029,78.06,78.327,6751199,0
2017-03-20,78.228,78.673,77.912,77.932,3136061,0
2017-03-21,78.01,78.208,76.419,76.627,6884197,0
2017-03-22,76.528,77.264,76.162,76.765,4934810,0
2017-03-23,76.667,77.486,76.607,76.933,4130808,0
2017-03-24,77.2,77.922,76.963,77.289,4782514,0
2017-03-27,76.31,76.914,75.777,76.696,3880513,0
2017-03-28,76.607,77.942,76.489,77.724,4285829,0
2017-03-29,77.536,78.416,77.229,77.338,2947862,0
2017-03-30,77.289,78.376,77.181,78.287,2958125,0
2017-03-31,78.01,78.505,77.882,78.189,5284464,0
2017-04-03,78.248,78.257,77.061,77.675,3058305,0
2017-04-04,77.576,77.695,77.239,77.348,2593874,0
2017-04-05,77.914,78.43,77.07,77.17,2876360,0
2017-04-06,77.17,77.706,76.564,77.328,2937085,0
2017-04-07,76.892,77.641,76.783,77.18,2219891,0
2017-04-10,77.328,77.517,76.773,76.902,2234008,0
2017-04-11,76.941,76.981,76.103,76.673,4677853,0
2017-04-12,76.802,76.892,75.999,76.098,3078793,0
2017-04-13,75.751,76.227,75.125,75.225,3689316,0
2017-04-17,75.254,76.128,75.056,76.088,4190545,0
2017-04-18,75.87,75.904,74.957,75.215,3860917,0
2017-04-19,75.612,75.701,74.937,74.977,5311464,0
2017-04-20,76.912,79.67,76.872,79.412,11176397,0
2017-04-21,79.274,79.864,78.888,78.986,5878344,0
2017-04-24,80.028,80.306,79.631,79.839,3590442,0
2017-04-25,80.444,80.777,80.018,80.018,5098366,0
2017-04-26,80.008,80.301,79.542,79.909,3688573,0
2017-04-27,80.157,80.256,79.472,79.72,2945034,0
2017-04-28,79.333,79.562,78.45,78.648,5353831,0
2017-05-01,78.618,78.886,78.281,78.628,3479209,0
2017-05-02,78.549,79.055,78.549,78.936,3328567,0
2017-05-03,78.628,78.906,78.097,78.232,3829700,0
2017-05-04,78.628,78.817,77.398,77.735,3925798,0
2017-05-05,78.013,78.132,77.284,77.725,2959212,0
2017-05-08,77.904,78.142,77.358,77.567,2628545,0
2017-05-09,77.567,78.142,77.497,77.844,2583330,0
2017-05-10,77.686,78.063,77.547,78.053,2415260,0
2017-05-11,77.606,77.854,76.664,77.328,3803298,0
2017-05-12,77.11,77.223,76.634,76.902,2887588,0
2017-05-15,76.892,78.023,76.892,77.735,3352390,0
2017-05-16,78.003,78.043,77.249,77.537,2470513,0
2017-05-17,76.197,76.862,75.661,75.79,4475247,0
2017-05-18,75.691,76.262,75.393,75.8,3572780,0
2017-05-19,75.969,76.763,75.721,76.217,3308117,0
2017-05-22,76.366,76.535,75.919,76.396,2820583,0
2017-05-23,76.435,76.832,76.233,76.614,2256754,0
2017-05-24,76.872,76.872,76.346,76.535,2192377,0
2017-05-25,76.902,77.328,76.673,76.852,3209588,0
2017-05-26,76.584,77.011,76.435,76.872,1868045,0
2017-05-30,76.654,76.832,76.404,76.505,2088715,0
2017-05-31,76.505,76.525,75.403,76.356,3142317,0
2017-06-01,76.644,77.785,76.366,77.686,3580602,0
2017-06-02,77.18,78.137,77.18,77.894,3561844,0
2017-06-05,78.152,78.599,78.013,78.37,2758576,0
2017-06-06,77.864,78.331,77.696,78.252,2900009,0
2017-06-07,78.311,79.482,78.192,79.204,4316849,0
2017-06-08,79.105,79.593,79.065,79.343,4099209,0
2017-06-09,79.78,80.117,79.125,79.7,3873888,0
2017-06-12,79.74,80.117,79.343,79.562,3368755,0
2017-06-13,79.591,80.127,79.462,79.978,3198241,0
2017-06-14,79.502,80.306,79.016,80.226,4037824,0
2017-06-15,79.77,80.624,79.621,80.088,2794584,0
2017-06-16,80.246,80.862,80.157,80.832,5959921,0
2017-06-19,80.941,81.318,80.673,81.258,3100007,0
2017-06-20,81.358,82.182,81.179,81.884,3959144,0
2017-06-21,81.973,82.172,81.368,81.586,2703939,0
2017-06-22,81.486,81.997,81.437,81.626,2329655,0
2017-06-23,81.764,82.072,81.437,81.596,3814279,0
2017-06-26,81.873,82.653,81.814,82.33,2510673,0
2017-06-27,82.43,82.886,82.38,82.45,3017738,0
2017-06-28,82.876,83.625,82.766,83.332,3692000,0
2017-06-29,84.276,84.742,82.524,82.996,5131254,0
2017-06-30,83.452,83.998,82.956,83.6,3346218,0
2017-07-03,84.048,85.085,84.048,84.454,2324520,0
2017-07-05,84.892,85.55,84.484,84.564,3508052,0
2017-07-06,84.344,84.514,83.398,83.418,3225854,0
2017-07-07,83.607,84.359,83.448,84.006,2397014,0
2017-07-10,83.806,84.245,83.647,83.976,2155336,0
2017-07-11,83.906,83.981,83.219,83.836,2743711,0
2017-07-12,83.956,84.653,83.732,84.494,4646811,0
2017-07-13,84.603,85.101,84.414,85.042,3321986,0
2017-07-14,84.524,85.231,84.265,84.952,3367656,0
2017-07-17,84.803,85.191,84.454,84.892,2148724,0
2017-07-18,84.633,85.231,84.434,85.191,2825913,0
2017-07-19,85.43,85.649,84.972,85.6,5548018,0
2017-07-20,84.613,85.121,84.205,85.022,5374918,0
2017-07-21,85.46,85.948,85.101,85.261,3584159,0
2017-07-24,85.121,85.341,83.537,84.673,5409825,0
2017-07-25,85.51,85.769,84.753,85.082,3267743,0
2017-07-26,85.082,85.39,84.842,84.972,3049831,0
2017-07-27,84.852,84.872,83.01,83.528,6142883,0
2017-07-28,83.557,84.773,83.298,84.474,3114552,0
2017-07-31,84.842,85.37,84.514,84.902,3086166,0
2017-08-01,85.39,85.506,84.813,84.912,3160844,0
2017-08-02,84.823,85.032,84.641,84.972,3260330,0
2017-08-03,84.912,85.549,84.813,85.211,2390515,0
2017-08-04,85.51,85.998,85.51,85.639,2851210,0
2017-08-07,85.769,85.856,85.35,85.52,2097214,0
2017-08-08,85.101,86.332,85.082,85.609,2929382,0
2017-08-09,85.41,85.64,84.912,85.36,2972427,0
2017-08-10,85.111,85.251,84.22,84.235,3748860,0
2017-08-11,84.434,84.534,83.647,83.966,3090535,0
2017-08-14,84.414,85.341,84.394,85.141,2904778,0
2017-08-15,85.659,86.631,85.55,86.456,3788706,0
2017-08-16,86.665,87.442,86.655,87.054,3392265,0
2017-08-17,87.004,87.293,85.719,85.759,3830131,0
2017-08-18,85.659,85.799,84.877,85.052,4181149,0
2017-08-21,85.121,85.311,84.623,84.972,2371106,0
2017-08-22,85.141,85.4,84.583,84.972,2163515,0
2017-08-23,84.384,85.181,84.374,84.952,1967446,0
2017-08-24,85.161,85.201,84.713,85.032,2065850,0
2017-08-25,85.171,85.629,85.091,85.141,2305923,0
2017-08-28,85.331,85.36,84.882,85.082,2113648,0
2017-08-29,84.424,85.176,84.075,85.091,2790115,0
2017-08-30,85.052,85.41,84.892,85.36,2139892,0
2017-08-31,85.669,85.948,85.37,85.769,3802695,0
2017-09-01,85.978,86.202,85.719,85.809,2271470,0
2017-09-05,85.39,85.58,84.354,84.982,3341049,0
2017-09-06,85.241,85.51,84.673,84.902,2834180,0
2017-09-07,84.942,85.191,83.757,84.085,2916552,0
2017-09-08,83.856,84.678,83.697,83.926,3475478,0
2017-09-11,84.643,85.789,84.643,85.36,3410612,0
2017-09-12,85.639,86.267,85.48,86.217,3347256,0
2017-09-13,86.088,86.436,86.058,86.307,2405724,0
2017-09-14,86.207,86.466,85.829,85.859,2775588,0
2017-09-15,86.187,86.655,85.739,86.655,7820185,0
2017-09-18,86.745,87.532,86.616,87.532,3408175,0
2017-09-19,87.632,88.887,87.542,88.658,4058250,0
2017-09-20,88.907,89.035,87.931,88.09,4267436,0
2017-09-21,88.11,88.458,87.701,88.08,2884401,0
2017-09-22,87.96,88.369,87.761,88.06,2780779,0
2017-09-25,87.94,88.294,87.502,87.871,2874121,0
2017-09-26,88.13,88.429,87.861,88.349,2206331,0
2017-09-27,89.335,89.395,88.688,89.146,2889418,0
2017-09-28,88.887,89.963,88.887,89.793,2442518,0
2017-09-29,89.694,90.421,89.584,90.112,3001933,0
2017-10-02,90.092,90.819,89.753,90.192,4483985,0
2017-10-03,90.242,91.288,90.242,91.078,2918999,0
2017-10-04,91.248,91.258,90.555,90.66,3035811,0
2017-10-05,90.96,91.615,90.77,91.16,2990958,0
2017-10-06,91.25,91.585,91.09,91.55,1891848,0
2017-10-09,91.59,91.96,91.5,91.69,1649277,0
2017-10-10,91.88,92.34,91.78,91.89,2247183,0
2017-10-11,91.86,92.65,91.81,91.96,3045588,0
2017-10-12,91.63,92.23,91.42,91.61,3317377,0
2017-10-13,91.5,92.92,91.26,92.86,3220863,0
2017-10-16,93.04,93.35,90.81,91.96,4292977,0
2017-10-17,91.94,92.1,91.58,91.69,2938750,0
2017-10-18,91.8,92.27,91.68,92.08,4696495,0
2017-10-19,90.4,92.95,90.035,91.9,6511826,0
2017-10-20,92.84,93.285,91.97,92.09,4422006,0
2017-10-23,92.22,93.09,92.22,92.38,2963098,0
2017-10-24,92.6,93.93,92.33,93.86,4450165,0
2017-10-25,94,94.24,93.27,93.53,4265963,0
2017-10-26,93.99,95.73,93.98,95.69,4136680,0
2017-10-27,95.45,96.015,95.03,95.79,3212221,0
2017-10-30,95.52,96.12,94.84,95.07,3096515,0
2017-10-31,94.89,95.61,94.52,95.52,3146438,0
2017-11-01,96.29,96.565,95.44,95.79,2319973,0
2017-11-02,96,96.24,95.39,95.98,3013321,0
2017-11-03,96.28,96.43,95.78,96.43,2089507,0
2017-11-06,96.29,96.73,96.29,96.29,1848269,0
2017-11-07,96.42,96.42,95.18,95.37,3200922,0
2017-11-08,95.1,95.28,94.45,95.13,2167135,0
2017-11-09,94.34,94.655,93.2804,93.75,3924695,0
2017-11-10,93.79,94.15,93.385,93.52,2714369,0
