2016-01-04,22.25,22.39,22.01,22.1731,14701,0
2016-01-05,22.17,22.88,22.17,22.73,27772,0
2016-01-06,22.43,22.7,22.42,22.59,15109,0
2016-01-07,22.56,22.72,22.4301,22.51,24957,0
2016-01-08,22.42,22.5499,22.32,22.42,23754,0
2016-01-11,22.35,22.59,22.35,22.4277,20720,0
2016-01-12,22.48,22.5199,22.3,22.37,7996,0
2016-01-13,22.4,22.45,22.1,22.1,18561,0
2016-01-14,22.35,22.35,22.01,22.25,15044,0
2016-01-15,22.26,22.28,21.6601,22.07,29913,0
2016-01-19,22.36,22.36,22.36,22.36,0,0
2016-01-20,22.37,22.37,21.8301,21.99,23225,0
2016-01-21,22.02,22.3,21.95,21.962,13494,0
2016-01-22,21.96,22.1999,21.91,21.96,33082,0
2016-01-25,22.08,22.26,21.9301,21.95,13406,0
2016-01-26,22.19,22.19,21.76,21.81,13745,0
2016-01-27,21.64,21.98,21.58,21.61,14093,0
2016-01-28,21.61,21.7699,21.4301,21.52,17235,0
2016-01-29,21.65,21.7532,21.552,21.64,4871,0
2016-02-01,21.64,21.65,21.5,21.58,13013,0
2016-02-02,21.52,21.634,21.44,21.5,21841,0
2016-02-03,21.5832,21.5832,21.46,21.5,42190,0
2016-02-04,21.61,21.64,21.505,21.58,28702,0
2016-02-05,21.4608,21.52,21.4,21.41,31669,0
2016-02-08,21.54,21.54,21.0641,21.4,14486,0
2016-02-09,21.3,21.43,21.0142,21.24,6333,0
2016-02-10,21.2371,21.91,20.83,21.14,46473,0
2016-02-11,21.05,21.05,20.58,20.6,15547,0
2016-02-12,20.83,21.62,20.48,21.1699,48049,0
2016-02-16,21.44,21.75,21.3,21.425,25186,0
2016-02-17,21.89,21.89,21.31,21.5,11644,0
2016-02-18,21.6878,21.76,21.4756,21.73,7862,0
2016-02-19,21.61,21.719,21.513,21.63,15775,0
2016-02-22,21.59,21.7699,21.3101,21.65,9388,0
2016-02-23,21.27,21.6,21.27,21.58,14566,0
2016-02-24,21.55,21.77,21.3425,21.6,21004,0
2016-02-25,21.48,21.7,21.32,21.45,15249,0
2016-02-26,21.54,21.6625,21.4001,21.53,6500,0
2016-02-29,21.54,21.68,21.31,21.68,9635,0
2016-03-01,21.39,21.75,21.39,21.7,15748,0
2016-03-02,21.56,21.649,21.5,21.52,11046,0
2016-03-03,21.41,21.6,21.41,21.561,7607,0
2016-03-04,21.6283,21.63,21.4,21.43,19303,0
2016-03-07,21.43,21.4999,21.4,21.41,19552,0
2016-03-08,21.3931,21.3931,21.28,21.28,18057,0
2016-03-09,21.51,21.51,21.2682,21.39,11468,0
2016-03-10,21.396,21.58,21.39,21.4,19288,0
2016-03-11,21.5799,21.7199,21.471,21.67,4217,0
2016-03-14,21.66,21.6696,21.585,21.65,11821,0
2016-03-15,21.4115,21.6299,21.411,21.6,9239,0
2016-03-16,21.6,21.62,21.3201,21.542,9459,0
2016-03-17,21.4601,21.62,21.4601,21.5,8032,0
2016-03-18,21.5,21.5,21.42,21.43,16193,0
2016-03-21,21.66,21.74,21.47,21.65,9090,0
2016-03-22,21.679,21.68,21.55,21.64,8106,0
2016-03-23,21.54,21.65,21.54,21.57,3567,0
2016-03-24,21.66,21.74,21.61,21.6694,13232,0
2016-03-28,21.6,21.9453,21.59,21.75,40982,0
2016-03-29,21.71,21.8599,21.71,21.8,6217,0
2016-03-30,21.99,22.1,21.9307,21.98,11261,0
2016-03-31,21.9338,21.97,21.9,21.93,8658,0
2016-04-01,21.91,21.97,21.84,21.84,5135,0
2016-04-04,21.93,21.99,21.64,21.8099,11205,0
2016-04-05,21.84,21.84,21.6601,21.7246,8361,0
2016-04-06,21.805,21.99,21.768,21.96,6254,0
2016-04-07,21.91,21.99,21.87,21.88,8892,0
2016-04-08,22,22.05,21.88,21.89,5551,0
2016-04-11,22,22.06,21.89,22.0583,18154,0
2016-04-12,21.92,22.08,21.9018,22.0799,9639,0
2016-04-13,22.14,22.16,22,22.0949,13617,0
2016-04-14,22.14,22.21,21.963,22.21,6824,0
2016-04-15,22.21,22.29,22.21,22.26,5083,0
2016-04-18,22.23,22.45,22.21,22.43,10353,0
2016-04-19,22.43,22.72,22.43,22.45,2910,0
2016-04-20,22.74,22.7799,22.5,22.6399,8448,0
2016-04-21,22.5301,22.75,22.5301,22.74,8104,0
2016-04-22,22.75,22.75,22.28,22.4417,34890,0
2016-04-25,22.55,22.61,22.4001,22.4558,6003,0
2016-04-26,22.61,22.61,22.3,22.42,7318,0
2016-04-27,22.28,22.3099,22.12,22.3099,23004,0
2016-04-28,22.28,22.29,22.17,22.23,11097,0
2016-04-29,22.25,22.5187,22.2023,22.49,28809,0
2016-05-02,22.47,22.47,22.27,22.34,15233,0
2016-05-03,22.34,22.35,22.12,22.24,19214,0
2016-05-04,22.24,22.36,22.1896,22.33,5399,0
2016-05-05,22.3499,22.4,22.18,22.19,16935,0
2016-05-06,22.2593,22.4,22.24,22.4,6963,0
2016-05-09,22.39,22.55,22.3476,22.4357,7876,0
2016-05-10,22.62,22.62,22.48,22.5395,11166,0
2016-05-11,22.55,22.74,22.5301,22.6,11334,0
2016-05-12,22.55,24.33,22.54,23.05,18007,0
2016-05-13,22.83,23.0399,22.77,22.96,19836,0
2016-05-16,23.14,23.84,23.14,23.5397,94902,0
2016-05-17,23.58,24.2,23.58,23.95,75699,0
2016-05-18,23.9,24.13,23.55,23.78,47664,0
2016-05-19,23.74,23.74,23.2501,23.55,27852,0
2016-05-20,23.48,23.88,23.46,23.55,78317,0
2016-05-23,23.52,23.75,23.37,23.57,66538,0
2016-05-24,23.73,24.0901,23.6108,23.9799,34503,0
2016-05-25,24.1,24.2399,23.86,24.0136,53920,0
2016-05-26,24.13,24.38,23.95,24.25,65354,0
2016-05-27,24.35,24.48,24.16,24.36,36009,0
2016-05-31,24.3399,24.4399,24.2023,24.38,34652,0
2016-06-01,24.31,24.38,24.23,24.29,18305,0
2016-06-02,24.11,24.36,24.11,24.36,17850,0
2016-06-03,24.1899,24.4,24.15,24.4,31815,0
2016-06-06,24.3999,24.3999,24.04,24.04,32363,0
2016-06-07,23.95,24.2799,23.91,24.11,40029,0
2016-06-08,24.15,24.27,23.85,24.23,23327,0
2016-06-09,24.2201,24.25,24.05,24.16,14025,0
2016-06-10,24.0201,24.25,24.02,24.14,20147,0
2016-06-13,24.24,24.32,24.0801,24.2019,28034,0
2016-06-14,24.3899,24.45,24.1,24.35,27901,0
2016-06-15,24.42,24.4399,24.364,24.364,25209,0
2016-06-16,24.36,24.48,24.21,24.48,20377,0
2016-06-17,24.42,24.45,24.23,24.45,19750,0
2016-06-20,24.4,24.4699,24.32,24.3804,20476,0
2016-06-21,24.4199,24.47,24.34,24.47,15617,0
2016-06-22,24.47,24.47,24.34,24.34,16475,0
2016-06-23,24.4,24.4,24.3,24.3,13829,0
2016-06-24,24,24.4599,23.62,24.4,11395,0
2016-06-27,24.06,24.3,23.81,24.13,20112,0
2016-06-28,24.13,24.248,24.1,24.11,20768,0
2016-06-29,24.2359,24.3299,24.11,24.24,11451,0
2016-06-30,24.14,24.3795,24.11,24.37,26069,0
2016-07-01,24.38,24.4,24.2618,24.4,15535,0
2016-07-05,24.42,24.77,24.25,24.33,46101,0
2016-07-06,24.2776,24.4545,24.13,24.26,22307,0
2016-07-07,24.26,24.3629,24.24,24.26,6282,0
2016-07-08,24.26,24.6689,24.26,24.49,23979,0
2016-07-11,24.49,24.49,24.32,24.41,19245,0
2016-07-12,24.32,24.4,24.2101,24.23,24758,0
2016-07-13,24.14,24.35,24.13,24.2501,39328,0
2016-07-14,24.35,24.35,24.16,24.25,32832,0
2016-07-15,24.26,24.27,24.2009,24.21,24434,0
2016-07-18,24.15,24.25,23.85,23.95,84446,0
2016-07-19,24.06,24.1199,23.9913,24.06,33678,0
2016-07-20,24.08,24.0851,23.991,24.06,14264,0
2016-07-21,24,24.1,24,24.06,44929,0
2016-07-22,24.06,24.07,24.05,24.05,51330,0
2016-07-25,24.12,24.14,23.971,24.06,69304,0
2016-07-26,24.15,24.15,24.028,24.1,53936,0
2016-07-27,23.89,23.92,23.841,23.876,36621,0
2016-07-28,23.78,23.97,23.78,23.86,52684,0
2016-07-29,23.8501,23.89,23.77,23.85,23730,0
2016-08-01,23.77,23.88,23.77,23.88,5632,0
2016-08-02,23.79,23.8,23.7,23.72,26960,0
2016-08-03,23.7,23.83,23.7,23.79,7455,0
2016-08-04,23.79,23.8,23.757,23.8,19507,0
2016-08-05,23.75,23.85,23.75,23.81,7431,0
2016-08-08,23.75,23.88,23.7392,23.86,22113,0
2016-08-09,23.85,23.86,23.792,23.8325,14054,0
2016-08-10,23.85,23.86,23.78,23.83,18545,0
2016-08-11,23.83,23.9899,23.8,23.91,46019,0
2016-08-12,23.9,23.9393,23.85,23.89,11332,0
2016-08-15,23.93,24.13,23.93,24.07,78476,0
2016-08-16,24.07,24.07,23.9,23.96,47118,0
2016-08-17,24.05,24.13,23.928,24.13,30284,0
2016-08-18,24.02,24.1799,24.02,24.17,38870,0
2016-08-19,24.13,24.27,24.07,24.2508,64465,0
2016-08-22,24.25,24.28,24.2,24.23,26334,0
2016-08-23,24.28,24.34,24.28,24.34,17867,0
2016-08-24,24.259,24.34,24.259,24.3156,16051,0
2016-08-25,24.37,24.37,24.264,24.264,8844,0
2016-08-26,24.33,24.34,24.3,24.3,11673,0
2016-08-29,24.35,24.35,24.28,24.28,31819,0
2016-08-30,24.35,24.38,24.3,24.32,20436,0
2016-08-31,24.3074,24.39,24.296,24.35,53502,0
2016-09-01,24.38,24.39,24.31,24.39,8500,0
2016-09-02,24.3527,24.39,24.3001,24.33,10379,0
2016-09-06,24.35,24.35,24.28,24.31,54103,0
2016-09-07,24.36,24.4399,24.2958,24.38,32921,0
2016-09-08,24.38,24.49,24.31,24.49,39342,0
2016-09-09,24.43,24.43,24.26,24.31,12151,0
2016-09-12,24.38,24.45,24.33,24.41,58798,0
2016-09-13,24.38,24.4699,24.3355,24.38,25305,0
2016-09-14,24.33,24.5699,24.33,24.51,57910,0
2016-09-15,24.4,24.64,24.4,24.52,63493,0
2016-09-16,24.64,24.64,24.4,24.53,24457,0
2016-09-19,24.54,24.61,24.5087,24.6,25463,0
2016-09-20,24.56,24.71,24.46,24.5458,41322,0
2016-09-21,24.65,24.74,24.54,24.69,69333,0
2016-09-22,24.6501,24.7,24.52,24.63,78303,0
2016-09-23,24.55,24.66,24.5001,24.66,6563,0
2016-09-26,24.6,24.69,24.5166,24.605,39455,0
2016-09-27,24.52,24.6052,24.46,24.47,57892,0
2016-09-28,24.4,24.6999,24.4,24.6928,17124,0
2016-09-29,24.6819,24.7,24.51,24.6,20911,0
2016-09-30,24.4754,24.6,24.41,24.57,47359,0
2016-10-03,24.48,24.58,24.45,24.57,165641,0
2016-10-04,24.5,24.59,24.5,24.52,68393,0
2016-10-05,24.56,24.65,24.47,24.65,109204,0
2016-10-06,24.59,25.205,24.562,25.1,165536,0
2016-10-07,25.05,25.1622,24.59,24.62,262242,0
2016-10-10,24.91,26.35,24.91,26.26,865014,0
2016-10-11,26.19,26.27,25.41,25.62,808407,0
2016-10-12,25.34,25.65,25.3301,25.57,409832,0
2016-10-13,25.49,26.18,25.49,26.15,403144,0
2016-10-14,26.05,26.62,26,26.36,336884,0
2016-10-17,26.26,26.48,26.14,26.38,359284,0
2016-10-18,26.37,26.68,26.28,26.29,536612,0
2016-10-19,26.23,26.45,25.62,26.21,329001,0
2016-10-20,26.07,26.35,26.04,26.15,337960,0
2016-10-21,26.03,26.1,24.64,24.64,1341778,0
2016-10-24,24.46,24.54,23.48,23.52,699101,0
2016-10-25,23.55,23.7,22.92,22.95,589282,0
2016-10-26,22.78,23.34,22.78,23.0505,355340,0
2016-10-27,22.95,23.1,22.87,22.97,107113,0
2016-10-28,23.08,23.1,22.77,22.85,91825,0
2016-10-31,22.86,22.98,22.811,22.88,72889,0
2016-11-01,22.81,22.87,22.6,22.61,80874,0
2016-11-02,22.69,22.9,22.69,22.86,64451,0
2016-11-03,22.8296,23.08,22.81,22.81,65244,0
2016-11-04,22.9,22.98,22.8,22.89,26343,0
2016-11-07,23.06,23.15,22.92,22.92,37886,0
2016-11-08,22.99,22.99,22.78,22.807,60556,0
2016-11-09,22.77,22.93,22.63,22.69,43351,0
2016-11-10,22.69,22.7,22.05,22.22,68445,0
2016-11-11,22.21,22.3185,21.81,21.83,45080,0
2016-11-14,22.11,22.11,21.13,21.57,77176,0
2016-11-15,21.82,22.25,21.427,22.04,82393,0
2016-11-16,22.25,22.3417,21.95,22.02,39116,0
2016-11-17,22.08,22.2099,22.02,22.11,20590,0
2016-11-18,22.1751,22.2127,21.82,22.1,17174,0
2016-11-21,21.97,22.29,21.95,22.25,27248,0
2016-11-22,22.16,22.29,22.08,22.12,17287,0
2016-11-23,22.13,22.13,21.91,22.06,16675,0
2016-11-25,22.1511,22.23,22.07,22.1891,15652,0
2016-11-28,22.22,22.28,22.155,22.18,25651,0
2016-11-29,22.18,22.4173,22.18,22.2,37853,0
2016-11-30,22.36,22.36,22.02,22.12,27933,0
2016-12-01,22.0035,22.0035,21.9,21.91,26226,0
2016-12-02,21.92,22.0456,21.75,21.8,37161,0
2016-12-05,21.72,21.88,21.72,21.8771,18285,0
2016-12-06,21.9703,22,21.85,21.85,51547,0
2016-12-07,22,22,21.86,21.8975,42592,0
2016-12-08,21.94,22,21.85,21.92,48568,0
2016-12-09,22.05,22.09,21.85,21.89,92057,0
2016-12-12,22,22,21.76,21.76,30313,0
2016-12-13,21.76,21.8251,21.6152,21.65,29318,0
2016-12-14,21.65,21.779,21.5,21.56,30573,0
2016-12-15,21.63,21.77,21.4977,21.69,58279,0
2016-12-16,21.73,21.7499,21.36,21.6,60813,0
2016-12-19,21.7746,21.83,21.7,21.74,46639,0
2016-12-20,21.67,21.8,21.65,21.76,137780,0
2016-12-21,21.76,21.96,21.76,21.81,46567,0
2016-12-22,21.89,21.9841,21.87,21.87,69384,0
2016-12-23,21.92,22.06,21.73,21.82,30249,0
2016-12-27,21.74,21.84,21.66,21.83,43474,0
2016-12-28,21.86,21.87,21.7,21.79,23075,0
2016-12-29,21.85,21.95,21.78,21.88,38025,0
2016-12-30,21.899,21.9121,21.8,21.83,59582,0
2017-01-03,21.91,22.1,21.881,22.03,24739,0
2017-01-04,22.15,22.32,22.1197,22.27,48492,0
2017-01-05,22.36,22.375,21.94,22.14,51478,0
2017-01-06,22.1,22.39,22.1,22.19,44495,0
2017-01-09,22.3,22.33,22.16,22.28,46833,0
2017-01-10,22.32,22.41,22.22,22.33,39611,0
2017-01-11,22.3212,22.44,22.31,22.41,52860,0
2017-01-12,22.45,22.52,22.34,22.48,21956,0
2017-01-13,22.55,22.6,22.46,22.5,27043,0
2017-01-17,22.58,22.7,22.51,22.51,64695,0
2017-01-18,22.57,22.69,22.51,22.57,48042,0
2017-01-19,22.55,22.55,22.3,22.37,45549,0
2017-01-20,22.38,22.44,22.29,22.44,28207,0
2017-01-23,22.49,22.6,22.33,22.41,51560,0
2017-01-24,22.44,22.52,22.35,22.39,30282,0
2017-01-25,22.43,22.43,22.2998,22.3,40447,0
2017-01-26,22.27,22.45,22.27,22.395,17958,0
2017-01-27,22.0708,22.23,22,22.04,51951,0
2017-01-30,22.07,22.18,22.06,22.07,34622,0
2017-01-31,22.07,22.15,22.07,22.14,44067,0
2017-02-01,22.15,22.1799,22.0427,22.08,23113,0
2017-02-02,22.09,22.2,22.08,22.19,30304,0
2017-02-03,22.22,22.34,22.18,22.18,40315,0
2017-02-06,22.22,22.29,22.21,22.21,42492,0
2017-02-07,22.25,22.3,22.25,22.28,26339,0
2017-02-08,22.38,22.39,22.2518,22.37,99308,0
2017-02-09,22.35,22.4,22.25,22.33,42101,0
2017-02-10,22.27,22.33,22.13,22.16,143663,0
2017-02-13,22.18,22.25,22.17,22.17,51222,0
2017-02-14,22.23,22.23,21.97,22.07,72070,0
2017-02-15,21.97,22.11,21.95,22,45335,0
2017-02-16,22.05,22.2,22.02,22.19,59446,0
2017-02-17,22.21,22.2678,22.15,22.21,27888,0
2017-02-21,22.24,22.32,22.1791,22.27,48191,0
2017-02-22,22.33,22.41,22.32,22.35,31322,0
2017-02-23,22.3,22.45,22.3,22.44,38913,0
2017-02-24,22.51,22.59,22.4999,22.54,26255,0
2017-02-27,22.5415,22.6126,22.5001,22.545,31171,0
2017-02-28,22.51,22.61,22.46,22.55,43640,0
2017-03-01,22.48,22.59,22.4552,22.5,70373,0
2017-03-02,22.5224,22.5224,22.4234,22.48,61977,0
2017-03-03,22.4,22.47,22.38,22.46,30008,0
2017-03-06,22.45,22.45,22.37,22.45,46225,0
2017-03-07,22.53,22.53,22.44,22.53,34679,0
2017-03-08,22.53,22.5307,22.33,22.47,36281,0
2017-03-09,22.45,22.45,22.365,22.44,44039,0
2017-03-10,22.425,22.55,22.38,22.41,46703,0
2017-03-13,22.44,22.48,22.4,22.41,38810,0
2017-03-14,22.4,22.53,22.385,22.42,25689,0
2017-03-15,22.52,22.58,22.45,22.52,32237,0
2017-03-16,22.52,22.69,22.455,22.68,64245,0
2017-03-17,22.78,22.82,22.7,22.74,56960,0
2017-03-20,22.76,23.03,22.76,22.91,44863,0
2017-03-21,22.91,23.03,22.785,22.92,58819,0
2017-03-22,22.86,22.99,22.86,22.99,19988,0
2017-03-23,22.93,22.9886,22.79,22.87,53396,0
2017-03-24,22.91,22.93,22.82,22.93,22456,0
2017-03-27,22.89,22.94,22.82,22.89,9910,0
2017-03-28,22.92,23.1,22.92,22.99,35863,0
2017-03-29,23.05,23.0935,22.96,23.05,46799,0
2017-03-30,23.06,23.42,23.0302,23.27,74069,0
2017-03-31,23.32,23.42,23.2,23.26,21306,0
2017-04-03,23.2353,23.37,23.23,23.37,20504,0
2017-04-04,23.4,23.4,23.2307,23.3,41429,0
2017-04-05,23.24,23.5,23.14,23.14,43327,0
2017-04-06,23.16,23.4,23.09,23.4,22535,0
2017-04-07,23.43,23.46,23.34,23.34,17373,0
2017-04-10,23.38,23.38,23.23,23.24,13671,0
2017-04-11,23.29,23.306,23.1533,23.18,17381,0
2017-04-12,23.2205,23.25,23.1,23.2,12937,0
2017-04-13,23.32,23.32,23.2,23.31,19355,0
2017-04-17,23.33,23.33,23.2511,23.27,16015,0
2017-04-18,23.3,23.44,23.21,23.4,86326,0
2017-04-19,23.41,23.41,23.24,23.3,15321,0
2017-04-20,23.3,23.32,23.227,23.25,23650,0
2017-04-21,23.2625,23.3,23.22,23.3,12438,0
2017-04-24,23.35,23.47,23.35,23.47,39334,0
2017-04-25,23.47,23.54,23.4136,23.49,35751,0
2017-04-26,23.2518,23.29,23.1999,23.29,12264,0
2017-04-27,23.29,23.33,23.15,23.23,43046,0
2017-04-28,23.17,23.31,23.17,23.22,34045,0
2017-05-01,23.24,23.25,23.16,23.24,20884,0
2017-05-02,23.24,23.28,23.2,23.24,25806,0
2017-05-03,23.2,23.25,23.1828,23.21,23761,0
2017-05-04,23.27,23.2832,23.15,23.27,14315,0
2017-05-05,23.3,23.37,23.21,23.29,33698,0
2017-05-08,23.33,23.4142,23.19,23.41,44289,0
2017-05-09,23.3331,23.53,23.3244,23.35,20120,0
2017-05-10,23.44,23.4672,23.26,23.32,23409,0
2017-05-11,23.32,23.49,23.26,23.29,21597,0
2017-05-12,23.46,23.69,23.39,23.64,18958,0
2017-05-15,23.82,23.82,23.47,23.63,39958,0
2017-05-16,23.64,23.64,23.4575,23.579,15000,0
2017-05-17,23.43,23.63,23.43,23.5,14078,0
2017-05-18,23.5,23.6885,23.5,23.62,13542,0
2017-05-19,23.68,23.72,23.609,23.7099,10180,0
2017-05-22,23.7485,23.79,23.52,23.58,16779,0
2017-05-23,23.571,23.75,23.561,23.59,18889,0
2017-05-24,23.54,23.67,23.42,23.47,23264,0
2017-05-25,23.47,23.61,23.4401,23.53,19653,0
2017-05-26,23.45,23.64,23.45,23.59,10747,0
2017-05-30,23.595,23.65,23.45,23.57,15489,0
2017-05-31,23.52,23.69,23.52,23.6597,21462,0
2017-06-01,23.7,23.7,23.49,23.59,23154,0
2017-06-02,23.61,23.7,23.47,23.69,13002,0
2017-06-05,23.69,23.86,23.55,23.68,25135,0
2017-06-06,23.62,23.86,23.611,23.8599,30698,0
2017-06-07,23.76,23.91,23.67,23.91,20457,0
2017-06-08,23.9,24.15,23.81,23.99,27867,0
2017-06-09,23.99,24.16,23.9546,23.9797,7589,0
2017-06-12,23.95,24.08,23.82,23.94,14963,0
2017-06-13,23.99,24.16,23.84,23.85,16832,0
2017-06-14,23.9,24.145,23.83,24.13,27677,0
2017-06-15,24.09,24.29,24.01,24.29,30031,0
2017-06-16,24.29,24.45,23.95,24.28,30373,0
2017-06-19,24.44,24.5,24.24,24.24,30082,0
2017-06-20,24.25,24.45,24.22,24.25,37708,0
2017-06-21,24.36,24.41,24.2,24.3144,23370,0
2017-06-22,24.3,24.3,24.06,24.08,12984,0
2017-06-23,24.07,24.34,24.07,24.25,16664,0
2017-06-26,24.2506,24.29,24.1628,24.28,22313,0
2017-06-27,24.2513,24.29,24.1797,24.2,8875,0
2017-06-28,24.18,24.409,24.18,24.31,30612,0
2017-06-29,24.31,24.32,24.1149,24.12,17494,0
2017-06-30,24.18,24.404,24.05,24.18,20809,0
2017-07-03,24.18,24.33,24.15,24.16,3834,0
2017-07-05,24.217,24.5,24.08,24.4,48388,0
2017-07-06,24.33,24.45,24.29,24.3744,18616,0
2017-07-07,24.42,24.5,24.4,24.5,36336,0
2017-07-10,24.5,24.6593,24.45,24.47,33578,0
2017-07-11,24.56,24.56,24.3,24.484,15568,0
2017-07-12,24.45,24.61,24.31,24.59,29485,0
2017-07-13,24.64,24.65,24.38,24.54,20053,0
2017-07-14,24.54,24.96,24.47,24.88,26016,0
2017-07-17,24.88,24.88,24.67,24.79,19291,0
2017-07-18,24.66,24.79,24.66,24.73,6894,0
2017-07-19,24.72,24.88,24.72,24.76,7227,0
2017-07-20,24.74,24.99,24.716,24.82,19337,0
2017-07-21,24.9148,25,24.828,25,24704,0
2017-07-24,25,25,24.8,24.8,32798,0
2017-07-25,24.8,25,24.8,24.9121,52355,0
2017-07-26,24.9,25.09,24.81,24.81,20461,0
2017-07-27,24.51,24.789,24.49,24.61,30995,0
2017-07-28,24.665,24.8,24.5778,24.76,8216,0
2017-07-31,24.8,24.99,24.56,24.99,21329,0
2017-08-01,24.98,24.99,24.93,24.96,25409,0
2017-08-02,24.895,24.895,24.7351,24.8388,13980,0
2017-08-03,24.7101,24.99,24.7101,24.8,22524,0
2017-08-04,24.96,24.96,24.498,24.742,26417,0
2017-08-07,24.78,24.78,24.55,24.6,26199,0
2017-08-08,24.625,24.65,24.56,24.6,18997,0
2017-08-09,24.72,24.72,24.5319,24.56,11501,0
2017-08-10,24.64,24.71,24.44,24.56,50291,0
2017-08-11,24.71,24.71,24.51,24.54,14945,0
2017-08-14,24.61,24.81,24.6,24.81,8802,0
2017-08-15,24.81,24.81,24.3865,24.46,13657,0
2017-08-16,24.66,24.7199,24.46,24.47,36050,0
2017-08-17,24.43,24.4566,24.3662,24.3662,7105,0
2017-08-18,24.38,24.48,24.13,24.13,23273,0
2017-08-21,24.28,24.3092,24.15,24.21,8130,0
2017-08-22,24.2,24.3999,24.18,24.19,15256,0
2017-08-23,24.2916,24.64,24.19,24.48,15702,0
2017-08-24,24.38,24.45,24.34,24.37,41104,0
2017-08-25,24.42,24.44,24.34,24.44,41667,0
2017-08-28,24.35,24.6648,24.35,24.47,102892,0
2017-08-29,24.41,24.505,24.41,24.5,15670,0
2017-08-30,24.5,24.876,24.5,24.87,67072,0
2017-08-31,24.857,24.96,24.55,24.94,64694,0
2017-09-01,24.96,24.96,24.77,24.9,62586,0
2017-09-05,24.68,24.85,24.68,24.728,15476,0
2017-09-06,24.87,24.99,24.7201,24.84,42528,0
2017-09-07,24.8872,24.8872,24.74,24.74,8701,0
2017-09-08,24.711,24.759,24.5,24.54,13679,0
2017-09-11,24.6,24.64,24.43,24.52,19264,0
2017-09-12,24.43,24.53,24.34,24.48,16832,0
2017-09-13,24.4126,24.5636,24.4,24.4,10803,0
2017-09-14,24.495,24.68,24.39,24.47,17597,0
2017-09-15,24.5488,24.57,24.4511,24.53,21229,0
2017-09-18,24.586,24.72,24.44,24.45,11962,0
2017-09-19,24.5,24.6757,24.47,24.57,14566,0
2017-09-20,24.52,24.56,24.431,24.51,14884,0
2017-09-21,24.53,24.65,24.51,24.62,10196,0
2017-09-22,24.62,24.62,24.463,24.49,3902,0
2017-09-25,24.6,24.6,24.461,24.5029,14599,0
2017-09-26,24.43,24.6,24.399,24.6,26915,0
2017-09-27,24.5,24.51,24.45,24.49,16172,0
2017-09-28,24.35,24.62,24.35,24.52,10861,0
2017-09-29,24.655,24.78,24.5651,24.78,8591,0
2017-10-02,24.66,24.68,24.53,24.55,11171,0
2017-10-03,24.6,24.7,24.43,24.4981,40483,0
2017-10-04,24.53,24.591,24.43,24.51,14461,0
2017-10-05,24.5,24.6385,24.5,24.5,12818,0
2017-10-06,24.57,24.57,24.42,24.4538,20920,0
2017-10-09,24.52,24.52,24.38,24.44,15501,0
2017-10-10,24.44,24.71,24.4251,24.56,22943,0
2017-10-11,24.68,24.6984,24.6166,24.66,12023,0
2017-10-12,24.56,24.629,24.46,24.5,26068,0
2017-10-13,24.49,24.55,24.4801,24.5,15280,0
2017-10-16,24.5,24.5,24.43,24.49,25913,0
2017-10-17,24.5,24.52,24.4,24.41,18866,0
2017-10-18,24.4,24.489,24.34,24.489,10641,0
2017-10-19,24.4,24.5,24.3998,24.5,12138,0
2017-10-20,24.485,24.5,24.442,24.48,19869,0
2017-10-23,24.53,24.53,24.43,24.44,27802,0
2017-10-24,24.48,24.5,24.32,24.34,10837,0
2017-10-25,24.37,24.37,24.16,24.285,12050,0
2017-10-26,24.2,24.4,24.2,24.27,15189,0
2017-10-27,24.32,24.35,24.24,24.3,10869,0
2017-10-30,24.01,24.095,23.19,23.35,52100,0
2017-10-31,23.6,24.03,23.526,23.86,25956,0
2017-11-01,23.96,24.009,23.77,23.89,9497,0
2017-11-02,23.85,23.9894,23.85,23.95,19993,0
2017-11-03,23.85,23.99,23.85,23.94,17648,0
2017-11-06,23.94,24.03,23.725,23.849,30087,0
2017-11-07,23.8357,23.8357,23.71,23.71,10880,0
2017-11-08,23.83,23.88,23.7348,23.74,13213,0
2017-11-09,24.01,24.2265,23.83,23.83,7267,0
2017-11-10,23.83,23.975,23.76,23.8,20296,0
