2016-01-04,14.292,14.364,14.26,14.355,25636,0
2016-01-05,14.384,14.474,14.364,14.465,11470,0
2016-01-06,14.482,14.586,14.447,14.549,20646,0
2016-01-07,14.531,14.667,14.531,14.603,19969,0
2016-01-08,14.558,14.595,14.525,14.589,13742,0
2016-01-11,14.539,14.586,14.474,14.525,27380,0
2016-01-12,14.539,14.623,14.492,14.623,24010,0
2016-01-13,14.636,14.655,14.581,14.581,10336,0
2016-01-14,14.581,14.627,14.495,14.627,7262,0
2016-01-15,14.691,14.699,14.6,14.6,34910,0
2016-01-19,14.671,14.777,14.591,14.699,47454,0
2016-01-20,14.726,14.753,14.396,14.405,43941,0
2016-01-21,14.432,14.51,14.432,14.51,27981,0
2016-01-22,14.51,14.655,14.486,14.553,38458,0
2016-01-25,14.6,14.6,14.544,14.544,21161,0
2016-01-26,14.544,14.655,14.528,14.655,19027,0
2016-01-27,14.571,14.718,14.571,14.699,24022,0
2016-01-28,14.681,14.744,14.571,14.581,39155,0
2016-01-29,14.6,14.671,14.535,14.535,49768,0
2016-02-01,14.6,14.645,14.553,14.627,11483,0
2016-02-02,14.581,14.734,14.581,14.645,35487,0
2016-02-03,14.69,14.744,14.645,14.726,13164,0
2016-02-04,14.681,14.921,14.681,14.753,37613,0
2016-02-05,14.813,14.813,14.753,14.753,17139,0
2016-02-08,14.822,14.903,14.777,14.894,8952,0
2016-02-09,14.903,14.929,14.841,14.912,21243,0
2016-02-10,14.931,14.966,14.931,14.957,14923,0
2016-02-11,14.952,15.006,14.898,14.944,19893,0
2016-02-12,14.971,15.002,14.845,14.898,21218,0
2016-02-16,14.835,14.873,14.781,14.781,14973,0
2016-02-17,14.764,14.817,14.748,14.773,40118,0
2016-02-18,14.8,14.916,14.789,14.916,18194,0
2016-02-19,14.845,15.006,14.845,14.977,17319,0
2016-02-22,14.962,14.998,14.825,14.854,27249,0
2016-02-23,14.854,15.086,14.835,14.936,35909,0
2016-02-24,14.99,14.999,14.907,14.936,22792,0
2016-02-25,14.907,15.006,14.898,14.898,26815,0
2016-02-26,14.873,15.059,14.873,14.898,43195,0
2016-02-29,14.907,15.14,14.898,15.023,48748,0
2016-03-01,15.121,15.131,15.069,15.112,26064,0
2016-03-02,15.112,15.221,15.049,15.221,37283,0
2016-03-03,15.221,15.408,15.15,15.276,45005,0
2016-03-04,15.318,15.318,15.203,15.203,23303,0
2016-03-07,15.239,15.453,15.239,15.373,51379,0
2016-03-08,15.426,15.668,15.426,15.518,46596,0
2016-03-09,15.473,15.631,15.435,15.622,23500,0
2016-03-10,15.659,15.668,15.453,15.622,14700,0
2016-03-11,15.7,15.719,15.631,15.719,10103,0
2016-03-14,15.71,15.792,15.628,15.792,21249,0
2016-03-15,15.757,15.886,15.682,15.691,10218,0
2016-03-16,15.729,15.729,15.644,15.682,24167,0
2016-03-17,15.7,15.779,15.6,15.644,19691,0
2016-03-18,15.592,15.719,15.421,15.494,47330,0
2016-03-21,15.448,15.618,15.448,15.582,15242,0
2016-03-22,15.609,15.644,15.477,15.504,20916,0
2016-03-23,15.513,15.6,15.494,15.54,17056,0
2016-03-24,15.494,15.6,15.457,15.574,27416,0
2016-03-28,15.531,15.548,15.448,15.448,38078,0
2016-03-29,15.439,15.477,15.349,15.395,54832,0
2016-03-30,15.386,15.494,15.331,15.363,60304,0
2016-03-31,15.412,15.448,15.358,15.377,30834,0
2016-04-01,15.439,15.467,15.358,15.358,34909,0
2016-04-04,15.367,15.395,15.261,15.349,50185,0
2016-04-05,15.34,15.483,15.34,15.439,27329,0
2016-04-06,15.477,15.558,15.421,15.467,19313,0
2016-04-07,15.513,15.558,15.467,15.504,17983,0
2016-04-08,15.548,15.609,15.439,15.457,15797,0
2016-04-11,15.504,15.609,15.457,15.6,16250,0
2016-04-12,15.6,15.627,15.395,15.419,84083,0
2016-04-13,15.571,15.571,15.326,15.362,47248,0
2016-04-14,15.372,15.562,15.317,15.561,122843,0
2016-04-15,15.509,15.571,15.509,15.537,16848,0
2016-04-18,15.527,15.583,15.527,15.545,13283,0
2016-04-19,15.545,15.583,15.416,15.416,30713,0
2016-04-20,15.425,15.489,15.407,15.434,33380,0
2016-04-21,15.472,15.489,15.434,15.462,18424,0
2016-04-22,15.443,15.509,15.425,15.499,21187,0
2016-04-25,15.499,15.518,15.425,15.481,9917,0
2016-04-26,15.434,15.509,15.434,15.509,29523,0
2016-04-27,15.527,15.545,15.489,15.527,16662,0
2016-04-28,15.545,15.571,15.518,15.571,14415,0
2016-04-29,15.605,15.623,15.579,15.623,6127,0
2016-05-02,15.64,15.687,15.581,15.66,24060,0
2016-05-03,15.706,15.715,15.685,15.715,18413,0
2016-05-04,15.715,15.763,15.697,15.728,22867,0
2016-05-05,15.706,15.823,15.706,15.79,21781,0
2016-05-06,15.823,15.852,15.798,15.847,16261,0
2016-05-09,15.866,15.884,15.839,15.884,19633,0
2016-05-10,15.851,15.932,15.851,15.932,11640,0
2016-05-11,15.913,15.959,15.876,15.893,19352,0
2016-05-12,15.927,15.984,15.861,15.975,17202,0
2016-05-13,15.984,16.019,15.955,16.004,9184,0
2016-05-16,15.994,16.037,15.98,16.011,24073,0
2016-05-17,16.019,16.025,15.937,16.012,13181,0
2016-05-18,15.994,15.999,15.852,15.852,8284,0
2016-05-19,15.825,15.825,15.46,15.46,56869,0
2016-05-20,15.455,15.582,15.455,15.531,9924,0
2016-05-23,15.564,15.691,15.564,15.691,11828,0
2016-05-24,15.719,15.766,15.663,15.682,27671,0
2016-05-25,15.71,15.71,15.663,15.663,7920,0
2016-05-26,15.691,15.748,15.663,15.719,42159,0
2016-05-27,15.7,15.843,15.7,15.776,24366,0
2016-05-31,15.785,15.785,15.663,15.691,20735,0
2016-06-01,15.766,15.871,15.733,15.861,26305,0
2016-06-02,15.839,15.975,15.839,15.871,20815,0
2016-06-03,15.918,15.918,15.861,15.908,23547,0
2016-06-06,15.871,15.937,15.852,15.888,23310,0
2016-06-07,15.942,15.942,15.871,15.908,5880,0
2016-06-08,15.881,15.994,15.881,15.927,19739,0
2016-06-09,15.937,16.012,15.825,15.888,26595,0
2016-06-10,15.898,15.955,15.898,15.955,18989,0
2016-06-13,15.866,16.05,15.866,16.024,9777,0
2016-06-14,16.024,16.059,15.999,16.05,13295,0
2016-06-15,16.093,16.093,15.989,16.034,14458,0
2016-06-16,16.042,16.121,16.034,16.06,19842,0
2016-06-17,16.111,16.169,16.108,16.169,9406,0
2016-06-20,16.121,16.169,16.103,16.103,10767,0
2016-06-21,16.122,16.216,16.122,16.216,12624,0
2016-06-22,16.216,16.33,16.184,16.295,20150,0
2016-06-23,16.34,16.346,16.295,16.34,13601,0
2016-06-24,16.34,16.452,16.34,16.416,12923,0
2016-06-27,16.434,16.487,16.358,16.358,40651,0
2016-06-28,16.434,16.47,16.358,16.358,35098,0
2016-06-29,16.35,16.47,16.35,16.406,20312,0
2016-06-30,16.416,16.514,16.416,16.452,18658,0
2016-07-01,16.443,16.542,16.416,16.424,11777,0
2016-07-05,16.478,16.638,16.434,16.478,19064,0
2016-07-06,16.514,16.597,16.247,16.387,88563,0
2016-07-07,16.406,16.434,16.368,16.406,5789,0
2016-07-08,16.387,16.478,16.387,16.461,25071,0
2016-07-11,16.496,16.496,16.459,16.461,18054,0
2016-07-12,16.424,16.47,16.35,16.358,31422,0
2016-07-13,16.42,16.42,16.246,16.309,36406,0
2016-07-14,16.246,16.283,16.027,16.062,69568,0
2016-07-15,16.079,16.246,16.071,16.237,26409,0
2016-07-18,16.246,16.466,16.246,16.466,23051,0
2016-07-19,16.466,16.511,16.339,16.474,28557,0
2016-07-20,16.466,16.502,16.466,16.474,8376,0
2016-07-21,16.474,16.519,16.457,16.519,21526,0
2016-07-22,16.519,16.528,16.473,16.528,6469,0
2016-07-25,16.483,16.676,16.457,16.519,47316,0
2016-07-26,16.538,16.611,16.438,16.511,17938,0
2016-07-27,16.566,16.611,16.512,16.611,13091,0
2016-07-28,16.648,16.648,16.621,16.648,5718,0
2016-07-29,16.648,16.711,16.648,16.701,18177,0
2016-08-01,16.749,16.749,16.657,16.701,30662,0
2016-08-02,16.685,16.685,16.576,16.605,14334,0
2016-08-03,16.576,16.701,16.576,16.701,6228,0
2016-08-04,16.701,16.701,16.638,16.701,10975,0
2016-08-05,16.702,16.758,16.667,16.758,10990,0
2016-08-08,16.766,16.775,16.702,16.772,8356,0
2016-08-09,16.721,16.813,16.721,16.758,14607,0
2016-08-10,16.823,16.841,16.775,16.795,15411,0
2016-08-11,16.837,16.844,16.787,16.837,10932,0
2016-08-12,16.841,16.883,16.841,16.883,5576,0
2016-08-15,16.827,16.873,16.68,16.706,18408,0
2016-08-16,16.706,16.762,16.689,16.689,15150,0
2016-08-17,16.726,16.762,16.68,16.718,8971,0
2016-08-18,16.762,16.799,16.762,16.771,5514,0
2016-08-19,16.799,16.827,16.753,16.774,14830,0
2016-08-22,16.799,16.799,16.698,16.698,11969,0
2016-08-23,16.726,16.79,16.708,16.735,12653,0
2016-08-24,16.735,16.78,16.716,16.762,5903,0
2016-08-25,16.745,16.799,16.642,16.652,16541,0
2016-08-26,16.642,16.706,16.597,16.624,12398,0
2016-08-29,16.68,16.726,16.68,16.706,11128,0
2016-08-30,16.652,16.716,16.652,16.703,8229,0
2016-08-31,16.78,16.818,16.698,16.716,31255,0
2016-09-01,16.753,16.873,16.735,16.762,26203,0
2016-09-02,16.818,16.873,16.809,16.844,29548,0
2016-09-06,16.891,16.974,16.874,16.974,21252,0
2016-09-07,16.983,16.992,16.946,16.992,4839,0
2016-09-08,16.974,17.038,16.974,16.974,7965,0
2016-09-09,16.899,16.899,16.68,16.723,36782,0
2016-09-12,16.607,16.753,16.532,16.661,14800,0
2016-09-13,16.68,16.694,16.545,16.545,8873,0
2016-09-14,16.602,16.602,16.418,16.482,38038,0
2016-09-15,16.454,16.464,16.418,16.445,12986,0
2016-09-16,16.454,16.454,16.252,16.288,26550,0
2016-09-19,16.252,16.37,16.252,16.324,18849,0
2016-09-20,16.305,16.37,16.295,16.328,8381,0
2016-09-21,16.36,16.38,16.305,16.38,11947,0
2016-09-22,16.418,16.513,16.418,16.454,8100,0
2016-09-23,16.511,16.524,16.454,16.454,7446,0
2016-09-26,16.445,16.51,16.445,16.482,6316,0
2016-09-27,16.491,16.536,16.491,16.531,9320,0
2016-09-28,16.592,16.657,16.583,16.602,3208,0
2016-09-29,16.592,16.607,16.518,16.518,9613,0
2016-09-30,16.583,16.583,16.518,16.555,2546,0
2016-10-03,16.51,16.545,16.51,16.51,8909,0
2016-10-04,16.536,16.536,16.29,16.297,22831,0
2016-10-05,16.234,16.276,16.215,16.225,5083,0
2016-10-06,16.187,16.229,16.167,16.222,2698,0
2016-10-07,16.139,16.227,16.139,16.215,10214,0
2016-10-10,16.159,16.215,16.12,16.178,13562,0
2016-10-11,16.178,16.205,16.148,16.149,9544,0
2016-10-12,16.105,16.119,15.922,15.922,29885,0
2016-10-13,15.846,15.893,15.516,15.525,73374,0
2016-10-14,15.413,15.428,14.729,15.238,84035,0
2016-10-17,15.229,15.238,14.791,14.866,83686,0
2016-10-18,14.95,15.241,14.861,15.135,63252,0
2016-10-19,15.135,15.429,15.135,15.366,19950,0
2016-10-20,15.45,15.45,15.328,15.395,11123,0
2016-10-21,15.413,15.525,15.413,15.431,14204,0
2016-10-24,15.497,15.497,15.413,15.422,7380,0
2016-10-25,15.431,15.431,15.389,15.389,3814,0
2016-10-26,15.366,15.386,15.229,15.229,32361,0
2016-10-27,15.22,15.22,14.999,15.125,27767,0
2016-10-28,15.177,15.177,15.07,15.07,36780,0
2016-10-31,15.125,15.154,15.032,15.125,28281,0
2016-11-01,15.164,15.2,15.101,15.172,28772,0
2016-11-02,15.22,15.22,15.154,15.196,9550,0
2016-11-03,15.22,15.22,15.172,15.22,6233,0
2016-11-04,15.182,15.242,15.182,15.182,16441,0
2016-11-07,15.182,15.266,15.182,15.229,10750,0
2016-11-08,15.21,15.266,15.21,15.231,13685,0
2016-11-09,15.164,15.164,15.07,15.125,34099,0
2016-11-10,15.074,15.074,14.731,14.768,49824,0
2016-11-11,14.723,14.724,14.507,14.609,27708,0
2016-11-14,14.525,14.543,14.032,14.106,55788,0
2016-11-15,14.155,14.32,14.059,14.32,41232,0
2016-11-16,14.329,14.471,14.243,14.471,40445,0
2016-11-17,14.349,14.349,14.21,14.275,29565,0
2016-11-18,14.229,14.314,14.182,14.182,34480,0
2016-11-21,14.182,14.32,14.182,14.257,14939,0
2016-11-22,14.257,14.3,14.192,14.217,26775,0
2016-11-23,14.068,14.135,14.05,14.106,18100,0
2016-11-25,14.059,14.082,13.959,14.005,22948,0
2016-11-28,14.032,14.077,13.995,14.014,9637,0
2016-11-29,14.023,14.041,13.937,14.014,25597,0
2016-11-30,13.883,14.04,13.819,14.013,40093,0
2016-12-01,14.023,14.023,13.819,13.883,25468,0
2016-12-02,13.968,14.05,13.913,13.986,63010,0
2016-12-05,13.913,14.023,13.874,14.023,33531,0
2016-12-06,14.023,14.229,13.995,14.229,33857,0
2016-12-07,14.237,14.67,14.237,14.525,35526,0
2016-12-08,14.673,14.673,14.454,14.51,48328,0
2016-12-09,14.444,14.454,14.242,14.424,71203,0
2016-12-12,14.367,14.387,14.237,14.387,30432,0
2016-12-13,14.387,14.537,14.337,14.5,22881,0
2016-12-14,14.557,14.626,14.408,14.616,43869,0
2016-12-15,14.616,14.616,14.167,14.405,75011,0
2016-12-16,14.377,14.493,14.377,14.434,44498,0
2016-12-19,14.387,14.487,14.377,14.387,49512,0
2016-12-20,14.464,14.464,14.327,14.377,30916,0
2016-12-21,14.387,14.404,14.347,14.377,52343,0
2016-12-22,14.377,14.473,14.377,14.473,39048,0
2016-12-23,14.405,14.5,14.405,14.454,13335,0
2016-12-27,14.5,14.52,14.449,14.464,34959,0
2016-12-28,14.439,14.5,14.377,14.5,16013,0
2016-12-29,14.458,14.567,14.458,14.545,29232,0
2016-12-30,14.644,14.654,14.577,14.635,62907,0
2017-01-03,14.693,14.752,14.606,14.752,68860,0
2017-01-04,14.752,14.816,14.752,14.816,13133,0
2017-01-05,14.856,14.883,14.778,14.865,27409,0
2017-01-06,14.796,14.893,14.769,14.874,29300,0
2017-01-09,14.913,15.085,14.913,15.027,24070,0
2017-01-10,15.027,15.143,15.027,15.096,42496,0
2017-01-11,15.197,15.207,15.08,15.118,33938,0
2017-01-12,15.118,15.249,15.118,15.227,8901,0
2017-01-13,15.207,15.217,15.168,15.217,8003,0
2017-01-17,15.266,15.301,15.158,15.207,10838,0
2017-01-18,15.197,15.227,15.148,15.197,17666,0
2017-01-19,15.133,15.133,14.986,15.015,39279,0
2017-01-20,14.986,14.986,14.887,14.917,30878,0
2017-01-23,14.917,15.023,14.917,15.015,19487,0
2017-01-24,15.015,15.015,14.947,14.947,6242,0
2017-01-25,15.015,15.015,14.897,14.897,6516,0
2017-01-26,14.859,14.927,14.859,14.907,17805,0
2017-01-27,14.877,15.005,14.877,14.996,18042,0
2017-01-30,14.991,15.08,14.991,15.061,25452,0
2017-01-31,15.077,15.153,15.077,15.148,14917,0
2017-02-01,15.187,15.187,15.083,15.138,13704,0
2017-02-02,15.158,15.158,15.118,15.148,11412,0
2017-02-03,15.177,15.227,15.148,15.187,13763,0
2017-02-06,15.237,15.237,15.158,15.217,13093,0
2017-02-07,15.187,15.256,15.187,15.256,7263,0
2017-02-08,15.266,15.293,15.246,15.293,10858,0
2017-02-09,15.25,15.283,15.207,15.237,21868,0
2017-02-10,15.187,15.258,15.177,15.177,29270,0
2017-02-13,15.192,15.227,15.143,15.143,15956,0
2017-02-14,15.222,15.345,15.065,15.182,57714,0
2017-02-15,15.075,15.182,14.823,15.065,55949,0
2017-02-16,14.853,15.104,14.853,14.95,63584,0
2017-02-17,14.941,15.036,14.931,14.931,18860,0
2017-02-21,14.891,15.009,14.891,14.931,42915,0
2017-02-22,14.901,14.98,14.881,14.931,12099,0
2017-02-23,14.941,15.072,14.941,14.98,28150,0
2017-02-24,15.055,15.136,15.045,15.065,12139,0
2017-02-27,15.123,15.123,14.97,14.98,15225,0
2017-02-28,14.96,15.065,14.96,15.055,18405,0
2017-03-01,15.027,15.036,14.862,15.036,43666,0
2017-03-02,14.941,14.941,14.748,14.774,76242,0
2017-03-03,14.853,14.853,14.679,14.72,20858,0
2017-03-06,14.669,14.748,14.611,14.669,29385,0
2017-03-07,14.669,14.669,14.571,14.571,16877,0
2017-03-08,14.495,14.601,14.417,14.426,24635,0
2017-03-09,14.427,14.427,14.263,14.29,46166,0
2017-03-10,14.233,14.293,14.224,14.273,33973,0
2017-03-13,14.254,14.294,14.199,14.246,31728,0
2017-03-14,14.208,14.236,14.13,14.14,24180,0
2017-03-15,14.13,14.284,14.1,14.228,71871,0
2017-03-16,14.228,14.241,14.15,14.178,33147,0
2017-03-17,14.16,14.236,14.15,14.198,29038,0
2017-03-20,14.256,14.323,14.198,14.323,20846,0
2017-03-21,14.323,14.402,14.303,14.373,25894,0
2017-03-22,14.421,14.461,14.363,14.402,18182,0
2017-03-23,14.393,14.451,14.323,14.343,25725,0
2017-03-24,14.373,14.433,14.373,14.421,28642,0
2017-03-27,14.441,14.509,14.441,14.491,29181,0
2017-03-28,14.491,14.528,14.46,14.509,28988,0
2017-03-29,14.509,14.571,14.509,14.566,17884,0
2017-03-30,14.528,14.586,14.528,14.586,18553,0
2017-03-31,14.586,14.644,14.566,14.644,27655,0
2017-04-03,14.674,14.674,14.606,14.626,18713,0
2017-04-04,14.616,14.693,14.596,14.626,16268,0
2017-04-05,14.596,14.674,14.596,14.636,18128,0
2017-04-06,14.644,14.714,14.644,14.684,17155,0
2017-04-07,14.704,14.78,14.694,14.78,35996,0
2017-04-10,14.78,14.937,14.749,14.877,46300,0
2017-04-11,14.871,15.01,14.871,14.931,39105,0
2017-04-12,14.971,15.019,14.921,15.019,10531,0
2017-04-13,15.046,15.061,15.011,15.019,8703,0
2017-04-17,15.01,15.019,15.001,15.01,13370,0
2017-04-18,15.01,15.066,14.971,14.981,24249,0
2017-04-19,14.971,15.027,14.971,15.027,2837,0
2017-04-20,14.981,15.019,14.921,14.921,29304,0
2017-04-21,14.961,14.961,14.94,14.941,9756,0
2017-04-24,14.901,14.941,14.881,14.881,8813,0
2017-04-25,14.783,14.807,14.717,14.747,42317,0
2017-04-26,14.747,14.791,14.727,14.765,10144,0
2017-04-27,14.697,14.765,14.697,14.764,16392,0
2017-04-28,14.754,14.842,14.667,14.832,39177,0
2017-05-01,14.861,14.861,14.765,14.765,13595,0
2017-05-02,14.747,14.804,14.747,14.802,7634,0
2017-05-03,14.756,14.812,14.747,14.799,30465,0
2017-05-04,14.773,14.802,14.727,14.781,14877,0
2017-05-05,14.737,14.792,14.737,14.756,22215,0
2017-05-08,14.783,14.783,14.657,14.687,45726,0
2017-05-09,14.687,14.702,14.53,14.647,83660,0
2017-05-10,14.657,14.657,14.588,14.627,31384,0
2017-05-11,14.631,14.711,14.631,14.681,28084,0
2017-05-12,14.681,14.796,14.681,14.796,35939,0
2017-05-15,14.805,14.846,14.787,14.846,14200,0
2017-05-16,14.777,14.836,14.741,14.806,23975,0
2017-05-17,14.836,14.876,14.796,14.836,34456,0
2017-05-18,14.846,14.896,14.806,14.806,25297,0
2017-05-19,14.768,14.826,14.76,14.768,16349,0
2017-05-22,14.777,14.826,14.731,14.796,52490,0
2017-05-23,14.846,14.886,14.836,14.876,12151,0
2017-05-24,14.846,14.936,14.846,14.926,16535,0
2017-05-25,14.936,14.936,14.867,14.886,12959,0
2017-05-26,14.916,14.946,14.866,14.926,16053,0
2017-05-30,14.926,14.936,14.896,14.896,13442,0
2017-05-31,14.946,15.005,14.936,15.005,11862,0
2017-06-01,14.986,15.091,14.986,15.023,57668,0
2017-06-02,15.061,15.111,15.042,15.101,38925,0
2017-06-05,15.071,15.111,15.023,15.051,14550,0
2017-06-06,15.015,15.151,15.015,15.061,50120,0
2017-06-07,15.091,15.101,15.061,15.071,9769,0
2017-06-08,15.051,15.081,15.032,15.061,10028,0
2017-06-09,15.042,15.042,14.926,14.966,23648,0
2017-06-12,14.966,15.005,14.946,15.005,28693,0
2017-06-13,15.045,15.085,15.009,15.045,16509,0
2017-06-14,15.095,15.135,15.055,15.115,21233,0
2017-06-15,15.125,15.125,15.045,15.115,27070,0
2017-06-16,15.125,15.175,15.105,15.165,21743,0
2017-06-19,15.165,15.205,15.135,15.185,28722,0
2017-06-20,15.135,15.293,15.135,15.293,33786,0
2017-06-21,15.293,15.301,15.206,15.283,23459,0
2017-06-22,15.283,15.471,15.265,15.351,36768,0
2017-06-23,15.301,15.441,15.301,15.341,22194,0
2017-06-26,15.341,15.431,15.341,15.411,23440,0
2017-06-27,15.431,15.431,15.293,15.391,27993,0
2017-06-28,15.391,15.431,15.311,15.431,22424,0
2017-06-29,15.361,15.361,15.255,15.255,37410,0
2017-06-30,15.283,15.371,15.265,15.321,29025,0
2017-07-03,15.371,15.441,15.301,15.351,34317,0
2017-07-05,15.411,15.411,15.301,15.371,43578,0
2017-07-06,15.321,15.401,15.301,15.401,16468,0
2017-07-07,15.401,15.511,15.361,15.411,33334,0
2017-07-10,15.341,15.559,15.341,15.559,22822,0
2017-07-11,15.559,15.667,15.491,15.667,32209,0
2017-07-12,15.677,15.776,15.667,15.677,38282,0
2017-07-13,15.766,15.786,15.607,15.657,50357,0
2017-07-14,15.717,15.854,15.627,15.796,25980,0
2017-07-17,15.776,15.824,15.737,15.737,10647,0
2017-07-18,15.737,15.755,15.657,15.657,22197,0
2017-07-19,15.687,15.687,15.567,15.587,19827,0
2017-07-20,15.637,15.657,15.567,15.627,19513,0
2017-07-21,15.567,15.631,15.549,15.567,21491,0
2017-07-24,15.567,15.627,15.519,15.577,27048,0
2017-07-25,15.559,15.559,15.46,15.538,11383,0
2017-07-26,15.577,15.597,15.519,15.597,9659,0
2017-07-27,15.607,15.637,15.597,15.617,9246,0
2017-07-28,15.627,15.75,15.611,15.747,14693,0
2017-07-31,15.766,15.884,15.757,15.884,39647,0
2017-08-01,15.914,16.091,15.845,16.091,50618,0
2017-08-02,16.053,16.221,16.053,16.141,33130,0
2017-08-03,16.28,16.28,16.145,16.145,10479,0
2017-08-04,16.126,16.141,16.043,16.101,8197,0
2017-08-07,16.082,16.111,15.874,15.884,39147,0
2017-08-08,15.874,15.894,15.796,15.796,11510,0
2017-08-09,15.816,15.901,15.717,15.796,10551,0
2017-08-10,15.816,15.816,15.647,15.766,13019,0
2017-08-11,15.848,15.848,15.577,15.71,34261,0
2017-08-14,15.65,15.77,15.62,15.654,23652,0
2017-08-15,15.65,15.65,15.556,15.6,7195,0
2017-08-16,15.64,15.64,15.542,15.542,8481,0
2017-08-17,15.63,15.63,15.519,15.522,15594,0
2017-08-18,15.61,15.61,15.525,15.57,6612,0
2017-08-21,15.58,15.62,15.542,15.61,18464,0
2017-08-22,15.62,15.67,15.62,15.62,8432,0
2017-08-23,15.63,15.7,15.63,15.7,3606,0
2017-08-24,15.7,15.7,15.65,15.69,4149,0
2017-08-25,15.68,15.68,15.6,15.63,14062,0
2017-08-28,15.67,15.67,15.59,15.6,7635,0
2017-08-29,15.69,15.77,15.67,15.77,14987,0
2017-08-30,15.79,15.79,15.724,15.79,13128,0
2017-08-31,15.79,15.868,15.789,15.868,23412,0
2017-09-01,15.878,15.888,15.819,15.888,11592,0
2017-09-05,15.888,15.968,15.876,15.958,13973,0
2017-09-06,15.858,15.987,15.858,15.878,25520,0
2017-09-07,15.958,15.958,15.848,15.888,14652,0
2017-09-08,15.988,15.988,15.953,15.953,5228,0
2017-09-11,16.018,16.018,15.858,15.928,12509,0
2017-09-12,15.868,15.958,15.868,15.928,7938,0
2017-09-13,15.928,15.958,15.878,15.958,15974,0
2017-09-14,15.958,15.958,15.895,15.958,15757,0
2017-09-15,15.958,15.958,15.928,15.938,8454,0
2017-09-18,15.968,15.968,15.924,15.928,6426,0
2017-09-19,15.898,15.932,15.898,15.928,8501,0
2017-09-20,15.913,15.918,15.848,15.848,12907,0
2017-09-21,15.878,15.878,15.699,15.699,12709,0
2017-09-22,15.699,15.739,15.699,15.7,7569,0
2017-09-25,15.734,15.749,15.719,15.744,2546,0
2017-09-26,15.809,15.809,15.709,15.759,13619,0
2017-09-27,15.769,15.769,15.589,15.599,19063,0
2017-09-28,15.659,15.659,15.5,15.51,10270,0
2017-09-29,15.589,15.589,15.48,15.48,8114,0
2017-10-02,15.45,15.579,15.45,15.51,17643,0
2017-10-03,15.51,15.569,15.5,15.53,29340,0
2017-10-04,15.52,15.559,15.477,15.55,7028,0
2017-10-05,15.53,15.54,15.45,15.51,36311,0
2017-10-06,15.44,15.559,15.39,15.39,17312,0
2017-10-09,15.42,15.46,15.39,15.42,12470,0
2017-10-10,15.46,15.46,15.33,15.43,40824,0
2017-10-11,15.46,15.47,15.43,15.45,22869,0
2017-10-12,15.48,15.48,15.43,15.43,17709,0
2017-10-13,15.52,15.52,15.45,15.5,17113,0
2017-10-16,15.51,15.51,15.47,15.48,9497,0
2017-10-17,15.47,15.5,15.44,15.48,20508,0
2017-10-18,15.48,15.48,15.42,15.442,19239,0
2017-10-19,15.49,15.49,15.44,15.45,16175,0
2017-10-20,15.45,15.45,15.38,15.41,9550,0
2017-10-23,15.39,15.4204,15.35,15.3614,17466,0
2017-10-24,15.44,15.44,15.34,15.35,7365,0
2017-10-25,15.35,15.35,15.3,15.3299,16517,0
2017-10-26,15.33,15.33,15.2299,15.24,18781,0
2017-10-27,15.34,15.34,15.1832,15.2,35948,0
2017-10-30,15.22,15.26,15.17,15.17,49169,0
2017-10-31,15.1806,15.1806,15.15,15.15,7344,0
2017-11-01,15.18,15.2,15.1411,15.15,10801,0
2017-11-02,15.14,15.2499,15.14,15.19,13556,0
2017-11-03,15.19,15.23,15.14,15.16,17478,0
2017-11-06,15.17,15.23,15.17,15.21,24973,0
2017-11-07,15.19,15.24,15.19,15.23,31303,0
2017-11-08,15.23,15.3,15.23,15.26,16078,0
2017-11-09,15.25,15.2619,15.2,15.24,23144,0
2017-11-10,15.2,15.2166,15.09,15.09,36646,0
