2016-01-04,25.27,25.35,24.4,24.44,1336772,0
2016-01-05,24.54,24.7,23.535,23.65,1813026,0
2016-01-06,23.24,23.51,22.92,23.04,1206875,0
2016-01-07,22.56,22.89,21.71,22.19,1989353,0
2016-01-08,22.32,22.52,21.65,21.67,1766469,0
2016-01-11,21.97,23.28,21.74,23.23,1744182,0
2016-01-12,23.41,23.55,22.55,23.11,1732981,0
2016-01-13,23.26,23.38,22.67,22.9,1588487,0
2016-01-14,23,23.789,22.72,23.71,1867660,0
2016-01-15,23.07,23.37,22.69,23.22,1944386,0
2016-01-19,23.54,23.54,22.36,22.51,1215400,0
2016-01-20,22.14,22.9,21.4959,22.64,1685726,0
2016-01-21,22.6,23.18,22.01,22.77,1519514,0
2016-01-22,23.39,23.95,22.65,23.76,3687035,0
2016-01-25,23.7,23.7,21.94,21.95,2054896,0
2016-01-26,22.2,23.1,22.2,23.05,1586037,0
2016-01-27,22.95,23.06,22.37,22.69,1207273,0
2016-01-28,23.15,23.29,22.88,23,1334994,0
2016-01-29,23.13,23.51,22.97,23.49,2271794,0
2016-02-01,23.25,23.88,23,23.74,1120422,0
2016-02-02,23.58,23.7,22.99,22.99,1251693,0
2016-02-03,23.19,23.88,22.82,23.88,1376786,0
2016-02-04,23.92,24.775,23.78,24.22,1486191,0
2016-02-05,24.12,24.345,23.69,23.78,730679,0
2016-02-08,23.45,23.6,23.02,23.51,727132,0
2016-02-09,23.16,23.6,22.8,22.88,1103848,0
2016-02-10,22.95,23.59,22.82,23.19,1352804,0
2016-02-11,21.85,21.85,18.86,19.13,6258193,0
2016-02-12,19.5,20.36,19.5,20.26,2304259,0
2016-02-16,20.7,22.0797,20.62,22.07,1659218,0
2016-02-17,22.3,23.661,22.06,23.29,2387923,0
2016-02-18,23.49,23.565,22.5,22.88,1668830,0
2016-02-19,22.8,23.39,22.44,23.32,1057361,0
2016-02-22,23.63,24.38,23.575,24.28,1504078,0
2016-02-23,24.07,24.29,23.89,23.92,1222094,0
2016-02-24,23.51,23.7641,22.81,23.54,1133726,0
2016-02-25,23.58,24.39,23.28,24.39,1053328,0
2016-02-26,24.4,25.29,22.65,22.74,2630066,0
2016-02-29,22.56,22.99,21.79,22.75,1680393,0
2016-03-01,23.15,24.32,22.97,24.25,1778426,0
2016-03-02,24.3,24.91,24.26,24.89,1286035,0
2016-03-03,24.9,26.22,24.77,26.21,1476520,0
2016-03-04,26.08,26.26,25.59,25.81,1037467,0
2016-03-07,25.72,26.97,25.72,26.93,1505558,0
2016-03-08,26.65,26.78,25.4,25.42,1363902,0
2016-03-09,25.57,26.24,25.53,25.88,897017,0
2016-03-10,26.01,26.15,25.035,25.3,973406,0
2016-03-11,25.59,26.13,25.59,26.13,809465,0
2016-03-14,25.95,26.57,25.52,26.27,1059002,0
2016-03-15,26.11,26.21,25.3,25.38,740243,0
2016-03-16,25.37,25.995,25.1,25.86,851310,0
2016-03-17,25.9,26.1,25.42,26.01,742860,0
2016-03-18,26.15,26.49,26.1,26.21,1669822,0
2016-03-21,26.14,26.74,26.05,26.19,460086,0
2016-03-22,25.92,26.39,25.7,26.1,539876,0
2016-03-23,25.92,26.2,25.17,25.17,614477,0
2016-03-24,25.05,25.07,24.2,24.93,1486169,0
2016-03-28,24.95,25.45,24.91,25.15,790921,0
2016-03-29,24.97,25.52,24.551,25.46,988408,0
2016-03-30,25.78,27.49,25.72,26.64,1606529,0
2016-03-31,26.61,26.905,26.21,26.73,1611485,0
2016-04-01,26.4,26.59,25.95,26.43,773198,0
2016-04-04,26.42,26.75,26.07,26.52,911323,0
2016-04-05,26.23,26.46,26.05,26.33,978343,0
2016-04-06,26.45,26.64,26.06,26.45,736559,0
2016-04-07,26.18,26.33,25.41,25.54,921874,0
2016-04-08,25.91,26.16,25.52,25.76,836497,0
2016-04-11,26,26.5,25.78,25.79,683862,0
2016-04-12,25.9,26.47,25.79,26.26,824521,0
2016-04-13,26.3,27.98,26.16,27.94,1597751,0
2016-04-14,27.92,28.51,27.23,27.56,1123144,0
2016-04-15,27.42,27.71,27.04,27.6,1000368,0
2016-04-18,27.3,28.51,27.3,28.4,833167,0
2016-04-19,28.41,28.64,27.68,27.84,614171,0
2016-04-20,27.86,28.18,27.71,27.85,496179,0
2016-04-21,27.98,28.64,27.91,28.07,1068053,0
2016-04-22,28.07,28.4,27.85,28.1,926000,0
2016-04-25,28,28.25,27.38,27.57,538696,0
2016-04-26,27.61,28.27,27.61,27.97,757753,0
2016-04-27,27.85,28.23,27.73,28.03,944125,0
2016-04-28,27.88,28.09,27.47,27.54,623351,0
2016-04-29,27.45,27.765,26.8,27.24,883570,0
2016-05-02,27.3,27.48,26.97,26.99,1170426,0
2016-05-03,26.61,27.67,26.5,27.45,997457,0
2016-05-04,27.22,27.54,26.98,27.09,1198277,0
2016-05-05,27.34,27.56,26.7175,27.08,1158465,0
2016-05-06,26.81,27.51,26.54,27.27,1124539,0
2016-05-09,26.08,29.17,24.96,28.91,5365770,0
2016-05-10,28.8,29.67,27.89,28.72,3501201,0
2016-05-11,28.52,28.69,26.94,26.99,2142728,0
2016-05-12,27.51,28.35,26.79,28.25,2086445,0
2016-05-13,27.97,28.63,27.55,27.6,874848,0
2016-05-16,27.54,27.99,27.19,27.21,1164626,0
2016-05-17,27.65,28.52,27.44,27.74,1329701,0
2016-05-18,27.6,28.65,27.54,28.04,1213513,0
2016-05-19,27.67,28.12,27.5,28.07,1261493,0
2016-05-20,28.16,29.01,27.94,28.65,1318492,0
2016-05-23,28.66,29.74,28.66,29.42,1339286,0
2016-05-24,29.57,29.725,28.95,29.52,1372058,0
2016-05-25,29.53,30.4,29.45,30,1205196,0
2016-05-26,30,30.27,29.5,29.85,889566,0
2016-05-27,29.93,30.19,29.86,29.95,922179,0
2016-05-31,30.09,30.2,29.77,29.9,1193551,0
2016-06-01,29.63,30.07,29.1859,29.99,898417,0
2016-06-02,30.09,30.495,29.9,30.43,964304,0
2016-06-03,30.55,30.94,30.2,30.7,1031270,0
2016-06-06,30.98,31.6,30.65,31.39,1363511,0
2016-06-07,31.35,32.05,31.31,31.78,1271302,0
2016-06-08,31.85,32.2525,31.82,32.19,877747,0
2016-06-09,31.75,32.06,31.51,31.99,963304,0
2016-06-10,31.53,32,30.96,31.86,3314512,0
2016-06-13,30.91,31.77,29.04,29.13,2084322,0
2016-06-14,28.95,29.26,28.5,28.68,1594057,0
2016-06-15,28.9,29.5,28.7,28.84,634439,0
2016-06-16,28.65,28.79,28.05,28.61,633486,0
2016-06-17,28.69,29.15,28.55,28.74,1204852,0
2016-06-20,28.84,29.8901,28.77,29.39,814041,0
2016-06-21,29.22,29.4,28.57,28.79,588619,0
2016-06-22,28.79,29.17,28.76,28.78,373390,0
2016-06-23,29.31,29.97,28.7,29.85,787883,0
2016-06-24,28.45,28.45,26.98,27.12,3298521,0
2016-06-27,26.66,26.66,25.88,26.17,2086264,0
2016-06-28,26.52,27.08,26.41,26.84,1439888,0
2016-06-29,27.16,27.79,27.08,27.41,1132195,0
2016-06-30,27.43,27.605,25.99,27.4,1085476,0
2016-07-01,27.48,27.89,27.18,27.26,1091716,0
2016-07-05,26.88,27.12,26.2,27.01,1577481,0
2016-07-06,26.83,26.91,26.41,26.67,1331905,0
2016-07-07,26.87,27.24,26.32,26.56,745105,0
2016-07-08,26.83,27.699,26.44,26.99,1468026,0
2016-07-11,27.34,27.59,27.06,27.34,968288,0
2016-07-12,27.65,28.09,27.38,27.87,1154865,0
2016-07-13,28.03,28.07,27.34,27.45,699650,0
2016-07-14,27.83,28.03,27.44,27.87,891968,0
2016-07-15,27.9,28.27,27.65,28.06,976990,0
2016-07-18,28.03,29.91,28.03,29.74,2238922,0
2016-07-19,29.63,30.24,29.4,29.74,2579603,0
2016-07-20,29.79,30.76,29.43,30.36,1464995,0
2016-07-21,30.34,30.89,30.12,30.72,1770948,0
2016-07-22,30.66,31.26,30.42,31.06,997187,0
2016-07-25,30.99,31.84,30.86,31.81,1720340,0
2016-07-26,31.78,32.07,31.7,31.96,1356195,0
2016-07-27,32,32.1508,31.08,31.48,440897,0
2016-07-28,31.58,33.4,31.47,33.05,1556945,0
2016-07-29,32.94,33.06,32.1,32.39,1152341,0
2016-08-01,32.38,32.73,32.01,32.51,611862,0
2016-08-02,32.36,32.36,31.31,31.51,578161,0
2016-08-03,31.23,32.03,31.14,32.01,560425,0
2016-08-04,31.94,32.269,31.77,31.84,447020,0
2016-08-05,32.07,32.53,32.07,32.28,660353,0
2016-08-08,33.98,39.68,33.98,36.49,9468078,0
2016-08-09,36.57,38.44,36.3,38.31,3061528,0
2016-08-10,38.04,39.67,38.04,39.04,2020162,0
2016-08-11,39.16,40.28,38.66,40,1480485,0
2016-08-12,39.71,39.91,39.08,39.89,1521729,0
2016-08-15,39.96,41.14,39.63,40.6,1339849,0
2016-08-16,40.33,40.45,39.87,40.27,882684,0
2016-08-17,40.15,40.61,39.68,40.29,999015,0
2016-08-18,40.47,40.8,40.44,40.52,1140830,0
2016-08-19,40.13,40.875,39.8,40.76,1405326,0
2016-08-22,40.73,41.03,40.23,40.53,713855,0
2016-08-23,40.62,41.23,40.03,40.79,984632,0
2016-08-24,40.73,40.76,40.09,40.2,665817,0
2016-08-25,40.14,40.36,39.69,39.78,1061573,0
2016-08-26,40.11,41.2,39.47,40.02,1321098,0
2016-08-29,40.17,40.8899,40.135,40.63,691342,0
2016-08-30,40.6,40.62,40.24,40.59,582571,0
2016-08-31,40.39,40.74,39.37,39.65,1390467,0
2016-09-01,39.49,40.18,39.43,39.5,1026027,0
2016-09-02,40.01,40.25,39.52,40.16,709055,0
2016-09-06,40.35,40.35,39.78,40.19,500659,0
2016-09-07,40.12,40.36,39.835,40.16,418379,0
2016-09-08,39.97,39.97,38.82,38.89,879544,0
2016-09-09,38.35,38.3726,36.98,37.09,833395,0
2016-09-12,36.71,38.44,36.035,38.16,1302231,0
2016-09-13,37.62,37.7,36.69,37.22,1174831,0
2016-09-14,37.38,37.42,36.85,37.13,440984,0
2016-09-15,37.26,38.28,37.18,37.96,468362,0
2016-09-16,37.78,37.91,37.24,37.3,1292174,0
2016-09-19,37.76,38.3,37.13,37.29,407527,0
2016-09-20,37.46,37.55,36.94,37.09,363603,0
2016-09-21,37.24,37.69,36.95,37.68,374543,0
2016-09-22,38.13,38.37,37.95,38.32,368403,0
2016-09-23,37.92,38.67,37.9,38.35,841758,0
2016-09-26,37.99,38.16,37.63,37.71,300918,0
2016-09-27,37.83,37.92,36.86,36.87,755202,0
2016-09-28,37.02,37.3,36.45,37.19,485998,0
2016-09-29,37.06,37.49,36.75,36.78,356583,0
2016-09-30,37.16,38.28,36.87,38.02,739014,0
2016-10-03,38.03,38.36,37.4,37.54,454253,0
2016-10-04,37.74,37.94,36.78,36.99,938185,0
2016-10-05,37.1,38.42,37.03,37.91,500299,0
2016-10-06,37.52,38.1,37.17,37.94,365699,0
2016-10-07,38.1,38.3399,36.93,36.94,383894,0
2016-10-10,37.27,37.68,37.09,37.17,319786,0
2016-10-11,36.86,36.86,35.7,35.96,592964,0
2016-10-12,35.99,36.3899,35.87,36.07,201799,0
2016-10-13,35.59,36.1,34.995,35.97,593848,0
2016-10-14,36.38,36.54,35.73,35.79,270750,0
2016-10-17,35.74,36.17,35.04,35.93,275750,0
2016-10-18,36.44,37,36.28,36.58,437442,0
2016-10-19,36.75,37.45,36.63,37.3,342167,0
2016-10-20,37.1,37.43,36.41,36.98,267155,0
2016-10-21,36.5,36.83,36.04,36.07,412731,0
2016-10-24,37.67,37.67,36.37,36.4,384540,0
2016-10-25,36.43,37.14,36.13,36.17,404022,0
2016-10-26,35.85,37.08,35.85,36.44,331577,0
2016-10-27,36.66,36.66,35.53,35.77,253332,0
2016-10-28,35.76,36.49,35.52,36.14,306426,0
2016-10-31,36.12,36.51,35.75,35.88,358211,0
2016-11-01,36,36.16,34.8,35.23,470614,0
2016-11-02,35.2,35.37,34.71,34.89,635320,0
2016-11-03,34.96,35.25,34.43,34.52,591071,0
2016-11-04,34.61,35.39,34.31,34.56,573137,0
2016-11-07,34.98,38.61,34.54,38.43,1570944,0
2016-11-08,37.96,38.2,34.75,34.81,1369743,0
2016-11-09,34.16,35.59,33.85,35.38,1016150,0
2016-11-10,35.71,38.01,35.71,36.07,1421099,0
2016-11-11,35.74,36.44,35.16,36.34,783577,0
2016-11-14,36.71,37.89,36.71,37.87,717588,0
2016-11-15,37.97,38.88,37.3,38.84,722221,0
2016-11-16,38.84,38.88,37.13,37.24,729129,0
2016-11-17,37.49,37.725,36.845,37.49,543776,0
2016-11-18,37.61,38.53,37.39,38.39,493730,0
2016-11-21,38.57,39.1,38.17,38.84,723366,0
2016-11-22,39.11,39.5,38.46,39,421125,0
2016-11-23,38.79,39.71,38.49,39.57,576718,0
2016-11-25,39.69,39.7,38.8,39.07,202413,0
2016-11-28,38.96,39.15,38.54,38.92,350364,0
2016-11-29,39.05,39.32,38.54,38.6,357252,0
2016-11-30,38.88,39.58,38.8243,39.06,695759,0
2016-12-01,39.1,39.22,38.05,38.23,321354,0
2016-12-02,38.3,38.385,37.84,37.9,262218,0
2016-12-05,38.53,39.16,38.375,38.66,260040,0
2016-12-06,38.79,39.02,37.93,38.6,326996,0
2016-12-07,38.6,39.43,38.39,39.19,311640,0
2016-12-08,39.19,41.28,39.19,41,841066,0
2016-12-09,41.2,41.45,40.72,41.05,612791,0
2016-12-12,40.72,41.5,40.12,40.19,661316,0
2016-12-13,40.5,40.66,39.48,39.5,610394,0
2016-12-14,39.37,39.46,38.58,38.68,575559,0
2016-12-15,38.73,39.61,38.315,38.38,433347,0
2016-12-16,39.25,42.66,38.88,41.35,2783323,0
2016-12-19,41.24,41.62,40.74,41.19,862451,0
2016-12-20,41.28,42,41.04,41.65,618227,0
2016-12-21,41.56,41.56,40.73,40.75,336933,0
2016-12-22,40.8,40.8,39.61,39.64,303394,0
2016-12-23,39.66,40.42,39.5,40.37,409576,0
2016-12-27,40.41,41.18,40.36,41.06,505085,0
2016-12-28,41.23,41.27,40.27,40.3,494150,0
2016-12-29,40.4,40.94,39.92,40.01,306668,0
2016-12-30,40.09,40.19,39.49,39.86,428941,0
2017-01-03,40.53,40.88,39.26,39.32,630212,0
2017-01-04,39.63,40.07,39.2801,40.01,932436,0
2017-01-05,39.68,39.965,38.68,39.05,374139,0
2017-01-06,39.18,39.38,38.71,38.72,373078,0
2017-01-09,38.59,40.16,38.46,39.73,594054,0
2017-01-10,39.76,40.21,39.57,39.72,275401,0
2017-01-11,39.77,40.44,39.58,40.37,550262,0
2017-01-12,40.25,40.25,39.06,39.6,235871,0
2017-01-13,39.71,40.11,39.4,39.54,201371,0
2017-01-17,39.18,39.81,39.01,39.35,284560,0
2017-01-18,39.36,39.6,39.13,39.59,213991,0
2017-01-19,39.6,39.92,39.31,39.79,306914,0
2017-01-20,39.71,40.28,39.59,39.72,295181,0
2017-01-23,39.68,40,39.48,39.91,236944,0
2017-01-24,40.05,41.55,39.4805,40.98,507171,0
2017-01-25,41.21,41.5599,40.979,41.01,538002,0
2017-01-26,41.03,41.29,40.83,41,391350,0
2017-01-27,41,41,39.97,40,498461,0
2017-01-30,39.78,40,39.08,39.58,417839,0
2017-01-31,39.47,40.15,38.96,39.71,403169,0
2017-02-01,40,40.09,38.67,38.95,565875,0
2017-02-02,38.94,39.22,38.63,38.84,322251,0
2017-02-03,39.2,39.7,38.88,39.65,292349,0
2017-02-06,39.4,39.995,39.07,39.44,290847,0
2017-02-07,39.52,40.4,39.38,39.67,365056,0
2017-02-08,39.59,40.01,38.97,39.71,521996,0
2017-02-09,39.77,42,39.77,41.34,860319,0
2017-02-10,41.61,41.61,40.83,41,259805,0
2017-02-13,41.22,41.56,41.14,41.29,401216,0
2017-02-14,41.29,41.41,40.89,41.38,454789,0
2017-02-15,41.29,42.17,41.24,42.1,620667,0
2017-02-16,42.03,42.06,40.91,41.2,656040,0
2017-02-17,41.12,41.4,40.67,40.99,348047,0
2017-02-21,41.09,41.54,40.88,41.11,408564,0
2017-02-22,40.98,40.99,40.1328,40.4,377152,0
2017-02-23,40.66,40.66,39.92,40.02,486989,0
2017-02-24,39.64,40.16,39.42,40.09,440082,0
2017-02-27,43.38,46.99,43.2736,46.39,3128796,0
2017-02-28,46.38,47.2,44.59,45.13,1873754,0
2017-03-01,45.94,47.38,45.94,46.94,1503159,0
2017-03-02,46.83,48.88,46.63,48.54,1289774,0
2017-03-03,48.39,49.87,48.14,48.2,848781,0
2017-03-06,47.66,48.19,47.22,47.99,546249,0
2017-03-07,48.04,48.68,47.695,47.73,1185087,0
2017-03-08,47.58,48.38,46.51,46.92,1069974,0
2017-03-09,46.8,47.28,46.28,46.5,510287,0
2017-03-10,46.93,47.06,46.02,46.6,587402,0
2017-03-13,46.84,47.4,46.66,46.88,637588,0
2017-03-14,46.82,46.83,45.85,46.51,422991,0
2017-03-15,46.77,47.88,46.57,47.67,512903,0
2017-03-16,47.94,48.39,47.47,47.87,404643,0
2017-03-17,48.1,48.1,47.33,47.58,805184,0
2017-03-20,47.66,47.99,47.07,47.33,432247,0
2017-03-21,47.66,47.76,46.12,46.39,513358,0
2017-03-22,46.21,46.655,46,46.2,377522,0
2017-03-23,46.17,47.06,46.17,46.49,518885,0
2017-03-24,46.6,46.88,46.11,46.51,371698,0
2017-03-27,46,46.23,44.9053,45.48,858830,0
2017-03-28,45.22,45.89,45.22,45.71,395051,0
2017-03-29,45.61,45.95,45.25,45.77,463148,0
2017-03-30,45.72,45.98,45.27,45.81,474427,0
2017-03-31,45.77,45.9,45.32,45.48,499625,0
2017-04-03,45.59,45.75,44.96,45.34,690220,0
2017-04-04,45.22,45.6,44.63,44.91,358422,0
2017-04-05,45.24,45.89,44.02,44.04,441891,0
2017-04-06,44.08,45.65,44.075,45.64,596969,0
2017-04-07,45.4,46.19,45.18,46.12,848199,0
2017-04-10,46.14,47.33,46.14,46.76,760228,0
2017-04-11,46.58,46.855,44.42,45.94,812500,0
2017-04-12,46,46.03,44.42,44.55,553795,0
2017-04-13,44.33,44.82,43.85,43.94,434888,0
2017-04-17,43.97,44.66,43.66,44.6,311712,0
2017-04-18,44.36,44.9,43.99,44.65,330639,0
2017-04-19,44.82,45.87,44.82,45.24,427501,0
2017-04-20,45.57,46.42,45.57,46.1,481515,0
2017-04-21,45.92,46.31,45.11,45.51,412964,0
2017-04-24,46.64,46.845,45.91,46.77,346620,0
2017-04-25,47.01,48.031,46.99,47.57,549488,0
2017-04-26,47.6,48.59,47.6,48.2,436343,0
2017-04-27,48.2,48.26,47.6894,47.97,373749,0
2017-04-28,47.98,47.98,47.34,47.36,517128,0
2017-05-01,47.57,48.01,47.13,47.89,201839,0
2017-05-02,48.09,48.09,47.56,47.9,184847,0
2017-05-03,48,48.37,47.47,47.71,287095,0
2017-05-04,47.72,47.79,47.26,47.62,205757,0
2017-05-05,47.68,48,47.45,47.97,324936,0
2017-05-08,48.3,48.46,47.45,47.71,594400,0
2017-05-09,47.94,48,47.02,47.82,622410,0
2017-05-10,49.31,49.8499,47.23,49.55,910373,0
2017-05-11,49.37,50.8,48.66,50.69,771359,0
2017-05-12,50.33,50.99,49.12,49.45,824917,0
2017-05-15,49.7,50.13,49.4,50,686997,0
2017-05-16,50.15,50.86,49.84,50.51,857477,0
2017-05-17,49.75,49.99,49.17,49.3,1004853,0
2017-05-18,49.07,49.78,48.78,49.54,650770,0
2017-05-19,49.94,50.75,49.92,50.01,814217,0
2017-05-22,50.49,50.6,49.95,50.54,610713,0
2017-05-23,50.76,51.4,50.18,51.4,493770,0
2017-05-24,51.41,52.58,51.234,52.52,716622,0
2017-05-25,52.91,53.68,52.7,53.02,561638,0
2017-05-26,53.08,53.66,52.681,53.03,329813,0
2017-05-30,52.78,52.94,51.8,52.64,505027,0
2017-05-31,52.99,53.15,52.18,52.59,425546,0
2017-06-01,53.01,54.59,52.65,54.58,566890,0
2017-06-02,54.6,55.21,53.82,53.85,545724,0
2017-06-05,53.85,54.01,52.9,53.01,497701,0
2017-06-06,52.52,52.93,51.7,52.86,647339,0
2017-06-07,52.91,52.91,51.89,52.37,530183,0
2017-06-08,52.42,52.92,51.72,52.37,403626,0
2017-06-09,52.18,52.66,51.43,51.89,365363,0
2017-06-12,51.76,52,51.03,51.9,455603,0
2017-06-13,52.04,52.3324,51.51,52.13,515752,0
2017-06-14,52.02,52.3,51.21,51.47,278024,0
2017-06-15,50.69,50.97,50.02,50.92,355879,0
2017-06-16,50.61,51.93,50.49,51.84,533410,0
2017-06-19,52.39,53.93,51.99,53.65,828650,0
2017-06-20,53.39,53.64,52.39,52.53,338470,0
2017-06-21,52.84,53.34,52.62,52.88,365562,0
2017-06-22,52.94,53.89,52.7,53.41,427767,0
2017-06-23,53.8,56.21,53.8,54.99,2225572,0
2017-06-26,55.36,56.01,54.93,55.42,697737,0
2017-06-27,55.32,55.54,54.25,54.35,341094,0
2017-06-28,54.81,55.16,54.45,54.57,500467,0
2017-06-29,54.6,54.9,52.82,53.21,403240,0
2017-06-30,53.27,54.1855,53.07,53.67,455804,0
2017-07-03,54.11,54.3,53.15,53.41,167637,0
2017-07-05,53.34,53.8,53.2,53.61,352503,0
2017-07-06,53.11,53.77,52.93,53.26,246913,0
2017-07-07,53.48,53.96,53.27,53.86,215226,0
2017-07-10,53.7,54.17,52.99,53.95,464040,0
2017-07-11,54.05,54.08,53.15,53.71,504150,0
2017-07-12,54.12,54.73,53.97,54.19,221506,0
2017-07-13,54.24,54.42,53.67,54.16,337272,0
2017-07-14,54.17,55.44,53.27,55.16,404784,0
2017-07-17,54.93,55.61,54.76,54.97,208904,0
2017-07-18,54.89,56.6,54.77,56.6,599587,0
2017-07-19,56.87,57.26,56.2,56.37,555413,0
2017-07-20,56.2,56.97,55.925,56.54,383054,0
2017-07-21,56.55,56.95,56.035,56.62,361671,0
2017-07-24,56.66,57.3,56.4384,56.98,319475,0
2017-07-25,57.25,57.95,56.75,57.7,658040,0
2017-07-26,57.67,57.67,56.94,57.04,244732,0
2017-07-27,57.24,57.64,56.18,56.75,450754,0
2017-07-28,56.61,56.9,56.21,56.88,354102,0
2017-07-31,57.07,57.245,56.47,56.59,513119,0
2017-08-01,56.59,56.715,55.81,56.17,603020,0
2017-08-02,56.2,56.84,54.665,55.76,484515,0
2017-08-03,53.7,54.71,50.71,51.15,1463577,0
2017-08-04,51.105,51.61,50.42,50.49,520379,0
2017-08-07,50.36,50.46,49.6,50.22,737227,0
2017-08-08,50.29,50.7774,49.9,49.98,641818,0
2017-08-09,49.58,50.25,49.43,50.09,505354,0
2017-08-10,49.65,50.05,48.19,48.2,405205,0
2017-08-11,48,48.72,47.9,48.49,407924,0
2017-08-14,49.1,49.18,47.72,47.85,386030,0
2017-08-15,47.9,48.17,46.31,46.33,628497,0
2017-08-16,46.6,47.64,46.191,46.78,559654,0
2017-08-17,46.68,46.82,44.98,45.09,601456,0
2017-08-18,44.83,45.76,44.76,45.54,410921,0
2017-08-21,45.56,46.18,45.455,46.05,463503,0
2017-08-22,46.17,46.8,46.17,46.6,346594,0
2017-08-23,46.26,46.785,45.78,46.58,366975,0
2017-08-24,47,47,46.49,46.73,471103,0
2017-08-25,46.86,46.86,44.96,45.25,509081,0
2017-08-28,45.33,45.39,44.23,44.7,542826,0
2017-08-29,44.21,44.63,43.93,44.1,564303,0
2017-08-30,44.12,44.375,43.69,44.1,535376,0
2017-08-31,44.27,45.13,43.8,44.87,482089,0
2017-09-01,45,45.87,45,45.52,326326,0
2017-09-05,45.25,45.54,44.44,44.72,335389,0
2017-09-06,44.83,45.165,44.12,44.13,381568,0
2017-09-07,44.2,44.2,43.34,43.59,838715,0
2017-09-08,43.47,43.47,42.78,42.97,579771,0
2017-09-11,43.47,43.74,43.02,43.44,367060,0
2017-09-12,43.51,43.94,43.23,43.72,339583,0
2017-09-13,43.62,44.62,43.61,44.45,595112,0
2017-09-14,44.4,45.13,44.06,44.59,638674,0
2017-09-15,44.48,44.905,43.85,44.5,1838116,0
2017-09-18,44.63,45.21,44.53,45.01,463119,0
2017-09-19,45.03,45.89,44.77,45.65,688240,0
2017-09-20,45.7,45.84,45.23,45.5,524529,0
2017-09-21,45.63,45.85,45.4,45.66,192045,0
2017-09-22,45.41,45.75,45.23,45.59,189104,0
2017-09-25,45.41,45.77,45.06,45.27,266692,0
2017-09-26,45.51,46.53,45.4,46.24,370957,0
2017-09-27,46.6,46.72,45.85,46.27,259450,0
2017-09-28,46.22,46.51,45.89,46.25,271116,0
2017-09-29,46.2,46.62,45.81,46.11,448053,0
2017-10-02,46.12,47.11,46.12,47.02,388900,0
2017-10-03,47.09,47.89,47.09,47.69,435188,0
2017-10-04,48.14,49.06,47.87,48.79,453024,0
2017-10-05,49.24,49.56,48.54,49.35,428974,0
2017-10-06,49.01,49.43,48.62,48.79,339457,0
2017-10-09,48.68,48.94,48.52,48.81,289605,0
2017-10-10,49.32,49.7,48.99,49.7,349236,0
2017-10-11,49.75,50.22,49.75,50.12,366499,0
2017-10-12,49.98,50.61,49.68,50.26,323060,0
2017-10-13,50.44,50.64,49.92,50,360930,0
2017-10-16,50.17,50.7,49.95,50.65,513425,0
2017-10-17,50.49,50.8,49.77,49.99,322341,0
2017-10-18,50.22,51.42,50.2,51.19,340987,0
2017-10-19,50.8,51.23,50.51,51.13,303221,0
2017-10-20,51.67,51.77,51.3,51.47,306751,0
2017-10-23,51.68,52.42,51.44,51.44,344672,0
2017-10-24,51.3948,51.85,50.51,50.6,296973,0
2017-10-25,50.55,50.87,49.76,50.26,233989,0
2017-10-26,50.43,51.25,50.41,50.92,364529,0
2017-10-27,50.97,51.42,50.53,51.24,280389,0
2017-10-30,51.275,52.12,50.79,51.01,218371,0
2017-10-31,51.12,51.91,51.12,51.82,234982,0
2017-11-01,52.08,52.18,51.04,51.42,213775,0
2017-11-02,51.5,51.67,50.535,51.12,448274,0
2017-11-03,52.47,53.5,48.91,49.42,827632,0
2017-11-06,49.3,49.3,45.46,45.5,986562,0
2017-11-07,45.57,45.86,44.08,44.64,884257,0
2017-11-08,44.78,47.33,44.78,46.76,1011867,0
2017-11-09,46.27,47.06,45.65,47.05,569310,0
2017-11-10,46.31,46.94,46.31,46.31,581617,0
