2016-01-04,19.476,20.781,19.476,20.338,878927,0
2016-01-05,20.259,20.914,19.563,20.338,800379,0
2016-01-06,19.701,19.756,18.056,18.46,725747,0
2016-01-07,18.165,19.982,18.094,19.344,757756,0
2016-01-08,19.438,20.152,19.22,19.5,334912,0
2016-01-11,19.515,19.65,18.165,18.319,660108,0
2016-01-12,18.832,19.112,17.077,17.707,945465,0
2016-01-13,17.948,18.592,17.493,17.779,329444,0
2016-01-14,17.835,18.857,17.589,18.473,427535,0
2016-01-15,17.803,18.035,16.744,17.525,455535,0
2016-01-19,18.13,18.13,15.627,15.778,674148,0
2016-01-20,15.715,16.257,14.551,15.491,570962,0
2016-01-21,15.532,17.199,15.508,17.133,489695,0
2016-01-22,18.426,19.487,17.828,18.434,352015,0
2016-01-25,17.835,18.45,16.033,16.066,359961,0
2016-01-26,16.599,17.382,16.146,17.133,325374,0
2016-01-27,16.99,18.681,16.791,17.82,304366,0
2016-01-28,18.936,19.932,18.592,19.383,696948,0
2016-01-29,19.733,21.401,19.701,21.352,543764,0
2016-02-01,21.233,21.248,19.494,19.916,434251,0
2016-02-02,19.287,20.491,18.83,19.941,271143,0
2016-02-03,20.682,22.074,19.598,21.95,410875,0
2016-02-04,22.157,23.198,21.053,21.248,313807,0
2016-02-05,21.145,22.084,20.834,22.084,177135,0
2016-02-08,21.791,22.238,20.881,22.173,231594,0
2016-02-09,21.894,22.141,21.233,21.943,286268,0
2016-02-10,21.767,22.111,20.81,21.503,327767,0
2016-02-11,21.12,21.767,20.758,21.767,263986,0
2016-02-12,22.125,23.519,21.616,23.234,355672,0
2016-02-16,23.519,23.632,22.747,22.851,272783,0
2016-02-17,23.336,23.457,22.456,22.667,351859,0
2016-02-18,23.353,23.353,22.102,22.324,288854,0
2016-02-19,22.164,22.324,21.575,21.822,280252,0
2016-02-22,22.605,23.185,22.094,22.922,159361,0
2016-02-23,22.708,23.018,21.273,21.48,155562,0
2016-02-24,21.12,21.743,20.722,20.865,502310,0
2016-02-25,20.729,21.248,19.705,19.908,390507,0
2016-02-26,20.211,20.685,19.908,20.173,283072,0
2016-02-29,20.659,21.056,20.052,20.849,224826,0
2016-03-01,21.04,21.045,19.63,19.83,320236,0
2016-03-02,19.765,22.475,19.749,22.356,361084,0
2016-03-03,22.244,22.691,21.328,22.556,293788,0
2016-03-04,22.954,24.308,22.356,23.585,328204,0
2016-03-07,24.317,26.574,24.225,26.041,511345,0
2016-03-08,25.514,25.705,23.609,23.728,353427,0
2016-03-09,22.324,23.075,17.54,18.307,2373215,0
2016-03-10,18.02,18.02,13.953,14.168,7258547,0
2016-03-11,14.344,16.104,14.208,15.284,1456307,0
2016-03-14,15.029,15.708,13.841,14.829,1590686,0
2016-03-15,14.559,14.559,13.307,13.666,916722,0
2016-03-16,13.697,14.112,13.561,13.833,535474,0
2016-03-17,13.976,14.607,13.882,14.319,418362,0
2016-03-18,14.455,14.75,13.657,13.962,607987,0
2016-03-21,13.802,13.866,12.015,12.39,1214737,0
2016-03-22,12.039,12.51,10.868,10.892,1329175,0
2016-03-23,10.651,12.957,10.651,12.94,1203916,0
2016-03-24,12.74,13.116,12.014,12.996,548051,0
2016-03-28,12.916,12.916,11.578,11.697,934449,0
2016-03-29,11.409,11.553,11.002,11.25,643721,0
2016-03-30,11.36,12.239,11.347,11.522,422552,0
2016-03-31,11.402,11.841,11.242,11.242,381258,0
2016-04-01,11.154,11.242,10.875,10.979,349318,0
2016-04-04,10.979,11.115,10.564,10.581,371651,0
2016-04-05,10.564,10.699,10.365,10.612,411073,0
2016-04-06,10.708,11.139,10.564,10.852,634150,0
2016-04-07,10.199,10.843,9.001,9.783,1724810,0
2016-04-08,9.799,10.351,9.2168,10.046,647612,0
2016-04-11,9.846,10.987,9.687,10.906,600650,0
2016-04-12,11.027,12.262,11.011,11.776,713306,0
2016-04-13,11.867,13.62,11.842,12.932,917537,0
2016-04-14,12.979,13.541,12.642,13.211,456095,0
2016-04-15,12.86,13.131,12.474,12.706,310562,0
2016-04-18,12.179,12.691,11.8,12.155,547385,0
2016-04-19,12.043,13.259,11.977,13.068,410374,0
2016-04-20,12.892,13.586,12.823,13.259,239127,0
2016-04-21,13.349,13.381,12.651,12.706,452386,0
2016-04-22,12.7,13.42,12.7,13.42,474210,0
2016-04-25,13.349,13.42,12.235,12.394,567417,0
2016-04-26,12.514,13.211,12.458,12.964,239104,0
2016-04-27,13.149,13.42,12.283,12.979,435480,0
2016-04-28,12.819,13.245,12.458,12.458,240813,0
2016-04-29,12.458,13.356,12.443,13.228,391665,0
2016-05-02,13.221,13.221,12.027,12.259,448075,0
2016-05-03,12.171,12.251,11.617,11.65,405263,0
2016-05-04,12.019,12.019,11.302,11.65,229649,0
2016-05-05,11.995,12.259,11.337,11.802,278894,0
2016-05-06,11.617,12.21,11.349,11.385,303659,0
2016-05-09,11.289,11.579,10.263,10.328,473293,0
2016-05-10,10.368,10.848,10.24,10.775,282048,0
2016-05-11,10.551,11.321,10.16,11.321,427387,0
2016-05-12,11.418,11.554,10.463,10.551,406751,0
2016-05-13,10.487,10.872,10.473,10.816,326686,0
2016-05-16,11.041,11.327,10.745,10.808,456145,0
2016-05-17,10.96,11.257,10.632,10.737,273719,0
2016-05-18,10.648,10.999,10.513,10.8,345897,0
2016-05-19,10.68,10.953,10.532,10.8,209771,0
2016-05-20,10.841,11.697,10.737,11.53,382320,0
2016-05-23,11.36,11.425,11.057,11.057,254780,0
2016-05-24,10.96,11.24,10.728,10.751,268796,0
2016-05-25,10.816,11.378,10.816,11.273,294037,0
2016-05-26,11.393,11.457,11.1,11.145,158790,0
2016-05-27,11.096,11.273,10.848,11.25,273377,0
2016-05-31,11.25,11.53,11.072,11.176,235834,0
2016-06-01,11.017,11.313,10.751,11.145,304155,0
2016-06-02,11.089,12.019,10.872,12.019,499732,0
2016-06-03,12.019,12.21,11.631,11.818,308505,0
2016-06-06,11.987,12.803,11.914,12.651,615360,0
2016-06-07,12.746,13.083,12.563,12.771,270567,0
2016-06-08,13.06,13.149,12.312,12.467,508799,0
2016-06-09,12.097,12.418,11.914,12.354,248887,0
2016-06-10,12.019,12.242,11.65,11.777,300448,0
2016-06-13,11.617,12.035,11.579,11.739,186838,0
2016-06-14,11.593,12.01,11.492,11.834,179744,0
2016-06-15,11.681,12.162,11.57,11.873,225293,0
2016-06-16,11.697,11.995,11.413,11.93,249379,0
2016-06-17,12.225,12.819,12.186,12.706,350455,0
2016-06-20,12.923,12.923,12.467,12.474,241775,0
2016-06-21,12.394,13.012,12.084,12.907,254843,0
2016-06-22,13.003,13.003,12.578,12.724,134077,0
2016-06-23,12.795,13.196,12.628,12.69,233334,0
2016-06-24,12.001,13.14,11.777,12.996,333027,0
2016-06-27,13.099,13.131,12.146,12.235,339142,0
2016-06-28,12.498,13.982,12.394,13.861,483987,0
2016-06-29,14.022,14.806,13.661,14.157,460486,0
2016-06-30,14.028,15.023,13.868,14.806,345042,0
2016-07-01,14.839,15.191,14.437,14.582,161265,0
2016-07-05,14.422,14.558,13.028,13.773,476907,0
2016-07-06,13.588,14.013,13.452,13.989,157690,0
2016-07-07,14.975,15.399,13.509,13.933,598894,0
2016-07-08,14.15,15.191,14.022,14.718,392661,0
2016-07-11,14.823,15.135,14.101,14.302,634188,0
2016-07-12,14.702,15.079,14.285,14.398,909018,0
2016-07-13,14.418,14.843,13.91,14.459,387890,0
2016-07-14,14.459,14.819,14.31,14.344,133190,0
2016-07-15,14.353,14.744,13.91,14.077,146388,0
2016-07-18,14.126,15.11,14.109,14.985,562641,0
2016-07-19,14.952,14.952,13.902,13.961,284588,0
2016-07-20,14.202,14.202,13.793,14.093,162052,0
2016-07-21,13.961,14.369,13.861,14.086,200486,0
2016-07-22,14.126,14.227,13.828,14.044,187117,0
2016-07-25,14.052,14.067,13.411,13.502,202393,0
2016-07-26,13.427,13.611,13.286,13.327,139004,0
2016-07-27,13.444,13.619,13.028,13.186,188996,0
2016-07-28,13.12,13.694,12.94,13.602,157173,0
2016-07-29,13.485,13.902,13.202,13.718,121368,0
2016-08-01,13.436,13.627,13.061,13.16,199590,0
2016-08-02,13.186,13.511,12.961,13.245,224184,0
2016-08-03,13.31,13.661,13.128,13.36,204612,0
2016-08-04,13.36,13.694,13.17,13.177,150648,0
2016-08-05,13.186,13.599,13.077,13.569,168385,0
2016-08-08,13.902,14.16,13.743,13.977,170751,0
2016-08-09,13.968,13.977,13.569,13.627,165716,0
2016-08-10,13.619,13.743,13.111,13.36,171562,0
2016-08-11,13.303,14.136,13.303,13.843,218623,0
2016-08-12,13.861,14.235,13.782,14.177,191461,0
2016-08-15,14.453,14.484,13.952,14.002,170848,0
2016-08-16,14.16,14.353,14.036,14.111,99115,0
2016-08-17,14.369,14.593,14.16,14.403,230624,0
2016-08-18,14.453,14.693,14.403,14.561,216790,0
2016-08-19,14.744,14.81,14.469,14.469,176182,0
2016-08-22,14.41,14.434,13.977,13.977,162009,0
2016-08-23,14.077,14.71,13.877,14.403,216389,0
2016-08-24,14.444,14.693,14.227,14.259,134626,0
2016-08-25,14.21,14.561,14.143,14.344,110983,0
2016-08-26,14.269,14.785,14.269,14.552,108269,0
2016-08-29,14.627,14.744,14.434,14.61,88642,0
2016-08-30,14.676,14.826,14.518,14.652,157061,0
2016-08-31,14.518,14.736,14.294,14.318,94394,0
2016-09-01,14.252,14.34,14.061,14.111,96030,0
2016-09-02,14.227,14.676,14.227,14.528,90494,0
2016-09-06,14.661,14.776,14.627,14.636,85248,0
2016-09-07,14.636,14.835,14.535,14.535,98848,0
2016-09-08,14.726,14.985,14.661,14.869,242252,0
2016-09-09,14.744,14.969,14.493,14.643,104216,0
2016-09-12,14.484,14.859,14.418,14.668,117722,0
2016-09-13,14.518,14.819,14.274,14.418,235483,0
2016-09-14,14.41,14.61,14.227,14.378,106688,0
2016-09-15,14.403,14.577,14.285,14.335,100026,0
2016-09-16,14.16,14.535,14.16,14.302,202536,0
2016-09-19,14.359,14.636,14.304,14.344,133744,0
2016-09-20,14.369,14.611,14.244,14.278,170948,0
2016-09-21,14.586,14.944,14.425,14.751,187427,0
2016-09-22,14.776,14.969,14.577,14.586,186288,0
2016-09-23,14.577,14.801,14.359,14.41,128311,0
2016-09-26,14.369,14.577,14.369,14.444,81525,0
2016-09-27,14.444,14.577,14.285,14.503,123157,0
2016-09-28,14.586,15.351,14.577,15.268,602221,0
2016-09-29,15.393,16.152,15.277,15.734,457003,0
2016-09-30,15.968,15.975,15.542,15.542,197203,0
2016-10-03,15.767,16.426,15.577,16.317,291206,0
2016-10-04,16.475,16.568,15.86,16.001,220235,0
2016-10-05,16.258,16.66,16.258,16.66,392178,0
2016-10-06,16.66,16.66,16.376,16.41,345187,0
2016-10-07,16.617,17.277,16.55,17.217,505319,0
2016-10-10,17.283,18.45,17.243,17.784,487648,0
2016-10-11,17.909,18.2,17.659,17.743,493598,0
2016-10-12,17.853,17.853,16.735,17.552,316492,0
2016-10-13,17.509,17.552,16.993,16.993,146430,0
2016-10-14,17.208,17.492,16.95,16.993,150442,0
2016-10-17,17.251,17.896,17.208,17.38,215461,0
2016-10-18,17.681,17.681,16.907,17.424,167345,0
2016-10-19,17.424,18.456,17.372,18.456,280584,0
2016-10-20,18.541,19.3,18.412,19.273,400266,0
2016-10-21,19.746,20.565,19.544,20.565,378442,0
2016-10-24,20.565,20.649,18.928,19.101,411589,0
2016-10-25,19.273,19.491,18.142,18.37,266101,0
2016-10-26,18.068,19.016,18.068,18.37,152607,0
2016-10-27,18.628,18.928,18.628,18.843,121915,0
2016-10-28,18.843,19.532,18.499,18.928,141035,0
2016-10-31,18.714,18.886,17.724,17.94,180748,0
2016-11-01,17.768,18.409,17.578,17.896,102452,0
2016-11-02,17.638,17.638,16.821,17.294,210093,0
2016-11-03,17.035,17.596,16.778,17.208,178696,0
2016-11-04,17.035,17.353,16.691,16.907,120358,0
2016-11-07,17.165,17.709,16.648,17.165,387696,0
2016-11-08,17.165,17.768,16.735,16.907,192229,0
2016-11-09,16.519,17.413,16.476,17.337,136940,0
2016-11-10,17.294,17.628,16.92,17.035,97688,0
2016-11-11,16.95,16.993,16.44,16.778,144526,0
2016-11-14,16.648,16.907,16.347,16.434,115383,0
2016-11-15,16.648,18.021,16.648,17.94,169828,0
2016-11-16,18.068,18.436,17.84,18.154,170688,0
2016-11-17,18.283,18.628,18.068,18.24,169315,0
2016-11-18,18.24,18.628,18.094,18.499,134590,0
2016-11-21,18.757,19.316,18.421,18.973,246983,0
2016-11-22,19.145,19.236,18.714,18.757,117074,0
2016-11-23,18.714,18.928,18.154,18.456,158811,0
2016-11-25,18.412,18.456,18.12,18.37,47575,0
2016-11-28,18.541,18.541,18.112,18.198,99540,0
2016-11-29,18.068,18.499,17.208,18.112,270000,0
2016-11-30,18.8,19.36,18.412,19.016,390439,0
2016-12-01,19.444,20.178,19.145,19.36,334950,0
2016-12-02,19.488,19.746,19.145,19.36,193469,0
2016-12-05,19.617,20.694,19.532,20.694,334148,0
2016-12-06,20.306,20.645,19.746,20.219,193210,0
2016-12-07,20.133,20.178,19.746,20.005,192553,0
2016-12-08,20.048,20.694,20.042,20.477,176022,0
2016-12-09,20.736,21.693,20.649,20.951,403037,0
2016-12-12,22.026,22.551,21.554,21.898,332830,0
2016-12-13,22.026,22.328,21.769,22.026,182169,0
2016-12-14,21.769,21.833,20.649,20.865,362494,0
2016-12-15,20.477,21.725,20.435,20.865,230608,0
2016-12-16,20.994,21.382,20.822,21.166,163984,0
2016-12-19,21.166,21.708,21.166,21.554,125073,0
2016-12-20,21.51,22.156,21.467,21.811,161970,0
2016-12-21,21.941,22.156,20.994,21.682,261413,0
2016-12-22,21.51,22.112,21.51,21.941,209355,0
2016-12-23,21.682,22.07,21.51,21.769,166919,0
2016-12-27,21.725,21.966,21.558,21.769,180962,0
2016-12-28,21.639,21.875,21.21,21.338,205588,0
2016-12-29,21.467,21.51,20.865,21.123,229545,0
2016-12-30,20.994,21.145,20.262,20.435,298489,0
2017-01-03,20.865,22.07,20.675,21.424,255827,0
2017-01-04,21.854,22.155,21.639,21.983,273440,0
2017-01-05,22.156,22.886,22.079,22.671,305766,0
2017-01-06,22.886,23.704,22.801,23.49,435172,0
2017-01-09,24.478,25.596,24.134,25.467,662051,0
2017-01-10,25.77,26.887,25.338,25.511,646039,0
2017-01-11,25.95,27.286,25.684,26.931,402562,0
2017-01-12,27.33,27.421,25.907,26.619,228657,0
2017-01-13,26.529,26.88,25.907,26.129,172018,0
2017-01-17,26.173,26.663,26.173,26.263,210054,0
2017-01-18,26.084,26.194,24.927,25.461,267462,0
2017-01-19,25.639,26.663,25.551,25.817,255572,0
2017-01-20,26.663,27.153,26.306,26.441,300291,0
2017-01-23,26.708,26.841,26.084,26.352,222183,0
2017-01-24,26.619,27.421,26.56,27.198,217564,0
2017-01-25,27.286,28.133,27.269,27.597,287692,0
2017-01-26,27.866,28.532,27.866,28.489,202919,0
2017-01-27,28.8,29.334,28.087,29.2,286141,0
2017-01-30,29.245,29.334,27.687,28.622,254279,0
2017-01-31,28.489,28.666,27.82,28.133,159364,0
2017-02-01,28.177,28.293,27.509,27.82,125898,0
2017-02-02,27.82,27.881,26.367,27.153,256522,0
2017-02-03,27.33,27.596,26.708,27.33,117002,0
2017-02-06,27.464,27.643,26.841,27.019,122815,0
2017-02-07,26.752,27.108,25.95,25.996,241520,0
2017-02-08,25.817,25.862,24.598,25.417,360762,0
2017-02-09,25.461,26.352,25.461,26.218,171749,0
2017-02-10,26.441,27.286,26.388,26.931,126975,0
2017-02-13,26.841,27.866,26.841,27.554,179200,0
2017-02-14,27.866,27.866,26.921,27.108,126901,0
2017-02-15,26.885,27.064,26.441,26.708,102735,0
2017-02-16,26.663,26.845,26.218,26.352,132371,0
2017-02-17,26.352,26.574,26.207,26.307,77477,0
2017-02-21,26.752,27.776,26.663,27.198,177954,0
2017-02-22,27.108,27.108,25.506,25.996,294465,0
2017-02-23,25.996,26.708,20.92,21.855,1333521,0
2017-02-24,20.387,20.387,15.624,18.962,2312309,0
2017-02-27,18.696,21.322,18.384,18.472,1033311,0
2017-02-28,17.805,17.984,16.647,17.538,825549,0
2017-03-01,17.805,18.117,17.183,17.939,393436,0
2017-03-02,16.826,17.404,15.802,16.292,1118329,0
2017-03-03,15.847,16.826,15.513,16.647,490028,0
2017-03-06,16.604,17.093,16.292,16.647,266469,0
2017-03-07,16.604,16.604,15.579,15.802,546680,0
2017-03-08,15.357,15.757,14.333,14.734,706092,0
2017-03-09,14.333,14.689,13.353,13.977,719631,0
2017-03-10,14.111,15.802,14.111,15.313,569626,0
2017-03-13,15.268,16.185,14.51,14.734,416285,0
2017-03-14,14.422,14.555,13.932,14.467,331839,0
2017-03-15,14.645,15.935,14.511,15.891,375527,0
2017-03-16,16.025,16.692,15.223,15.268,439230,0
2017-03-17,15.445,15.802,15.268,15.669,358872,0
2017-03-20,15.757,16.114,15.49,15.935,196727,0
2017-03-21,16.069,16.134,15.536,15.935,202695,0
2017-03-22,15.935,16.292,15.624,16.158,156058,0
2017-03-23,16.292,17.093,16.114,17.049,243628,0
2017-03-24,17.137,17.137,16.337,16.604,197771,0
2017-03-27,16.38,16.647,16.292,16.559,120543,0
2017-03-28,16.559,17.404,16.559,17.093,223671,0
2017-03-29,17.36,18.384,17.219,17.672,263983,0
2017-03-30,17.939,18.318,17.538,17.538,304317,0
2017-03-31,17.672,17.984,17.182,17.893,248277,0
2017-04-03,18.161,18.696,17.646,18.562,279132,0
2017-04-04,18.562,18.874,18.099,18.784,321344,0
2017-04-05,19.141,19.853,18.972,19.229,382224,0
2017-04-06,19.364,20.164,19.229,19.809,340395,0
2017-04-07,20.565,21.589,20.209,21.011,872799,0
2017-04-10,21.811,21.946,21.011,21.322,1241047,0
2017-04-11,21.087,21.484,19.852,20.014,707200,0
2017-04-12,19.874,20.387,18.008,18.381,537029,0
2017-04-13,18.241,18.568,17.938,18.008,300779,0
2017-04-17,18.008,19.827,18.008,18.428,483446,0
2017-04-18,18.287,19.058,18.101,18.381,225660,0
2017-04-19,18.568,18.707,17.774,17.961,193177,0
2017-04-20,18.194,18.428,17.774,17.821,308070,0
2017-04-21,17.915,18.474,17.728,18.287,307193,0
2017-04-24,18.287,18.866,18.148,18.614,256634,0
2017-04-25,18.614,18.614,18.008,18.381,170355,0
2017-04-26,18.474,18.801,17.961,18.614,297140,0
2017-04-27,18.521,18.754,18.194,18.474,142367,0
2017-04-28,18.661,18.754,18.101,18.148,236153,0
2017-05-01,18.474,18.568,17.961,18.101,176768,0
2017-05-02,18.194,18.377,17.541,17.681,223591,0
2017-05-03,17.681,18.148,17.541,17.728,172364,0
2017-05-04,17.588,17.728,17.308,17.448,189040,0
2017-05-05,17.448,18.148,17.448,17.728,181230,0
2017-05-08,17.915,18.521,17.915,17.961,283236,0
2017-05-09,18.054,18.136,17.681,17.728,122164,0
2017-05-10,17.821,18.521,17.728,17.774,289851,0
2017-05-11,17.915,18.381,17.634,17.961,192336,0
2017-05-12,17.915,18.661,17.915,18.661,214593,0
2017-05-15,19.127,19.454,18.614,18.661,274836,0
2017-05-16,18.661,18.894,18.521,18.614,120805,0
2017-05-17,18.568,18.661,18.194,18.194,144356,0
2017-05-18,18.194,18.801,17.961,18.101,227369,0
2017-05-19,18.335,18.801,18.292,18.474,127516,0
2017-05-22,18.568,18.914,18.474,18.801,195261,0
2017-05-23,18.801,19.501,18.801,19.034,186744,0
2017-05-24,19.268,19.753,19.034,19.081,211415,0
2017-05-25,19.174,19.501,18.474,18.661,260956,0
2017-05-26,18.614,18.987,18.614,18.848,131243,0
2017-05-30,19.034,19.594,18.754,19.127,291740,0
2017-05-31,18.987,19.22,18.801,19.127,134818,0
2017-06-01,19.174,19.687,18.941,19.547,241370,0
2017-06-02,19.734,19.734,19.006,19.268,231545,0
2017-06-05,18.754,19.501,18.474,19.127,289038,0
2017-06-06,19.361,19.687,18.941,19.594,173936,0
2017-06-07,19.594,19.827,18.707,19.127,234001,0
2017-06-08,19.212,19.407,18.754,19.081,129932,0
2017-06-09,19.22,20.014,19.174,19.501,196793,0
2017-06-12,19.501,19.734,19.268,19.407,141307,0
2017-06-13,19.314,19.675,19.314,19.454,136913,0
2017-06-14,19.454,19.594,18.941,19.407,127328,0
2017-06-15,19.174,19.361,18.614,18.987,193723,0
2017-06-16,19.127,19.407,18.801,19.407,78031,0
2017-06-19,19.407,19.454,19.034,19.081,98994,0
2017-06-20,18.987,19.501,18.287,18.941,222184,0
2017-06-21,18.941,19.28,18.568,18.568,138019,0
2017-06-22,18.521,18.865,18.474,18.801,94235,0
2017-06-23,18.894,19.407,18.707,19.361,125421,0
2017-06-26,19.268,19.64,19.14,19.454,181240,0
2017-06-27,19.454,19.687,19.233,19.268,155628,0
2017-06-28,19.361,19.703,19.314,19.547,89402,0
2017-06-29,19.594,20.014,19.501,19.781,154990,0
2017-06-30,19.921,20.48,19.734,20.153,321004,0
2017-07-03,20.434,20.714,19.781,20.06,235460,0
2017-07-05,20.06,20.153,19.454,20.107,237172,0
2017-07-06,19.967,20.247,19.594,19.687,150476,0
2017-07-07,19.921,20.247,19.454,20.201,437069,0
2017-07-10,20.387,20.48,19.921,20.434,517150,0
2017-07-11,20.247,20.667,20.107,20.387,698616,0
2017-07-12,19.931,20.222,19.495,19.592,386228,0
2017-07-13,19.64,19.737,18.719,19.155,276324,0
2017-07-14,19.107,19.883,19.01,19.543,187707,0
2017-07-17,19.592,20.174,19.543,19.689,170373,0
2017-07-18,19.834,19.834,19.057,19.398,138961,0
2017-07-19,19.398,19.786,19.301,19.64,129662,0
2017-07-20,19.786,20.077,19.398,19.446,161763,0
2017-07-21,19.834,19.834,19.282,19.543,164706,0
2017-07-24,19.543,19.883,19.446,19.883,146414,0
2017-07-25,19.883,20.225,19.648,19.689,119414,0
2017-07-26,19.883,20.125,19.689,19.737,93312,0
2017-07-27,19.883,19.931,19.689,19.786,76923,0
2017-07-28,19.931,20.077,19.689,19.883,144685,0
2017-07-31,19.786,20.028,19.737,19.786,110035,0
2017-08-01,19.786,19.931,19.446,19.592,132447,0
2017-08-02,19.64,19.757,19.398,19.398,90058,0
2017-08-03,19.689,19.689,18.961,19.107,150430,0
2017-08-04,19.349,19.737,19.155,19.204,142822,0
2017-08-07,19.398,19.446,19.155,19.301,69528,0
2017-08-08,19.204,19.689,19.204,19.349,114919,0
2017-08-09,19.301,19.543,19.204,19.301,96401,0
2017-08-10,19.592,19.592,18.913,18.961,159263,0
2017-08-11,18.428,19.349,18.428,19.155,231855,0
2017-08-14,19.446,19.446,18.961,19.252,101336,0
2017-08-15,19.107,19.301,18.623,18.864,127060,0
2017-08-16,18.767,18.981,18.331,18.428,132918,0
2017-08-17,18.428,18.816,18.185,18.428,141231,0
2017-08-18,18.476,18.767,18.248,18.719,154965,0
2017-08-21,18.573,18.719,18.282,18.428,84730,0
2017-08-22,18.428,18.719,18.428,18.67,58675,0
2017-08-23,18.525,18.913,18.476,18.767,95998,0
2017-08-24,18.816,18.913,18.573,18.573,60299,0
2017-08-25,18.67,19.107,18.65,18.913,73477,0
2017-08-28,19.01,19.107,18.816,19.107,63015,0
2017-08-29,19.107,19.252,18.816,19.058,68205,0
2017-08-30,18.961,19.107,18.864,19.01,49856,0
2017-08-31,19.107,19.301,19.01,19.155,96174,0
2017-09-01,19.252,20.028,19.178,19.931,194212,0
2017-09-05,19.931,20.077,19.446,19.834,105729,0
2017-09-06,19.883,20.174,19.844,20.125,126235,0
2017-09-07,20.174,20.528,19.495,19.689,337813,0
2017-09-08,19.398,19.713,19.155,19.446,153405,0
2017-09-11,19.446,19.689,19.195,19.446,149969,0
2017-09-12,19.64,19.955,19.349,19.834,129891,0
2017-09-13,19.834,20.174,19.722,20.125,128796,0
2017-09-14,20.125,20.368,19.883,20.028,149942,0
2017-09-15,20.077,20.222,19.965,20.077,171436,0
2017-09-18,20.077,20.416,19.858,20.416,176033,0
2017-09-19,20.416,20.562,20.174,20.416,161771,0
2017-09-20,20.61,20.61,20.271,20.416,99503,0
2017-09-21,20.368,20.517,20.174,20.343,116512,0
2017-09-22,20.368,20.465,20.319,20.465,103400,0
2017-09-25,20.562,20.974,20.537,20.95,250948,0
2017-09-26,20.95,20.95,20.562,20.901,126569,0
2017-09-27,20.707,21.289,20.707,20.804,189093,0
2017-09-28,21.047,21.289,20.853,21.241,149458,0
2017-09-29,21.289,21.774,21.095,21.774,254208,0
2017-10-02,21.628,21.774,21.241,21.386,163281,0
2017-10-03,21.386,21.919,21.386,21.822,213027,0
2017-10-04,21.871,22.065,21.532,21.822,200691,0
2017-10-05,21.822,22.065,21.725,21.871,200715,0
2017-10-06,21.725,22.016,21.628,21.822,153762,0
2017-10-09,21.919,21.98,20.853,21.144,387729,0
2017-10-10,21.338,21.677,21.192,21.338,249460,0
2017-10-11,21.435,21.822,21.241,21.338,319582,0
2017-10-12,21.289,21.677,21.144,21.58,416481,0
2017-10-13,21.9,21.9,21.4,21.5,261791,0
2017-10-16,21.6,21.8,21.05,21.05,157952,0
2017-10-17,21,21.0424,19.8,20,303562,0
2017-10-18,20.15,20.45,20,20.05,120421,0
2017-10-19,20,20.05,18.65,18.85,380662,0
2017-10-20,18.85,19.8,18.85,19.6,264109,0
2017-10-23,19.6,20.05,19.55,19.75,195093,0
2017-10-24,19.75,20,19.201,19.5,137198,0
2017-10-25,19.4,19.55,18.65,19,248096,0
2017-10-26,19,19.25,18.9,18.95,105795,0
2017-10-27,19.1,19.2719,18.9,18.95,118116,0
2017-10-30,19,19.35,19,19,74023,0
2017-10-31,19.25,19.25,19,19.05,71039,0
2017-11-01,19.1,19.3522,19,19.15,87367,0
2017-11-02,19.4,19.4,19.1,19.25,88616,0
2017-11-03,19.3,19.3,19.0856,19.1,71715,0
2017-11-06,19.2,19.4729,19.1,19.35,133053,0
2017-11-07,19.25,19.7376,19.25,19.35,114035,0
2017-11-08,19.35,19.6494,19.2,19.45,108187,0
2017-11-09,19.3,19.7005,19.3,19.55,86411,0
2017-11-10,19.45,19.65,19.1,19.45,172046,0
