2016-01-04,25.001,25.456,24.688,25.28,7911851,0
2016-01-05,25.359,25.368,24.381,24.575,6925315,0
2016-01-06,24.032,24.042,23.534,23.83,9104759,0
2016-01-07,23.298,23.67,22.984,23.036,8023290,0
2016-01-08,23.237,23.411,22.233,22.267,7451349,0
2016-01-11,22.608,22.643,21.316,21.526,12272626,0
2016-01-12,21.813,22.154,21.411,21.981,8133394,0
2016-01-13,22.172,22.582,21.14,21.351,7739179,0
2016-01-14,21.395,22.578,20.322,22.389,10805882,0
2016-01-15,21.308,21.778,20.826,21.446,12402819,0
2016-01-19,21.727,21.945,20.539,20.966,7259199,0
2016-01-20,20.112,21.14,19.481,20.74,10470725,0
2016-01-21,20.915,21.866,20.888,21.098,7605076,0
2016-01-22,21.882,22.898,21.841,22.888,9102405,0
2016-01-25,22.73,22.748,21.831,21.858,6424377,0
2016-01-26,21.866,23.194,21.77,22.959,8502636,0
2016-01-27,22.923,23.106,21.813,22.356,5619427,0
2016-01-28,21.891,22.581,21.019,21.935,8885542,0
2016-01-29,22.067,23.133,22.049,22.94,8203110,0
2016-02-01,22.878,24.119,22.356,23.899,9149975,0
2016-02-02,23.481,23.797,22.757,23.036,10216250,0
2016-02-03,23.246,23.578,21.77,23.115,9504245,0
2016-02-04,23.115,24.429,22.998,23.552,8528937,0
2016-02-05,23.454,24.294,23.311,23.661,6554323,0
2016-02-08,22.964,23.007,21.193,21.846,12137079,0
2016-02-09,21.201,22.454,21.096,21.864,5591421,0
2016-02-10,22.275,22.66,21.899,21.899,6441953,0
2016-02-11,21.051,21.935,20.209,20.576,11680087,0
2016-02-12,21.06,22.059,20.265,22.015,11065090,0
2016-02-16,22.82,23.214,21.89,23.214,7551233,0
2016-02-17,23.481,24.107,23.214,23.803,7958520,0
2016-02-18,24.036,24.036,23.379,23.661,4782090,0
2016-02-19,23.311,23.518,22.892,23.124,4793802,0
2016-02-22,23.571,24.125,23.469,23.838,5701124,0
2016-02-23,23.686,23.866,22.614,23.007,4989176,0
2016-02-24,22.579,23.142,22.05,22.998,5086949,0
2016-02-25,23.035,23.176,22.39,22.776,7095801,0
2016-02-26,23.016,23.526,22.864,22.892,5841559,0
2016-02-29,22.882,23.509,22.56,23.214,5580866,0
2016-03-01,23.633,24.805,23.598,24.178,7828658,0
2016-03-02,24.322,25.206,23.839,25.1,7402910,0
2016-03-03,25.036,25.555,24.598,25.511,6344470,0
2016-03-04,25.653,26.225,25.376,25.985,7292580,0
2016-03-07,25.653,26.093,25.405,25.975,5315809,0
2016-03-08,25.733,25.911,25.1,25.252,7127659,0
2016-03-09,25.43,25.653,24.51,24.689,6673538,0
2016-03-10,24.894,24.966,23.91,24.464,5459134,0
2016-03-11,24.894,24.929,24.263,24.598,5959832,0
2016-03-14,24.689,24.741,24.26,24.412,4384941,0
2016-03-15,24.223,24.277,23.633,24.206,3531387,0
2016-03-16,24.144,25.108,24.081,24.822,4518795,0
2016-03-17,24.822,25.61,24.627,25.188,5518337,0
2016-03-18,25.411,25.626,24.831,25.019,4750765,0
2016-03-21,24.876,25.187,24.627,25.045,4920407,0
2016-03-22,24.788,25.019,24.635,24.85,3025601,0
2016-03-23,24.768,24.92,23.982,24.098,4589730,0
2016-03-24,23.776,23.795,23.176,23.643,5011612,0
2016-03-28,23.732,23.768,23.393,23.518,3854351,0
2016-03-29,23.419,24.732,23.231,24.652,6232872,0
2016-03-30,24.974,25.197,24.751,24.974,4330029,0
2016-03-31,24.858,25.228,24.84,25.072,2391735,0
2016-04-01,24.85,25.224,24.518,25.143,3530772,0
2016-04-04,25.127,25.181,24.421,24.492,5495385,0
2016-04-05,24.241,24.581,23.937,24.438,2793591,0
2016-04-06,24.492,24.751,24.144,24.661,2901972,0
2016-04-07,24.492,24.788,24.009,24.045,4189006,0
2016-04-08,24.33,24.437,23.623,23.838,4966093,0
2016-04-11,23.928,24.156,23.713,23.713,3562950,0
2016-04-12,23.838,24.492,23.526,24.286,4031341,0
2016-04-13,24.527,25.626,24.505,25.555,6045087,0
2016-04-14,25.529,25.966,25.234,25.931,5516743,0
2016-04-15,25.85,26.243,25.591,25.725,3149895,0
2016-04-18,25.672,26.146,25.6,25.948,3621533,0
2016-04-19,26.109,26.377,26.002,26.271,4244804,0
2016-04-20,26.315,26.459,26.002,26.315,4274772,0
2016-04-21,26.235,26.332,25.117,25.234,6600334,0
2016-04-22,24.983,25.787,24.938,25.43,3292268,0
2016-04-25,25.385,25.42,25.064,25.286,2636669,0
2016-04-26,25.385,25.86,25.365,25.626,3401342,0
2016-04-27,25.743,25.94,25.511,25.78,3501596,0
2016-04-28,25.608,25.815,24.975,25.074,3887016,0
2016-04-29,25.037,25.055,24.417,24.767,3707971,0
2016-05-02,24.812,25.165,24.777,24.948,2652182,0
2016-05-03,24.659,24.677,23.933,24.407,4532001,0
2016-05-04,24.28,24.433,23.766,24,3643092,0
2016-05-05,24.154,24.349,23.812,24.154,2839681,0
2016-05-06,23.919,24.298,23.865,24.083,2162575,0
2016-05-09,24.235,24.254,23.748,24.171,3655374,0
2016-05-10,24.325,24.642,24.154,24.325,2612330,0
2016-05-11,24.136,24.354,24.019,24.171,2442622,0
2016-05-12,24.28,24.354,23.369,23.783,4729221,0
2016-05-13,23.577,23.882,23.116,23.287,3360052,0
2016-05-16,23.296,23.64,23.287,23.406,4195504,0
2016-05-17,23.314,23.739,23.17,23.522,2592238,0
2016-05-18,23.468,23.756,22.799,22.828,9326032,0
2016-05-19,22.763,22.763,21.853,22.375,7768379,0
2016-05-20,22.466,23.216,22.34,22.972,13401838,0
2016-05-23,22.981,23.053,22.691,22.773,3040927,0
2016-05-24,22.981,23.739,22.863,23.63,4636639,0
2016-05-25,23.793,24.633,23.73,24.108,5311107,0
2016-05-26,24.108,24.235,23.802,23.919,1847978,0
2016-05-27,23.947,24.587,23.91,24.181,3777062,0
2016-05-31,24.235,24.371,23.406,23.64,5723997,0
2016-06-01,23.423,23.926,23.216,23.703,3020366,0
2016-06-02,23.567,23.756,23.437,23.72,2703283,0
2016-06-03,23.495,23.577,23.152,23.548,2830253,0
2016-06-06,23.595,24.126,23.541,24.1,3663808,0
2016-06-07,24.118,24.371,24.053,24.118,5343776,0
2016-06-08,24.145,24.479,24.1,24.298,3286482,0
2016-06-09,24.235,24.271,23.875,23.919,2301211,0
2016-06-10,23.595,23.649,23.334,23.531,5094107,0
2016-06-13,23.304,23.595,23.233,23.233,3069345,0
2016-06-14,23.188,23.273,22.421,22.611,4815744,0
2016-06-15,22.773,22.926,22.475,22.745,5264388,0
2016-06-16,22.547,22.646,22.079,22.493,3655214,0
2016-06-17,22.521,22.735,22.177,22.484,3677214,0
2016-06-20,22.9,23.401,22.871,23.007,5213416,0
2016-06-21,23.178,23.341,22.818,22.854,4487272,0
2016-06-22,22.863,23.107,22.628,22.72,2571936,0
2016-06-23,22.954,23.369,22.863,23.36,5569076,0
2016-06-24,22.059,23.007,21.98,22.087,7899831,0
2016-06-27,21.689,21.736,20.997,21.05,7303669,0
2016-06-28,21.644,21.897,21.23,21.538,6219984,0
2016-06-29,21.673,22.34,21.528,22.34,4758857,0
2016-06-30,22.475,22.538,21.98,22.151,3779399,0
2016-07-01,22.069,22.413,21.975,22.114,3114914,0
2016-07-05,21.916,21.916,20.987,20.987,8045406,0
2016-07-06,20.769,20.823,20.263,20.724,15182304,0
2016-07-07,20.941,21.252,20.805,21.13,7444265,0
2016-07-08,21.337,21.771,21.211,21.663,5700615,0
2016-07-11,21.771,22.122,21.681,21.753,4905099,0
2016-07-12,21.997,22.484,21.844,22.177,7713690,0
2016-07-13,22.204,22.565,21.816,22.384,5060678,0
2016-07-14,22.611,22.846,22.497,22.628,3939904,0
2016-07-15,22.745,22.783,22.512,22.565,3393191,0
2016-07-18,22.565,22.783,22.529,22.683,4891524,0
2016-07-19,22.592,22.863,22.538,22.837,2602968,0
2016-07-20,22.837,23.495,22.575,23.324,5783346,0
2016-07-21,23.548,24.361,23.504,24.217,7900678,0
2016-07-22,24.235,24.84,24.208,24.75,6361945,0
2016-07-25,24.795,25.526,24.777,24.984,6790414,0
2016-07-26,25.002,25.13,24.812,24.975,5412028,0
2016-07-27,24.994,25.291,24.638,24.822,6653324,0
2016-07-28,24.822,24.885,24.529,24.685,4240665,0
2016-07-29,24.584,24.722,24.401,24.547,2366266,0
2016-08-01,24.511,24.598,24.154,24.208,5481514,0
2016-08-02,24.082,24.191,23.633,23.734,5341386,0
2016-08-03,23.734,24.428,23.715,24.383,6354986,0
2016-08-04,24.411,24.566,24.126,24.355,4296602,0
2016-08-05,24.52,24.959,24.484,24.867,4593803,0
2016-08-08,25.114,25.311,24.932,25.27,4040192,0
2016-08-09,25.351,25.746,25.297,25.508,6471235,0
2016-08-10,25.472,25.673,25.297,25.453,2740266,0
2016-08-11,25.564,25.818,25.494,25.516,2240473,0
2016-08-12,25.408,25.516,25.224,25.242,3207768,0
2016-08-15,25.261,25.673,25.242,25.554,2202969,0
2016-08-16,25.516,25.554,25.351,25.49,1628311,0
2016-08-17,25.425,25.695,25.335,25.508,2429691,0
2016-08-18,25.508,25.974,25.508,25.901,3835306,0
2016-08-19,25.81,25.938,25.663,25.783,1920513,0
2016-08-22,25.681,25.828,25.506,25.791,2098673,0
2016-08-23,25.938,26.075,25.783,25.818,3110868,0
2016-08-24,25.754,25.838,25.626,25.754,2176874,0
2016-08-25,25.609,25.818,25.399,25.443,2035687,0
2016-08-26,25.453,25.58,24.786,25.097,4400901,0
2016-08-29,25.151,25.435,25.033,25.242,2693699,0
2016-08-30,25.297,25.325,25.105,25.224,1531434,0
2016-08-31,25.307,25.307,24.85,25.077,1689216,0
2016-09-01,25.234,25.234,24.383,24.63,4166929,0
2016-09-02,24.675,24.913,24.465,24.584,3820697,0
2016-09-06,24.648,24.685,24.208,24.42,2500423,0
2016-09-07,24.475,24.511,24.136,24.347,2779775,0
2016-09-08,24.291,24.695,24.282,24.502,2026746,0
2016-09-09,24.355,24.373,23.707,23.935,4974561,0
2016-09-12,23.697,24.191,23.213,24.072,4415020,0
2016-09-13,23.843,23.881,23.332,23.578,5300081,0
2016-09-14,23.496,23.542,23.139,23.405,3334728,0
2016-09-15,23.405,23.793,23.277,23.588,3120218,0
2016-09-16,23.578,23.578,23.285,23.559,2235607,0
2016-09-19,23.596,23.861,23.519,23.623,2167419,0
2016-09-20,23.797,23.915,23.514,23.743,2508092,0
2016-09-21,23.779,24.163,23.697,24.1,2793767,0
2016-09-22,24.236,24.337,23.743,23.825,4763040,0
2016-09-23,23.779,23.889,23.555,23.623,3767234,0
2016-09-26,23.405,23.445,23.102,23.285,3428677,0
2016-09-27,23.184,23.268,22.792,22.864,5901388,0
2016-09-28,22.957,23.03,22.737,22.974,3797432,0
2016-09-29,22.928,23.34,22.763,22.919,4559276,0
2016-09-30,23.102,23.505,22.911,23.349,6230735,0
2016-10-03,23.258,23.532,22.911,23.038,2821257,0
2016-10-04,23.13,23.196,22.755,22.947,4016209,0
2016-10-05,23.094,23.194,22.842,22.992,4512298,0
2016-10-06,22.984,22.992,22.548,22.673,3456948,0
2016-10-07,22.673,22.673,22.366,22.572,2786172,0
2016-10-10,22.673,22.755,22.425,22.554,2244002,0
2016-10-11,22.518,22.544,21.969,22.225,4534500,0
2016-10-12,22.243,22.315,21.972,22.096,3988608,0
2016-10-13,21.949,21.969,21.711,21.804,5901724,0
2016-10-14,21.914,22.123,21.621,21.657,4277226,0
2016-10-17,21.703,21.703,21.346,21.51,3965504,0
2016-10-18,21.767,21.767,21.382,21.594,3900133,0
2016-10-19,21.721,21.996,21.594,21.685,5429327,0
2016-10-20,21.721,21.749,21.466,21.603,3233290,0
2016-10-21,21.52,22.05,21.41,22.014,4852799,0
2016-10-24,22.444,22.911,22.326,22.673,5363670,0
2016-10-25,22.682,23.094,22.591,22.902,4644707,0
2016-10-26,22.957,23.285,22.809,23.213,5942800,0
2016-10-27,23.779,24.052,23.011,23.176,7478691,0
2016-10-28,23.303,23.715,23.184,23.322,4242499,0
2016-10-31,23.368,23.578,22.883,22.893,2921462,0
2016-11-01,23.001,23.459,22.682,22.792,3611003,0
2016-11-02,22.682,22.745,22.252,22.28,4415042,0
2016-11-03,22.335,22.484,22.048,22.177,3687169,0
2016-11-04,22.048,22.419,21.87,21.898,3364169,0
2016-11-07,22.325,22.522,22.018,22.195,4012556,0
2016-11-08,22.177,22.4,21.874,22.363,4164683,0
2016-11-09,22.308,22.382,21.702,22.038,9950961,0
2016-11-10,22.316,22.921,22.065,22.819,10709899,0
2016-11-11,22.874,22.934,22.419,22.512,7614231,0
2016-11-14,22.791,23.544,22.749,23.508,8306526,0
2016-11-15,23.638,24.187,23.442,24.093,6530835,0
2016-11-16,24.01,24.154,23.53,23.777,4664901,0
2016-11-17,23.796,24.297,23.656,24.093,3955861,0
2016-11-18,24.187,24.754,24.01,24.744,5430011,0
2016-11-21,24.996,24.996,24.289,24.512,5604110,0
2016-11-22,24.614,24.769,24.498,24.642,3411204,0
2016-11-23,24.456,24.652,24.14,24.214,4629080,0
2016-11-25,24.196,24.8,24.187,24.698,2118126,0
2016-11-28,24.549,24.689,23.963,24.01,4653591,0
2016-11-29,24.038,24.345,23.889,24.177,2760989,0
2016-11-30,24.372,24.633,23.916,23.945,3627675,0
2016-12-01,24.158,24.544,23.907,24.326,5173235,0
2016-12-02,24.214,24.307,23.781,24.055,3688630,0
2016-12-05,24.14,24.652,24.117,24.559,3219938,0
2016-12-06,24.754,24.782,24.372,24.698,4123819,0
2016-12-07,24.772,26.744,24.744,26.577,14405107,0
2016-12-08,26.661,27.86,26.55,27.73,12818862,0
2016-12-09,27.721,28.14,27.423,27.46,12894690,0
2016-12-12,27.443,27.443,26.558,27.246,6711420,0
2016-12-13,27.331,27.488,26.982,27.284,4010354,0
2016-12-14,27.098,27.6,26.931,27.071,3826976,0
2016-12-15,27.071,27.61,27.023,27.191,5205676,0
2016-12-16,27.544,27.628,26.903,26.949,22991631,0
2016-12-19,26.903,27.098,26.744,27.051,3653012,0
2016-12-20,27.051,27.386,26.764,26.894,4591289,0
2016-12-21,26.754,26.847,26.4,26.512,3489106,0
2016-12-22,26.428,26.493,25.972,26.037,4579460,0
2016-12-23,26,26.251,25.786,26.177,2937671,0
2016-12-27,26.195,26.242,25.768,25.805,4140428,0
2016-12-28,25.805,25.926,25.368,25.423,4152797,0
2016-12-29,25.414,25.647,25.061,25.256,4660302,0
2016-12-30,25.238,25.256,24.791,25.144,5734243,0
2017-01-03,25.581,26.251,25.442,26.158,8578072,0
2017-01-04,26.512,28.354,26.512,27.721,15763431,0
2017-01-05,27.767,28.494,27.628,28.297,8206101,0
2017-01-06,28.559,28.754,28.105,28.382,6557277,0
2017-01-09,28.596,28.986,28.065,28.344,6072826,0
2017-01-10,28.335,28.363,27.815,27.972,5655054,0
2017-01-11,27.815,28.187,27.815,28.102,4084710,0
2017-01-12,28.075,28.131,27.815,28.092,3447313,0
2017-01-13,28.092,28.356,27.99,27.99,3754720,0
2017-01-17,28.065,28.092,27.34,27.6,4192674,0
2017-01-18,27.517,27.6,27.116,27.517,2923535,0
2017-01-19,27.498,27.563,26.959,27.266,4312944,0
2017-01-20,27.479,27.535,27.158,27.517,3991297,0
2017-01-23,27.582,27.759,27.44,27.508,3407259,0
2017-01-24,27.498,28.382,27.413,28.196,5846424,0
2017-01-25,28.279,28.513,27.954,28.484,7657852,0
2017-01-26,28.885,29.303,28.707,29.033,7169444,0
2017-01-27,29.192,29.228,28.958,29.117,5194257,0
2017-01-30,28.949,29.117,28.474,28.856,4018498,0
2017-01-31,28.689,28.82,28.131,28.494,3854895,0
2017-02-01,28.866,29.48,28.846,28.986,7494274,0
2017-02-02,29.09,29.114,28.58,29.08,4049419,0
2017-02-03,29.43,29.59,28.844,29.034,4174606,0
2017-02-06,28.901,29.09,28.825,28.92,4214334,0
2017-02-07,28.976,29.195,28.674,28.854,3860841,0
2017-02-08,28.674,29.12,28.491,28.835,3956116,0
2017-02-09,28.778,28.807,28.174,28.496,5326825,0
2017-02-10,28.514,28.737,28.354,28.666,3454066,0
2017-02-13,28.883,28.986,28.599,28.76,3286792,0
2017-02-14,28.825,28.976,28.684,28.76,3995629,0
2017-02-15,29.024,29.331,28.807,29.222,4953683,0
2017-02-16,29.128,29.421,28.651,28.712,7523352,0
2017-02-17,28.618,28.646,28.354,28.542,4147717,0
2017-02-21,28.684,28.901,28.618,28.854,5617829,0
2017-02-22,28.788,28.892,28.542,28.637,2262050,0
2017-02-23,28.732,28.75,27.91,28.174,5068713,0
2017-02-24,27.928,27.994,27.565,27.9,4633686,0
2017-02-27,27.796,28.24,27.522,28.137,4068000,0
2017-02-28,28.07,28.24,27.654,27.9,3241823,0
2017-03-01,28.326,28.457,28.155,28.334,4396093,0
2017-03-02,28.25,28.4,28.032,28.032,2546160,0
2017-03-03,27.976,28.174,27.729,28.014,4237344,0
2017-03-06,28.014,28.098,27.816,27.882,2035337,0
2017-03-07,27.862,27.862,27.515,27.759,2567495,0
2017-03-08,27.966,27.966,27.399,27.484,3167918,0
2017-03-09,27.465,27.645,26.87,27.031,6630981,0
2017-03-10,27.154,27.438,27.126,27.333,3107462,0
2017-03-13,28.4,28.883,28.174,28.666,13242223,0
2017-03-14,28.637,28.732,28.334,28.562,4115830,0
2017-03-15,28.798,29.043,28.674,28.817,5703255,0
2017-03-16,29.166,29.195,28.673,28.901,4552510,0
2017-03-17,28.948,29.119,28.892,28.892,3392178,0
2017-03-20,28.958,29.034,28.769,28.835,3014806,0
2017-03-21,29.034,29.034,28.164,28.344,6203763,0
2017-03-22,28.212,28.505,27.862,28.316,4722561,0
2017-03-23,28.24,28.542,28.023,28.23,3265647,0
2017-03-24,28.23,28.391,27.872,28.032,2768733,0
2017-03-27,27.816,27.956,27.57,27.948,4331953,0
2017-03-28,27.928,28.194,27.862,27.976,3098684,0
2017-03-29,28.032,28.032,27.504,27.684,6537825,0
2017-03-30,27.862,28.127,27.816,28.042,4002623,0
2017-03-31,28.079,28.141,27.966,28.052,3188186,0
2017-04-03,28.052,28.127,27.56,27.9,4268698,0
2017-04-04,27.767,28.04,27.674,27.994,1986889,0
2017-04-05,28.221,28.326,27.806,27.834,3384858,0
2017-04-06,27.816,28.448,27.767,28.108,3132712,0
2017-04-07,27.91,28.264,27.674,27.759,4298598,0
2017-04-10,27.767,27.943,27.645,27.806,2848854,0
2017-04-11,27.702,27.853,27.55,27.616,2954198,0
2017-04-12,27.58,27.684,27.39,27.636,2264466,0
2017-04-13,27.626,27.871,27.248,27.258,3867288,0
2017-04-17,27.268,27.645,27.258,27.626,3218376,0
2017-04-18,27.55,28.184,27.438,27.956,4183553,0
2017-04-19,28.079,28.666,28.052,28.391,5332092,0
2017-04-20,29.251,29.326,28.391,28.542,12918208,0
2017-04-21,28.892,28.94,28.486,28.599,10706557,0
2017-04-24,29.374,29.44,28.466,28.741,10274547,0
2017-04-25,28.93,29.44,28.892,29.176,7436297,0
2017-04-26,29.354,29.694,29.251,29.534,6783406,0
2017-04-27,29.582,30.146,29.291,30.088,7350218,0
2017-04-28,30.146,30.146,29.875,29.961,5571443,0
2017-05-01,30.098,30.312,29.952,29.961,4694280,0
2017-05-02,30.098,30.194,29.865,29.875,4550390,0
2017-05-03,29.875,30.001,29.835,29.913,3219840,0
2017-05-04,29.933,30.001,29.32,29.398,5520583,0
2017-05-05,29.359,29.505,29.145,29.418,3594842,0
2017-05-08,29.496,29.748,29.145,29.262,5648710,0
2017-05-09,29.408,29.486,29.097,29.135,13326979,0
2017-05-10,29.165,29.34,29.068,29.165,2808034,0
2017-05-11,29.262,29.32,28.834,29.145,3462455,0
2017-05-12,29.126,29.165,28.942,29.058,3238854,0
2017-05-15,29.145,29.408,29.117,29.253,3709536,0
2017-05-16,29.369,29.379,29.028,29.35,2703643,0
2017-05-17,29.058,29.145,28.235,28.485,5745723,0
2017-05-18,28.339,28.573,28.203,28.446,7144510,0
2017-05-19,28.505,29.194,28.485,29.019,4055994,0
2017-05-22,30.555,31.409,30.457,30.972,21188285,0
2017-05-23,31.312,32.07,31.273,31.546,11530212,0
2017-05-24,31.788,31.865,31.496,31.604,4497025,0
2017-05-25,31.701,31.827,31.526,31.546,3824959,0
2017-05-26,31.546,31.72,31.449,31.652,4463465,0
2017-05-30,31.837,32.148,31.778,31.925,5287707,0
2017-05-31,32.041,32.138,31.438,31.943,3990375,0
2017-06-01,32.05,32.828,31.992,32.497,7484601,0
2017-06-02,32.536,32.964,32.527,32.731,5838884,0
2017-06-05,32.74,32.828,32.274,32.371,6139848,0
2017-06-06,32.303,32.39,32.07,32.167,4834238,0
2017-06-07,32.216,32.585,32.109,32.342,3752783,0
2017-06-08,32.342,32.663,32.089,32.342,4797951,0
2017-06-09,32.371,32.838,32.089,32.42,4841711,0
2017-06-12,32.352,32.449,31.477,31.701,7012661,0
2017-06-13,31.915,32.162,31.875,31.992,3907568,0
2017-06-14,32.138,32.138,31.749,31.837,2629738,0
2017-06-15,31.594,31.701,31.215,31.614,2953425,0
2017-06-16,31.749,31.827,31.506,31.73,2928557,0
2017-06-19,32.011,32.459,31.973,32.128,4466924,0
2017-06-20,32.128,32.216,31.713,32.002,3711869,0
2017-06-21,31.885,32.29,31.827,32.021,3282599,0
2017-06-22,32.206,32.385,32.06,32.118,5515872,0
2017-06-23,32.157,32.381,32.031,32.196,2313695,0
2017-06-26,32.381,32.39,31.596,32.206,2991430,0
2017-06-27,32.157,32.42,31.915,32.011,2977082,0
2017-06-28,32.157,32.672,32.118,32.39,3371388,0
2017-06-29,32.585,32.672,31.885,32.322,4024535,0
2017-06-30,32.4,32.492,31.943,32.4,4676812,0
2017-07-03,32.595,32.595,32.08,32.176,4007710,0
2017-07-05,32.244,32.332,31.943,32.089,3567028,0
2017-07-06,31.905,32.057,31.769,31.943,2799207,0
2017-07-07,32.031,32.138,31.677,32.05,3580134,0
2017-07-10,32.07,32.507,32.05,32.352,2318641,0
2017-07-11,32.39,32.701,32.201,32.575,2668471,0
2017-07-12,32.856,33.129,32.682,32.711,3512794,0
2017-07-13,32.847,33.124,32.643,32.906,2519837,0
2017-07-14,32.789,33.566,32.731,33.459,3582373,0
2017-07-17,33.518,33.819,33.459,33.566,3378359,0
2017-07-18,33.566,33.614,33.371,33.527,2693191,0
2017-07-19,33.838,34.091,33.576,33.789,4512635,0
2017-07-20,33.682,33.974,33.042,33.303,8134562,0
2017-07-21,33.498,33.702,33.119,33.44,3115695,0
2017-07-24,33.518,33.722,33.333,33.371,3210774,0
2017-07-25,33.576,33.809,33.445,33.566,3672309,0
2017-07-26,33.712,33.955,33.483,33.508,5550222,0
2017-07-27,33.656,33.759,32.759,33.33,4906024,0
2017-07-28,33.261,33.291,32.876,33.093,2419362,0
2017-07-31,33.064,33.098,32.748,33.014,2548021,0
2017-08-01,33.152,33.478,32.925,33.064,2575400,0
2017-08-02,33.152,33.181,32.461,32.777,9030363,0
2017-08-03,32.679,32.994,32.629,32.748,2483966,0
2017-08-04,32.896,33.577,32.856,33.34,4101221,0
2017-08-07,33.527,33.626,33.291,33.409,2575353,0
2017-08-08,33.458,33.873,33.315,33.35,4914170,0
2017-08-09,33.212,33.291,32.866,32.965,4837539,0
2017-08-10,32.837,32.886,31.405,31.879,7462338,0
2017-08-11,31.613,31.711,31.188,31.534,4969641,0
2017-08-14,31.82,32.343,31.808,32.007,3326666,0
2017-08-15,32.165,32.172,31.84,31.84,2185533,0
2017-08-16,31.938,32.044,31.682,31.751,1489260,0
2017-08-17,31.652,31.701,31.09,31.188,3114552,0
2017-08-18,31.099,31.376,30.735,31.109,3301099,0
2017-08-21,31.08,31.228,30.626,30.951,3010443,0
2017-08-22,31.109,31.534,31.07,31.346,2139249,0
2017-08-23,31.326,31.455,31.149,31.386,1785964,0
2017-08-24,31.386,31.534,31.188,31.208,1782562,0
2017-08-25,31.208,31.484,31.159,31.159,1951928,0
2017-08-28,31.257,31.751,31.198,31.534,2242397,0
2017-08-29,31.228,31.534,31.149,31.524,2086639,0
2017-08-30,31.583,32.254,31.491,32.106,2952817,0
2017-08-31,32.313,32.412,31.968,32.304,3042569,0
2017-09-01,32.412,32.659,32.284,32.284,3601448,0
2017-09-05,31.948,32.136,31.129,31.623,4728165,0
2017-09-06,31.682,31.84,31.297,31.593,2320176,0
2017-09-07,31.593,31.682,30.991,31.208,2846469,0
2017-09-08,31.099,31.318,31.001,31.198,1385525,0
2017-09-11,31.425,31.879,31.415,31.731,2298362,0
2017-09-12,31.889,31.919,31.529,31.78,1805364,0
2017-09-13,31.731,31.761,31.336,31.613,2379174,0
2017-09-14,31.583,31.82,31.474,31.672,1696111,0
2017-09-15,31.682,31.909,31.553,31.869,2319419,0
2017-09-18,31.978,32.225,31.751,31.909,2471916,0
2017-09-19,31.958,32.2,31.741,31.988,1932262,0
2017-09-20,32.086,32.323,31.968,32.195,1933074,0
2017-09-21,32.225,32.516,32.146,32.284,2561961,0
2017-09-22,32.225,32.817,32.175,32.738,3441673,0
2017-09-25,32.6,32.955,32.432,32.698,2574254,0
2017-09-26,32.797,32.866,32.323,32.402,2077504,0
2017-09-27,32.58,32.827,32.264,32.501,3237666,0
2017-09-28,32.679,33.083,32.57,32.896,2545679,0
2017-09-29,32.886,33.133,32.856,32.935,2501811,0
2017-10-02,32.955,33.044,32.027,32.57,5157318,0
2017-10-03,32.58,33.044,32.383,32.797,4059763,0
2017-10-04,32.837,33.261,32.817,33.123,2965895,0
2017-10-05,33.221,33.389,32.975,33.182,3047872,0
2017-10-06,33.064,33.291,32.718,33.004,2648092,0
2017-10-09,33.064,33.123,32.669,32.827,1871891,0
2017-10-10,33.093,33.113,32.501,32.649,2687702,0
2017-10-11,32.639,32.866,32.501,32.758,1901758,0
2017-10-12,32.807,33.004,32.531,32.57,1928586,0
2017-10-13,32.58,32.598,32.323,32.501,2115827,0
2017-10-16,32.649,32.886,32.57,32.827,3175365,0
2017-10-17,32.817,32.896,32.649,32.787,1939690,0
2017-10-18,32.817,33.212,32.817,33.054,3777360,0
2017-10-19,33.448,34.068,33.34,33.567,7896919,0
2017-10-20,33.804,34.337,33.764,34.011,4718011,0
2017-10-23,34.159,34.544,34.159,34.268,5342511,0
2017-10-24,34.495,34.613,33.794,34.139,5093141,0
2017-10-25,34.297,34.297,33.014,33.725,5237300,0
2017-10-26,33.725,33.912,33.271,33.33,4184313,0
2017-10-27,33.4008,33.59,32.51,33.5,4895019,0
2017-10-30,33.45,33.5,32.82,33.05,4571776,0
2017-10-31,33.02,33.43,32.8,33.29,4401265,0
2017-11-01,33.41,33.5,32.72,32.89,4649137,0
2017-11-02,32.8,32.83,31.5,32.51,6675795,0
2017-11-03,32.39,33.05,32.23,32.89,3605226,0
2017-11-06,33.03,33.27,33.03,33.03,3219602,0
2017-11-07,33.01,33.17,32.92,33.04,2347029,0
2017-11-08,32.94,33.03,32.4768,32.65,2572904,0
2017-11-09,32.48,32.81,32.26,32.43,2736315,0
2017-11-10,32.36,32.5699,31.92,32.13,3731999,0
