2016-01-04,9.75,9.76,9.63,9.73,339637,0
2016-01-05,9.72,9.91,9.7,9.76,321889,0
2016-01-06,9.64,9.83,9.64,9.82,270654,0
2016-01-07,9.65,9.78,9.6472,9.73,390222,0
2016-01-08,9.78,9.79,9.66,9.68,340875,0
2016-01-11,9.68,9.73,9.54,9.68,242524,0
2016-01-12,9.76,9.93,9.69,9.91,389930,0
2016-01-13,9.9,9.94,9.5739,9.65,301765,0
2016-01-14,9.65,9.76,9.58,9.71,214570,0
2016-01-15,9.48,9.62,9.3,9.6,339355,0
2016-01-19,9.7,9.71,9.51,9.6,252200,0
2016-01-20,9.49,9.7,9.31,9.67,723456,0
2016-01-21,9.96,10.17,9.65,9.73,938055,0
2016-01-22,9.88,10.02,9.82,9.89,305857,0
2016-01-25,9.84,9.925,9.71,9.72,257769,0
2016-01-26,9.74,9.83,9.695,9.82,352878,0
2016-01-27,9.84,9.95,9.76,9.8,378010,0
2016-01-28,9.9,10.02,9.82,9.86,191609,0
2016-01-29,9.91,10.15,9.83,10.1,451855,0
2016-02-01,10.1,10.17,10.03,10.11,475451,0
2016-02-02,10.03,10.13,9.98,10.07,241526,0
2016-02-03,10.1,10.25,10.02,10.2,319965,0
2016-02-04,10.18,10.32,10.14,10.24,306259,0
2016-02-05,10.19,10.375,10.15,10.31,513482,0
2016-02-08,10.23,10.45,10.18,10.43,330283,0
2016-02-09,10.36,10.51,10.3,10.37,478656,0
2016-02-10,10.44,10.55,10.33,10.33,278512,0
2016-02-11,10.22,10.44,10.2,10.41,133933,0
2016-02-12,10.42,10.54,10.34,10.4,199272,0
2016-02-16,10.45,10.64,10.4,10.54,165544,0
2016-02-17,10.54,10.75,10.5,10.54,475455,0
2016-02-18,11.1,11.19,10.62,10.62,369439,0
2016-02-19,10.62,10.67,10.41,10.42,236658,0
2016-02-22,10.5,10.59,10.41,10.49,224263,0
2016-02-23,10.43,10.53,10.39,10.39,241295,0
2016-02-24,10.33,10.49,10.29,10.48,155661,0
2016-02-25,10.51,10.6,10.42,10.52,238129,0
2016-02-26,10.54,10.7,10.54,10.64,161247,0
2016-02-29,10.61,10.75,10.587,10.6,329553,0
2016-03-01,10.67,10.74,10.51,10.51,166051,0
2016-03-02,10.49,10.7,10.38,10.58,335832,0
2016-03-03,10.59,10.64,10.5,10.54,161962,0
2016-03-04,10.51,10.58,10.2876,10.47,169959,0
2016-03-07,10.42,10.56,10.35,10.49,325714,0
2016-03-08,10.42,10.52,10.37,10.5,283547,0
2016-03-09,10.5,10.5205,10.41,10.42,229227,0
2016-03-10,10.43,10.52,10.13,10.14,163771,0
2016-03-11,10.2,10.24,10.07,10.08,181397,0
2016-03-14,10.1,10.12,9.92,9.97,154884,0
2016-03-15,10.38,10.59,10,10.06,310255,0
2016-03-16,10.01,10.28,10,10.22,175401,0
2016-03-17,10.18,10.29,10.01,10.27,186768,0
2016-03-18,10.33,10.33,10.12,10.15,376991,0
2016-03-21,10.15,10.22,10.05,10.18,166076,0
2016-03-22,10.15,10.18,10.08,10.09,136913,0
2016-03-23,9.98,10.05,9.88,9.88,167039,0
2016-03-24,9.85,9.94,9.79,9.89,139177,0
2016-03-28,9.87,9.94,9.77,9.86,181524,0
2016-03-29,9.81,10.175,9.81,10.16,176031,0
2016-03-30,10.19,10.3,10.07,10.22,246832,0
2016-03-31,10.21,10.29,10.08,10.09,124228,0
2016-04-01,10.01,10.21,9.85,10.15,114243,0
2016-04-04,10.17,10.31,10.12,10.27,138664,0
2016-04-05,10.25,10.25,9.99,9.99,139519,0
2016-04-06,9.97,10.02,9.89,9.99,105167,0
2016-04-07,9.94,9.99,9.76,9.76,211965,0
2016-04-08,9.84,9.93,9.72,9.78,234399,0
2016-04-11,9.8,9.93,9.75,9.76,83776,0
2016-04-12,9.73,9.85,9.72,9.78,87889,0
2016-04-13,9.8,10.03,9.77,10.02,128500,0
2016-04-14,10.01,10.02,9.89,9.95,108333,0
2016-04-15,9.92,10.25,9.92,10.22,142642,0
2016-04-18,10.17,10.26,10.12,10.23,92886,0
2016-04-19,10.23,10.272,10.1908,10.25,69618,0
2016-04-20,10.21,10.25,10.14,10.18,95346,0
2016-04-21,10.12,10.17,10.01,10.04,67092,0
2016-04-22,10,10.11,9.96,10.03,94165,0
2016-04-25,9.97,10.08,9.85,10.02,75919,0
2016-04-26,10,10.11,9.84,10.03,137384,0
2016-04-27,9.44,10.13,9.3,10.09,216867,0
2016-04-28,10.13,10.49,10.12,10.3,240191,0
2016-04-29,10.31,10.31,10.12,10.18,169526,0
2016-05-02,10.25,10.28,10.18,10.25,173593,0
2016-05-03,10.12,10.26,10.12,10.22,147266,0
2016-05-04,10.15,10.4,10.13,10.33,165754,0
2016-05-05,10.38,10.38,10.23,10.24,109467,0
2016-05-06,10.19,10.27,10.14,10.22,166814,0
2016-05-09,10.17,10.28,10.15,10.19,118518,0
2016-05-10,10.17,10.38,10.17,10.35,164430,0
2016-05-11,10.28,10.36,10.17,10.19,99933,0
2016-05-12,10.19,10.26,10.07,10.22,107155,0
2016-05-13,10.21,10.36,10.15,10.2,166932,0
2016-05-16,10.13,10.37,10.13,10.22,191635,0
2016-05-17,10.16,10.21,9.77,9.82,188128,0
2016-05-18,9.8,10.23,9.8,10.22,203854,0
2016-05-19,10.18,10.19,9.995,10.17,198612,0
2016-05-20,10.17,10.35,10.17,10.35,142874,0
2016-05-23,10.31,10.34,10.26,10.28,339111,0
2016-05-24,10.28,10.43,10.23,10.39,389053,0
2016-05-25,10.38,10.55,10.38,10.45,165444,0
2016-05-26,10.42,10.58,10.38,10.56,138576,0
2016-05-27,10.58,10.58,10.42,10.57,117875,0
2016-05-31,10.6,10.63,10.5035,10.56,235136,0
2016-06-01,10.58,10.717,10.54,10.67,161160,0
2016-06-02,10.69,10.69,10.59,10.69,108637,0
2016-06-03,10.7,10.7,10.55,10.68,141715,0
2016-06-06,10.66,10.79,10.64,10.71,158220,0
2016-06-07,10.68,10.73,10.6132,10.63,48863,0
2016-06-08,10.57,10.79,10.52,10.75,72885,0
2016-06-09,10.65,10.71,10.54,10.65,101354,0
2016-06-10,10.53,10.66,10.53,10.61,134553,0
2016-06-13,10.53,10.76,10.51,10.55,189961,0
2016-06-14,10.55,10.63,10.51,10.59,102142,0
2016-06-15,10.57,10.6,10.51,10.55,94476,0
2016-06-16,10.46,10.62,10.37,10.57,122343,0
2016-06-17,10.57,10.695,10.455,10.54,364429,0
2016-06-20,10.57,10.74,10.54,10.59,73300,0
2016-06-21,10.57,10.75,10.53,10.72,125961,0
2016-06-22,10.79,10.8,10.55,10.55,127910,0
2016-06-23,10.63,10.83,10.61,10.8,140658,0
2016-06-24,10.48,10.64,10.36,10.47,462934,0
2016-06-27,10.4,10.52,10,10,172851,0
2016-06-28,9.99,10.07,9.95,10,146288,0
2016-06-29,10.11,10.16,10.07,10.13,92195,0
2016-06-30,10.09,10.41,10.09,10.41,108610,0
2016-07-01,10.36,10.5,10.35,10.43,74779,0
2016-07-05,10.3,10.46,10.24,10.39,75283,0
2016-07-06,10.33,10.53,10.33,10.49,96251,0
2016-07-07,10.48,10.54,10.36,10.44,76901,0
2016-07-08,10.4,10.65,10.37,10.56,171491,0
2016-07-11,10.52,10.78,10.51,10.76,58090,0
2016-07-12,10.68,10.89,10.68,10.78,141633,0
2016-07-13,10.73,10.9,10.73,10.86,71574,0
2016-07-14,10.86,10.96,10.83,10.83,60527,0
2016-07-15,10.89,10.89,10.79,10.86,82065,0
2016-07-18,10.89,10.9,10.7,10.76,165460,0
2016-07-19,10.92,11.01,10.82,10.94,130881,0
2016-07-20,11.01,11.05,10.94,10.99,108304,0
2016-07-21,10.92,10.98,10.81,10.81,94854,0
2016-07-22,10.84,11,10.76,10.97,76878,0
2016-07-25,10.87,11,10.87,10.9,72453,0
2016-07-26,10.86,11,10.78,10.98,168599,0
2016-07-27,10.93,11,10.87,10.99,73846,0
2016-07-28,11.03,11.03,10.85,10.97,64674,0
2016-07-29,10.96,10.99,10.78,10.81,100094,0
2016-08-01,10.86,11.06,10.76,10.9,187055,0
2016-08-02,10.85,10.99,10.8,10.84,118061,0
2016-08-03,10.81,11.06,10.78,11.01,137360,0
2016-08-04,10.99,11.185,10.99,11.05,67015,0
2016-08-05,11.06,11.3,11.06,11.26,96567,0
2016-08-08,11.15,11.21,10.98,11.01,127801,0
2016-08-09,11.04,11.18,11.0194,11.05,122139,0
2016-08-10,11.08,11.16,11.02,11.15,113300,0
2016-08-11,11.22,11.325,11.17,11.31,113431,0
2016-08-12,11.26,11.36,11.25,11.35,98507,0
2016-08-15,11.27,11.4,11.27,11.4,85121,0
2016-08-16,11.31,11.47,11.31,11.33,77161,0
2016-08-17,11.25,11.36,11.23,11.31,118388,0
2016-08-18,11.31,11.55,11.31,11.46,127238,0
2016-08-19,11.49,11.66,11.42,11.63,144517,0
2016-08-22,11.64,11.71,11.51,11.62,95881,0
2016-08-23,11.61,11.7,11.6,11.61,87712,0
2016-08-24,11.6,11.65,11.58,11.6,200779,0
2016-08-25,11.53,11.65,11.53,11.61,133090,0
2016-08-26,11.58,11.66,11.42,11.43,94815,0
2016-08-29,11.44,11.4875,11.28,11.3,222002,0
2016-08-30,11.24,11.46,11.24,11.36,148490,0
2016-08-31,11.31,11.37,11.21,11.31,134656,0
2016-09-01,11.25,11.32,11.17,11.23,83871,0
2016-09-02,11.25,11.32,11.15,11.23,75177,0
2016-09-06,11.2,11.28,11.1692,11.24,76763,0
2016-09-07,11.13,11.71,11.13,11.69,205710,0
2016-09-08,11.77,11.82,11.64,11.71,164496,0
2016-09-09,11.51,11.56,11.31,11.32,143294,0
2016-09-12,11.35,11.41,11.22,11.41,104967,0
2016-09-13,11.36,11.36,11.03,11.13,192244,0
2016-09-14,11.09,11.13,10.98,10.99,154292,0
2016-09-15,10.96,11.08,10.92,11.08,200626,0
2016-09-16,11.11,11.42,10.96,11.01,399997,0
2016-09-19,11.12,11.1499,11,11.02,107950,0
2016-09-20,11.04,11.18,11.04,11.11,95328,0
2016-09-21,11.18,11.18,11.005,11.15,68103,0
2016-09-22,11.18,11.41,11.12,11.41,137323,0
2016-09-23,11.39,11.39,11.21,11.31,91623,0
2016-09-26,11.19,11.3,11.15,11.18,73005,0
2016-09-27,11.21,11.21,11.08,11.1,163562,0
2016-09-28,11.09,11.18,11.07,11.16,200920,0
2016-09-29,11.14,11.22,11.04,11.06,89041,0
2016-09-30,11.12,11.29,11.07,11.19,225198,0
2016-10-03,11.19,11.24,11.1,11.19,87148,0
2016-10-04,11.22,11.23,11.1,11.21,86893,0
2016-10-05,11.23,11.3,11.08,11.24,70173,0
2016-10-06,11.17,11.22,11.0701,11.16,124195,0
2016-10-07,11.17,11.17,11.01,11.05,79217,0
2016-10-10,11.06,11.2,11.06,11.07,106025,0
2016-10-11,11.05,11.08,10.873,10.98,183548,0
2016-10-12,11.02,11.22,11.01,11.2,55566,0
2016-10-13,11.15,11.19,11.06,11.13,70073,0
2016-10-14,11.2,11.29,11.2,11.27,94167,0
2016-10-17,11.2,11.3,11,11.1,98103,0
2016-10-18,11.15,11.15,11.05,11.1,108168,0
2016-10-19,11.15,11.2,11.05,11.1,70601,0
2016-10-20,11.05,11.15,10.95,11.15,119303,0
2016-10-21,11,11.1,10.95,11.05,123428,0
2016-10-24,11.15,11.25,10.95,11.15,83867,0
2016-10-25,11.1,11.2,11.05,11.15,84504,0
2016-10-26,11.1,11.2,10.95,11,52257,0
2016-10-27,11.1,11.1,10.9,10.95,79717,0
2016-10-28,11,11.05,11,11,109237,0
2016-10-31,11.05,11.15,11,11.05,162668,0
2016-11-01,11.2,11.8,11.15,11.7,161700,0
2016-11-02,11.55,11.55,11,11.15,177873,0
2016-11-03,11.05,11.2,10.85,10.9,212060,0
2016-11-04,11,11.1,10.85,10.9,134172,0
2016-11-07,11.05,11.175,10.95,11.1,163896,0
2016-11-08,11.05,11.05,10.8,10.85,128107,0
2016-11-09,10.8,11.3,10.725,11.3,195665,0
2016-11-10,11.25,11.45,11,11.35,417572,0
2016-11-11,11.25,12.2,11.2,11.75,454116,0
2016-11-14,11.95,12.09,11.6,11.85,219523,0
2016-11-15,11.7,12,11.6,11.9,241605,0
2016-11-16,11.9,12.15,11.8,12.15,219589,0
2016-11-17,12.2,12.3,12,12.1,119501,0
2016-11-18,12.1,12.3,11.85,12.25,172950,0
2016-11-21,12.35,12.4,12.15,12.3,101861,0
2016-11-22,12.2,12.5,12.2,12.45,124683,0
2016-11-23,12.3,12.55,12.3,12.5,94139,0
2016-11-25,12.55,12.55,12.4,12.5,45188,0
2016-11-28,12.3,12.65,12.2,12.4,80621,0
2016-11-29,12.5,12.7,12.4,12.6,202492,0
2016-11-30,12.5,12.75,12.325,12.4,155526,0
2016-12-01,12.5,12.65,12.2,12.3,132748,0
2016-12-02,12.4,12.5,12.3,12.45,264380,0
2016-12-05,12.55,12.9,12.55,12.9,100816,0
2016-12-06,12.8,13.1,12.65,12.95,108026,0
2016-12-07,12.8,13.225,12.8,13.05,115817,0
2016-12-08,13.1,13.45,12.95,13.3,156596,0
2016-12-09,13.4,13.6,13.3,13.4,124781,0
2016-12-12,13.35,13.7,13.25,13.7,120128,0
2016-12-13,13.75,13.8,13.45,13.45,164780,0
2016-12-14,13.5,13.65,13.4,13.5,91197,0
2016-12-15,13.6,13.9,13.4,13.6,190223,0
2016-12-16,13.65,13.9,13.6,13.7,308212,0
2016-12-19,13.7,13.8,13.4718,13.65,128004,0
2016-12-20,13.7,14.05,13.65,14.05,220868,0
2016-12-21,13.95,13.975,13.65,13.75,71252,0
2016-12-22,13.8,13.85,13.575,13.75,68410,0
2016-12-23,13.75,13.8,13.65,13.8,64847,0
2016-12-27,13.85,13.85,13.75,13.8,38232,0
2016-12-28,13.75,13.85,13.55,13.7,68827,0
2016-12-29,13.8,13.95,13.625,13.75,82825,0
2016-12-30,13.75,13.8145,13.55,13.7,87874,0
2017-01-03,13.6,13.775,13.45,13.75,138931,0
2017-01-04,13.85,14.05,13.7,13.9,197128,0
2017-01-05,13.9,13.9,13.4,13.6,138474,0
2017-01-06,13.7,13.7,13.45,13.55,67474,0
2017-01-09,13.55,13.6,13.325,13.4,75550,0
2017-01-10,13.45,13.6,13.25,13.35,125771,0
2017-01-11,13.4,13.5,13.25,13.4,132010,0
2017-01-12,13.4,13.425,13.05,13.2,191057,0
2017-01-13,13.3,13.5,13.3,13.4,62296,0
2017-01-17,13.35,13.4,13.15,13.15,94549,0
2017-01-18,13.2,13.25,13,13.1,85808,0
2017-01-19,13.05,13.15,12.95,13,102819,0
2017-01-20,13,13.15,12.95,13,184395,0
2017-01-23,12.9,13,12.85,12.95,84728,0
2017-01-24,12.9,13.15,12.9,13.1,81469,0
2017-01-25,13.15,13.3,13,13.2,62047,0
2017-01-26,13.2,13.3,12.95,13.2,73738,0
2017-01-27,13.1,13.2,13,13,51698,0
2017-01-30,12.9,13.05,12.8,13,133006,0
2017-01-31,12.85,13.1,12.85,13.1,176620,0
2017-02-01,13.05,13.2,12.775,12.85,539375,0
2017-02-02,12.9,13,12.7,12.75,105416,0
2017-02-03,12.85,13.1,12.75,12.95,110858,0
2017-02-06,12.9,13,12.85,12.95,183544,0
2017-02-07,13,13.05,12.95,12.95,187270,0
2017-02-08,12.85,13,12.75,12.85,121627,0
2017-02-09,12.85,13.05,12.85,12.95,156290,0
2017-02-10,13.05,13.2,12.95,13.2,80372,0
2017-02-13,13.25,13.25,13,13.1,132409,0
2017-02-14,13.15,13.3,13.1,13.25,204466,0
2017-02-15,13.15,13.4,13,13.3,199701,0
2017-02-16,13.25,13.6,13,13.35,229909,0
2017-02-17,13.45,13.75,13.4,13.55,337239,0
2017-02-21,13.45,13.7,13.439,13.6,318668,0
2017-02-22,13.6,13.65,13.5,13.5,148758,0
2017-02-23,13.55,13.6,13.375,13.45,96813,0
2017-02-24,13.4,13.45,13.2,13.45,152821,0
2017-02-27,13.35,13.5,13.35,13.45,98372,0
2017-02-28,13.35,13.45,13.05,13.3,342230,0
2017-03-01,13.35,13.65,13.35,13.65,193346,0
2017-03-02,13.55,13.7,13.45,13.55,107548,0
2017-03-03,13.55,13.65,13.45,13.65,160533,0
2017-03-06,13.55,13.65,13.45,13.65,123533,0
2017-03-07,13.25,13.725,13,13.65,196808,0
2017-03-08,13.8,13.85,13.55,13.6,162341,0
2017-03-09,13.65,13.75,13.55,13.6,182443,0
2017-03-10,13.65,14,13.6,13.9,233304,0
2017-03-13,13.85,14.2,13.85,14,160632,0
2017-03-14,13.9,14.075,13.85,14,156068,0
2017-03-15,14.1,14.25,13.9,14.05,189250,0
2017-03-16,14.1,14.255,14.05,14.15,117853,0
2017-03-17,14.15,14.25,14.05,14.1,202659,0
2017-03-20,14.05,14.15,13.9,13.95,113789,0
2017-03-21,14.05,14.1,13.9,14,301516,0
2017-03-22,13.9,14.05,13.85,13.85,178460,0
2017-03-23,13.85,13.95,13.7,13.7,205298,0
2017-03-24,13.7,13.85,13.7,13.75,133787,0
2017-03-27,13.65,13.75,13.55,13.6,226297,0
2017-03-28,13.5,13.75,13.4,13.7,167111,0
2017-03-29,13.65,13.65,13.5,13.55,107076,0
2017-03-30,13.6,13.6,13.45,13.5,146117,0
2017-03-31,13.45,13.6,13.45,13.55,407256,0
2017-04-03,13.6,13.85,13.45,13.8,284596,0
2017-04-04,13.85,14.05,13.725,14,215940,0
2017-04-05,14.05,14.1,13.9,14,307129,0
2017-04-06,13.95,14.05,13.9,14,328476,0
2017-04-07,14,14.15,13.95,14.05,149731,0
2017-04-10,14.1,14.2,13.9,14,205556,0
2017-04-11,14,14.1,13.9,14.1,140791,0
2017-04-12,14.1,14.1,13.95,14,193951,0
2017-04-13,14,14.1,13.95,13.95,110440,0
2017-04-17,13.75,14.15,13.75,14.1,119520,0
2017-04-18,14.05,14.2,14.05,14.15,93524,0
2017-04-19,14.2,14.5,14.15,14.45,191188,0
2017-04-20,14.45,14.75,14.4,14.75,139740,0
2017-04-21,14.75,14.75,14.5,14.65,283370,0
2017-04-24,14.75,15,14.75,14.9,236712,0
2017-04-25,15,15.15,14.975,15,131032,0
2017-04-26,14.85,15.35,14.8,15.2,177878,0
2017-04-27,15.35,15.75,15.35,15.7,154060,0
2017-04-28,15.75,15.85,15.45,15.75,224698,0
2017-05-01,15.8,15.9,15.6,15.7,182336,0
2017-05-02,15.65,15.75,15.5,15.6,180845,0
2017-05-03,15.55,15.6,15.25,15.5,246736,0
2017-05-04,15.55,15.6502,15.45,15.6,173894,0
2017-05-05,15.7,15.8,15.55,15.65,223882,0
2017-05-08,15.65,15.7,15.425,15.5,100898,0
2017-05-09,15.45,15.5,15.3,15.45,121097,0
2017-05-10,15.45,15.55,15.25,15.55,144049,0
2017-05-11,15.35,15.45,15.2,15.25,192510,0
2017-05-12,15.25,15.4,15.1,15.25,100097,0
2017-05-15,15.1,15.35,14.95,15.25,216175,0
2017-05-16,15.25,15.55,15.1,15.55,235567,0
2017-05-17,15.35,15.4,15.05,15.05,258999,0
2017-05-18,15,15.3,14.7,15,334311,0
2017-05-19,15,15.1,14.8,15,213330,0
2017-05-22,14.95,15.1,14.95,15.1,161845,0
2017-05-23,15.15,15.15,14.95,15.1,120428,0
2017-05-24,15.1,15.2,14.9,14.95,182673,0
2017-05-25,15,15.2,14.95,15,237700,0
2017-05-26,15,15.1,14.95,15,124918,0
2017-05-30,14.9,15.05,14.85,15,79852,0
2017-05-31,15,15.1,14.925,15.1,150758,0
2017-06-01,15.1,15.1,14.95,15.05,175718,0
2017-06-02,15.05,15.4,15.05,15.2,246346,0
2017-06-05,15.2,15.3,14.95,14.95,82469,0
2017-06-06,14.85,15,14.75,14.95,189468,0
2017-06-07,15.05,15.15,14.875,15,216019,0
2017-06-08,14.95,15.1,14.9,15,242796,0
2017-06-09,15.1,15.45,14.95,15.45,211245,0
2017-06-12,15.4,15.65,15.2,15.25,207993,0
2017-06-13,15.3,15.4,15.2,15.25,96109,0
2017-06-14,15.25,15.4,15.175,15.35,100001,0
2017-06-15,15.2,15.4,15.1,15.25,127883,0
2017-06-16,15.05,15.3,14.95,15.15,308075,0
2017-06-19,15.15,15.35,15.15,15.2,111516,0
2017-06-20,15.2,15.3,15.05,15.1,182412,0
2017-06-21,15.05,15.2,14.995,15.05,102754,0
2017-06-22,15.1,15.25,14.95,15.1,175578,0
2017-06-23,15.1,15.25,15,15.1,380278,0
2017-06-26,15.1,15.3,15.075,15.15,112680,0
2017-06-27,15.15,15.35,15.05,15.1,199351,0
2017-06-28,15.2,15.3,15.075,15.15,136123,0
2017-06-29,15.2,15.25,15,15.15,172218,0
2017-06-30,15.15,15.15,14.95,15,146197,0
2017-07-03,15.05,15.15,15,15.15,44274,0
2017-07-05,15.1,15.15,14.95,15.1,164500,0
2017-07-06,15.1,15.1,14.9,14.9,205760,0
2017-07-07,14.9,15.05,14.9,14.95,134922,0
2017-07-10,14.95,15.05,14.775,14.8,212748,0
2017-07-11,14.85,15,14.65,14.9,207442,0
2017-07-12,14.9,15.2,14.9,15.1,260724,0
2017-07-13,15.1,15.375,15.025,15.35,245969,0
2017-07-14,15.25,15.45,15.2,15.45,152880,0
2017-07-17,15.4,15.55,15.2,15.5,169514,0
2017-07-18,15.25,15.6,15.15,15.35,211742,0
2017-07-19,15.35,15.55,15.275,15.35,213532,0
2017-07-20,15.35,15.4,15.25,15.25,133906,0
2017-07-21,15.3,15.35,15.15,15.15,153129,0
2017-07-24,15.1,15.2,14.975,15,108782,0
2017-07-25,15.05,15.2,14.9,14.95,293703,0
2017-07-26,14.95,15.05,14.9,14.9,166170,0
2017-07-27,14.9,15,14.85,14.9,192089,0
2017-07-28,14.85,15,14.85,14.9,360528,0
2017-07-31,15,15.05,14.85,14.85,262767,0
2017-08-01,14.85,15.05,14.825,15,314004,0
2017-08-02,15,15,14.7,14.75,121461,0
2017-08-03,14.7,15,14.25,14.95,130748,0
2017-08-04,14.95,14.95,14.65,14.85,104892,0
2017-08-07,14.85,14.925,14.575,14.7,148431,0
2017-08-08,14.75,14.8,14.475,14.6,231879,0
2017-08-09,14.55,14.55,14.3,14.45,220340,0
2017-08-10,14.4,14.5,14.15,14.45,264892,0
2017-08-11,14.3,14.6,14.05,14.5,296224,0
2017-08-14,14.65,14.9,14.55,14.85,170485,0
2017-08-15,14.85,14.9,14.65,14.8,173278,0
2017-08-16,14.8,15.125,14.75,14.9,186152,0
2017-08-17,14.85,15,14.75,14.75,205966,0
2017-08-18,14.65,14.8,14.55,14.55,259672,0
2017-08-21,14.55,14.85,14.55,14.85,138866,0
2017-08-22,14.9,15,14.65,14.7,112345,0
2017-08-23,14.65,14.95,14.65,14.95,117934,0
2017-08-24,14.9,14.95,14.75,14.8,111744,0
2017-08-25,14.85,14.95,14.6,14.7,149047,0
2017-08-28,14.7,14.9,14.6,14.65,130116,0
2017-08-29,14.55,14.75,14.45,14.65,108876,0
2017-08-30,14.7,14.75,14.625,14.65,120639,0
2017-08-31,14.7,15.25,14.7,15.15,505178,0
2017-09-01,15,15.25,14.975,15.15,159286,0
2017-09-05,15.1,15.345,15.05,15.05,454719,0
2017-09-06,15.05,15.2,14.775,14.85,157496,0
2017-09-07,14.95,15,14.725,14.85,118118,0
2017-09-08,14.85,14.9,14.7,14.8,148931,0
2017-09-11,14.95,15.05,14.85,14.95,205198,0
2017-09-12,15,15.3,14.9998,15.15,152220,0
2017-09-13,15.05,15.225,15.05,15.05,122998,0
2017-09-14,15.1,15.1,14.95,15.05,115797,0
2017-09-15,15.1,15.15,14.95,15.15,342510,0
2017-09-18,15.15,15.3,15.05,15.3,89637,0
2017-09-19,15.25,15.4,15.15,15.25,133847,0
2017-09-20,15.25,15.625,15.25,15.3,226908,0
2017-09-21,15.25,15.7,15.25,15.65,193480,0
2017-09-22,15.65,16.1,15.6,16,243812,0
2017-09-25,16.1,16.2,15.9,15.95,92432,0
2017-09-26,16,16,15.775,15.95,103291,0
2017-09-27,16,16.5,15.95,16.5,201597,0
2017-09-28,16.4,16.45,16.05,16.4,180660,0
2017-09-29,16.35,16.45,16.125,16.25,175859,0
2017-10-02,16.35,16.65,16.25,16.65,188549,0
2017-10-03,16.55,16.7,16.4,16.45,208601,0
2017-10-04,16.55,16.75,16.45,16.6,217647,0
2017-10-05,16.65,16.8,16.6,16.6,268981,0
2017-10-06,16.55,16.65,16.2,16.55,246242,0
2017-10-09,16.45,16.75,16.45,16.7,98301,0
2017-10-10,16.75,16.9,16.55,16.8,122058,0
2017-10-11,16.75,16.9,16.7,16.85,101189,0
2017-10-12,16.85,16.95,16.8,16.8,79805,0
2017-10-13,16.85,17,16.75,16.85,91310,0
2017-10-16,16.9,16.95,16.675,16.95,131577,0
2017-10-17,16.95,16.95,16.725,16.8,124520,0
2017-10-18,16.85,17.05,16.7,16.85,95907,0
2017-10-19,16.85,16.95,16.7,16.9,95690,0
2017-10-20,17.05,17.05,16.75,16.8,121530,0
2017-10-23,16.9,17.1,16.75,16.95,149488,0
2017-10-24,16.9,17.1,16.825,16.95,134357,0
2017-10-25,16.9,17.075,16.85,16.95,63501,0
2017-10-26,17,17.2,16.95,17,74108,0
2017-10-27,17,17.25,16.95,17.25,119999,0
2017-10-30,17.15,17.25,16.75,16.75,139062,0
2017-10-31,16.85,17.1,16.7,16.95,219667,0
2017-11-01,17.05,17.05,16.7,16.8,64869,0
2017-11-02,16.2,16.45,15.7,15.95,232403,0
2017-11-03,15.95,15.95,14.75,14.95,307707,0
2017-11-06,15.1,15.175,15.1,15.1,196799,0
2017-11-07,15.15,15.15,14.95,15.1,175252,0
2017-11-08,15,15.2,14.95,15.1,131427,0
2017-11-09,15.05,15.2,14.95,15.15,128777,0
2017-11-10,15.05,15.25,14.95,15.1,115176,0
