2016-01-04,6.5596,6.5784,6.3254,6.3722,491846,0
2016-01-05,6.3815,6.5784,6.3533,6.5689,409036,0
2016-01-06,6.5127,6.6252,6.5127,6.6158,302199,0
2016-01-07,6.5221,6.5314,6.4189,6.4377,271135,0
2016-01-08,6.494,6.5221,6.3392,6.3441,515232,0
2016-01-11,6.3628,6.4285,6.3064,6.3908,329765,0
2016-01-12,6.447,6.4659,6.2783,6.3254,378595,0
2016-01-13,6.3348,6.4635,6.2691,6.3348,619352,0
2016-01-14,6.3628,6.4659,6.3348,6.3533,456597,0
2016-01-15,6.2034,6.3064,6.1848,6.2691,587867,0
2016-01-19,6.3254,6.4189,6.2597,6.3159,297520,0
2016-01-20,6.2223,6.3416,6.0629,6.2503,437794,0
2016-01-21,6.2784,6.3159,6.1472,6.194,388565,0
2016-01-22,6.2223,6.4659,6.2223,6.4377,796864,0
2016-01-25,6.4285,6.494,6.3348,6.3722,413747,0
2016-01-26,6.4189,6.5643,6.3815,6.5221,366901,0
2016-01-27,6.5127,6.5127,6.3254,6.3722,485096,0
2016-01-28,6.4097,6.4659,6.3533,6.3815,175325,0
2016-01-29,6.4003,6.6344,6.3628,6.6158,631929,0
2016-02-01,6.5784,6.7096,6.5408,6.6908,292245,0
2016-02-02,6.6344,6.7096,6.5596,6.6815,252291,0
2016-02-03,6.719,6.7563,6.6531,6.6815,266402,0
2016-02-04,6.6721,6.7563,6.6344,6.6721,188450,0
2016-02-05,6.6531,6.6721,6.5127,6.5408,425635,0
2016-02-08,6.4659,6.5034,6.3064,6.4565,315748,0
2016-02-09,6.3908,6.4846,6.2878,6.4097,519801,0
2016-02-10,6.4286,6.6078,6.4286,6.5135,386983,0
2016-02-11,6.3813,6.4473,6.3436,6.3907,250613,0
2016-02-12,6.4473,6.5324,6.3436,6.3907,229730,0
2016-02-16,6.4569,6.5606,6.4569,6.5324,193563,0
2016-02-17,6.5418,6.5795,6.3342,6.4852,626290,0
2016-02-18,6.4569,6.5701,6.3813,6.5606,250961,0
2016-02-19,6.5606,6.7778,6.4286,6.7117,2006567,0
2016-02-22,6.8062,6.9099,6.7683,6.7683,489351,0
2016-02-23,6.7307,6.8533,6.6362,6.6362,404853,0
2016-02-24,6.5701,6.6643,6.4757,6.6268,440298,0
2016-02-25,6.655,6.7307,6.6362,6.7117,251742,0
2016-02-26,6.7023,6.7495,6.5418,6.5418,268993,0
2016-02-29,6.5512,6.6078,6.4286,6.4473,386057,0
2016-03-01,6.4757,6.5985,6.4757,6.5795,332207,0
2016-03-02,6.5512,6.6834,6.5418,6.6739,204126,0
2016-03-03,6.6834,6.74,6.6362,6.7023,220471,0
2016-03-04,6.7117,6.7495,6.6362,6.6457,178175,0
2016-03-07,6.6268,6.6834,6.6078,6.6834,210009,0
2016-03-08,6.6457,6.7023,6.5229,6.5701,245187,0
2016-03-09,6.5891,6.6928,6.5607,6.5985,289633,0
2016-03-10,6.5985,6.6928,6.5324,6.5985,182504,0
2016-03-11,6.6362,6.74,6.6174,6.7307,335757,0
2016-03-14,6.7023,6.74,6.6078,6.6268,129616,0
2016-03-15,6.5701,6.6268,6.556,6.5701,119147,0
2016-03-16,6.5701,6.6834,6.5418,6.6834,171395,0
2016-03-17,6.6643,6.8345,6.6457,6.8155,227037,0
2016-03-18,6.8627,6.8627,6.7212,6.74,591838,0
2016-03-21,6.7117,6.8345,6.6362,6.655,322787,0
2016-03-22,6.6362,6.825,6.5985,6.655,283174,0
2016-03-23,6.655,6.6739,6.5701,6.5891,369513,0
2016-03-24,6.5606,6.5701,6.4804,6.5135,388526,0
2016-03-28,6.5229,6.5985,6.504,6.5795,209481,0
2016-03-29,6.5512,6.8062,6.5512,6.7683,599388,0
2016-03-30,6.7872,6.8722,6.7683,6.825,288576,0
2016-03-31,6.8155,6.8627,6.7872,6.825,180280,0
2016-04-01,6.7589,6.8533,6.7267,6.8345,204500,0
2016-04-04,6.825,6.8627,6.7495,6.7589,176108,0
2016-04-05,6.7023,6.7589,6.6268,6.74,257419,0
2016-04-06,6.7307,6.7589,6.6834,6.74,198725,0
2016-04-07,6.6928,6.7683,6.6078,6.6362,331743,0
2016-04-08,6.6643,6.7307,6.6314,6.6643,169693,0
2016-04-11,6.6928,6.7683,6.6174,6.6268,193487,0
2016-04-12,6.6174,6.7495,6.6174,6.6834,159898,0
2016-04-13,6.6928,6.7212,6.6362,6.7023,212911,0
2016-04-14,6.7117,6.7117,6.5795,6.5891,176687,0
2016-04-15,6.5606,6.6643,6.5512,6.6078,136302,0
2016-04-18,6.5795,6.6643,6.5701,6.6457,115170,0
2016-04-19,6.6174,6.6739,6.5985,6.6078,116053,0
2016-04-20,6.6174,6.6174,6.4946,6.4946,170138,0
2016-04-21,6.5135,6.5489,6.4286,6.4473,285436,0
2016-04-22,6.4663,6.5229,6.4286,6.4757,177205,0
2016-04-25,6.4569,6.5512,6.4286,6.5324,114064,0
2016-04-26,6.5324,6.6268,6.4946,6.5985,192198,0
2016-04-27,6.5701,6.6174,6.5229,6.5891,109317,0
2016-04-28,6.5418,6.7212,6.5418,6.6739,221366,0
2016-04-29,6.6739,6.6834,6.4569,6.5324,281481,0
2016-05-02,6.5324,6.655,6.5324,6.6174,174389,0
2016-05-03,6.5985,6.7117,6.5512,6.655,160596,0
2016-05-04,6.6174,6.7731,6.5985,6.74,235886,0
2016-05-05,6.7023,6.74,6.6268,6.6928,115291,0
2016-05-06,6.6264,6.7118,6.4173,6.5501,292236,0
2016-05-09,6.5501,6.6264,6.5122,6.5978,141226,0
2016-05-10,6.8925,6.94,6.7404,6.807,221050,0
2016-05-11,6.807,6.807,6.5598,6.5692,166799,0
2016-05-12,6.5884,6.6501,6.5312,6.6168,199058,0
2016-05-13,6.6072,6.7784,6.5312,6.731,423832,0
2016-05-16,6.7118,6.8734,6.7118,6.8354,261012,0
2016-05-17,6.8164,6.8164,6.4361,6.5027,349176,0
2016-05-18,6.4646,6.5598,6.3744,6.4361,199801,0
2016-05-19,6.4742,6.4742,6.303,6.3505,230252,0
2016-05-20,6.3885,6.5312,6.3127,6.3982,422468,0
2016-05-23,6.3885,6.4646,6.3648,6.3885,193116,0
2016-05-24,6.4361,6.6738,6.4361,6.6168,361408,0
2016-05-25,6.5884,6.6264,6.4361,6.4552,432529,0
2016-05-26,6.4173,6.5501,6.4173,6.5217,278209,0
2016-05-27,6.5312,6.5884,6.4742,6.5407,300256,0
2016-05-31,6.5501,6.5501,6.4173,6.4552,1208502,0
2016-06-01,6.4361,6.5501,6.4173,6.5407,198506,0
2016-06-02,6.5217,6.6072,6.4837,6.5884,160282,0
2016-06-03,6.6547,6.6833,6.5884,6.6358,129646,0
2016-06-06,6.6358,6.6928,6.5217,6.5788,186298,0
2016-06-07,6.5788,6.6928,6.5788,6.6168,100715,0
2016-06-08,6.5978,6.8259,6.5978,6.807,147587,0
2016-06-09,6.7688,6.8164,6.7118,6.731,130688,0
2016-06-10,6.7118,6.7404,6.6597,6.7214,120866,0
2016-06-13,6.7214,6.8259,6.7024,6.8164,176584,0
2016-06-14,6.7974,6.864,6.7594,6.864,184822,0
2016-06-15,6.8354,6.9115,6.7974,6.7974,259036,0
2016-06-16,6.731,6.864,6.6928,6.8354,212638,0
2016-06-17,6.8259,6.8925,6.7688,6.8164,580511,0
2016-06-20,6.8545,6.9496,6.7688,6.7784,199381,0
2016-06-21,6.8164,6.845,6.7499,6.7688,190686,0
2016-06-22,6.7784,6.8164,6.7118,6.7499,228145,0
2016-06-23,6.7404,6.8164,6.7404,6.7879,171992,0
2016-06-24,6.6358,6.807,6.5692,6.6738,466274,0
2016-06-27,6.6168,6.7688,6.6168,6.7214,268623,0
2016-06-28,6.6264,6.845,6.5312,6.8354,425960,0
2016-06-29,6.8829,6.9542,6.8734,6.9496,227947,0
2016-06-30,6.959,7.073,6.902,7.0636,318150,0
2016-07-01,7.0921,7.1111,6.9542,6.9876,152473,0
2016-07-05,6.9876,7.0826,6.9779,7.0636,224002,0
2016-07-06,7.0446,7.0446,6.921,7.0255,461935,0
2016-07-07,6.9971,7.0161,6.9115,6.9971,366336,0
2016-07-08,7.0446,7.2537,7.0303,7.2347,410218,0
2016-07-11,7.2441,7.3441,7.1777,7.3393,196112,0
2016-07-12,7.3108,7.3536,7.2062,7.3108,223664,0
2016-07-13,7.3679,7.3867,7.2823,7.3582,213741,0
2016-07-14,7.3298,7.4154,7.3108,7.3393,208174,0
2016-07-15,7.3773,7.5103,7.3393,7.5009,262633,0
2016-07-18,7.539,7.5866,7.482,7.539,170696,0
2016-07-19,7.5674,7.595,7.482,7.5485,124904,0
2016-07-20,7.5674,7.6054,7.5295,7.5485,144633,0
2016-07-21,7.5198,7.5771,7.4344,7.558,179042,0
2016-07-22,7.5295,7.634,7.4534,7.5674,164748,0
2016-07-25,7.5674,7.6149,7.5198,7.5866,119484,0
2016-07-26,7.6054,7.6436,7.5771,7.634,160180,0
2016-07-27,7.3963,7.558,7.3488,7.539,2917539,0
2016-07-28,7.5103,7.5866,7.4249,7.5771,728805,0
2016-07-29,7.5771,7.6816,7.5058,7.6436,783498,0
2016-08-01,7.6244,7.6625,7.5674,7.6244,323984,0
2016-08-02,7.6149,7.6149,7.4154,7.4249,348895,0
2016-08-03,7.3963,7.4249,7.2062,7.3012,608086,0
2016-08-04,7.2917,7.3963,7.1683,7.1777,335062,0
2016-08-05,7.5295,7.558,7.0066,7.2823,613663,0
2016-08-08,7.3108,7.3393,7.2062,7.2347,319909,0
2016-08-09,7.2634,7.2728,7.1111,7.2347,434971,0
2016-08-10,7.2252,7.2538,7.139,7.2347,229529,0
2016-08-11,7.2156,7.2442,7.0529,7.1678,476090,0
2016-08-12,7.1868,7.3016,7.1678,7.1963,178793,0
2016-08-15,7.1868,7.2556,7.1295,7.1582,281634,0
2016-08-16,7.12,7.1486,6.9667,7.0146,211603,0
2016-08-17,7.0338,7.072,6.8614,6.9764,338745,0
2016-08-18,6.9667,7.0338,6.9188,7.0051,560402,0
2016-08-19,6.9956,7.0098,6.8903,6.9764,349376,0
2016-08-22,6.9956,7.1007,6.9381,7.0911,355432,0
2016-08-23,7.139,7.206,7.0624,7.1295,779264,0
2016-08-24,7.1104,7.2156,7.0434,7.2156,788629,0
2016-08-25,7.1773,7.3209,7.1773,7.2826,643728,0
2016-08-26,7.2731,7.3878,7.0911,7.1678,548532,0
2016-08-29,7.1963,7.2635,7.1582,7.2156,243831,0
2016-08-30,7.1963,7.206,7.12,7.1963,192373,0
2016-08-31,7.1868,7.2921,7.12,7.2442,371654,0
2016-09-01,7.2252,7.2731,7.1486,7.2252,278404,0
2016-09-02,7.2635,7.4069,7.2442,7.3113,164530,0
2016-09-06,7.3591,7.627,7.2826,7.5985,747028,0
2016-09-07,7.6175,7.6366,7.4836,7.5985,573951,0
2016-09-08,7.541,7.5935,7.4549,7.5122,599108,0
2016-09-09,7.3878,7.4164,7.1773,7.2252,582172,0
2016-09-12,7.1868,7.2442,7.0624,7.1486,903780,0
2016-09-13,7.1007,7.1104,6.8807,6.9381,330504,0
2016-09-14,6.9667,7.0146,6.8101,6.8424,624817,0
2016-09-15,6.8424,6.8807,6.7466,6.8614,433474,0
2016-09-16,6.8041,6.9476,6.7945,6.8903,669181,0
2016-09-19,6.8903,6.9188,6.8137,6.8807,254150,0
2016-09-20,6.9381,6.9381,6.8137,6.8233,240250,0
2016-09-21,6.8614,6.9667,6.7084,6.9572,343285,0
2016-09-22,7.0051,7.1868,6.9956,7.1773,361003,0
2016-09-23,7.1104,7.2156,7.0146,7.1963,254566,0
2016-09-26,7.1582,7.2347,7.1295,7.1868,203461,0
2016-09-27,7.1104,7.1582,6.9811,7.0242,384283,0
2016-09-28,7.0529,7.1295,6.9956,7.1295,194178,0
2016-09-29,7.0624,7.1007,6.9284,6.986,240574,0
2016-09-30,7.0338,7.0338,6.8424,6.8903,451893,0
2016-10-03,6.8519,6.8614,6.737,6.8233,275929,0
2016-10-04,6.8041,6.8233,6.5935,6.6702,376085,0
2016-10-05,6.6989,6.6989,6.4405,6.4691,409407,0
2016-10-06,6.4116,6.5256,6.2873,6.4691,456565,0
2016-10-07,6.4691,6.5826,6.3543,6.3638,247312,0
2016-10-10,6.3638,6.4883,6.3638,6.4405,206568,0
2016-10-11,6.4116,6.4595,6.3638,6.4213,253472,0
2016-10-12,6.4595,6.5839,6.4405,6.5553,300581,0
2016-10-13,6.6413,6.7849,6.6032,6.7562,730959,0
2016-10-14,6.7275,6.8233,6.6607,6.7754,316442,0
2016-10-17,6.7849,6.8137,6.6317,6.6317,363758,0
2016-10-18,6.6892,6.6989,6.5744,6.5744,149133,0
2016-10-19,6.5839,6.6222,6.5362,6.6222,154076,0
2016-10-20,6.5935,6.6413,6.5457,6.6222,149498,0
2016-10-21,6.5553,6.6892,6.5457,6.6607,198515,0
2016-10-24,6.6892,6.7658,6.6222,6.6989,357466,0
2016-10-25,6.6413,6.7275,6.6317,6.6892,272272,0
2016-10-26,6.6511,6.6511,6.5074,6.517,183548,0
2016-10-27,6.4979,6.5122,6.249,6.2681,228974,0
2016-10-28,6.2778,6.3256,6.2681,6.2968,295133,0
2016-10-31,6.3353,6.517,6.2921,6.4787,330501,0
2016-11-01,6.4309,6.4405,6.1725,6.1916,343943,0
2016-11-02,6.2204,6.23,6.1341,6.1341,253724,0
2016-11-03,6.1246,6.1725,6.0767,6.1725,285215,0
2016-11-04,6.249,6.316,5.9524,5.9811,391171,0
2016-11-07,6.0385,6.096,5.9811,6.0194,430783,0
2016-11-08,6.0001,6.0387,5.9036,5.9808,330471,0
2016-11-09,5.7974,6.1255,5.7107,6.1062,568306,0
2016-11-10,6.1255,6.2413,5.9422,6.0097,761522,0
2016-11-11,6.0483,6.2895,6.0483,6.2317,584619,0
2016-11-14,6.2509,6.3763,6.2026,6.3763,473497,0
2016-11-15,6.3377,6.4438,6.246,6.3087,274503,0
2016-11-16,6.2895,6.328,6.2123,6.2798,340912,0
2016-11-17,6.2991,6.4149,6.2895,6.3183,210583,0
2016-11-18,6.3183,6.5306,6.3183,6.5017,556542,0
2016-11-21,6.521,6.5402,6.3377,6.3763,308735,0
2016-11-22,6.4341,6.4728,6.3377,6.4534,443332,0
2016-11-23,6.4053,6.4776,6.328,6.4053,272042,0
2016-11-25,6.386,6.4728,6.3666,6.386,122017,0
2016-11-28,6.3956,6.4438,6.2702,6.3087,842367,0
2016-11-29,6.2991,6.4053,6.2895,6.357,338442,0
2016-11-30,6.3087,6.3956,6.2123,6.222,1120259,0
2016-12-01,6.1833,6.2317,5.9229,5.9904,499229,0
2016-12-02,6.0097,6.1255,5.9615,5.9711,219669,0
2016-12-05,6.0097,6.082,5.9518,6.0772,413297,0
2016-12-06,6.0772,6.1447,5.9711,6.1255,455751,0
2016-12-07,6.1255,6.2798,6.1255,6.222,608249,0
2016-12-08,6.222,6.3618,6.1544,6.3377,449161,0
2016-12-09,6.2991,6.4053,6.222,6.2605,479971,0
2016-12-12,6.2317,6.3474,6.2123,6.3474,361907,0
2016-12-13,6.4053,6.4053,6.2605,6.328,314034,0
2016-12-14,6.357,6.4245,6.0772,6.0966,616066,0
2016-12-15,6.0869,6.1929,6.0001,6.0387,590120,0
2016-12-16,6.058,6.2317,6.058,6.1351,2136525,0
2016-12-19,6.1929,6.2895,6.1447,6.1929,648280,0
2016-12-20,6.1929,6.2895,6.1067,6.2605,417524,0
2016-12-21,6.2413,6.2895,6.1062,6.1062,358585,0
2016-12-22,6.0869,6.1062,5.9808,6.058,315086,0
2016-12-23,6.058,6.1159,6.0001,6.029,242775,0
2016-12-27,6.0387,6.0772,5.9808,6.0483,489393,0
2016-12-28,6.0483,6.0676,5.9229,6.0001,301512,0
2016-12-29,6.0001,6.1929,6.0001,6.1737,306094,0
2016-12-30,6.1833,6.3183,6.1062,6.2991,334730,0
2017-01-03,6.3183,6.4245,6.2702,6.4245,404921,0
2017-01-04,6.4245,6.5498,6.3763,6.5113,365482,0
2017-01-05,6.4824,6.4824,6.3666,6.4631,359490,0
2017-01-06,6.4438,6.4438,6.2991,6.3763,282617,0
2017-01-09,6.3087,6.3087,5.9229,6.164,599433,0
2017-01-10,6.1544,6.164,6.0676,6.1062,364908,0
2017-01-11,6.1255,6.164,6.0483,6.058,276454,0
2017-01-12,6.0772,6.1062,6.0387,6.0869,359190,0
2017-01-13,6.0772,6.1062,5.9904,6.0387,1517282,0
2017-01-17,6.0772,6.1159,6.0097,6.0869,295223,0
2017-01-18,6.0772,6.1351,6.029,6.0772,723087,0
2017-01-19,6.0676,6.082,5.9615,5.9808,619157,0
2017-01-20,5.9518,6.029,5.8844,5.9904,284506,0
2017-01-23,6.0001,6.058,5.9518,6.0194,191310,0
2017-01-24,6.0097,6.0194,5.9229,5.9711,380947,0
2017-01-25,6.0001,6.0097,5.9229,5.9808,318212,0
2017-01-26,5.9615,6.0483,5.8844,5.894,256480,0
2017-01-27,5.9325,5.9325,5.7685,5.7974,240920,0
2017-01-30,5.7685,5.7782,5.6817,5.7396,439710,0
2017-01-31,5.7493,5.8458,5.7493,5.7974,394539,0
2017-02-01,5.7974,5.8554,5.701,5.7685,580711,0
2017-02-02,5.7782,5.9325,5.7782,5.9325,808235,0
2017-02-03,5.9904,6.0097,5.9036,5.9904,211865,0
2017-02-06,6.0097,6.0097,5.8844,5.894,158317,0
2017-02-07,5.9229,5.9518,5.7396,5.7974,497682,0
2017-02-08,5.8169,5.9531,5.7586,5.9531,384725,0
2017-02-09,5.9337,6.0504,5.9142,6.0406,308964,0
2017-02-10,6.0504,6.172,6.0406,6.1283,417732,0
2017-02-13,6.1672,6.1672,6.0699,6.1185,327276,0
2017-02-14,6.1185,6.1185,5.9921,6.0504,262514,0
2017-02-15,5.9725,5.9725,5.8121,5.8754,368215,0
2017-02-16,5.8754,5.9337,5.8363,5.8754,189420,0
2017-02-17,5.8851,5.924,5.7974,5.8948,974328,0
2017-02-21,5.8948,5.9725,5.8462,5.9142,263385,0
2017-02-22,5.924,5.9725,5.8266,5.8462,291639,0
2017-02-23,5.8462,5.9142,5.7586,5.8169,237432,0
2017-02-24,5.7489,5.7489,5.4083,5.6029,903612,0
2017-02-27,5.6029,5.7003,5.6029,5.6808,859952,0
2017-02-28,5.7392,5.8266,5.671,5.71,1414903,0
2017-03-01,5.71,5.778,5.6516,5.7003,585790,0
2017-03-02,5.6613,5.6613,5.3306,5.3889,567878,0
2017-03-03,5.4181,5.4464,5.2236,5.3209,607637,0
2017-03-06,5.3014,5.3112,5.1847,5.2139,576264,0
2017-03-07,5.2528,5.2528,5.1165,5.1263,648092,0
2017-03-08,5.1165,5.1652,5.0194,5.0388,527830,0
2017-03-09,5.0097,5.0582,4.9317,4.9415,456710,0
2017-03-10,4.9706,4.9999,4.8053,4.8734,882350,0
2017-03-13,5.0097,5.0194,4.8442,4.9026,1605976,0
2017-03-14,4.8832,4.922,4.8248,4.9123,925020,0
2017-03-15,4.9512,5.1165,4.9317,5.0582,1239831,0
2017-03-16,5.0777,5.1847,5.0388,5.1263,1035580,0
2017-03-17,5.1263,5.1847,5.0971,5.136,1556598,0
2017-03-20,5.1263,5.1263,4.9561,5.0971,672165,0
2017-03-21,5.1068,5.1555,4.9609,4.9803,652106,0
2017-03-22,4.9803,4.9853,4.7761,4.8637,617459,0
2017-03-23,4.8637,5.0097,4.8539,4.8929,513355,0
2017-03-24,4.8832,4.99,4.8734,4.8929,292432,0
2017-03-27,4.8539,4.9415,4.7275,4.7567,417129,0
2017-03-28,4.7859,4.922,4.7372,4.9123,788090,0
2017-03-29,4.8929,4.99,4.8345,4.9317,991043,0
2017-03-30,4.9415,4.9464,4.8345,4.9026,496193,0
2017-03-31,4.8832,4.9512,4.8539,4.8832,995598,0
2017-04-03,4.8734,4.922,4.8024,4.8442,588488,0
2017-04-04,4.8442,4.9561,4.8345,4.9415,471095,0
2017-04-05,4.9512,4.9999,4.8539,4.9026,543927,0
2017-04-06,4.8929,5.0388,4.815,5.0097,456854,0
2017-04-07,4.9999,5.0485,4.9706,5.0097,316708,0
2017-04-10,5.0097,5.0728,4.9706,5.0485,505870,0
2017-04-11,5.068,5.2139,5.0291,5.1652,1344624,0
2017-04-12,5.1458,5.1847,5.0777,5.1652,381346,0
2017-04-13,5.1652,5.2139,5.136,5.1652,480076,0
2017-04-17,5.1944,5.2139,5.1458,5.2042,217905,0
2017-04-18,5.1944,5.2917,5.1165,5.1847,500302,0
2017-04-19,5.1847,5.1944,5.1068,5.1068,923191,0
2017-04-20,5.1068,5.1944,5.0971,5.1165,460334,0
2017-04-21,5.1165,5.2139,5.1068,5.1944,944571,0
2017-04-24,5.243,5.2722,5.1068,5.1263,1021981,0
2017-04-25,5.1263,5.2479,5.0485,5.1847,973283,0
2017-04-26,5.1847,5.2139,5.136,5.2139,1854227,0
2017-04-27,5.2139,5.2625,5.1847,5.243,470070,0
2017-04-28,5.2236,5.243,5.1749,5.2333,988999,0
2017-05-01,5.2236,5.282,5.1749,5.2722,497810,0
2017-05-02,5.2917,5.2917,5.2139,5.2625,489744,0
2017-05-03,5.2625,5.2625,5.1263,5.1555,814633,0
2017-05-04,5.1555,5.1749,4.9609,5.0291,680779,0
2017-05-05,5.1652,5.2528,4.9999,5.1555,916029,0
2017-05-08,5.1263,5.1749,5.0097,5.0485,504092,0
2017-05-09,5.0874,5.0971,5.0194,5.0971,719213,0
2017-05-10,5.1069,5.215,5.0971,5.2052,478378,0
2017-05-11,5.2052,5.2739,5.1463,5.2641,418047,0
2017-05-12,5.2641,5.2641,5.0578,5.0873,600731,0
2017-05-15,5.1069,5.1167,4.9302,4.94,532111,0
2017-05-16,4.9596,5.0136,4.8418,4.999,978527,0
2017-05-17,4.94,5.0088,4.7534,4.832,1120155,0
2017-05-18,4.8123,4.8369,4.719,4.8222,789793,0
2017-05-19,4.8025,4.9498,4.773,4.9105,2266451,0
2017-05-22,4.9105,4.9744,4.8516,4.9302,528088,0
2017-05-23,4.9596,4.9891,4.8713,4.9694,394720,0
2017-05-24,4.9596,5.0284,4.9203,5.0088,567440,0
2017-05-25,5.0284,5.0873,4.9203,5.0088,203484,0
2017-05-26,4.9891,5.0284,4.9007,4.9203,227827,0
2017-05-30,4.9105,4.9596,4.8418,4.8614,393191,0
2017-05-31,4.8614,4.9057,4.7926,4.9007,444339,0
2017-06-01,4.8811,5.0578,4.8516,5.0284,298031,0
2017-06-02,5.0873,5.2248,5.0382,5.1757,534960,0
2017-06-05,5.1659,5.1659,5.0284,5.0284,295098,0
2017-06-06,5.0284,5.0971,4.94,5.0578,301024,0
2017-06-07,5.0775,5.2396,5.0578,5.1757,521137,0
2017-06-08,5.1757,5.1757,5.0578,5.0775,316740,0
2017-06-09,5.0873,5.2542,5.0284,5.1659,697457,0
2017-06-12,5.1659,5.3918,5.1659,5.2837,821064,0
2017-06-13,5.2837,5.2837,5.1561,5.1954,673059,0
2017-06-14,5.2346,5.2346,5.0775,5.1561,551383,0
2017-06-15,5.1167,5.2052,5.1069,5.1561,329765,0
2017-06-16,5.0971,5.1364,5.0038,5.0578,768257,0
2017-06-19,5.0677,5.0775,4.8516,4.8614,551513,0
2017-06-20,4.8516,4.8909,4.7534,4.8025,283013,0
2017-06-21,4.8123,4.832,4.665,4.665,292819,0
2017-06-22,4.665,4.7141,4.6159,4.6453,499508,0
2017-06-23,4.6453,4.8222,4.6453,4.7141,882065,0
2017-06-26,4.7141,4.8811,4.7043,4.7926,701347,0
2017-06-27,4.7828,4.832,4.7362,4.7632,335606,0
2017-06-28,4.7828,4.9105,4.7338,4.8123,717064,0
2017-06-29,4.773,4.9891,4.773,4.9302,617344,0
2017-06-30,4.94,4.94,4.6945,4.7632,548146,0
2017-07-03,4.7828,5.0186,4.7338,4.999,492155,0
2017-07-05,4.9792,4.999,4.773,4.8222,436014,0
2017-07-06,4.773,4.8713,4.7239,4.8222,740723,0
2017-07-07,4.8123,4.8713,4.7632,4.8614,356706,0
2017-07-10,4.8516,4.9302,4.7926,4.8811,747402,0
2017-07-11,4.8516,4.8811,4.7828,4.8713,567390,0
2017-07-12,4.9302,4.999,4.9203,4.9596,438092,0
2017-07-13,4.9891,5.0578,4.9596,5.048,480318,0
2017-07-14,5.0775,5.1364,5.0088,5.1069,525532,0
2017-07-17,5.1069,5.161,5.0088,5.0382,616226,0
2017-07-18,5.0677,5.0677,5.0088,5.048,391792,0
2017-07-19,5.0382,5.0775,4.999,5.048,225371,0
2017-07-20,5.0382,5.0726,5.0088,5.0088,287971,0
2017-07-21,5.0775,5.0775,4.999,5.048,552863,0
2017-07-24,5.0382,5.0677,4.999,5.0088,412174,0
2017-07-25,5.0088,5.1266,4.9891,5.1069,377594,0
2017-07-26,5.0971,5.1855,5.0775,5.1757,323495,0
2017-07-27,5.1463,5.2788,5.1069,5.2444,641835,0
2017-07-28,5.2248,5.2542,5.1167,5.1954,3327504,0
2017-07-31,5.1954,5.1954,5.0382,5.0873,3357323,0
2017-08-01,5.1069,5.1266,5.0284,5.0873,464540,0
2017-08-02,5.0775,5.0775,4.999,5.0284,453951,0
2017-08-03,5.0382,5.0726,4.9792,5.0088,293598,0
2017-08-04,5.0088,5.21,4.8611,5.1855,508312,0
2017-08-07,5.1463,5.215,5.1069,5.215,417057,0
2017-08-08,5.1757,5.3132,5.1757,5.2248,565890,0
2017-08-09,5.2149,5.3091,5.1752,5.2545,540991,0
2017-08-10,5.2446,5.2645,5.1653,5.1653,319602,0
2017-08-11,5.0959,5.1058,4.967,5.0067,784151,0
2017-08-14,5.0662,5.1356,4.9968,5.1157,457365,0
2017-08-15,5.1058,5.1257,5.0364,5.086,358512,0
2017-08-16,5.0563,5.1157,4.9869,5.0166,317740,0
2017-08-17,4.9571,5.0364,4.8778,4.8877,536497,0
2017-08-18,4.8183,4.8679,4.7985,4.8381,614592,0
2017-08-21,4.8282,4.9224,4.7886,4.9175,424923,0
2017-08-22,4.9472,4.9571,4.858,4.858,281732,0
2017-08-23,4.8282,4.8679,4.8183,4.858,413181,0
2017-08-24,4.8877,5.0364,4.8778,5.0364,686426,0
2017-08-25,5.0364,5.1653,5.0166,5.1356,445940,0
2017-08-28,5.1257,5.1653,4.9869,5.0166,431119,0
2017-08-29,4.9769,5.0166,4.9075,4.9769,472365,0
2017-08-30,4.967,4.9769,4.9274,4.9769,553196,0
2017-08-31,4.967,5.0166,4.9472,4.9968,276333,0
2017-09-01,5.0067,5.0364,4.9571,5.0166,306423,0
2017-09-05,5.0265,5.091,4.9522,4.9869,587936,0
2017-09-06,5.0265,5.1257,4.9869,5.0166,404409,0
2017-09-07,5.0463,5.086,5.0166,5.0463,304671,0
2017-09-08,5.0265,5.1257,5.0265,5.0761,243792,0
2017-09-11,5.1058,5.1951,5.1009,5.1752,221397,0
2017-09-12,5.1554,5.2347,5.1455,5.1554,234051,0
2017-09-13,5.1356,5.2149,5.1257,5.205,342342,0
2017-09-14,5.1851,5.3116,5.1752,5.3041,258148,0
2017-09-15,5.3339,5.3636,5.0959,5.1653,1330737,0
2017-09-18,5.1554,5.205,5.1356,5.1653,264664,0
2017-09-19,5.1554,5.1554,5.0761,5.086,327732,0
2017-09-20,5.1157,5.1356,5.0761,5.1058,295015,0
2017-09-21,5.086,5.1554,5.086,5.1257,548229,0
2017-09-22,5.1157,5.1802,5.1157,5.1554,510115,0
2017-09-25,5.1554,5.3041,5.1058,5.2942,866876,0
2017-09-26,5.2843,5.4429,5.2843,5.433,362826,0
2017-09-27,5.4231,5.4826,5.314,5.4429,899069,0
2017-09-28,5.4528,5.4528,5.3537,5.4033,484049,0
2017-09-29,5.4132,5.7503,5.3339,5.5718,1361879,0
2017-10-02,5.5718,5.6511,5.5123,5.6313,837874,0
2017-10-03,5.6214,5.6809,5.5817,5.6511,916833,0
2017-10-04,5.6412,5.6709,5.5916,5.6412,861596,0
2017-10-05,5.6511,5.7503,5.6412,5.7007,659448,0
2017-10-06,5.6709,5.7106,5.6015,5.6412,445690,0
2017-10-09,5.6511,5.6709,5.5222,5.552,522103,0
2017-10-10,5.6015,5.6809,5.5619,5.6511,737672,0
2017-10-11,5.6809,5.7403,5.661,5.7007,241004,0
2017-10-12,5.6809,5.7106,5.6313,5.7007,235775,0
2017-10-13,5.7503,5.7899,5.6709,5.7403,321257,0
2017-10-16,5.7304,5.7602,5.6511,5.6908,280897,0
2017-10-17,5.6709,5.7007,5.5817,5.6115,540473,0
2017-10-18,5.6115,5.661,5.5916,5.6313,321495,0
2017-10-19,5.6214,5.6709,5.5619,5.5817,521759,0
2017-10-20,5.5817,5.5817,5.433,5.4528,333851,0
2017-10-23,5.4627,5.552,5.4429,5.5421,499519,0
2017-10-24,5.5817,5.5817,5.4727,5.5123,940536,0
2017-10-25,5.7899,5.7899,5.4925,5.5024,806237,0
2017-10-26,5.5619,5.5619,5.4231,5.5321,434334,0
2017-10-27,5.5421,5.5718,5.4231,5.433,425402,0
2017-10-30,5.4132,5.4429,5.3735,5.4033,328623,0
2017-10-31,5.4033,5.433,5.3586,5.3933,409778,0
2017-11-01,5.4132,5.5817,5.3933,5.5718,724272,0
2017-11-02,5.5619,5.7552,5.5024,5.7304,1132146,0
2017-11-03,5.6511,5.8891,5.5817,5.7007,830964,0
2017-11-06,5.8097,5.8296,5.8097,5.8097,450475,0
2017-11-07,5.8097,5.9089,5.8097,5.8197,538606,0
2017-11-08,5.8097,6.0973,5.7354,5.78,1630715,0
2017-11-09,5.75,5.99,5.7327,5.85,825383,0
2017-11-10,5.84,5.98,5.84,5.93,323295,0
