2016-01-04,24.96,25,24.856,25,3047,0
2016-01-05,25.03,25.38,25.03,25.2606,11978,0
2016-01-06,25.3167,25.46,25,25.1,2248,0
2016-01-07,25.02,25.29,25,25,20199,0
2016-01-08,25.0001,25.19,25.0001,25.19,37000,0
2016-01-11,25.02,25.25,25,25.086,4084,0
2016-01-12,25.05,25.15,24.86,25,34385,0
2016-01-13,25.01,25.0593,24.9,24.9597,52948,0
2016-01-14,24.95,25.05,24.75,24.98,13840,0
2016-01-15,24.98,24.98,24.55,24.675,3796,0
2016-01-19,24.9238,24.9238,24.9238,24.9238,0,0
2016-01-20,24.98,24.98,24.4501,24.78,7505,0
2016-01-21,24.95,25.04,24.91,24.91,7010,0
2016-01-22,25.48,25.48,25,25.15,3100,0
2016-01-25,25,25,24.95,24.97,798,0
2016-01-26,24.94,25.005,24.885,25,36960,0
2016-01-27,25.19,25.19,24.95,25.13,2465,0
2016-01-28,25.1,25.1,25,25.02,1915,0
2016-01-29,25.061,25.061,24.9479,25,8450,0
2016-02-01,25.075,25.075,25,25,360,0
2016-02-02,25.1,25.1,24.96,25.1,3145,0
2016-02-03,25.1001,25.296,25.1,25.2958,1771,0
2016-02-04,25.0499,25.3,25.0101,25.0101,3000,0
2016-02-05,25.048,25.05,25.01,25.01,3435,0
2016-02-08,25.05,25.181,25.05,25.159,850,0
2016-02-09,25.1,25.16,24.8,24.99,5426,0
2016-02-10,24.69,24.85,24.2,24.7,4860,0
2016-02-11,24.34,24.7,24.1,24.7,12235,0
2016-02-12,24.4294,24.5,24.4,24.47,5008,0
2016-02-16,24.59,24.6,24.4,24.5657,22222,0
2016-02-17,24.6,24.85,24.6,24.6,1862,0
2016-02-18,24.8118,24.88,24.74,24.88,1800,0
2016-02-19,24.7,24.92,24.51,24.92,21067,0
2016-02-22,25,25,24.75,25,18133,0
2016-02-23,24.96,25.29,24.8,25.242,13938,0
2016-02-24,25,25.15,25,25.05,4700,0
2016-02-25,25.05,25.32,25.05,25.11,3629,0
2016-02-26,25.1001,25.4,25.1,25.1,3020,0
2016-02-29,25.25,25.5,25.24,25.25,6824,0
2016-03-01,25.24,25.5,25.24,25.5,6828,0
2016-03-02,25.5958,25.5958,25.5,25.501,1683,0
2016-03-03,25.745,25.75,25.51,25.66,1200,0
2016-03-04,25.6499,25.69,25.33,25.33,2100,0
2016-03-07,25.1,25.65,25.1,25.57,2358,0
2016-03-08,25.6,25.6,25.35,25.35,2480,0
2016-03-09,25.37,25.66,25.3,25.3,10466,0
2016-03-10,25.55,25.63,25.5,25.63,2875,0
2016-03-11,25.5342,25.68,25.4501,25.65,6935,0
2016-03-14,25.57,26,25.5,25.65,16518,0
2016-03-15,25.52,25.52,25.26,25.3627,5160,0
2016-03-16,25.302,25.5,24.76,25.39,21677,0
2016-03-17,25.05,25.35,25.04,25.25,37938,0
2016-03-18,25.25,25.6,25.18,25.6,13740,0
2016-03-21,25.46,25.8215,25.46,25.7,6550,0
2016-03-22,25.7,25.7062,25.66,25.66,1050,0
2016-03-23,25.505,25.95,25.505,25.62,30680,0
2016-03-24,25.7576,25.9101,25.6,25.63,401970,0
2016-03-28,25.8,25.8,25.6158,25.7117,1528,0
2016-03-29,25.519,25.5714,25.31,25.31,1232,0
2016-03-30,25.4999,25.5,25.25,25.5,19250,0
2016-03-31,25.26,25.3979,25.26,25.33,3209,0
2016-04-01,25.4,25.75,25.4,25.63,26734,0
2016-04-04,25.5935,25.6131,25.5935,25.6131,250,0
2016-04-05,25.7,25.74,25.4,25.74,5100,0
2016-04-06,25.726,25.726,25.65,25.65,1070,0
2016-04-07,25.75,25.75,25.74,25.75,1000,0
2016-04-08,25.74,25.75,25.6,25.62,5276,0
2016-04-11,25.65,25.65,25.65,25.65,300,0
2016-04-12,25.6,25.6,25.55,25.55,1365,0
2016-04-13,25.5,25.5499,25.5,25.5499,532,0
2016-04-14,25.51,25.51,25.5,25.5,500,0
2016-04-15,25.27,25.5117,25.27,25.5117,985,0
2016-04-18,25.45,25.45,25.4101,25.42,5020,0
2016-04-19,25.4119,25.6,25.4119,25.6,2539,0
2016-04-20,25.5992,25.5992,25.4995,25.4995,1800,0
2016-04-21,25.6,25.6,25.45,25.5332,2415,0
2016-04-22,25.45,25.614,25.45,25.48,2258,0
2016-04-25,25.6125,25.6125,25.6125,25.6125,370,0
2016-04-26,25.53,25.63,25.53,25.63,1080,0
2016-04-27,25.56,25.85,25.56,25.85,2950,0
2016-04-29,25.7001,25.81,25.7001,25.79,600,0
2016-05-02,25.9,25.9,25.815,25.8552,1415,0
2016-05-03,25.72,26.03,25.65,26,11795,0
2016-05-04,26.03,26.05,25.79,26.04,2905,0
2016-05-05,25.925,26.1685,25.925,26.0501,400,0
2016-05-06,25.91,25.91,25.39,25.62,4388,0
2016-05-09,25.8411,25.8411,25.7,25.7,1798,0
2016-05-10,25.57,25.73,25.56,25.73,431,0
2016-05-11,25.5043,25.58,25.5043,25.58,364,0
2016-05-12,25.47,25.599,25.45,25.59,1260,0
2016-05-13,25.5561,25.5561,25.36,25.4219,1130,0
2016-05-16,25.46,25.46,25.41,25.45,2780,0
2016-05-17,25.46,25.7091,25.45,25.7091,722,0
2016-05-18,25.71,25.8,25.5816,25.6,12578,0
2016-05-19,25.8323,25.8323,25.3,25.33,4467,0
2016-05-20,25.69,25.9,25.5,25.86,56719,0
2016-05-23,25.868,25.868,25.3801,25.528,1448,0
2016-05-24,25.65,25.66,25.59,25.6,35776,0
2016-05-25,25.8499,26.1877,25.7,25.95,64147,0
2016-05-26,26.0399,26.38,25.95,26.35,35350,0
2016-05-27,26.45,26.59,26.302,26.302,18098,0
2016-05-31,26.4,26.5,26.16,26.31,150400,0
2016-06-01,26.35,26.44,26.2799,26.28,10628,0
2016-06-02,26.37,26.55,26.25,26.55,105003,0
2016-06-03,26.53,26.53,26.1,26.25,132765,0
2016-06-06,26.2199,26.4,26.2,26.2275,4479,0
2016-06-07,26.16,26.16,26.05,26.05,12256,0
2016-06-08,26.1,26.16,26.05,26.05,12607,0
2016-06-09,26.0713,26.0777,26.05,26.05,12193,0
2016-06-10,26.08,26.08,26.03,26.045,33387,0
2016-06-14,26.1,26.1,26.0514,26.09,700,0
2016-06-15,25.9938,26.09,25.9938,26.09,400,0
2016-06-16,26.09,26.09,25.9495,26.09,1091,0
2016-06-17,26.09,26.09,26.0013,26.09,386,0
2016-06-20,26.05,26.055,26,26.05,16910,0
2016-06-21,26.12,26.12,25.95,26.06,6368,0
2016-06-22,26.013,26.0461,26.013,26.03,1050,0
2016-06-23,26.0168,26.1601,26.0168,26.12,2724,0
2016-06-24,26.05,26.1025,26.05,26.05,1450,0
2016-06-28,26.05,26.09,26,26,15492,0
2016-06-29,26.05,26.1,26.03,26.03,199504,0
2016-06-30,25.9795,26.0809,25.9795,25.9808,1715,0
2016-07-01,26.0823,26.09,26.0823,26.09,1500,0
2016-07-06,26.0108,26.1601,25.94,25.9902,7742,0
2016-07-07,26.1,26.1899,25.8101,25.8937,7005,0
2016-07-11,25.92,25.92,25.92,25.92,100,0
2016-07-12,25.9508,25.9508,25.9508,25.9508,100,0
2016-07-13,26,26.1,26,26,1918,0
2016-07-14,26.2,26.2,26.15,26.15,2193,0
2016-07-15,26.1316,26.14,26.06,26.06,4025,0
2016-07-18,26,26.0355,26,26.0355,1000,0
2016-07-19,26.0105,26.06,25.98,26.0245,3339,0
2016-07-20,26,26.04,25.95,26.04,3700,0
2016-07-21,26.04,26.07,26.04,26.07,2300,0
2016-07-22,26.06,26.06,26,26.001,1300,0
2016-07-25,25.98,26.08,25.98,26,426621,0
2016-07-26,26.06,26.06,26.01,26.05,1100,0
2016-07-27,26,26.41,26,26.16,54752,0
2016-07-28,26.3,26.3,26.1199,26.1201,1773,0
2016-07-29,26.084,26.31,26.084,26.21,43699,0
2016-08-01,26.16,26.29,26.16,26.26,1709,0
2016-08-02,26.16,26.3,26.16,26.28,1503,0
2016-08-03,26.35,26.3508,26.23,26.3405,10360,0
2016-08-04,26.2284,26.42,26.2,26.31,8747,0
2016-08-05,26.19,26.33,26.19,26.33,1654,0
2016-08-08,26.17,26.54,26.17,26.54,7333,0
2016-08-09,26.32,27.25,26.32,26.98,12192,0
2016-08-10,26.53,26.53,25.64,26.22,21228,0
2016-08-11,25.75,25.9,25.7,25.83,17405,0
2016-08-12,25.7499,25.775,25.66,25.77,6470,0
2016-08-15,25.77,25.89,25.77,25.85,6901,0
2016-08-16,26.01,26.05,25.85,26.01,142900,0
2016-08-17,26.02,26.02,25.91,26.02,1298,0
2016-08-18,25.8,26.02,25.8,25.95,9059,0
2016-08-19,25.88,26,25.85,25.85,2185,0
2016-08-22,26.05,26.05,25.88,25.94,4616,0
2016-08-23,25.89,25.95,25.89,25.95,5203,0
2016-08-24,26.07,26.07,25.9,26.05,5047,0
2016-08-25,26.05,26.1317,26.05,26.05,1300,0
2016-08-26,26,26,26,26,497,0
2016-08-29,25.99,26.06,25.99,26.023,3836,0
2016-09-01,25.8801,26.17,25.8501,26.07,2774,0
2016-09-02,26.15,26.1599,25.96,26.0499,2478,0
2016-09-06,25.95,26,25.76,25.76,2410,0
2016-09-07,25.85,25.88,25.8,25.8,3177,0
2016-09-08,25.9,25.9,25.88,25.9,1809,0
2016-09-09,25.8,25.98,25.79,25.801,1355,0
2016-09-13,25.8,25.84,25.75,25.75,1707,0
2016-09-14,25.65,25.82,25.35,25.38,3501,0
2016-09-15,25.52,25.8,25.44,25.65,8692,0
2016-09-16,25.7,25.83,25.6989,25.6989,1105,0
2016-09-19,25.76,25.83,25.75,25.83,1111,0
2016-09-20,25.46,25.78,25.46,25.78,4161,0
2016-09-21,25.76,25.78,25.4248,25.62,9744,0
2016-09-22,25.54,25.6567,25.511,25.61,1588,0
2016-09-23,25.7399,25.74,25.65,25.67,2262,0
2016-09-26,25.58,25.79,25.58,25.71,8419,0
2016-09-27,25.66,25.78,25.64,25.7284,4608,0
2016-09-28,25.69,25.84,25.672,25.84,4508,0
2016-09-29,25.89,25.89,25.7421,25.7421,1435,0
2016-09-30,25.66,25.878,25.65,25.6999,8669,0
2016-10-03,25.64,25.886,25.61,25.61,6614,0
2016-10-05,25.8874,25.8874,25.5767,25.59,10989,0
2016-10-06,25.57,25.7501,25.57,25.7,864,0
2016-10-07,25.65,25.79,25.5,25.73,4515,0
2016-10-11,25.8,25.8,25.66,25.7455,51964,0
2016-10-12,25.58,25.65,25.5339,25.65,10352,0
2016-10-13,25.52,25.81,25.46,25.46,23512,0
2016-10-14,25.54,25.89,25.509,25.8,66325,0
2016-10-17,25.64,25.8,25.55,25.6,50973,0
2016-10-18,25.76,25.76,25.7,25.7092,14147,0
2016-10-19,25.74,25.74,25.74,25.74,100,0
2016-10-21,25.78,25.79,25.58,25.79,3971,0
2016-10-24,25.8,25.8,25.76,25.788,3610,0
2016-10-25,25.605,25.8288,25.6016,25.7,3459,0
2016-10-26,25.65,25.7,25.65,25.7,38530,0
2016-10-27,25.8513,25.8899,25.7764,25.785,1027,0
2016-10-31,25.75,25.79,25.32,25.7676,188884,0
2016-11-01,25.79,25.9,25.7386,25.85,60095,0
2016-11-02,25.65,25.7804,25.65,25.65,58150,0
2016-11-03,25.69,25.75,25.601,25.605,8772,0
2016-11-04,25.84,25.84,25.501,25.72,9492,0
2016-11-07,25.7298,25.87,25.578,25.7711,1378,0
2016-11-08,25.49,25.49,25.3,25.375,15767,0
2016-11-09,25.2,25.2612,25.1501,25.2075,8307,0
2016-11-10,25.29,25.4,25,25.4,14606,0
2016-11-11,25.2,25.55,25.1501,25.55,4892,0
2016-11-14,25.0743,25.5,25.0743,25.29,745,0
2016-11-15,25.55,25.5717,25.14,25.4,1482,0
2016-11-16,25.45,25.45,25.2,25.23,40510,0
2016-11-17,25.05,25.2979,25.05,25.118,22210,0
2016-11-18,25.11,25.535,25.08,25.2269,25137,0
2016-11-21,25.4,25.4623,25.05,25.21,16728,0
2016-11-22,25.28,25.3739,25.15,25.15,102556,0
2016-11-23,25.0633,25.1387,25.0633,25.1387,318,0
2016-11-28,25.1248,25.4,25.1248,25.4,1645,0
2016-11-29,25.13,25.2403,24.95,25.12,15055,0
2016-11-30,25.12,25.12,24.74,24.86,5200,0
2016-12-01,24.91,24.91,24.74,24.835,2760,0
2016-12-02,24.86,25.13,24.8,25.13,13449,0
2016-12-05,24.87,24.87,24.85,24.85,588,0
2016-12-06,24.87,25,24.6031,24.6031,6336,0
2016-12-07,24.7,25.1451,24.7,25.1,12050,0
2016-12-08,24.95,24.9974,24.922,24.922,700,0
2016-12-09,24.814,24.8999,24.7,24.76,7797,0
2016-12-12,24.8,24.8,24.606,24.75,3266,0
2016-12-13,24.947,24.947,24.65,24.65,5556,0
2016-12-14,24.54,24.56,24.25,24.25,16357,0
2016-12-15,24.19,24.2,24.0596,24.169,10753,0
2016-12-16,24.18,24.18,24.1,24.14,7396,0
2016-12-19,24.1562,24.206,23.9566,23.9636,41789,0
2016-12-20,24.05,24.05,23.93,23.93,4354,0
2016-12-21,23.9425,24.08,23.82,23.92,43195,0
2016-12-22,23.96,24.125,23.89,23.95,8816,0
2016-12-23,24.144,24.144,23.81,23.96,12596,0
2016-12-27,24.2,24.38,23.95,24.33,17502,0
2016-12-28,24.19,24.38,24.1421,24.3019,13086,0
2016-12-29,24.38,24.38,24.27,24.28,2821,0
2016-12-30,24.38,24.505,24.2017,24.346,12015,0
2017-01-03,24.39,24.79,24.2101,24.4,16221,0
2017-01-04,24.37,24.75,24.35,24.6,27728,0
2017-01-05,24.59,24.675,24.3095,24.4685,12037,0
2017-01-06,24.66,24.8,24.45,24.45,35866,0
2017-01-09,24.52,24.7,24.51,24.69,871,0
2017-01-10,24.77,24.77,24.66,24.7,8843,0
2017-01-11,24.56,24.74,24.542,24.63,9157,0
2017-01-12,24.5501,24.7999,24.55,24.7399,36354,0
2017-01-13,24.6172,24.77,24.6172,24.7,36115,0
2017-01-17,24.75,24.75,24.65,24.74,8206,0
2017-01-18,24.73,24.8,24.7299,24.79,28856,0
2017-01-19,24.7,24.78,24.65,24.7153,8725,0
2017-01-20,24.77,24.79,24.75,24.76,42047,0
2017-01-23,24.7114,24.79,24.6927,24.78,7405,0
2017-01-24,24.721,24.98,24.721,24.945,13005,0
2017-01-25,24.91,24.925,24.7601,24.925,2700,0
2017-01-27,24.998,24.998,24.938,24.938,300,0
2017-01-30,24.9208,25,24.9208,25,900,0
2017-01-31,25.025,25.0352,24.85,24.915,3006,0
2017-02-01,24.96,24.96,24.8,24.85,12210,0
2017-02-02,24.88,24.985,24.792,24.8,5989,0
2017-02-03,24.84,24.84,24.7,24.8,12015,0
2017-02-06,24.85,24.86,24.7152,24.75,28097,0
2017-02-07,24.82,24.85,24.74,24.75,27797,0
2017-02-08,24.3,24.34,24.29,24.31,15239,0
2017-02-09,24.3,24.38,24.28,24.28,30326,0
2017-02-10,24.28,24.3435,24.27,24.3,62991,0
2017-02-13,24.38,24.44,24.34,24.41,71703,0
2017-02-14,24.41,24.5399,24.38,24.51,10692,0
2017-02-15,24.49,24.57,24.41,24.49,9227,0
2017-02-16,24.5634,24.5634,24.41,24.48,7810,0
2017-02-17,24.48,24.54,24.32,24.51,186394,0
2017-02-21,24.46,24.5346,24.3445,24.44,42810,0
2017-02-22,24.44,24.44,24.22,24.28,22783,0
2017-02-23,24.3,24.32,24.18,24.2114,23178,0
2017-02-24,24.4196,24.45,24.19,24.25,72585,0
2017-02-27,24.25,24.47,24.15,24.3601,21427,0
2017-02-28,24.3447,24.62,24.3,24.4642,10897,0
2017-03-01,24.35,24.404,24.3,24.35,12958,0
2017-03-02,24.44,24.55,24.3348,24.5,134873,0
2017-03-03,24.5823,24.59,24.4,24.5799,163907,0
2017-03-06,24.59,24.6069,24.5165,24.54,60809,0
2017-03-07,24.55,24.7,24.46,24.58,8525,0
2017-03-08,24.5,24.55,24.5,24.5,15944,0
2017-03-09,24.41,24.41,24,24.11,11695,0
2017-03-10,24.3602,24.51,24.3602,24.5,32575,0
2017-03-13,24.6,24.65,24.5001,24.531,5688,0
2017-03-14,24.5,24.5,24.377,24.44,34052,0
2017-03-15,24.4271,24.64,24.4271,24.6,2566,0
2017-03-16,24.5,24.69,24.5,24.69,21377,0
2017-03-17,24.65,24.68,24.57,24.6325,11490,0
2017-03-20,24.5879,24.6592,24.5,24.58,5584,0
2017-03-21,24.58,24.58,24.3937,24.42,8047,0
2017-03-22,24.24,24.37,24.15,24.22,33071,0
2017-03-23,24.3499,24.5,24.3497,24.5,8240,0
2017-03-24,24.34,24.4296,24.34,24.4296,364,0
2017-03-27,24.3147,24.45,24.3147,24.45,10160,0
2017-03-28,24.33,24.55,24.3,24.55,7505,0
2017-03-29,24.4633,24.56,24.35,24.55,5055,0
2017-03-30,24.61,24.92,24.6,24.92,23316,0
2017-03-31,24.92,24.99,24.81,24.81,13150,0
2017-04-03,24.77,25.05,24.76,24.91,14398,0
2017-04-04,25.0399,25.04,24.91,25.03,16914,0
2017-04-05,25.145,25.28,25.1,25.27,93362,0
2017-04-06,25.16,25.3,24.8983,25.24,78703,0
2017-04-07,24.95,25.42,24.93,25.39,52256,0
2017-04-10,25.58,26.06,25.4952,25.69,153374,0
2017-04-11,25.82,25.97,25.77,25.85,54669,0
2017-04-12,25.84,26.04,25.7831,25.86,64927,0
2017-04-13,25.8066,25.85,25.75,25.79,26264,0
2017-04-17,25.72,25.8,25.608,25.7,31250,0
2017-04-18,25.8,25.8,25.56,25.67,42473,0
2017-04-19,25.7,25.84,25.6005,25.75,29239,0
2017-04-20,25.84,25.84,25.68,25.8,32270,0
2017-04-21,25.7007,25.78,25.34,25.65,1128383,0
2017-04-24,25.69,25.69,25.2098,25.43,28856,0
2017-04-25,25.43,25.5,25.3447,25.4,21817,0
2017-04-26,25.55,25.74,25.4425,25.64,8171,0
2017-04-27,25.74,25.8,25.53,25.62,34072,0
2017-04-28,25.73,25.73,25.54,25.64,19238,0
2017-05-01,25.79,25.79,25.19,25.6,14344,0
2017-05-02,25.6,25.69,25.58,25.58,12989,0
2017-05-03,25.55,25.6,25.47,25.59,11652,0
2017-05-04,25.6,25.6,25.01,25.19,32821,0
2017-05-05,25.16,25.28,24.76,25.17,17880,0
2017-05-08,25.3501,25.45,25.3501,25.45,4682,0
2017-05-09,25.26,25.38,25.26,25.35,6426,0
2017-05-10,25.18,25.2078,24.99,25.16,15032,0
2017-05-11,25.0919,25.1,24.95,25.03,10038,0
2017-05-12,25.03,25.19,25,25.19,18450,0
2017-05-15,25.13,25.19,25,25.19,9321,0
2017-05-16,25.19,25.19,25,25,14464,0
2017-05-17,25.1,25.1,25,25.0329,8419,0
2017-05-18,24.82,25.1,24.82,25.1,11345,0
2017-05-19,25.2242,25.2549,25.1,25.14,8705,0
2017-05-22,25.14,25.15,25,25.15,5875,0
2017-05-23,25.1612,25.2053,25.116,25.198,2303,0
2017-05-24,25.15,25.35,25.15,25.35,44390,0
2017-05-25,25.35,25.67,25.35,25.5499,9900,0
2017-05-26,25.41,25.41,25.3386,25.3925,3875,0
2017-05-30,25.41,25.5,24.36,25.1204,30003,0
2017-05-31,25.11,25.11,25.05,25.082,16816,0
2017-06-01,25.025,25.08,24.997,25.03,6084,0
2017-06-02,24.98,25.25,24.98,25.25,7399,0
2017-06-05,25.2809,25.3,25.2,25.2,10488,0
2017-06-06,25.1426,25.1426,25.083,25.1187,3083,0
2017-06-07,25.14,25.32,25.08,25.08,9847,0
2017-06-08,25.05,25.1999,25,25.03,12533,0
2017-06-09,25.18,25.47,25.18,25.2001,15297,0
2017-06-12,25.4999,25.4999,25.4194,25.4194,300,0
2017-06-13,25.14,25.34,25.14,25.3,15926,0
2017-06-14,25.25,25.42,25.25,25.42,13325,0
2017-06-15,25.54,25.67,25.35,25.382,9237,0
2017-06-16,25.42,25.537,25.42,25.4494,3071,0
2017-06-19,25.423,25.423,25.18,25.2601,4279,0
2017-06-20,25.3254,25.4,25.2622,25.4,3729,0
2017-06-21,25.317,25.5264,25.317,25.4349,1891,0
2017-06-22,25.38,25.5,25.3625,25.5,1010,0
2017-06-23,25.415,25.59,25.3344,25.59,3653,0
2017-06-26,25.5,25.5,25.4,25.48,7316,0
2017-06-27,25.43,25.45,25.3384,25.4374,1777,0
2017-06-28,25.27,25.49,25.06,25.49,11111,0
2017-06-29,25.45,25.45,25.2601,25.43,1049,0
2017-06-30,25.4332,25.4332,25.17,25.3899,9914,0
2017-07-03,25.43,25.43,25.43,25.43,1325,0
2017-07-05,25.38,25.4,25.3199,25.32,6877,0
2017-07-06,25.2,25.4,25.2,25.4,3087,0
2017-07-07,25.4,25.4,25.368,25.368,1553,0
2017-07-10,25.4,25.4,25.2701,25.32,7474,0
2017-07-11,25.39,25.46,25.32,25.46,4585,0
2017-07-12,25.43,25.46,25.41,25.428,3461,0
2017-07-13,25.64,25.64,25.3,25.3,7078,0
2017-07-14,25.4401,25.45,25.41,25.41,1514,0
2017-07-17,25.41,25.46,25.41,25.42,32527,0
2017-07-18,25.42,25.46,25.42,25.46,4363,0
2017-07-19,25.43,25.51,25.41,25.45,2818,0
2017-07-20,25.42,25.4612,25.42,25.45,6393,0
2017-07-21,25.44,25.51,25.41,25.51,22125,0
2017-07-24,25.41,25.5504,25.41,25.41,17400,0
2017-07-25,25.44,25.44,25.4,25.4,28926,0
2017-07-26,25.4001,25.43,25.4,25.4001,20738,0
2017-07-31,25.41,25.4499,25.41,25.4309,16280,0
2017-08-01,25.43,25.44,25.42,25.43,8010,0
2017-08-02,25.435,25.4497,25.42,25.43,10651,0
2017-08-03,25.45,25.55,25.45,25.4831,8021,0
2017-08-04,25.4482,25.49,25.4482,25.47,5034,0
2017-08-07,25.46,25.53,25.46,25.5101,7222,0
2017-08-08,25.54,25.5735,25.5,25.5735,3227,0
2017-08-09,25.14,25.15,25.03,25.13,15888,0
2017-08-10,25.03,25.1238,25.02,25.1,11183,0
2017-08-11,25.06,25.0837,24.98,24.98,16307,0
2017-08-14,25.15,25.15,25.01,25.0448,2919,0
2017-08-15,25.02,25.19,25.02,25.19,4381,0
2017-08-16,25.15,25.15,25.045,25.11,81803,0
2017-08-17,25.11,25.1279,25.06,25.06,326648,0
2017-08-18,25.06,25.12,25.06,25.12,15294,0
2017-08-21,25.12,25.13,25.1122,25.13,6392,0
2017-08-22,25.13,25.17,25.11,25.13,23436,0
2017-08-23,25.15,25.15,25.13,25.13,18140,0
2017-08-24,25.14,25.16,25.14,25.14,12801,0
2017-08-25,25.15,25.1624,25.11,25.13,18622,0
2017-08-28,25.15,25.15,25.14,25.14,3572,0
2017-08-29,25.15,25.16,25.13,25.1599,4562,0
2017-08-30,25.16,25.16,25.14,25.15,4545,0
2017-08-31,25.15,25.16,25.145,25.1599,2692,0
2017-09-01,25.17,25.1799,25.16,25.1799,7052,0
2017-09-05,25.16,25.1601,25.16,25.1601,1327,0
2017-09-06,25.16,25.18,25.15,25.18,4224,0
2017-09-07,25.18,25.18,25.17,25.18,1259,0
2017-09-08,25.179,25.2,25.17,25.17,8228,0
2017-09-11,25.1791,25.19,25.17,25.17,3360,0
2017-09-12,25.2,25.2,25.17,25.17,44887,0
2017-09-13,25.18,25.24,25.18,25.222,264697,0
2017-09-14,25.1956,25.24,25.18,25.18,17122,0
2017-09-15,25.2,25.26,25.2,25.26,11554,0
2017-09-18,25.26,25.26,25.2088,25.25,7396,0
2017-09-19,25.2473,25.28,25.21,25.28,2022,0
2017-09-20,25.3043,25.319,25.2738,25.319,4750,0
2017-09-21,25.25,25.309,25.25,25.27,1515,0
2017-09-22,25.28,25.29,25.27,25.2762,6270,0
2017-09-25,25.27,25.2709,25.27,25.27,989,0
2017-09-26,25.27,25.34,25.27,25.3,19882,0
2017-09-27,25.3069,25.34,25.2926,25.3335,6237,0
2017-09-28,25.3271,25.35,25.3082,25.35,9691,0
2017-09-29,25.3345,25.3345,25.27,25.28,16591,0
2017-10-02,25.2959,25.3,25.29,25.29,5578,0
2017-10-03,25.299,25.299,25.29,25.29,529,0
2017-10-04,25.3,25.35,25.29,25.29,5004,0
2017-10-05,25.35,25.35,25.2959,25.2959,2234,0
2017-10-06,25.29,25.31,25.26,25.29,6528,0
2017-10-09,25.28,25.29,25.28,25.28,4021,0
2017-10-10,25.32,25.33,25.28,25.33,14102,0
2017-10-11,25.29,25.3395,25.29,25.32,37467,0
2017-10-12,25.3238,25.3301,25.3216,25.33,1357,0
2017-10-13,25.3562,25.4,25.3562,25.3853,3113,0
2017-10-16,25.4,25.45,25.3991,25.4,3469,0
2017-10-17,25.405,25.45,25.4,25.4,5225,0
2017-10-18,25.45,25.48,25.4343,25.45,8263,0
2017-10-19,25.46,25.48,25.4418,25.4523,2163,0
2017-10-20,25.48,25.5,25.431,25.5,7946,0
2017-10-23,25.45,25.45,25.44,25.44,2261,0
2017-10-24,25.45,25.45,25.44,25.45,15142,0
2017-10-25,25.43,25.465,25.4201,25.4201,3164,0
2017-10-26,25.43,25.47,25.42,25.445,1473,0
2017-10-27,25.47,25.51,25.4625,25.51,5106,0
2017-10-30,25.4885,25.51,25.4885,25.51,1441,0
2017-10-31,25.51,25.511,25.475,25.511,2045,0
2017-11-01,25.52,25.55,25.4835,25.55,7262,0
2017-11-02,25.52,25.56,25.52,25.56,3036,0
2017-11-03,25.53,25.57,25.51,25.52,7652,0
2017-11-06,25.58,25.58,25.51,25.54,3975,0
2017-11-07,25.58,25.58,25.54,25.54,320,0
2017-11-08,25.57,25.61,25.54,25.586,5028,0
2017-11-09,25.2,25.2,25.12,25.15,9806,0
2017-11-10,25.13,25.1899,25.11,25.11,2608,0
