2016-01-04,16.142,16.142,16.093,16.101,2695,0
2016-01-05,16.093,16.192,16.044,16.044,3093,0
2016-01-06,15.749,15.78,15.645,15.65,4971,0
2016-01-07,15.434,15.483,15.365,15.453,25785,0
2016-01-08,15.503,15.503,15.365,15.385,2606,0
2016-01-11,15.375,15.375,15.188,15.217,7407,0
2016-01-12,15.049,15.049,14.961,15.02,3635,0
2016-01-13,15.207,15.217,14.873,14.922,12505,0
2016-01-14,15.02,15.158,14.892,15.119,8632,0
2016-01-15,14.587,14.627,14.39,14.4,18342,0
2016-01-19,14.568,14.745,14.489,14.617,16154,0
2016-01-20,14.449,14.513,13.987,14.459,43947,0
2016-01-21,14.232,14.755,14.232,14.745,7262,0
2016-01-22,15.247,15.489,14.804,15.198,11136,0
2016-01-25,15.119,15.204,15.099,15.1,17458,0
2016-01-26,15.306,15.345,15.207,15.335,4623,0
2016-01-27,15.375,15.522,15.094,15.385,29618,0
2016-01-28,15.65,15.739,15.552,15.737,10683,0
2016-01-29,15.749,16.3,15.749,15.965,25849,0
2016-02-01,15.719,15.975,15.658,15.769,29906,0
2016-02-02,15.552,15.7,15.355,15.414,12082,0
2016-02-03,15.65,15.847,15.503,15.827,42830,0
2016-02-04,15.916,16.093,15.857,15.906,14425,0
2016-02-05,15.857,15.857,14.873,15.493,38278,0
2016-02-08,15.079,15.325,15.079,15.325,5049,0
2016-02-09,15.06,15.198,15.06,15.109,11096,0
2016-02-10,15.34,15.418,15.198,15.296,2129,0
2016-02-11,14.981,15.109,14.902,14.902,5334,0
2016-02-12,15.129,15.227,15.05,15.227,4110,0
2016-02-16,15.227,15.463,15.227,15.404,11745,0
2016-02-17,15.65,15.7,15.254,15.7,6932,0
2016-02-18,15.808,15.911,15.788,15.788,3063,0
2016-02-19,15.729,15.905,15.729,15.857,3590,0
2016-02-22,16.133,16.133,15.896,16.054,25181,0
2016-02-24,15.896,15.896,15.847,15.877,9241,0
2016-02-25,15.877,15.965,15.837,15.965,5692,0
2016-02-26,16.014,16.064,15.877,15.887,6827,0
2016-02-29,16.034,16.231,16.034,16.201,6113,0
2016-03-01,16.241,16.634,16.201,16.536,18160,0
2016-03-02,16.418,16.467,16.261,16.467,5898,0
2016-03-03,16.438,16.634,16.438,16.625,4281,0
2016-03-04,16.831,17.116,16.831,17.107,2232,0
2016-03-07,17.078,17.343,17.004,17.228,27118,0
2016-03-08,16.999,17.076,16.95,17.028,10976,0
2016-03-09,17.215,17.48,17.215,17.45,2875,0
2016-03-10,17.374,17.461,17.245,17.432,5922,0
2016-03-11,17.619,17.747,17.619,17.729,1887,0
2016-03-14,17.688,17.796,17.481,17.796,9411,0
2016-03-15,17.452,17.525,17.427,17.491,3974,0
2016-03-16,17.481,17.845,17.45,17.845,8577,0
2016-03-17,17.914,18.018,17.914,17.993,10249,0
2016-03-18,18.022,18.269,18.022,18.121,14441,0
2016-03-21,18.16,18.534,18.16,18.318,3134,0
2016-03-22,18.249,18.436,18.17,18.426,4927,0
2016-03-23,18.259,18.259,18.043,18.043,7896,0
2016-03-24,17.914,18.052,17.806,18.052,5079,0
2016-03-28,17.889,17.889,17.845,17.878,6013,0
2016-03-29,17.589,17.944,17.589,17.944,3275,0
2016-03-30,18.032,18.239,18.032,18.209,3826,0
2016-03-31,18.278,18.426,18.278,18.426,535,0
2016-04-01,18.091,18.406,18.082,18.337,3205,0
2016-04-04,18.308,18.308,18.003,18.022,9178,0
2016-04-05,17.835,17.983,17.816,17.983,5018,0
2016-04-06,17.914,18.18,17.776,18.18,6746,0
2016-04-07,17.963,18.052,17.894,18.003,4833,0
2016-04-08,18.2,18.298,18.2,18.217,4406,0
2016-04-11,18.259,18.515,18.259,18.396,9318,0
2016-04-12,18.357,18.81,18.357,18.81,7779,0
2016-04-13,18.849,18.958,18.83,18.879,8122,0
2016-04-14,18.849,18.879,18.842,18.842,1730,0
2016-04-15,18.741,18.79,18.583,18.662,10931,0
2016-04-18,18.485,18.774,18.456,18.706,8154,0
2016-04-19,18.78,18.987,18.78,18.973,6859,0
2016-04-20,19.056,19.213,19.056,19.164,5744,0
2016-04-21,19.115,19.115,18.918,18.938,10001,0
2016-04-22,18.879,19.145,18.879,18.948,7406,0
2016-04-25,19.026,19.026,18.8,18.889,10371,0
2016-04-26,18.889,18.958,18.889,18.948,1737,0
2016-04-27,18.879,19.095,18.839,18.869,23669,0
2016-04-28,18.771,19.026,18.771,18.879,17285,0
2016-04-29,18.928,19.046,18.908,18.938,9242,0
2016-05-02,18.977,19.08,18.898,18.977,19640,0
2016-05-03,18.938,18.938,18.53,18.544,15533,0
2016-05-04,18.387,18.534,18.21,18.229,9186,0
2016-05-05,18.278,18.607,18.209,18.347,9347,0
2016-05-06,18.308,18.416,17.52,17.821,24170,0
2016-05-09,17.776,17.894,17.776,17.894,7571,0
2016-05-10,18.111,18.131,17.894,18.062,21946,0
2016-05-11,18.072,18.298,17.993,18.131,50922,0
2016-05-12,18.328,18.328,18.091,18.131,22013,0
2016-05-13,18.032,18.121,17.963,17.963,22680,0
2016-05-16,18.013,18.308,18.003,18.141,65962,0
2016-05-17,18.013,18.239,18.013,18.101,29215,0
2016-05-18,18.022,18.111,17.668,17.885,50275,0
2016-05-19,17.914,17.914,17.639,17.776,25916,0
2016-05-20,17.845,17.845,17.55,17.55,32786,0
2016-05-23,17.511,17.511,17.383,17.422,15424,0
2016-05-24,17.383,17.904,17.383,17.678,39552,0
2016-05-25,17.806,18.022,17.806,17.894,23690,0
2016-05-26,18.022,18.159,17.973,18.072,11847,0
2016-05-27,18.003,18.052,17.963,18.013,5113,0
2016-05-31,18.013,18.013,17.796,17.845,10696,0
2016-06-01,17.796,17.826,17.707,17.826,2556,0
2016-06-02,17.688,18.022,17.589,17.914,11858,0
2016-06-03,18.101,18.224,18.022,18.219,10810,0
2016-06-06,18.259,18.308,18.18,18.288,12765,0
2016-06-07,18.367,18.554,18.337,18.505,12801,0
2016-06-08,18.662,18.771,18.603,18.695,27986,0
2016-06-09,18.524,18.544,18.465,18.481,25897,0
2016-06-10,18.209,18.308,18.062,18.062,37890,0
2016-06-13,17.983,18.091,17.879,17.894,9333,0
2016-06-14,17.806,17.835,17.629,17.629,23144,0
2016-06-15,17.727,17.727,17.481,17.658,28284,0
2016-06-16,17.491,17.491,17.304,17.324,35727,0
2016-06-17,17.373,17.481,17.373,17.461,19051,0
2016-06-20,17.776,17.865,17.717,17.855,16072,0
2016-06-21,17.894,18.116,17.767,18.052,16590,0
2016-06-22,18.141,18.141,17.865,17.865,29558,0
2016-06-23,18.022,18.446,18.022,18.426,33103,0
2016-06-24,17.767,17.934,17.678,17.678,26312,0
2016-06-27,17.629,17.629,17.205,17.274,44407,0
2016-06-28,17.609,17.737,17.589,17.737,21867,0
2016-06-29,17.904,18.013,17.767,17.985,23076,0
2016-06-30,17.894,18.072,17.796,18.032,14591,0
2016-07-01,18.022,18.032,17.944,17.973,15522,0
2016-07-05,17.845,17.845,17.757,17.816,13292,0
2016-07-06,17.589,17.793,17.56,17.786,3626,0
2016-07-07,17.826,17.914,17.57,17.717,27825,0
2016-07-08,18.013,18.062,17.993,18.032,43255,0
2016-07-11,18.278,18.298,18.096,18.096,10880,0
2016-07-12,18.259,18.509,18.259,18.416,9996,0
2016-07-13,18.426,18.5,18.396,18.5,18928,0
2016-07-14,18.603,18.839,18.603,18.702,11640,0
2016-07-15,18.771,18.771,18.623,18.652,15051,0
2016-07-18,18.652,18.79,18.534,18.554,45048,0
2016-07-19,18.446,18.446,18.121,18.131,15943,0
2016-07-20,18.16,18.269,18.062,18.16,22931,0
2016-07-21,18.18,18.18,18.062,18.082,13584,0
2016-07-22,18.17,18.17,18.013,18.032,13471,0
2016-07-25,18.091,18.091,17.855,17.934,17231,0
2016-07-26,17.845,17.924,17.845,17.894,20927,0
2016-07-27,17.904,17.993,17.806,17.944,9461,0
2016-07-28,17.875,18.042,17.875,17.973,9172,0
2016-07-29,17.963,18.101,17.914,18.091,8421,0
2016-08-01,18.003,18.003,17.855,17.865,7011,0
2016-08-03,17.806,17.993,17.786,17.983,8695,0
2016-08-04,17.983,17.983,17.737,17.983,26945,0
2016-08-05,17.924,18.141,17.924,18.111,4141,0
2016-08-08,18.288,18.33,18.288,18.318,6783,0
2016-08-09,18.515,18.515,18.328,18.446,5120,0
2016-08-10,18.465,18.465,18.316,18.367,10020,0
2016-08-11,18.436,18.544,18.338,18.524,7881,0
2016-08-12,18.534,18.583,18.495,18.495,6502,0
2016-08-15,18.702,18.829,18.702,18.79,12252,0
2016-08-16,18.8,18.8,18.692,18.692,15749,0
2016-08-17,18.623,18.662,18.524,18.652,13458,0
2016-08-18,18.583,18.696,18.555,18.692,9881,0
2016-08-19,18.584,18.618,18.524,18.544,2620,0
2016-08-22,18.495,18.598,18.495,18.564,64646,0
2016-08-23,18.633,18.839,18.633,18.643,44640,0
2016-08-24,18.643,18.702,18.544,18.593,14871,0
2016-08-25,18.505,18.584,18.456,18.564,14682,0
2016-08-26,18.515,18.623,18.395,18.395,12473,0
2016-08-29,18.436,18.652,18.436,18.652,6606,0
2016-08-30,18.603,18.643,18.544,18.594,8868,0
2016-08-31,18.574,18.574,18.416,18.475,20515,0
2016-09-01,18.456,18.524,18.426,18.475,33000,0
2016-09-02,18.652,18.751,18.652,18.659,7560,0
2016-09-06,18.82,18.997,18.79,18.967,28617,0
2016-09-07,19.046,19.076,18.977,19.076,10423,0
2016-09-08,19.135,19.253,19.026,19.056,13772,0
2016-09-09,18.761,18.849,18.702,18.702,8512,0
2016-09-12,18.564,18.859,18.564,18.79,12866,0
2016-09-13,18.593,18.593,18.343,18.343,13750,0
2016-09-14,18.505,18.643,18.505,18.574,76939,0
2016-09-15,18.652,18.702,18.524,18.623,17893,0
2016-09-16,18.534,18.544,18.446,18.544,10866,0
2016-09-19,18.623,18.672,18.456,18.603,11182,0
2016-09-20,18.593,18.593,18.397,18.465,21428,0
2016-09-21,18.515,18.731,18.465,18.731,24665,0
2016-09-22,18.879,18.918,18.672,18.839,14727,0
2016-09-23,18.81,18.81,18.702,18.771,20370,0
2016-09-26,18.515,18.751,18.515,18.711,16104,0
2016-09-27,18.721,18.721,18.581,18.652,9726,0
2016-09-28,18.643,18.81,18.603,18.779,23340,0
2016-09-29,18.711,18.82,18.672,18.672,7231,0
2016-09-30,18.79,18.898,18.702,18.898,16870,0
2016-10-03,18.741,18.948,18.741,18.948,7734,0
2016-10-04,18.869,18.869,18.692,18.761,11775,0
2016-10-05,18.859,18.967,18.761,18.948,10594,0
2016-10-06,18.958,18.977,18.889,18.898,17361,0
2016-10-07,18.879,18.879,18.259,18.623,19143,0
2016-10-10,18.633,18.938,18.633,18.82,19466,0
2016-10-11,18.83,18.898,18.702,18.702,52766,0
2016-10-12,18.702,18.761,18.613,18.741,5418,0
2016-10-13,18.564,18.564,18.396,18.396,26751,0
2016-10-14,18.456,18.534,18.388,18.534,19520,0
2016-10-17,18.456,18.456,18.318,18.436,9366,0
2016-10-18,18.544,18.682,18.495,18.623,18430,0
2016-10-19,18.574,18.83,18.574,18.82,19005,0
2016-10-20,18.8,19.046,18.8,18.948,44153,0
2016-10-21,18.859,18.891,18.771,18.869,13228,0
2016-10-24,18.879,18.928,18.869,18.908,7809,0
2016-10-25,19.046,19.046,18.741,18.948,13013,0
2016-10-26,18.879,18.879,18.751,18.78,4835,0
2016-10-27,18.849,18.849,18.751,18.82,1646,0
2016-10-28,18.8,18.8,18.613,18.697,12453,0
2016-10-31,18.711,18.849,18.711,18.711,4986,0
2016-11-01,18.79,18.839,18.702,18.81,5806,0
2016-11-02,18.692,18.711,18.554,18.554,15630,0
2016-11-03,18.583,18.672,18.563,18.593,10858,0
2016-11-04,18.534,18.534,18.308,18.406,13992,0
2016-11-07,18.485,18.574,18.259,18.574,22893,0
2016-11-08,18.377,18.564,18.318,18.505,17068,0
2016-11-09,18.593,18.802,18.493,18.682,24740,0
2016-11-10,18.938,18.938,18.652,18.731,20613,0
2016-11-11,18.623,18.633,18.426,18.465,19933,0
2016-11-14,18.278,18.347,18.101,18.16,28180,0
2016-11-15,18.072,18.465,18.072,18.416,15373,0
2016-11-16,18.249,18.505,17.958,18.259,14193,0
2016-11-17,18.416,18.426,18.337,18.357,12662,0
2016-11-18,18.377,18.377,18.239,18.309,7390,0
2016-11-21,18.406,18.574,18.357,18.495,12753,0
2016-11-22,18.731,18.908,18.603,18.908,9755,0
2016-11-23,18.633,18.761,18.633,18.741,4000,0
2016-11-25,18.613,18.711,18.613,18.711,8331,0
2016-11-28,18.692,18.869,18.692,18.8,13889,0
2016-11-29,18.761,18.761,18.593,18.633,14366,0
2016-11-30,18.761,19.174,18.751,18.895,25103,0
2016-12-01,19.026,19.026,18.859,18.859,10262,0
2016-12-02,18.918,18.958,18.741,18.81,18586,0
2016-12-05,18.928,19.154,18.791,19.105,99924,0
2016-12-06,19.164,19.381,18.849,19.381,25160,0
2016-12-07,19.381,19.755,19.341,19.715,21377,0
2016-12-08,19.617,19.922,19.617,19.902,10264,0
2016-12-09,19.824,19.981,19.755,19.853,14155,0
2016-12-12,19.942,20.198,19.942,20.127,15401,0
2016-12-13,20.178,20.572,20.178,20.365,32165,0
2016-12-14,19.686,20.286,19.686,20.05,36598,0
2016-12-15,20.306,20.572,20.035,20.326,45746,0
2016-12-16,20.267,20.375,20.149,20.208,24893,0
2016-12-19,20.286,20.286,19.971,19.971,27304,0
2016-12-20,20.001,20.217,19.981,20.149,66638,0
2016-12-21,20.129,20.217,20.129,20.13,32871,0
2016-12-22,20.089,20.139,19.991,20.131,12809,0
2016-12-23,20.08,20.089,20.011,20.089,4918,0
2016-12-27,19.952,20.306,19.952,20.144,14620,0
2016-12-28,20.15,20.27,20.15,20.26,3810,0
2016-12-29,20.23,20.55,20.23,20.55,23512,0
2016-12-30,20.44,20.68,20.44,20.57,23526,0
2017-01-03,20.81,21.02,20.6755,20.75,12186,0
2017-01-04,20.82,21.05,20.77,20.87,13284,0
2017-01-05,20.87,21.09,20.81,20.95,24867,0
2017-01-06,20.87,20.95,20.71,20.85,15808,0
2017-01-09,20.62,20.85,20.59,20.77,9327,0
2017-01-10,20.85,20.88,20.69,20.7,21907,0
2017-01-11,20.71,20.88,20.68,20.79,18395,0
2017-01-12,20.85,20.96,20.76,20.95,16346,0
2017-01-13,20.77,20.94,20.77,20.9,12571,0
2017-01-17,20.78,20.89,20.71,20.71,5017,0
2017-01-18,20.77,20.825,20.72,20.72,7198,0
2017-01-19,20.68,20.72,20.57,20.59,7556,0
2017-01-20,20.59,20.9099,20.57,20.7,12681,0
2017-01-23,20.69,20.74,20.53,20.74,4621,0
2017-01-24,20.7,20.9,20.68,20.88,19730,0
2017-01-25,20.9,21,20.87,20.93,12831,0
2017-01-26,20.94,21.14,20.931,21.06,33657,0
2017-01-27,21.01,21.45,21.01,21.45,16342,0
2017-01-30,21.38,21.38,21.0201,21.33,71265,0
2017-01-31,21.33,21.49,21.33,21.4189,30070,0
2017-02-01,21.5,21.5,21.4,21.42,9943,0
2017-02-02,21.41,21.63,21.26,21.5268,15375,0
2017-02-03,21.5401,21.7,21.5401,21.61,10351,0
2017-02-06,21.61,21.67,21.49,21.4915,10270,0
2017-02-07,21.31,21.5756,21.31,21.563,11372,0
2017-02-08,21.49,21.49,21.3,21.3,34222,0
2017-02-09,21.24,21.3011,20.73,21.14,32325,0
2017-02-10,21.19,21.32,21.13,21.19,78415,0
2017-02-13,21.13,21.27,20.7867,21.24,12672,0
2017-02-14,21.35,21.42,21.3,21.35,7831,0
2017-02-15,21.22,21.4,21.22,21.29,4367,0
2017-02-16,21.27,21.2755,20.8426,21.2755,3747,0
2017-02-17,21.22,21.22,20.9701,21.14,16026,0
2017-02-21,21.17,21.28,21.17,21.19,9728,0
2017-02-22,21.08,21.16,21.03,21.15,18758,0
2017-02-23,21.2,21.2,21.13,21.15,5661,0
2017-02-24,20.91,21.06,20.909,20.95,19350,0
2017-02-27,21.02,21.02,20.9,20.94,8248,0
2017-02-28,20.84,20.84,20.5516,20.71,17049,0
2017-03-01,20.88,20.88,20.72,20.79,72804,0
2017-03-02,20.7,20.75,20.4432,20.68,13880,0
2017-03-03,20.75,20.81,20.48,20.71,32262,0
2017-03-06,20.71,20.71,20.49,20.53,13396,0
2017-03-07,20.43,20.5535,20.43,20.47,15986,0
2017-03-08,20.47,20.48,20.17,20.17,11783,0
2017-03-09,20.14,20.14,19.74,19.74,20352,0
2017-03-10,19.94,20,19.85,19.96,14033,0
2017-03-13,20.02,20.19,20.02,20.19,4956,0
2017-03-14,20.11,20.11,19.89,19.91,13249,0
2017-03-15,19.96,20.19,19.96,20.15,26986,0
2017-03-16,20.2,20.51,20.17,20.48,47234,0
2017-03-17,20.61,20.79,20.61,20.79,9099,0
2017-03-20,20.68,20.97,20.43,20.93,11467,0
2017-03-21,21.01,21.19,20.74,20.86,15515,0
2017-03-22,20.72,20.965,20.69,20.96,9846,0
2017-03-23,20.83,21.04,20.83,21,9057,0
2017-03-24,21,21.1346,21,21.13,5385,0
2017-03-27,21.01,21.18,20.76,21.18,11940,0
2017-03-28,21.06,21.1,20.72,21.07,5806,0
2017-03-29,21.08,21.13,20.85,21.05,21581,0
2017-03-30,21.03,21.2,21.03,21.09,13572,0
2017-03-31,21.02,21.02,20.82,20.93,21476,0
2017-04-03,20.93,21.2,20.75,21.07,19551,0
2017-04-04,21.09,21.27,21.09,21.21,4665,0
2017-04-05,21.38,21.48,21.19,21.22,27956,0
2017-04-06,21.25,21.55,21.25,21.52,20152,0
2017-04-07,21.36,21.36,20.99,21.28,28408,0
2017-04-10,21.17,21.17,20.96,21.1,58833,0
2017-04-11,21.13,21.2,21.07,21.09,25406,0
2017-04-12,21.06,21.13,20.93,21.13,36898,0
2017-04-13,21.07,21.0868,20.86,20.88,4247,0
2017-04-17,20.97,21.1896,20.97,21.18,46909,0
2017-04-18,21.05,21.1,20.99,20.99,7237,0
2017-04-19,21.08,21.1612,20.82,20.86,22397,0
2017-04-20,21.05,21.05,20.88,20.89,35331,0
2017-04-21,20.9461,20.98,20.94,20.9701,5133,0
2017-04-24,21.15,21.325,21.15,21.3,26605,0
2017-04-25,21.31,21.58,21.31,21.55,35826,0
2017-04-26,21.49,21.64,21.49,21.57,15703,0
2017-04-27,21.64,21.67,21.62,21.67,9915,0
2017-04-28,21.67,21.71,21.57,21.71,16716,0
2017-05-01,21.57,21.89,21.55,21.85,7046,0
2017-05-02,21.84,21.97,21.83,21.97,25035,0
2017-05-03,21.84,21.86,21.78,21.86,5361,0
2017-05-04,21.81,21.81,21.426,21.51,10570,0
2017-05-05,21.43,21.71,21.43,21.71,2678,0
2017-05-08,21.71,21.71,21.6,21.6042,9399,0
2017-05-09,21.66,21.77,21.64,21.73,15997,0
2017-05-10,21.73,21.88,21.73,21.88,31273,0
2017-05-11,21.87,21.88,21.73,21.73,27701,0
2017-05-12,21.7,21.73,21.65,21.72,5053,0
2017-05-15,21.86,22.01,21.85,22.01,8583,0
2017-05-16,22.05,22.05,21.96,21.98,16455,0
2017-05-17,21.81,21.94,21.77,21.8399,13216,0
2017-05-18,21.6,21.67,21.42,21.65,11474,0
2017-05-19,21.78,22,21.78,21.99,10820,0
2017-05-22,22.05,22.05,21.94,21.98,10915,0
2017-05-23,22.08,22.0862,21.77,21.96,27546,0
2017-05-24,21.86,21.91,21.78,21.85,20442,0
2017-05-25,21.92,22.0271,21.84,21.84,7962,0
2017-05-26,21.86,21.98,21.84,21.98,7763,0
2017-05-30,21.76,21.98,21.76,21.95,10283,0
2017-05-31,21.79,21.79,21.66,21.68,6909,0
2017-06-01,21.55,21.7,21.55,21.64,23298,0
2017-06-02,21.72,21.81,21.68,21.81,3637,0
2017-06-05,21.65,21.9,21.65,21.82,5384,0
2017-06-06,21.73,21.761,21.67,21.68,17231,0
2017-06-07,21.57,21.62,21.54,21.54,3503,0
2017-06-08,21.57,21.65,21.57,21.6489,4240,0
2017-06-09,21.56,21.6701,21.56,21.65,9072,0
2017-06-12,21.61,21.65,21.47,21.61,16158,0
2017-06-13,21.72,21.76,21.72,21.74,3071,0
2017-06-14,21.73,21.73,21.31,21.34,15261,0
2017-06-15,21.25,21.31,20.97,21.31,11149,0
2017-06-16,21.35,21.35,21.17,21.2,4833,0
2017-06-19,21.26,21.449,21.26,21.36,6511,0
2017-06-20,21.11,21.16,21.03,21.03,10480,0
2017-06-21,21.03,21.3,20.8817,20.94,10553,0
2017-06-22,21.2,21.335,21.17,21.29,12244,0
2017-06-23,21.35,21.55,21.29,21.54,2441,0
2017-06-26,21.58,21.67,21.47,21.49,5911,0
2017-06-27,21.68,21.71,21.57,21.59,5067,0
2017-06-28,21.65,21.9461,21.65,21.92,10540,0
2017-06-29,21.84,21.84,21.707,21.74,12147,0
2017-06-30,21.91,21.92,21.78,21.9,5006,0
2017-07-03,21.9,21.9,21.87,21.89,2550,0
2017-07-05,21.74,21.87,21.74,21.84,2945,0
2017-07-06,21.81,21.85,21.65,21.71,11964,0
2017-07-07,21.66,21.71,21.66,21.67,10468,0
2017-07-10,21.7,21.74,21.57,21.72,23222,0
2017-07-11,21.69,21.75,21.67,21.71,12879,0
2017-07-12,21.9,22.2,21.9,22.2,9384,0
2017-07-13,22.19,22.45,22.19,22.34,17402,0
2017-07-14,22.49,22.68,21.5223,22.68,8067,0
2017-07-17,22.48,22.72,22.45,22.45,8069,0
2017-07-18,22.62,22.64,22.46,22.6399,6426,0
2017-07-19,22.81,23,22.81,22.9,13788,0
2017-07-20,22.71,22.85,22.71,22.81,8285,0
2017-07-21,22.82,22.82,22.63,22.65,1122,0
2017-07-24,22.62,22.62,22.42,22.56,5981,0
2017-07-25,22.6,22.6,22.4136,22.42,1543,0
2017-07-26,22.53,22.78,22.53,22.78,7647,0
2017-07-27,22.81,22.81,22.56,22.57,9156,0
2017-07-28,22.59,22.628,22.49,22.62,16300,0
2017-07-31,22.6,22.68,22.13,22.58,16978,0
2017-08-01,22.74,22.75,22.65,22.67,7675,0
2017-08-02,22.54,22.91,22.54,22.88,5966,0
2017-08-03,23,23,22.75,22.93,19820,0
2017-08-04,23.01,23.1399,23.01,23.13,3635,0
2017-08-07,23.24,23.27,23.235,23.25,13906,0
2017-08-08,23.24,23.3,23.24,23.25,7459,0
2017-08-09,23.15,23.15,22.9,23.13,12594,0
2017-08-10,23.01,23.08,22.57,22.57,17422,0
2017-08-11,22.55,22.98,22.5,22.77,10462,0
2017-08-14,23.05,23.05,22.68,22.88,11405,0
2017-08-15,22.72,22.9099,22.6,22.65,11214,0
2017-08-16,22.85,22.9393,22.8,22.86,3601,0
2017-08-17,22.78,22.8867,22.69,22.715,14438,0
2017-08-18,22.63,22.89,22.63,22.89,2454,0
2017-08-21,22.81,22.8148,22.63,22.7971,7970,0
2017-08-22,22.7,22.96,22.7,22.96,8670,0
2017-08-23,22.99,22.99,22.83,22.965,1247,0
2017-08-24,22.93,23.12,22.93,23.12,8800,0
2017-08-25,23.21,23.49,23.19,23.43,7789,0
2017-08-28,23.55,23.71,23.51,23.7075,9651,0
2017-08-29,23.56,23.7,23.52,23.64,4701,0
2017-08-30,23.72,23.84,23.495,23.84,9356,0
2017-08-31,23.68,24.11,23.68,24.11,13926,0
2017-09-01,24.22,24.22,24.087,24.09,24127,0
2017-09-05,23.94,24.0179,23.76,23.96,17828,0
2017-09-06,23.95,24.02,23.941,24.02,16666,0
2017-09-07,24.17,24.28,24.17,24.28,4463,0
2017-09-08,24.35,24.42,24.21,24.21,2849,0
2017-09-11,24.37,25.5812,24.19,24.5501,8614,0
2017-09-12,24.56,24.56,24.41,24.41,4888,0
2017-09-13,24.44,24.44,24.33,24.33,4310,0
2017-09-14,24.3403,24.37,24.3403,24.36,1727,0
2017-09-15,24.42,24.46,24.31,24.38,10575,0
2017-09-18,24.41,24.41,24.23,24.35,12957,0
2017-09-19,24.328,24.328,24.328,24.328,180,0
2017-09-20,24.43,24.75,24.31,24.56,20491,0
2017-09-21,24.64,24.6736,24.64,24.672,883,0
2017-09-22,24.62,24.648,24.62,24.648,1376,0
2017-09-25,24.68,25,24.68,25,29263,0
2017-09-26,24.93,24.93,24.6,24.73,3664,0
2017-09-27,24.61,24.6485,24.58,24.6485,3944,0
2017-09-28,24.65,24.65,24.5,24.53,2826,0
2017-09-29,24.55,25.56,24.55,24.7201,5059,0
2017-10-02,24.69,24.69,24.41,24.41,3040,0
2017-10-03,24.61,24.6399,24.51,24.5999,10775,0
2017-10-04,24.5535,24.581,24.54,24.55,7696,0
2017-10-05,24.55,24.75,24.55,24.71,2541,0
2017-10-06,24.62,24.64,24.53,24.63,10909,0
2017-10-09,24.73,24.73,24.6,24.6056,7540,0
2017-10-10,24.68,24.69,24.6,24.64,5519,0
2017-10-11,24.71,25.0501,24.666,25.05,6668,0
2017-10-12,25.04,25.04,24.72,24.72,4648,0
2017-10-13,24.94,25.05,24.9,24.93,30972,0
2017-10-16,24.92,24.98,24.88,24.98,42860,0
2017-10-17,24.99,25.09,24.8,24.84,11544,0
2017-10-18,24.98,25.17,24.925,25.13,10925,0
2017-10-19,24.99,24.99,24.79,24.79,6523,0
2017-10-20,24.8,24.9015,24.7545,24.89,6341,0
2017-10-23,24.89,24.89,24.35,24.75,6248,0
2017-10-24,24.77,24.84,24.6,24.74,14586,0
2017-10-25,24.68,24.68,24.38,24.56,11274,0
2017-10-26,24.78,24.78,24.41,24.64,9704,0
2017-10-27,24.3501,24.64,24.3501,24.64,9280,0
2017-10-30,24.5988,24.73,24.5988,24.73,2583,0
2017-10-31,24.76,24.76,24.411,24.52,9004,0
2017-11-01,24.7,24.8,24.65,24.74,18384,0
2017-11-02,24.73,24.73,24.56,24.62,4808,0
2017-11-03,24.61,24.63,24.42,24.63,48840,0
2017-11-06,24.59,24.72,24.221,24.7,9520,0
2017-11-07,24.7,25.22,24.7,25.02,25684,0
2017-11-08,25.06,25.06,24.71,24.79,15523,0
2017-11-09,24.82,24.85,24.77,24.85,6828,0
2017-11-10,24.86,24.8601,24.6,24.8601,7288,0
