2016-01-04,37.17,37.995,36.955,37.577,3516255,0
2016-01-05,37.466,37.724,36.324,36.399,2890994,0
2016-01-06,35.861,35.917,32.72,33.253,5078258,0
2016-01-07,32.762,34.015,31.258,31.677,5400045,0
2016-01-08,31.918,32.567,31.278,31.38,4451294,0
2016-01-11,31.557,31.611,29.931,30.108,3941491,0
2016-01-12,30.74,30.972,29.394,30.192,4664305,0
2016-01-13,30.499,30.999,29.283,29.467,5547446,0
2016-01-14,29.663,30.757,28.921,30.267,4195836,0
2016-01-15,29.348,30.118,28.689,29.292,5136992,0
2016-01-19,29.726,29.819,27.724,28.068,4050475,0
2016-01-20,27.724,27.724,24.216,27.111,11817151,0
2016-01-21,27.075,28.865,27.018,28.086,6339157,0
2016-01-22,28.865,29.717,27.519,27.798,6831706,0
2016-01-25,27.362,27.418,26.201,26.537,4439189,0
2016-01-26,26.415,27.695,25.979,27.362,4408509,0
2016-01-27,27.695,28.736,26.889,27.89,4392462,0
2016-01-28,28.04,28.298,27.278,28.142,3705460,0
2016-01-29,28.186,28.625,27.576,27.835,5384336,0
2016-02-01,27.752,28.429,26.879,28.058,4211809,0
2016-02-02,27.929,27.929,26.664,27.326,3376486,0
2016-02-03,27.621,28.049,26.174,27.882,5614539,0
2016-02-04,28.02,28.606,27.464,28.382,5878295,0
2016-02-05,28.152,28.466,27.297,27.808,4544735,0
2016-02-08,27.093,27.269,24.811,25.988,5612024,0
2016-02-09,25.72,27.594,25.423,26.415,5374569,0
2016-02-10,26.613,27.231,26.032,26.097,2706266,0
2016-02-11,25.236,27.588,24.652,27.231,5496799,0
2016-02-12,27.953,28.732,27.175,28.132,6468764,0
2016-02-16,28.563,29.715,27.841,29.201,6540641,0
2016-02-17,29.342,30.275,28.901,29.724,6377920,0
2016-02-18,30.945,32.341,30.692,32.231,7862362,0
2016-02-19,32.06,32.06,30.766,30.945,5939634,0
2016-02-22,31.263,31.92,31.067,31.451,4204432,0
2016-02-23,30.991,31.366,30.101,30.13,4161440,0
2016-02-24,29.858,29.988,28.17,29.774,6272209,0
2016-02-25,30.13,31.555,29.603,31.095,4364548,0
2016-02-26,31.441,32.942,31.441,32.773,5996764,0
2016-02-29,32.895,34.828,32.754,34.189,6629525,0
2016-03-01,34.695,35.372,33.599,33.992,3612412,0
2016-03-02,32.821,33.693,32.248,32.577,5371207,0
2016-03-03,33.063,34.124,32.684,33.937,4233275,0
2016-03-04,34.162,34.63,32.361,32.436,6601714,0
2016-03-07,32.614,34.77,32.445,34.583,5550375,0
2016-03-08,34.359,34.714,33.032,33.063,4002339,0
2016-03-09,33.319,33.937,32.539,33.215,3411361,0
2016-03-10,33.177,33.215,30.841,31.545,4555114,0
2016-03-11,32.454,34.354,32.31,33.42,5275654,0
2016-03-14,33.27,33.963,32.998,33.327,3567409,0
2016-03-15,33.232,33.27,31.067,31.535,3883829,0
2016-03-16,31.338,32.042,30.786,32.024,4236900,0
2016-03-17,32.333,32.998,31.874,32.867,3991330,0
2016-03-18,33.054,33.693,32.389,32.811,4180239,0
2016-03-21,32.651,33.27,32.539,32.875,2495094,0
2016-03-22,32.473,32.548,31.803,31.817,3206913,0
2016-03-23,31.658,31.685,30.832,30.917,3236906,0
2016-03-24,30.419,30.419,29.519,29.951,4461354,0
2016-03-28,29.519,30.316,28.929,29.809,4160502,0
2016-03-29,29.51,30.261,28.854,29.923,2770843,0
2016-03-30,30.054,30.383,29.651,29.988,2895438,0
2016-03-31,29.923,30.175,28.882,29.388,4442955,0
2016-04-01,28.948,30.269,28.038,30.13,4131895,0
2016-04-04,29.903,30.307,29.144,29.266,2607911,0
2016-04-05,28.17,29.388,27.821,28.235,5108790,0
2016-04-06,27.785,28.265,26.914,27.494,5328693,0
2016-04-07,27.287,27.804,26.959,27.371,5486181,0
2016-04-08,27.719,28.666,27.699,27.916,3577327,0
2016-04-11,28.272,28.836,27.958,28.272,3230073,0
2016-04-12,28.309,28.836,27.673,28.637,3487893,0
2016-04-13,28.929,29.501,28.647,29.276,4723789,0
2016-04-14,28.685,29.013,28.272,28.685,4366694,0
2016-04-15,28.544,29.416,28.225,29.098,3757852,0
2016-04-18,28.742,29.68,28.601,29.416,2676871,0
2016-04-19,29.37,31.77,29.332,31.602,4986055,0
2016-04-20,31.808,33.008,31.386,32.698,6874954,0
2016-04-21,32.821,33.607,32.06,32.107,3907780,0
2016-04-22,32.341,32.849,30.991,31.169,3817808,0
2016-04-25,31.132,31.874,30.991,31.105,2426502,0
2016-04-26,31.142,31.971,31.012,31.592,2417673,0
2016-04-27,31.574,31.732,30.467,31.687,3263478,0
2016-04-28,31.058,32.98,30.653,32.181,3849105,0
2016-04-29,32.004,32.408,30.673,31.011,3094698,0
2016-05-02,31.095,31.396,30.204,31.263,2640696,0
2016-05-03,30.898,30.974,29.247,29.698,3659369,0
2016-05-04,29.21,30.195,28.882,30.11,5340913,0
2016-05-05,29.07,30.046,28.157,28.872,8009689,0
2016-05-06,28.591,29.784,28.553,29.07,3140966,0
2016-05-09,29.05,29.21,28.432,28.517,2495185,0
2016-05-10,28.497,28.891,27.082,28.601,5647848,0
2016-05-11,28.458,28.686,27.578,27.9,3996818,0
2016-05-12,28.686,28.809,26.119,26.376,5775120,0
2016-05-13,26.442,26.762,25.712,26.185,4932976,0
2016-05-16,26.318,27.274,26.309,27.104,3556241,0
2016-05-17,26.849,27.686,26.801,27.578,3696253,0
2016-05-18,27.531,28.161,26.858,27.067,3928953,0
2016-05-19,27.113,27.673,26.736,27.218,3653080,0
2016-05-20,27.274,27.502,26.821,27.076,4619644,0
2016-05-23,28.468,29.13,27.937,28.271,8953296,0
2016-05-24,27.947,28.032,25.93,26.148,12908667,0
2016-05-25,26.518,28.127,26.422,27.956,8326208,0
2016-05-26,28.373,28.553,27.333,27.426,6389788,0
2016-05-27,27.369,27.806,26.063,26.234,7374436,0
2016-05-31,26.234,26.271,25.569,26.195,6430948,0
2016-06-01,25.883,26.261,25.569,26.176,4139957,0
2016-06-02,26.176,26.775,26.044,26.498,6612571,0
2016-06-03,26.451,27.18,26.148,27.095,4459437,0
2016-06-06,27.89,29.51,27.654,29.5,8157234,0
2016-06-07,29.726,30.704,29.642,30.267,6589715,0
2016-06-08,30.277,30.382,28.961,29.435,3874192,0
2016-06-09,28.971,28.971,27.91,28.212,5159204,0
2016-06-10,27.843,28.44,27.303,27.681,5151600,0
2016-06-13,27.871,28.478,27.067,27.104,3645105,0
2016-06-14,27.067,27.625,25.978,26.261,4293338,0
2016-06-15,26.347,26.83,25.808,26.214,4863863,0
2016-06-16,25.948,26.327,25.143,26.129,4554160,0
2016-06-17,26.185,27.208,26.167,26.849,6981601,0
2016-06-20,27.028,27.7,26.432,26.479,3655676,0
2016-06-21,26.394,26.559,25.712,25.863,4875268,0
2016-06-22,26.044,26.299,25.537,25.588,3997824,0
2016-06-23,25.749,26.195,25.409,26.176,5134468,0
2016-06-24,25.134,25.211,23.444,24.083,11732996,0
2016-06-27,23.618,23.648,21.924,22.236,8002274,0
2016-06-28,22.595,23.185,22.35,22.785,6958029,0
2016-06-29,23.175,23.325,22.691,23.05,6091963,0
2016-06-30,23.07,23.52,22.379,22.824,4770483,0
2016-07-01,22.653,23.126,22.502,22.937,5110080,0
2016-07-05,22.814,22.956,22.019,22.293,3917061,0
2016-07-06,22.084,22.52,21.546,22.493,5066679,0
2016-07-07,22.643,23.032,22.14,22.255,3199221,0
2016-07-08,22.871,23.648,22.588,23.543,4053754,0
2016-07-11,23.695,24.017,23.316,23.363,3906396,0
2016-07-12,23.676,25.088,23.563,24.651,4616387,0
2016-07-13,24.689,25.578,24.274,25.494,5181297,0
2016-07-14,26.006,26.821,25.883,26.394,7801591,0
2016-07-15,26.508,26.536,25.598,25.986,4258095,0
2016-07-18,25.893,26.342,25.012,26.224,4123715,0
2016-07-19,25.759,25.836,24.955,25.143,5687261,0
2016-07-20,25.182,25.664,24.803,25.202,4380463,0
2016-07-21,25.324,25.637,24.813,24.897,3250049,0
2016-07-22,24.803,25.012,23.817,23.847,4783386,0
2016-07-25,23.827,24.073,23.24,23.989,6042939,0
2016-07-26,23.959,24.556,23.732,24.433,3041830,0
2016-07-27,24.49,24.935,23.856,24.064,4056687,0
2016-07-28,23.79,23.847,23.06,23.354,3943691,0
2016-07-29,23.25,23.439,22.493,23.373,4583333,0
2016-08-01,23.165,23.467,22.709,23.126,3814196,0
2016-08-02,23.06,23.79,22.776,23.193,3983264,0
2016-08-03,23.193,23.817,23.001,23.221,4126626,0
2016-08-04,21.516,21.735,19.67,20.295,27290866,0
2016-08-05,20.154,20.981,19.935,20.92,9393973,0
2016-08-08,21.063,22.048,20.986,21.961,6763721,0
2016-08-09,21.924,22.133,20.835,20.949,7546700,0
2016-08-10,20.939,21.139,20.342,20.427,8654409,0
2016-08-11,20.523,21.388,20.389,21.378,6435978,0
2016-08-12,21.34,21.859,21.119,21.465,9461839,0
2016-08-15,21.677,22.295,21.648,22.282,5158795,0
2016-08-16,22.368,22.511,22.138,22.282,6257166,0
2016-08-17,22.56,23.02,22.032,22.388,5887476,0
2016-08-18,22.348,22.406,21.686,21.839,5867432,0
2016-08-19,21.648,22.253,21.446,22.108,5277483,0
2016-08-22,22.118,22.78,21.897,22.753,3858485,0
2016-08-23,23.424,24.538,23.396,23.847,8147948,0
2016-08-24,23.942,23.961,23.02,23.089,6581483,0
2016-08-25,22.992,23.614,22.992,23.27,5159634,0
2016-08-26,23.587,23.817,22.934,23.03,5380152,0
2016-08-29,23.482,24.112,23.386,23.991,5107559,0
2016-08-30,24.048,25.671,23.895,25.133,14486109,0
2016-08-31,24.941,25.691,24.663,24.97,9258583,0
2016-09-01,25.076,25.137,24.461,24.586,4311912,0
2016-09-02,24.807,25.124,24.461,24.913,3866704,0
2016-09-06,24.923,25.115,24.5,24.634,3248624,0
2016-09-07,24.711,25.096,24.28,24.52,4036464,0
2016-09-08,24.394,25.422,24.385,24.932,5683970,0
2016-09-09,24.702,24.903,24.011,24.011,5195491,0
2016-09-12,23.933,24.643,23.721,24.5,4840792,0
2016-09-13,24.011,24.011,22.723,23.059,6548531,0
2016-09-14,23.116,23.194,22.424,23.079,6734128,0
2016-09-15,22.992,23.434,22.637,23.135,5589432,0
2016-09-16,22.799,23.241,22.78,23.069,4106785,0
2016-09-19,23.203,23.328,22.713,22.743,3614211,0
2016-09-20,22.905,22.905,22.224,22.378,5518705,0
2016-09-21,22.684,22.905,21.974,22.118,8510477,0
2016-09-22,22.253,22.77,22.214,22.31,4943622,0
2016-09-23,22.214,22.397,21.407,21.734,7247703,0
2016-09-26,21.648,22.002,21.378,21.744,5154801,0
2016-09-27,21.552,22.012,21.321,21.983,5676981,0
2016-09-28,22.138,23.079,22.118,23.001,6011907,0
2016-09-29,22.963,23.697,22.78,23.241,4646586,0
2016-09-30,23.338,23.746,23.001,23.386,4358776,0
2016-10-03,23.309,23.424,22.886,23.251,4433242,0
2016-10-04,23.318,23.731,23.194,23.434,4025112,0
2016-10-05,23.597,24.154,23.251,23.875,4881342,0
2016-10-06,23.789,24.115,23.059,23.684,4400722,0
2016-10-07,23.694,23.784,22.992,23.001,4048647,0
2016-10-10,23.203,23.386,22.858,22.915,3484561,0
2016-10-11,22.809,22.886,22.333,22.53,4217674,0
2016-10-12,22.55,22.637,21.662,22.012,4896317,0
2016-10-13,21.714,22.253,21.129,22.128,6325703,0
2016-10-14,22.329,22.627,21.34,21.398,4925935,0
2016-10-17,21.388,21.887,21.349,21.704,5279798,0
2016-10-18,21.955,22.693,21.829,22.53,5834470,0
2016-10-19,22.444,23.443,22.348,23.194,6690587,0
2016-10-20,22.858,24.356,22.597,23.991,8653055,0
2016-10-21,24.038,25.172,23.789,24.893,8931998,0
2016-10-24,24.893,24.913,24.011,24.346,4771060,0
2016-10-25,24.385,24.778,24.203,24.528,5060494,0
2016-10-26,24.442,24.97,24.24,24.538,4755284,0
2016-10-27,24.845,24.923,23.492,23.559,4756701,0
2016-10-28,23.645,23.942,23.135,23.549,4916531,0
2016-10-31,23.492,23.817,22.992,23.059,3645452,0
2016-11-01,23.194,24.02,22.973,23.905,7756311,0
2016-11-02,23.809,24.116,23.587,23.721,5799010,0
2016-11-03,22.637,22.637,21.302,21.704,20102466,0
2016-11-04,21.753,22.493,21.686,22.194,8217469,0
2016-11-07,22.58,22.723,22.204,22.368,6074083,0
2016-11-08,22.282,23.52,22.128,23.376,8628506,0
2016-11-09,23.099,25.661,22.785,25.432,11363715,0
2016-11-10,25.771,27.423,25.771,26.354,9414081,0
2016-11-11,26.325,27.199,26.141,26.986,7484503,0
2016-11-14,27.034,27.49,26.637,27.393,5888168,0
2016-11-15,27.238,27.443,26.629,27.005,5771857,0
2016-11-16,26.908,27.054,26.654,26.654,3605569,0
2016-11-17,26.83,26.986,26.174,26.315,5701691,0
2016-11-18,26.198,28.199,26.198,28.132,8164302,0
2016-11-21,28.734,29.375,28.54,29.015,7257618,0
2016-11-22,28.908,28.908,27.121,27.578,9731089,0
2016-11-23,27.5,27.656,26.977,27.568,6908487,0
2016-11-25,27.666,28.101,27.364,27.733,1807388,0
2016-11-28,27.646,27.967,27.121,27.383,3251626,0
2016-11-29,27.102,27.326,26.557,26.646,4049367,0
2016-11-30,27.18,28.472,27.024,28.112,6626243,0
2016-12-01,28.259,29.093,27.741,27.899,6113831,0
2016-12-02,27.967,28.763,27.258,27.568,5246977,0
2016-12-05,27.967,28.452,27.49,27.763,7990359,0
2016-12-06,27.48,27.957,27.024,27.753,7084265,0
2016-12-07,27.743,29.249,27.685,28.871,6946736,0
2016-12-08,29.065,29.871,28.871,29.501,4550992,0
2016-12-09,29.56,30.065,29.181,30.065,4782968,0
2016-12-12,29.938,29.987,27.85,28.171,6215520,0
2016-12-13,28.239,28.462,27.248,27.597,6716775,0
2016-12-14,27.47,28.015,27.231,27.306,3100599,0
2016-12-15,27.17,28.249,26.957,27.83,4585068,0
2016-12-16,27.763,28.763,27.413,28.636,10769754,0
2016-12-19,28.326,28.656,27.336,27.48,5576410,0
2016-12-20,27.656,28.254,27.48,28.162,4037250,0
2016-12-21,28.277,28.277,27.733,28.074,3893715,0
2016-12-22,28.142,29.307,27.996,29.249,4461194,0
2016-12-23,29.249,29.929,28.763,29.831,5636708,0
2016-12-27,30.026,31.192,29.841,31.036,6405855,0
2016-12-28,31.192,31.678,30.386,30.725,3751610,0
2016-12-29,30.618,31.123,30.54,30.988,4344372,0
2016-12-30,30.9,31.244,30.196,30.58,4304418,0
2017-01-03,31.105,31.658,30.754,30.959,6917865,0
2017-01-04,31.192,32.095,31.123,32.095,5640794,0
2017-01-05,32.095,32.444,31.396,32.105,6122979,0
2017-01-06,32.125,32.541,32.075,32.513,2923511,0
2017-01-09,32.513,32.979,32.125,32.804,4656108,0
2017-01-10,32.454,32.814,31.473,31.794,7016937,0
2017-01-11,31.93,33.26,31.925,33.213,6677995,0
2017-01-12,32.96,33.581,32.454,33.523,6075591,0
2017-01-13,33.387,33.707,32.387,33.008,4253700,0
2017-01-17,33.251,33.28,31.921,31.949,4918509,0
2017-01-18,31.949,31.959,31.366,31.396,5550029,0
2017-01-19,31.648,31.785,31.075,31.328,5166634,0
2017-01-20,32.755,33.357,32.095,33.223,8194318,0
2017-01-23,33.028,34.281,32.95,34.242,7772906,0
2017-01-24,34.611,36.068,34.543,35.796,10778083,0
2017-01-25,36.048,36.107,34.989,35.494,5096422,0
2017-01-26,33.814,35.437,33.513,35.175,6251307,0
2017-01-27,35.427,35.748,34.766,35.466,4333636,0
2017-01-30,35.242,35.242,34.116,34.378,4278330,0
2017-01-31,34.718,35.068,34.155,34.281,4483554,0
2017-02-01,34.329,35.641,34.252,35.582,4730065,0
2017-02-02,35.369,35.369,34.305,34.611,4026206,0
2017-02-03,34.766,35.106,34.523,34.66,3283301,0
2017-02-06,34.678,34.73,33.775,34.475,3996764,0
2017-02-07,34.047,34.543,33.367,33.892,5053528,0
2017-02-08,33.902,34.164,33.426,33.941,3158580,0
2017-02-09,33.902,34.009,33.464,33.503,3828098,0
2017-02-10,33.757,34.873,33.591,34.815,4295160,0
2017-02-13,35.048,36.039,34.989,35.661,6614113,0
2017-02-14,35.437,35.524,34.757,35.282,8192428,0
2017-02-15,35.458,35.516,33.616,33.782,9410508,0
2017-02-16,32.989,34.978,32.696,32.833,10831233,0
2017-02-17,32.823,33.45,32.627,33.411,6808455,0
2017-02-21,33.479,33.832,32.754,33.234,5245063,0
2017-02-22,33.067,33.278,32.51,32.539,3211698,0
2017-02-23,32.558,32.578,30.442,31.167,8153307,0
2017-02-24,30.776,30.864,29.953,30.511,5815673,0
2017-02-27,30.462,30.893,30.286,30.844,3979090,0
2017-02-28,30.511,31.481,30.384,30.776,5791310,0
2017-03-01,31.334,31.608,30.712,31.491,5773001,0
2017-03-02,31.491,31.637,30.884,30.913,4097357,0
2017-03-03,30.824,30.884,30.207,30.315,5413300,0
2017-03-06,30.159,30.442,29.797,30.198,3449530,0
2017-03-07,30.041,30.119,29.263,29.581,5448239,0
2017-03-08,29.502,29.825,28.934,29.012,4875878,0
2017-03-09,29.296,30.256,28.405,28.738,5635623,0
2017-03-10,28.787,29.002,28.405,28.816,3186158,0
2017-03-13,29.072,29.072,28.601,28.816,4606071,0
2017-03-14,28.582,28.582,27.906,28.091,4898880,0
2017-03-15,28.239,28.787,27.901,28.259,6541218,0
2017-03-16,28.503,28.562,27.769,28.121,5029747,0
2017-03-17,28.366,28.974,28.332,28.689,10185988,0
2017-03-20,29.365,29.777,29.042,29.767,6433838,0
2017-03-21,29.835,29.903,28.797,28.934,5184315,0
2017-03-22,28.689,28.974,28.131,28.631,4589964,0
2017-03-23,28.464,28.909,28.277,28.787,3753397,0
2017-03-24,28.886,29.09,28.385,28.582,6686178,0
2017-03-27,28.151,28.904,28.063,28.64,3458134,0
2017-03-28,28.66,29.8,28.533,29.62,4030906,0
2017-03-29,29.649,30.462,29.649,30.227,4435321,0
2017-03-30,29.992,30.227,28.876,29.062,6502053,0
2017-03-31,29.062,29.179,28.307,28.748,7521372,0
2017-04-03,28.816,29.062,27.563,27.837,5347149,0
2017-04-04,27.837,28.65,27.7,28.631,5248459,0
2017-04-05,28.787,28.914,28.171,28.209,3974481,0
2017-04-06,28.259,29.095,28.171,29.052,3714932,0
2017-04-07,28.934,29.238,28.601,28.904,2984188,0
2017-04-10,28.924,29.453,28.758,29.248,2355183,0
2017-04-11,29.208,29.394,28.914,29.042,4147188,0
2017-04-12,28.797,28.876,27.906,28.033,5180768,0
2017-04-13,27.915,28.259,27.7,27.837,2752369,0
2017-04-17,27.915,27.915,26.819,26.946,4703113,0
2017-04-18,26.711,26.711,26.192,26.525,4742857,0
2017-04-19,26.515,26.681,25.815,26.054,3540943,0
2017-04-20,26.152,26.397,25.986,26.035,3828425,0
2017-04-21,25.918,25.927,25.291,25.467,3998288,0
2017-04-24,25.77,25.918,25.369,25.868,3398950,0
2017-04-25,26.123,26.985,25.908,26.779,5201276,0
2017-04-26,26.623,26.887,26.427,26.701,3852871,0
2017-04-27,27.005,27.063,26.348,26.867,3068003,0
2017-04-28,26.995,26.995,26.162,26.192,3642522,0
2017-05-01,26.329,26.368,25.83,26.182,3873884,0
2017-05-02,26.074,26.084,25.408,25.83,7716248,0
2017-05-03,25.643,25.702,24.526,24.987,8462100,0
2017-05-04,25.662,26.907,25.526,26.515,13561775,0
2017-05-05,26.809,28.091,26.603,27.837,6801121,0
2017-05-08,28.171,28.728,27.093,27.19,6582365,0
2017-05-09,27.328,27.436,26.754,26.857,3885123,0
2017-05-10,26.907,27.348,26.853,27.054,3773385,0
2017-05-11,26.905,27.311,26.38,26.935,2987633,0
2017-05-12,26.915,27.281,26.38,26.519,2783055,0
2017-05-15,26.776,27.767,26.702,27.469,3992415,0
2017-05-16,27.529,27.935,27.41,27.796,5171863,0
2017-05-17,27.45,27.89,27.063,27.192,3705542,0
2017-05-18,26.737,27.242,26.519,27.143,2700555,0
2017-05-19,27.301,28.648,27.281,28.281,5024537,0
2017-05-22,28.41,28.569,27.509,28.014,2754015,0
2017-05-23,28.123,28.821,28.054,28.668,4182879,0
2017-05-24,28.678,29.004,28.029,28.163,3182828,0
2017-05-25,28.38,28.782,27.432,27.816,4901768,0
2017-05-26,27.717,27.915,27.361,27.856,2511037,0
2017-05-30,27.727,28.093,27.618,27.638,2758004,0
2017-05-31,27.648,27.846,26.454,26.638,4835718,0
2017-06-01,26.638,27.222,26.489,26.766,4182484,0
2017-06-02,26.667,26.727,25.538,26.143,6723528,0
2017-06-05,26.073,26.182,25.667,26.024,3530931,0
2017-06-06,25.935,26.152,25.4,25.845,3832714,0
2017-06-07,25.865,25.984,25.514,25.964,4968615,0
2017-06-08,25.964,26.984,25.746,26.509,3726573,0
2017-06-09,26.509,27.212,26.341,26.984,5165668,0
2017-06-12,26.945,28.212,26.816,27.093,5566724,0
2017-06-13,27.172,28.222,26.816,28.202,3289250,0
2017-06-14,28.222,28.222,27.063,27.103,3411525,0
2017-06-15,26.895,27.014,26.365,26.489,3521567,0
2017-06-16,26.489,27.311,26.36,27.311,4067163,0
2017-06-19,27.489,27.989,27.489,27.965,3145615,0
2017-06-20,27.747,27.747,26.865,26.915,3769377,0
2017-06-21,27.034,27.242,26.351,26.44,2837682,0
2017-06-22,26.331,27.341,26.251,27.073,3210665,0
2017-06-23,27.034,27.212,26.519,27.182,4304415,0
2017-06-26,27.311,27.39,26.816,27.143,3789893,0
2017-06-27,27.222,27.539,26.578,26.608,3386968,0
2017-06-28,26.865,27.281,26.776,26.905,2484909,0
2017-06-29,27.133,27.767,27.093,27.162,4447050,0
2017-06-30,27.222,27.806,26.697,27.687,4565935,0
2017-07-03,27.925,29.079,27.905,28.935,4090592,0
2017-07-05,29.054,29.054,28.074,28.44,5158863,0
2017-07-06,28.331,28.579,27.262,27.311,3730366,0
2017-07-07,27.331,27.658,27.004,27.618,3347095,0
2017-07-10,27.578,29.668,27.46,29.43,7797289,0
2017-07-11,29.42,29.767,28.4,29.153,4674100,0
2017-07-12,29.381,30.133,28.321,28.638,6586773,0
2017-07-13,28.579,29.41,28.024,29.222,4285520,0
2017-07-14,29.272,29.589,28.999,29.202,3732649,0
2017-07-17,29.173,29.569,28.648,28.985,3106549,0
2017-07-18,28.945,29.178,28.539,29.143,3033048,0
2017-07-19,29.321,30.539,29.311,30.51,5703032,0
2017-07-20,30.648,31.01,30.104,30.826,3950549,0
2017-07-21,30.638,31.005,30.589,30.836,2695610,0
2017-07-24,30.648,30.708,29.836,29.925,4921161,0
2017-07-25,30.262,30.678,29.608,29.876,6908016,0
2017-07-26,29.559,29.717,28.361,28.598,8540399,0
2017-07-27,28.648,28.915,28.163,28.529,4982151,0
2017-07-28,28.46,28.945,28.46,28.707,2734154,0
2017-07-31,28.757,29.282,28.697,29.064,6865584,0
2017-08-01,29.192,29.232,27.984,28.935,6204754,0
2017-08-02,28.905,28.994,28.212,28.44,5413466,0
2017-08-03,28.113,30.48,27.499,30.41,10029869,0
2017-08-04,30.658,32.054,30.569,31.896,8440687,0
2017-08-07,32.034,32.034,30.955,31.619,4225178,0
2017-08-08,31.549,31.906,30.975,31.183,5299535,0
2017-08-09,30.935,31.604,30.827,31.569,3621255,0
2017-08-10,31.292,32.272,30.361,30.46,6293248,0
2017-08-11,30.57,30.84,30.21,30.51,3853833,0
2017-08-14,30.8,30.8,30.2,30.22,2369447,0
2017-08-15,30.07,30.415,29.6,30.3,2819898,0
2017-08-16,30.3,30.74,30.04,30.21,2348502,0
2017-08-17,30.18,30.3,29.06,29.16,4742112,0
2017-08-18,29.08,29.37,28.55,29.03,3399458,0
2017-08-21,29.09,29.37,28.89,29.18,2153972,0
2017-08-22,29.2,29.62,29.13,29.24,2849055,0
2017-08-23,29.07,29.39,28.91,28.93,1873172,0
2017-08-24,28.94,29.17,28.645,29.03,3037998,0
2017-08-25,29.19,29.19,28.83,28.98,2082777,0
2017-08-28,29.1,29.46,28.79,29.03,4411246,0
2017-08-29,28.7,28.85,28.47,28.83,2052743,0
2017-08-30,28.8,29.145,28.56,28.94,2158544,0
2017-08-31,29.11,29.32,28.79,28.99,3119674,0
2017-09-01,28.99,30.08,28.89,29.98,3970028,0
2017-09-05,30,30.39,28.95,29.08,4929457,0
2017-09-06,29.26,31.35,29.21,31.2,5988856,0
2017-09-07,31.2,31.8,30.91,31.68,3973404,0
2017-09-08,31.65,32.27,31.47,32.04,3834917,0
2017-09-11,32.3,32.76,31.96,32.31,3500312,0
2017-09-12,32.5,33.56,31.92,32.19,5621869,0
2017-09-13,32.3,32.47,31.75,32.1,2184934,0
2017-09-14,32.07,32.44,31.901,32.36,3406320,0
2017-09-15,32.28,33,32.24,32.89,4863973,0
2017-09-18,33.47,36.51,33.32,35.1,10275019,0
2017-09-19,35.25,36.13,35.2,35.54,5590029,0
2017-09-20,35.63,36.01,34.86,35.19,4621334,0
2017-09-21,35.14,36.1,35.015,35.96,3225640,0
2017-09-22,35.83,35.99,35.125,35.23,3144631,0
2017-09-25,35.45,36.01,35.23,35.91,3658589,0
2017-09-26,35.78,35.875,34.33,34.88,5100039,0
2017-09-27,34.88,35.35,34.39,35.09,3814905,0
2017-09-28,35.28,35.79,34.43,34.84,4498976,0
2017-09-29,34.72,35.2,34.11,35.16,4051031,0
2017-10-02,35.11,35.53,34.69,35.4,3316248,0
2017-10-03,35.53,35.72,35.03,35.39,3332800,0
2017-10-04,35.42,35.86,34.91,35.1,2334356,0
2017-10-05,35.17,35.25,34.83,35.03,2198986,0
2017-10-06,34.87,34.9,33.98,34.2,3331542,0
2017-10-09,34.36,34.68,33.93,34.44,2712409,0
2017-10-10,34.44,34.56,34.05,34.48,2979818,0
2017-10-11,34.5,34.955,33.9499,34.91,5852078,0
2017-10-12,34.92,35.87,34.91,35.84,4038890,0
2017-10-13,36.07,37,35.93,36.8,6115821,0
2017-10-16,36.76,37.29,36.47,36.89,4277707,0
2017-10-17,36.9,37.39,36.47,37,4643565,0
2017-10-18,37.02,37.31,36.26,36.83,3160843,0
2017-10-19,36.54,36.77,36.01,36.33,3047858,0
2017-10-20,36.75,37.02,36.36,36.99,3194019,0
2017-10-23,36.9,37.19,36.28,36.31,2500953,0
2017-10-24,36.56,37.68,36.56,37.61,3252308,0
2017-10-25,37.47,38.01,37.17,37.68,3350316,0
2017-10-26,37.31,37.535,36.62,37.45,2314350,0
2017-10-27,37.15,37.53,36.67,37.11,2659086,0
2017-10-30,37.51,38.06,37.33,37.37,3952081,0
2017-10-31,37.62,38.1,37.42,37.98,4838558,0
2017-11-01,38.25,38.5,37.575,38.04,4431832,0
2017-11-02,38.74,39.04,36.71,38.55,5965827,0
2017-11-03,38.75,38.85,37.81,38.6,3506301,0
2017-11-06,38.67,39.32,38.6,39.21,3938647,0
2017-11-07,37.74,38,36.4201,36.89,6078964,0
2017-11-08,36.97,37.86,36.52,37.78,3320504,0
2017-11-09,37.52,38.01,36.77,37.14,3152474,0
2017-11-10,37.26,37.92,37,37.28,3391274,0
