2016-01-04,37.711,38.321,37.556,38.292,1646017,0
2016-01-05,38.516,38.544,37.76,37.856,1276434,0
2016-01-06,37.265,37.275,36.831,37.112,1721314,0
2016-01-07,36.529,36.761,36.046,36.073,2271083,0
2016-01-08,36.307,36.393,35.348,35.405,1997005,0
2016-01-11,35.425,35.571,34.534,34.894,2156389,0
2016-01-12,35.145,35.367,33.983,34.456,3045623,0
2016-01-13,34.553,34.553,33.024,33.305,2776807,0
2016-01-14,33.343,33.914,33.179,33.518,2519438,0
2016-01-15,32.366,32.839,31.522,32.482,2890271,0
2016-01-19,32.811,33.024,30.972,31.203,3235952,0
2016-01-20,30.651,30.737,29.76,30.389,3475813,0
2016-01-21,30.06,30.535,29.755,29.876,3652047,0
2016-01-22,30.437,30.624,29.837,30.002,2922405,0
2016-01-25,29.827,29.963,28.405,28.425,3832508,0
2016-01-26,28.568,28.839,28.4,28.627,3847761,0
2016-01-27,28.548,29.518,28.336,28.667,2884368,0
2016-01-28,28.967,29.106,28.064,28.22,2791478,0
2016-01-29,28.278,28.617,28.074,28.425,4852106,0
2016-02-01,28.376,30.08,27.978,28.917,5309466,0
2016-02-02,28.124,28.278,26.283,26.826,7035314,0
2016-02-03,26.679,26.689,25.257,26.322,6825395,0
2016-02-04,26.389,27.358,26.322,26.894,3281958,0
2016-02-05,27.349,27.933,27.165,27.415,4769333,0
2016-02-08,26.932,27.116,25.518,25.818,8124338,0
2016-02-09,25.393,26.06,25.305,25.896,5150337,0
2016-02-10,26.198,26.641,25.993,26.091,3856192,0
2016-02-11,25.303,25.438,24.527,24.981,2646087,0
2016-02-12,25.653,26.159,25.312,25.868,2662476,0
2016-02-16,26.266,26.694,25.848,26.587,2213441,0
2016-02-17,26.89,27.91,26.831,27.414,2406744,0
2016-02-18,27.514,28.137,27.313,28.02,3663201,0
2016-02-19,27.677,27.816,27.206,27.494,2984784,0
2016-02-22,27.853,28.984,27.816,28.915,2793800,0
2016-02-23,28.856,29.041,27.834,27.96,2450948,0
2016-02-24,27.533,27.93,26.89,27.873,1689287,0
2016-02-25,27.92,28.262,27.628,28.223,1756384,0
2016-02-26,28.533,29.82,28.533,29.217,3199633,0
2016-02-29,29.138,29.256,28.213,29.031,2891314,0
2016-03-01,29.158,29.977,27.98,29.958,3687595,0
2016-03-02,29.958,30.452,29.772,30.433,2029714,0
2016-03-03,30.512,31.295,30.415,31.224,2549523,0
2016-03-04,31.486,32.45,31.418,32.304,5340962,0
2016-03-07,32.011,32.274,31.575,32.168,2172794,0
2016-03-08,31.896,32.021,30.971,31.467,4616401,0
2016-03-09,31.661,32.021,30.951,31.691,3486241,0
2016-03-10,31.925,32.031,30.804,31.447,2050196,0
2016-03-11,31.876,32.538,31.622,32.51,1721707,0
2016-03-14,32.255,32.42,31.768,32.274,1424570,0
2016-03-15,31.934,31.964,31.076,31.671,2224923,0
2016-03-16,31.632,32.927,31.569,32.733,2450104,0
2016-03-17,32.587,34,32.236,33.98,2849171,0
2016-03-18,34.32,35.294,33.857,34.038,3289531,0
2016-03-21,34.019,34.252,33.638,34.125,2148771,0
2016-03-22,33.91,33.94,33.23,33.717,3995118,0
2016-03-23,33.258,33.425,31.896,32.363,6834371,0
2016-03-24,32.12,32.634,31.728,32.587,2536634,0
2016-03-28,32.139,32.557,31.263,31.603,5008289,0
2016-03-29,31.477,31.477,30.542,30.961,8900652,0
2016-03-30,31.263,31.728,31.027,31.194,5780793,0
2016-03-31,31.008,31.126,29.84,30.219,6967120,0
2016-04-01,29.938,30.552,29.636,30.405,3443572,0
2016-04-04,30.348,31.272,30.036,30.63,3672359,0
2016-04-05,30.016,30.502,29.859,30.122,2907327,0
2016-04-06,30.093,30.299,29.626,29.958,2908814,0
2016-04-07,29.781,30.239,29.576,29.84,4206556,0
2016-04-08,30.112,30.522,29.835,29.938,2981197,0
2016-04-11,30.064,30.659,29.928,29.987,2351427,0
2016-04-12,30.122,30.669,29.977,30.63,1860691,0
2016-04-13,30.981,31.828,30.902,31.603,2142250,0
2016-04-14,31.594,32.129,31.369,32.041,1791833,0
2016-04-15,32.226,32.52,31.314,31.603,2195676,0
2016-04-18,31.418,32.021,31.204,31.962,1727087,0
2016-04-19,32.031,32.743,31.925,32.664,1721175,0
2016-04-20,32.713,33.21,32.543,33.141,1420816,0
2016-04-21,33.278,33.559,33.025,33.074,2419673,0
2016-04-22,33.016,33.288,32.957,33.141,2894276,0
2016-04-25,32.839,33.181,32.44,32.897,3053863,0
2016-04-26,33.025,33.502,32.821,33.2,2957333,0
2016-04-27,33.2,33.737,32.996,33.589,2920881,0
2016-04-28,32.763,34.252,32.031,33.628,2467833,0
2016-04-29,33.326,33.92,32.821,33.668,2461355,0
2016-05-02,33.707,34,33.035,33.628,1302863,0
2016-05-03,33.074,33.074,32.149,32.44,1669182,0
2016-05-04,32.111,32.363,31.477,31.728,1547311,0
2016-05-05,31.808,31.972,31.263,31.477,907061,0
2016-05-06,31.165,31.603,31.057,31.564,1545109,0
2016-05-09,31.329,31.728,31.018,31.349,917408,0
2016-05-10,31.428,32.48,31.244,32.48,1910238,0
2016-05-11,32.46,32.998,32.215,32.333,1100547,0
2016-05-12,32.557,32.899,31.238,31.374,1862401,0
2016-05-13,31.403,31.687,30.429,30.582,2070191,0
2016-05-16,30.737,31.433,30.582,30.915,1887994,0
2016-05-17,30.767,31.439,30.67,30.846,1951906,0
2016-05-18,30.836,31.97,30.836,31.96,2830583,0
2016-05-19,31.687,32.215,31.238,31.482,932886,0
2016-05-20,31.57,32.089,31.57,31.785,879857,0
2016-05-23,31.755,31.95,31.442,31.805,638700,0
2016-05-24,32.167,32.803,32.044,32.567,1564692,0
2016-05-25,32.803,33.292,32.675,33.164,948100,0
2016-05-26,33.292,33.292,32.754,32.851,790308,0
2016-05-27,32.774,33.203,32.709,33.203,1043831,0
2016-05-31,33.419,33.743,33.262,33.517,2772602,0
2016-06-01,33.253,33.379,32.157,33.32,1790626,0
2016-06-02,33.223,33.468,32.959,33.409,803254,0
2016-06-03,32.929,32.959,31.825,32.929,1390942,0
2016-06-06,32.959,33.947,32.86,33.703,1598925,0
2016-06-07,33.79,33.967,33.478,33.604,1241493,0
2016-06-08,33.584,34.064,33.488,33.663,1080731,0
2016-06-09,33.33,33.33,32.665,33.115,1083212,0
2016-06-10,32.529,32.635,31.922,32.009,988319,0
2016-06-13,31.58,32.343,31.389,31.462,1069957,0
2016-06-14,31.228,31.531,30.04,30.279,1589720,0
2016-06-15,30.473,31.178,30.16,30.572,1472247,0
2016-06-16,30.249,30.463,29.569,30.375,1839493,0
2016-06-17,30.395,30.717,29.995,30.102,3180808,0
2016-06-20,30.797,31.228,30.698,30.777,1693177,0
2016-06-21,30.964,31.011,30.015,30.631,1105081,0
2016-06-22,30.651,31.001,30.463,30.533,765170,0
2016-06-23,31.11,31.491,31.08,31.491,1371657,0
2016-06-24,29.399,29.946,29.055,29.495,4421118,0
2016-06-27,28.742,28.859,27.715,27.833,3017716,0
2016-06-28,28.498,28.844,28.077,28.771,1748001,0
2016-06-29,29.232,30.131,29.05,30.005,1733790,0
2016-06-30,30.651,31.228,29.808,31.218,2346949,0
2016-07-01,30.757,31.423,30.434,30.826,1848945,0
2016-07-05,30.493,30.543,29.643,29.995,1565780,0
2016-07-06,29.653,30.279,29.349,30.131,1364390,0
2016-07-07,30.16,30.974,30.131,30.866,1390400,0
2016-07-08,31.394,32.382,31.394,31.835,1964789,0
2016-07-11,32.206,32.562,31.999,32.46,1692601,0
2016-07-12,32.998,33.359,32.86,33.028,2093097,0
2016-07-13,33.048,33.34,32.774,33.262,2055292,0
2016-07-14,33.897,34.171,33.517,33.594,2672612,0
2016-07-15,33.8,34.231,33.429,34.123,2389384,0
2016-07-18,34.064,34.359,33.907,33.927,2436161,0
2016-07-19,33.781,34.269,33.643,34.123,1736624,0
2016-07-20,34.289,34.339,33.838,34.132,1564750,0
2016-07-21,34.006,34.329,33.897,34.055,2467404,0
2016-07-22,34.113,34.299,33.907,34.269,1280339,0
2016-07-25,34.24,34.323,33.828,33.927,1218750,0
2016-07-26,33.907,33.917,33.512,33.653,3049271,0
2016-07-27,33.733,33.947,33.345,33.623,2853631,0
2016-07-28,33.282,34.142,32.187,33.987,2606582,0
2016-07-29,33.772,34.094,33.604,33.81,1812008,0
2016-08-01,33.81,34.142,33.302,33.399,1555007,0
2016-08-02,33.292,33.359,32.645,32.744,1720630,0
2016-08-03,32.764,33.233,32.764,33.086,1096975,0
2016-08-04,32.998,33.33,32.86,32.988,968757,0
2016-08-05,33.399,34.387,33.364,34.387,1512614,0
2016-08-08,34.484,34.748,34.279,34.349,1107430,0
2016-08-09,34.309,34.543,34.211,34.349,797020,0
2016-08-10,34.26,34.359,33.725,33.788,1503090,0
2016-08-11,33.856,34.156,33.65,33.866,1357884,0
2016-08-12,33.571,34.059,33.454,33.945,1346773,0
2016-08-15,34.024,34.649,33.935,34.604,1303543,0
2016-08-16,34.455,34.769,34.25,34.349,957166,0
2016-08-17,34.839,36.47,34.839,35.154,2788664,0
2016-08-18,35.084,35.439,35.084,35.233,983004,0
2016-08-19,35.065,35.242,34.809,35.194,639984,0
2016-08-22,35.144,35.517,34.859,35.508,1072462,0
2016-08-23,35.635,36.086,35.566,35.703,1129444,0
2016-08-24,35.753,36.018,35.439,35.536,1002062,0
2016-08-25,35.409,35.684,35.271,35.31,1112767,0
2016-08-26,35.37,35.67,34.929,35.233,1424618,0
2016-08-29,35.34,35.821,35.281,35.478,1024486,0
2016-08-30,35.596,35.959,35.596,35.959,799577,0
2016-08-31,36.009,36.274,35.566,36.234,1469362,0
2016-09-01,36.381,36.529,35.35,35.645,804343,0
2016-09-02,35.831,36.038,35.546,35.743,671807,0
2016-09-06,35.733,35.901,34.869,35.094,1833066,0
2016-09-07,34.977,35.68,34.849,35.596,970292,0
2016-09-08,35.655,35.798,35.33,35.526,922308,0
2016-09-09,35.449,35.831,35.114,35.154,987138,0
2016-09-12,34.819,35.62,34.24,35.526,1128701,0
2016-09-13,35.025,35.055,34.387,34.799,1117413,0
2016-09-14,34.721,35,34.141,34.349,1819093,0
2016-09-15,34.329,34.859,34.279,34.74,860935,0
2016-09-16,34.427,34.514,33.779,34.2,3770269,0
2016-09-19,34.436,34.673,34.067,34.417,1710843,0
2016-09-20,34.702,34.721,34.151,34.19,721007,0
2016-09-21,34.692,34.839,34.279,34.809,1407917,0
2016-09-22,34.899,35.252,34.702,35.144,1221168,0
2016-09-23,34.869,35.841,34.869,35.399,1445088,0
2016-09-26,35.074,35.214,34.436,34.614,1595787,0
2016-09-27,34.465,35.035,34.359,34.859,1091992,0
2016-09-28,35.134,35.841,34.986,35.831,1309794,0
2016-09-29,35.615,36.086,34.717,35.124,1198901,0
2016-09-30,35.675,35.949,35.055,35.665,1847377,0
2016-10-03,35.429,35.773,35.31,35.556,805700,0
2016-10-04,35.665,35.911,35.424,35.625,1403710,0
2016-10-05,35.831,36.234,35.625,35.625,1794180,0
2016-10-06,35.723,35.881,35.242,35.763,954066,0
2016-10-07,37.226,37.315,35.541,36.284,8530645,0
2016-10-10,36.529,36.529,35.869,36.116,3629866,0
2016-10-11,36.41,36.549,35.556,35.93,2601918,0
2016-10-12,35.979,36.058,35.526,35.841,1943956,0
2016-10-13,35.34,35.389,34.554,35.252,3068809,0
2016-10-14,35.974,35.999,35.33,35.546,1923879,0
2016-10-17,35.655,35.773,35.35,35.458,1208566,0
2016-10-18,36.018,36.068,35.3,35.979,2081006,0
2016-10-19,36.156,36.274,35.596,35.763,2427500,0
2016-10-20,35.763,35.959,35.33,35.526,2675231,0
2016-10-21,35.261,35.478,35.035,35.281,2099011,0
2016-10-24,35.468,36.175,35.194,35.881,6710111,0
2016-10-25,34.819,35.783,34.634,35.33,5864616,0
2016-10-26,35.005,35.655,34.939,35.468,4405613,0
2016-10-27,35.821,36.126,35.37,35.821,2277616,0
2016-10-28,35.911,35.959,35.228,35.33,2345233,0
2016-10-31,35.517,36.009,35.468,35.694,3994002,0
2016-11-01,35.793,35.999,34.939,35.31,2030033,0
2016-11-02,35.134,35.144,34.524,34.634,1747606,0
2016-11-03,35.074,35.655,34.929,35.144,2232791,0
2016-11-04,35.144,35.801,34.977,35.174,2838433,0
2016-11-07,36.018,36.391,35.685,35.811,2503216,0
2016-11-08,35.614,36.137,35.25,35.801,1536753,0
2016-11-09,36.483,37.44,36.039,37.145,4638717,0
2016-11-10,37.756,39.463,37.421,37.923,6353606,0
2016-11-11,37.607,38.16,37.361,37.943,3885085,0
2016-11-14,38.377,39.571,38.328,39.403,3595534,0
2016-11-15,38.91,39.837,38.692,39.837,2833955,0
2016-11-16,39.473,39.95,39.176,39.837,2659282,0
2016-11-17,39.807,40.991,39.807,40.686,2601376,0
2016-11-18,40.33,40.569,40.104,40.38,2130217,0
2016-11-21,40.577,40.661,40.123,40.428,1651153,0
2016-11-22,40.488,40.591,39.847,40.045,1053513,0
2016-11-23,40.35,40.607,40.104,40.498,1172699,0
2016-11-25,40.587,40.736,40.4,40.636,573402,0
2016-11-28,40.38,40.546,39.591,39.649,1360155,0
2016-11-29,39.906,39.975,39.561,39.619,856389,0
2016-11-30,40.301,40.725,40.231,40.301,1536437,0
2016-12-01,40.676,41.14,40.577,40.744,1987538,0
2016-12-02,40.557,40.912,40.34,40.784,1155862,0
2016-12-05,41.257,41.682,41.178,41.277,1339833,0
2016-12-06,41.613,42.185,41.456,41.998,1575001,0
2016-12-07,42.076,42.235,41.829,42.135,1939462,0
2016-12-08,42.501,42.867,42.205,42.332,1781943,0
2016-12-09,42.295,42.521,41.722,42.411,1138806,0
2016-12-12,42.245,42.571,41.692,42.027,1424348,0
2016-12-13,42.115,42.382,41.742,42.332,1509821,0
2016-12-14,41.949,42.954,41.742,41.929,1855226,0
2016-12-15,42.255,43.059,42.185,42.925,2169701,0
2016-12-16,43.143,43.211,42.391,42.678,4168072,0
2016-12-19,42.609,42.895,41.869,42.305,1312548,0
2016-12-20,42.541,43.211,42.347,43.191,1166993,0
2016-12-21,43.201,43.201,42.623,43.073,762035,0
2016-12-22,43.181,43.211,42.905,43.201,2026086,0
2016-12-23,43.133,43.319,43.013,43.231,780363,0
2016-12-27,43.241,43.369,42.905,43.26,607115,0
2016-12-28,43.27,43.31,42.521,42.581,2874469,0
2016-12-29,42.561,42.807,41.959,42.125,884088,0
2016-12-30,42.165,42.235,41.939,42.105,612931,0
2017-01-03,42.895,43.379,42.115,42.245,1592005,0
2017-01-04,42.332,43.399,42.27,43.28,1170042,0
2017-01-05,43.211,43.26,41.969,42.382,855088,0
2017-01-06,42.875,43.053,42.481,42.895,733093,0
2017-01-09,42.561,42.697,42.165,42.451,767452,0
2017-01-10,42.382,42.827,42.215,42.411,831499,0
2017-01-11,42.313,42.571,41.979,42.323,1052021,0
2017-01-12,42.076,42.382,41.789,42.115,1068835,0
2017-01-13,42.421,43.053,42.215,42.441,1121978,0
2017-01-17,41.979,42.018,40.7,40.873,2156476,0
2017-01-18,41.06,41.789,40.547,41.742,1993395,0
2017-01-19,41.849,41.979,41.337,41.456,744934,0
2017-01-20,41.573,41.949,41.456,41.583,1204543,0
2017-01-23,41.376,41.474,40.774,41.198,1240226,0
2017-01-24,41.464,42.225,41.178,42.018,819097,0
2017-01-25,42.421,42.727,42.17,42.688,1536274,0
2017-01-26,42.837,42.857,42.013,42.205,1422542,0
2017-01-27,42.125,42.295,41.678,41.692,1081545,0
2017-01-30,41.446,41.446,40.873,41.277,1877521,0
2017-01-31,41.247,41.909,39.531,40.636,3137963,0
2017-02-01,40.883,41.474,40.045,40.182,2045739,0
2017-02-02,39.729,40.528,39.531,40.478,2930472,0
2017-02-03,41.041,42.285,40.912,42.225,3103481,0
2017-02-06,41.899,42.295,41.431,41.523,1512665,0
2017-02-07,41.77,41.809,40.784,40.834,1529488,0
2017-02-08,40.566,40.873,39.913,40.665,2582597,0
2017-02-09,40.893,41.496,40.665,41.466,1387933,0
2017-02-10,41.705,41.783,41.423,41.676,949749,0
2017-02-13,42.041,42.437,41.953,42.08,1002504,0
2017-02-14,42.08,42.616,41.843,42.537,1418307,0
2017-02-15,42.675,42.893,42.512,42.844,1129290,0
2017-02-16,42.467,42.774,41.983,42.24,4331945,0
2017-02-17,41.983,43.309,41.933,43.289,2426398,0
2017-02-21,43.467,43.665,43.131,43.487,1673452,0
2017-02-22,43.368,43.408,42.883,42.903,1476347,0
2017-02-23,42.923,43.17,42.15,42.387,2443140,0
2017-02-24,41.853,42.397,41.636,42.358,1680976,0
2017-02-27,42.338,42.587,42.165,42.567,1577907,0
2017-02-28,42.23,42.754,42.17,42.477,1462191,0
2017-03-01,43.358,43.66,43.21,43.497,2079783,0
2017-03-02,43.467,43.487,42.655,42.675,1729730,0
2017-03-03,42.814,43.22,42.611,42.754,1823403,0
2017-03-06,42.437,42.616,42.09,42.497,1734737,0
2017-03-07,42.437,42.477,41.863,41.903,1519887,0
2017-03-08,42.358,42.462,41.73,41.773,2169623,0
2017-03-09,42.012,42.427,41.803,41.853,920382,0
2017-03-10,42.17,42.309,41.279,41.666,1098917,0
2017-03-13,41.576,41.754,41.141,41.249,1271093,0
2017-03-14,40.942,41.17,40.893,41.071,1282129,0
2017-03-15,41.279,41.556,41.16,41.179,2114080,0
2017-03-16,41.458,41.773,41.349,41.764,2463837,0
2017-03-17,41.764,41.933,41.388,41.754,4195810,0
2017-03-20,41.596,41.744,41.368,41.556,1235532,0
2017-03-21,41.843,42.012,39.764,39.813,2592989,0
2017-03-22,39.635,40.393,39.091,40.12,2008166,0
2017-03-23,40.051,40.942,39.932,40.467,1549131,0
2017-03-24,40.576,41.071,40.22,40.952,2042307,0
2017-03-27,39.566,40.764,39.121,40.725,1761287,0
2017-03-28,40.665,41.863,40.517,41.596,1663314,0
2017-03-29,41.496,41.863,41.299,41.586,1385202,0
2017-03-30,41.666,42.982,41.526,42.883,2248977,0
2017-03-31,42.834,42.834,42.368,42.507,2043303,0
2017-04-03,42.754,42.784,41.783,42.041,1981677,0
2017-04-04,42.457,43.685,42.23,43.586,4326385,0
2017-04-05,43.923,44.151,42.655,42.784,3278289,0
2017-04-06,42.655,43.438,42.437,43.269,2065018,0
2017-04-07,42.893,43.328,42.754,43.002,2012419,0
2017-04-10,43.071,43.616,42.933,43.269,2081299,0
2017-04-11,43.101,43.457,42.774,43.309,1888105,0
2017-04-12,43.121,43.368,42.824,42.982,1361835,0
2017-04-13,42.714,43.101,42.22,42.437,1500388,0
2017-04-17,42.587,43.031,42.417,42.972,1623477,0
2017-04-18,42.567,42.864,42.08,42.348,2412214,0
2017-04-19,42.744,43.111,42.417,42.527,1717211,0
2017-04-20,42.942,43.457,42.887,43.309,2399100,0
2017-04-21,43.22,43.413,42.913,43.17,1611470,0
2017-04-24,44.061,44.21,43.734,43.854,3771073,0
2017-04-25,44.585,44.972,44.111,44.575,3044754,0
2017-04-26,45.339,45.526,44.715,44.912,2211937,0
2017-04-27,46.09,46.933,45.448,45.536,13250929,0
2017-04-28,45.526,46.062,45.339,45.853,4786289,0
2017-05-01,46.032,46.25,45.735,45.783,3230498,0
2017-05-02,45.853,46.289,45.576,46.26,3377674,0
2017-05-03,46.052,46.576,45.853,46.397,2365131,0
2017-05-04,46.705,46.843,45.863,46.042,5529449,0
2017-05-05,46.2,46.279,45.923,46.18,1252783,0
2017-05-08,46.15,46.497,45.973,46.487,1797925,0
2017-05-09,46.527,46.566,46.175,46.24,4813766,0
2017-05-10,46.27,46.875,46.17,46.756,4605828,0
2017-05-11,46.508,46.697,46.289,46.418,4730355,0
2017-05-12,46.289,46.577,46.2,46.557,3170577,0
2017-05-15,46.667,47.029,46.637,46.995,2637029,0
2017-05-16,47.084,47.133,46.806,46.845,3127374,0
2017-05-17,46.548,46.965,46.17,46.25,6596270,0
2017-05-18,46.16,46.687,46.13,46.408,3296035,0
2017-05-19,46.478,46.816,46.438,46.736,5437353,0
2017-05-22,46.826,47.044,46.707,47.015,5310065,0
2017-05-23,47.084,47.283,46.955,47.133,12846468,0
2017-05-24,47.133,47.352,47.084,47.263,10428263,0
2017-05-25,46.786,47.183,46.384,46.577,8439042,0
2017-05-26,46.438,46.539,45.266,45.356,8093014,0
2017-05-30,45.494,45.544,44.829,44.918,2800156,0
2017-05-31,44.918,44.918,43.846,44.75,5070011,0
2017-06-01,44.968,45.138,44.461,44.839,3272335,0
2017-06-02,44.382,44.551,43.717,43.905,7138486,0
2017-06-05,44.084,44.948,44.014,44.59,3796930,0
2017-06-06,44.154,44.725,43.995,44.63,2240743,0
2017-06-07,44.72,44.76,44.203,44.203,1590629,0
2017-06-08,44.203,44.958,44.005,44.908,2240302,0
2017-06-09,45.108,45.942,45.038,45.743,2019886,0
2017-06-12,45.812,46.637,45.792,46.1,2333269,0
2017-06-13,46.488,46.736,46.071,46.637,1986418,0
2017-06-14,46.061,46.776,45.743,46.716,2305445,0
2017-06-15,46.806,47.68,46.716,47.193,3294955,0
2017-06-16,47.323,48.147,47.173,48.107,5047062,0
2017-06-19,48.237,48.872,48.207,48.395,2277505,0
2017-06-20,48.157,48.673,47.939,48.167,1539705,0
2017-06-21,48.266,48.525,47.372,47.491,1365812,0
2017-06-22,47.402,47.689,47.233,47.531,1279158,0
2017-06-23,47.789,47.839,47.303,47.491,1779893,0
2017-06-26,47.581,48.305,47.491,48.167,1283445,0
2017-06-27,48.445,48.783,47.889,48.017,1838438,0
2017-06-28,48.295,48.688,48.276,48.285,1801127,0
2017-06-29,48.921,49.21,47.749,48.187,1750693,0
2017-06-30,48.355,48.554,47.829,48.375,1533512,0
2017-07-03,48.683,50.064,48.628,49.826,1030344,0
2017-07-05,49.856,50.024,49.339,49.706,2082056,0
2017-07-06,49.667,49.831,48.723,48.803,1695631,0
2017-07-07,48.902,49.329,48.728,48.753,1263557,0
2017-07-10,48.623,48.941,48.425,48.584,1657003,0
2017-07-11,48.544,48.822,48.276,48.335,1311788,0
2017-07-12,48.325,48.703,48.217,48.465,1311167,0
2017-07-13,48.623,48.832,48.187,48.375,1876909,0
2017-07-14,48.017,48.47,47.829,48.355,1488531,0
2017-07-17,48.912,49.538,48.803,49.239,1981099,0
2017-07-18,49.309,49.309,48.733,49.239,1257758,0
2017-07-19,49.319,49.657,49.081,49.329,990609,0
2017-07-20,49.339,49.637,49.061,49.12,1175193,0
2017-07-21,48.981,49.418,48.495,48.663,1369161,0
2017-07-24,48.673,48.951,48.425,48.574,1548068,0
2017-07-25,49.538,49.617,47.759,48.276,2211888,0
2017-07-26,48.285,48.584,47.739,47.799,1702095,0
2017-07-27,47.839,47.977,47.313,47.581,2618479,0
2017-07-28,47.591,47.67,47.094,47.521,1265394,0
2017-07-31,47.68,47.68,47.183,47.333,1355260,0
2017-08-01,47.621,47.631,47.183,47.581,1209119,0
2017-08-02,47.451,47.651,47.203,47.451,996648,0
2017-08-03,47.461,47.521,47.064,47.183,963639,0
2017-08-04,47.651,47.651,47.044,47.163,926416,0
2017-08-07,47.153,47.323,47.034,47.193,737997,0
2017-08-08,47.183,47.67,46.985,47.183,985457,0
2017-08-09,46.964,47.114,46.735,47.074,1285889,0
2017-08-10,46.755,46.884,46.227,46.247,1971339,0
2017-08-11,46.257,46.396,45.888,46.137,2620308,0
2017-08-14,46.536,46.805,46.436,46.536,1036387,0
2017-08-15,46.785,46.934,46.416,46.456,1039399,0
2017-08-16,46.615,46.835,45.519,45.868,2075060,0
2017-08-17,45.689,45.808,44.503,44.612,1568806,0
2017-08-18,44.383,45.031,44.204,44.582,1353954,0
2017-08-21,44.553,44.822,44.313,44.652,1156609,0
2017-08-22,44.792,44.931,44.503,44.672,1410374,0
2017-08-23,44.373,44.812,44.373,44.533,2133217,0
2017-08-24,44.692,44.852,44.418,44.632,1300405,0
2017-08-25,44.692,45.18,44.692,45.011,1278016,0
2017-08-28,45.061,45.111,44.642,44.742,1036317,0
2017-08-29,44.343,44.543,43.765,44.413,1729833,0
2017-08-30,44.463,44.931,44.433,44.852,1203107,0
2017-08-31,45.001,45.165,44.632,44.692,1026962,0
2017-09-01,44.812,45.3,44.702,45.081,819574,0
2017-09-05,44.822,44.891,43.955,44.124,1325590,0
2017-09-06,44.313,44.607,44.094,44.423,1118262,0
2017-09-07,44.363,44.363,43.098,43.148,1585113,0
2017-09-08,43.158,43.696,43.158,43.526,1352624,0
2017-09-11,43.935,44.961,43.825,44.602,1347673,0
2017-09-12,44.772,45.861,44.642,45.768,1294783,0
2017-09-13,45.659,46.267,45.609,46.177,1254930,0
2017-09-14,46.267,46.267,45.29,45.37,1262400,0
2017-09-15,45.33,45.659,45.101,45.659,4799562,0
2017-09-18,45.748,46.376,45.649,46.167,1589879,0
2017-09-19,46.167,46.546,45.988,46.137,1198403,0
2017-09-20,46.097,46.615,45.788,46.526,700878,0
2017-09-21,46.546,47.228,46.546,47.104,1019429,0
2017-09-22,47.014,47.014,46.635,46.785,536986,0
2017-09-25,46.874,47.208,46.546,47.064,693978,0
2017-09-26,47.074,47.741,47.044,47.492,635031,0
2017-09-27,47.97,48.917,47.831,48.558,1301611,0
2017-09-28,48.628,48.708,48.215,48.588,824272,0
2017-09-29,48.449,49.385,48.449,48.877,902328,0
2017-10-02,48.788,49.037,48.409,49.027,1156474,0
2017-10-03,49.027,49.186,48.479,48.678,706742,0
2017-10-04,48.628,48.778,48.24,48.25,729786,0
2017-10-05,48.319,49.605,48.19,49.206,987351,0
2017-10-06,49.106,49.435,48.997,49.196,777763,0
2017-10-09,49.336,49.336,48.529,48.618,727220,0
2017-10-10,48.708,49.405,48.598,49.176,619793,0
2017-10-11,49.047,49.276,48.723,49.266,648288,0
2017-10-12,49.276,49.475,49.067,49.425,956015,0
2017-10-13,49.296,49.376,48.538,49.027,858805,0
2017-10-16,49.007,49.495,48.857,49.027,1197107,0
2017-10-17,49.276,49.435,48.808,48.857,1505695,0
2017-10-18,49.136,49.166,48.808,48.818,1195428,0
2017-10-19,48.319,49.126,48.309,49.106,865275,0
2017-10-20,49.296,50.018,49.296,49.734,985009,0
2017-10-23,49.834,50.123,49.156,49.246,1137520,0
2017-10-24,49.724,49.764,47.263,47.343,2372186,0
2017-10-25,46.874,46.924,45.958,46.336,1749336,0
2017-10-26,46.087,47.183,46.087,47.024,1019704,0
2017-10-27,46.825,47.701,46.735,47.672,738800,0
2017-10-30,47.432,47.592,46.835,46.904,562962,0
2017-10-31,46.924,47.099,46.456,46.456,717020,0
2017-11-01,46.755,46.869,46.017,46.117,557774,0
2017-11-02,46.197,46.416,45.748,46.167,775331,0
2017-11-03,45.938,45.988,45.579,45.718,816312,0
2017-11-06,45.559,46.037,45.459,45.788,724139,0
2017-11-07,45.738,45.988,44.652,45.011,1118400,0
2017-11-08,44.812,45.38,44.612,45.28,1188468,0
2017-11-09,44.79,45.24,44.74,45.08,1319935,0
2017-11-10,45.15,45.35,44.67,44.69,525596,0
