2016-01-04,41.89,42.13,41.2,42.13,4822,0
2016-01-05,41.14,41.9999,41.1,41.7,3761,0
2016-01-06,41.67,41.7,41.2001,41.7,3901,0
2016-01-07,41.67,41.67,41.3152,41.5,800,0
2016-01-08,41.184,42,40,42,6975,0
2016-01-11,40.9636,41.89,38.1042,38.74,30307,0
2016-01-12,38.98,38.98,35.16,36.77,54201,0
2016-01-13,36.36,36.46,33.51,33.9,34034,0
2016-01-14,34,35.45,33.4209,35.29,30025,0
2016-01-15,33.95,34.88,31.82,34.88,38411,0
2016-01-19,31.15,31.15,31.15,31.15,0,0
2016-01-20,30,31.44,22.51,31.44,82998,0
2016-01-21,30.51,33,30.51,32,17381,0
2016-01-22,34,37.04,34,35.5,41164,0
2016-01-25,35,35,32.998,34.05,23286,0
2016-01-26,33.66,35.79,33.12,35.77,24995,0
2016-01-27,36,37.7,34.77,35.99,15353,0
2016-01-28,36.9,38.38,36.5,37.75,17754,0
2016-01-29,37.7,39.96,37.7,39.96,14856,0
2016-02-01,38.8,39.5,38.27,39.5,16213,0
2016-02-02,39.34,41.36,38.65,40.5,13839,0
2016-02-03,39.81,42.45,37.323,42.45,9314,0
2016-02-04,42.44,43.56,40.8971,41.5,7942,0
2016-02-05,40.45,41.41,39.52,40.58,3890,0
2016-02-08,39.28,40.82,37.5,40.82,28156,0
2016-02-09,39.88,40.02,37.6471,39,14120,0
2016-02-10,39.53,39.85,38.48,39.85,3300,0
2016-02-11,38.43,40.1,37,40.1,6390,0
2016-02-12,40.25,40.8,37.36,40.77,13207,0
2016-02-16,40.94,40.94,38.99,40.15,1968,0
2016-02-17,39.6,40.9,38.744,40.9,4581,0
2016-02-18,40.01,40.34,39.18,39.81,1150,0
2016-02-19,40.4699,40.47,39.68,40.47,5079,0
2016-02-22,41.07,41.07,40.55,41,4783,0
2016-02-23,40.01,40.01,39,39.86,3153,0
2016-02-24,39.99,40.22,39.05,39.99,7115,0
2016-02-25,39.4,40.38,38.81,40.24,23798,0
2016-02-26,39.75,41.07,39.75,40.63,6373,0
2016-02-29,40.39,40.89,40.1,40.85,17172,0
2016-03-01,40.84,41.92,39.85,41.76,14531,0
2016-03-02,41.25,42.15,41.15,42.15,2530,0
2016-03-03,43.48,45,42.81,43.41,11654,0
2016-03-04,44.98,47.25,44.95,45,37209,0
2016-03-07,43.43,47.5,43.43,47.5,11068,0
2016-03-08,47.55,48.39,46,46,2275,0
2016-03-09,46.05,47,45.1201,46.99,9047,0
2016-03-10,46.99,47.25,46.09,47.25,7305,0
2016-03-11,46.49,47,46.05,47,12210,0
2016-03-14,46.5,47,46.31,47,4608,0
2016-03-15,45.9999,46.8,45.75,46.8,2760,0
2016-03-16,46.75,47.3,46.0501,47.15,11424,0
2016-03-17,47.3,47.9,46.65,47.7,17521,0
2016-03-18,46.8,47.8,46.2,47,6360,0
2016-03-21,46.73,46.74,45.81,45.81,1562,0
2016-03-22,46,46,45.55,45.99,2015,0
2016-03-23,46,46,43.8,44.85,4926,0
2016-03-24,43.7426,46.48,43.7426,46.39,22140,0
2016-03-28,45.23,45.8,44.85,45.4,1639,0
2016-03-29,45.36,46.39,44.87,46.39,3610,0
2016-03-30,46.38,46.38,45.02,46.1,4986,0
2016-03-31,45.96,46.1,45.156,45.59,3283,0
2016-04-01,44.61,45.7064,44.25,45.7064,4263,0
2016-04-04,45.304,45.921,45.236,45.69,3471,0
2016-04-05,45.6,45.69,44.69,45.69,3378,0
2016-04-06,45.65,46.34,45.65,46.34,1853,0
2016-04-07,46.35,46.35,46.35,46.35,100,0
2016-04-08,46.39,47.19,46.35,47.19,2213,0
2016-04-11,47,47.3847,46.96,47.15,2417,0
2016-04-12,47.25,47.74,47.24,47.72,3147,0
2016-04-13,47.5,47.5,46.8904,47.2,1790,0
2016-04-14,47.15,47.15,46.35,46.97,3233,0
2016-04-15,46.9901,46.9901,46,46.5,7281,0
2016-04-18,46,46.59,46,46.59,5362,0
2016-04-19,46.3926,46.59,46.19,46.47,2845,0
2016-04-20,47,48.23,47,48.1,27942,0
2016-04-21,48.2,48.25,47.75,48.16,11940,0
2016-04-22,48,49.55,47.88,49.34,23681,0
2016-04-25,49.34,49.34,48.5,48.87,5100,0
2016-04-26,47.94,49.6,47.94,49.6,12253,0
2016-04-27,49.01,49.3,48.97,49.3,5680,0
2016-04-28,49.29,49.58,48.84,49.39,6690,0
2016-04-29,49.48,49.48,48.85,49.1,6048,0
2016-05-02,48.7101,49.23,48.71,49.23,10417,0
2016-05-03,48.75,49.23,48.3,48.7,6126,0
2016-05-04,48.66,48.7805,48.3201,48.56,3316,0
2016-05-05,48.68,49.22,48.5,49.13,10032,0
2016-05-06,49,49.05,48.7333,49.05,9603,0
2016-05-09,48.45,49.17,48.45,49.17,5167,0
2016-05-10,49.1,49.24,48.9,49.24,9085,0
2016-05-11,49.03,49.49,48.7807,49.46,53766,0
2016-05-12,49.2,49.59,49.01,49.59,29028,0
2016-05-13,49.2,49.48,49.01,49.48,14745,0
2016-05-16,49.18,49.6,49.18,49.47,21258,0
2016-05-17,49.45,49.72,49.32,49.53,24695,0
2016-05-18,49.53,49.55,49.25,49.4,13837,0
2016-05-19,49.3,49.34,48.97,49.34,8850,0
2016-05-20,49.114,49.3,49.09,49.09,1539,0
2016-05-23,48.67,49.45,48.67,49.15,9574,0
2016-05-24,49.4316,49.4316,48.905,49.39,7515,0
2016-05-25,49.35,49.4757,49.14,49.36,11510,0
2016-05-26,49.32,49.48,49.14,49.48,8390,0
2016-05-27,49.4,49.4299,49.11,49.42,6020,0
2016-05-31,49.17,49.4999,49.17,49.49,12482,0
2016-06-01,49.2,49.46,49.2,49.37,9706,0
2016-06-02,49.4,49.49,49.285,49.49,4346,0
2016-06-03,49.45,49.5,49.35,49.49,6665,0
2016-06-06,49.495,49.74,49.4,49.74,13232,0
2016-06-07,49.74,49.89,49.565,49.89,13795,0
2016-06-08,49.88,50.7,49.82,50.42,13335,0
2016-06-09,50.29,50.3,49.88,50.1,34570,0
2016-06-10,49.9999,50.09,49.865,50.09,21686,0
2016-06-13,49.18,49.19,48.55,48.94,11763,0
2016-06-14,48.9,48.94,48.5,48.94,6749,0
2016-06-15,48.94,49.4,48.75,49.2,25219,0
2016-06-16,49.2,49.23,48.9,49.23,10147,0
2016-06-17,49.23,49.39,49.0301,49.39,16104,0
2016-06-20,49.4,49.99,49.39,49.9,14217,0
2016-06-21,49.825,49.842,49.68,49.7,5285,0
2016-06-22,49.71,49.8,49.6404,49.8,1014,0
2016-06-23,49.71,49.75,49.62,49.75,3670,0
2016-06-24,48.45,49.73,48.45,49.73,14687,0
2016-06-27,49.73,49.8,48.83,49.36,8148,0
2016-06-28,49.38,49.58,49.36,49.41,5690,0
2016-06-29,49.6332,49.79,49.5001,49.79,2416,0
2016-06-30,49.84,49.93,49.6,49.93,6275,0
2016-07-01,49.6,49.89,49.255,49.89,7534,0
2016-07-05,49.5,49.54,49.03,49.41,7977,0
2016-07-06,49.54,49.54,49,49.39,5152,0
2016-07-07,49.2,49.2514,49.13,49.2,2855,0
2016-07-08,49.2,49.8,49.2,49.7,12219,0
2016-07-11,49.75,49.8773,49.72,49.78,5000,0
2016-07-12,49.9,49.99,49.717,49.99,6273,0
2016-07-13,50.06,50.06,49.793,49.9327,6528,0
2016-07-14,49.95,50,49.91,49.99,16255,0
2016-07-15,49.925,49.968,49.8108,49.95,2803,0
2016-07-18,49.89,49.91,49.75,49.88,5616,0
2016-07-19,49.75,49.94,49.7237,49.94,3109,0
2016-07-20,49.97,50.05,49.9429,50.05,1200,0
2016-07-21,50,50.1,49.9,49.98,5209,0
2016-07-22,50.0156,50.25,49.98,50.18,4582,0
2016-07-25,49.91,50.0399,49.76,49.98,2880,0
2016-07-26,49.9,50.09,49.67,50.09,6871,0
2016-07-27,50.1,50.48,49.9501,50.19,2710,0
2016-07-28,50.12,50.32,49.9736,50.31,2725,0
2016-07-29,50.03,50.42,50.03,50.42,2585,0
2016-08-01,50.42,50.42,49.72,49.99,6746,0
2016-08-02,50.03,50.19,49.65,50.15,5628,0
2016-08-03,50.1,50.17,49.82,50.15,3383,0
2016-08-04,50.0001,50.25,49.95,50.25,5740,0
2016-08-05,50.01,50.43,50,50.43,8877,0
2016-08-08,50.5,50.69,50.1848,50.69,1830,0
2016-08-09,50.9253,51.19,50.9,51.096,6925,0
2016-08-10,51.2,51.5276,51.18,51.2,13024,0
2016-08-11,51.49,52.4,51.49,52.19,37523,0
2016-08-12,51.1701,52.65,51.1701,52.4,14133,0
2016-08-15,52.1,53.0001,52.1,52.78,25378,0
2016-08-16,52.5301,52.69,52.2,52.4,5245,0
2016-08-17,52.3,52.3,51.6,52.25,7918,0
2016-08-18,51.98,52.5736,51.95,52.23,4605,0
2016-08-19,51.8001,52.24,51.75,52.24,4303,0
2016-08-22,52.1,52.25,51.8,52.22,11646,0
2016-08-23,52.23,52.2399,52,52.22,5927,0
2016-08-24,52.21,52.21,52.0401,52.16,2842,0
2016-08-25,52,52.14,51.71,52.14,3840,0
2016-08-26,52.38,52.49,52.1101,52.49,7690,0
2016-08-29,52.55,52.58,52.278,52.58,10135,0
2016-08-30,52.4,52.64,52.39,52.64,4331,0
2016-08-31,52.401,52.73,51.85,52.65,30750,0
2016-09-01,52.57,52.645,52.32,52.5,9300,0
2016-09-02,52.64,52.64,52.422,52.58,2183,0
2016-09-06,52.74,52.83,52.158,52.83,5780,0
2016-09-07,52.9,53.25,52.8662,53.2,16120,0
2016-09-08,53.2,53.6,53.12,53.3662,10974,0
2016-09-09,53.4,53.545,53.265,53.265,4986,0
2016-09-12,53.13,53.97,53.13,53.65,4630,0
2016-09-13,52.84,52.84,51.87,52.26,6577,0
2016-09-14,51.9501,52.37,51.9501,52.33,2423,0
2016-09-15,52.25,52.64,52.13,52.45,7405,0
2016-09-16,52.32,52.64,52.24,52.3611,1790,0
2016-09-19,52.21,52.69,52.21,52.69,11238,0
2016-09-20,52.33,52.87,52.33,52.85,12031,0
2016-09-21,52.64,53.247,52.64,53.0074,12736,0
2016-09-22,52.77,53.16,52.77,53,2621,0
2016-09-23,53.05,53.13,52.39,52.48,16502,0
2016-09-26,52.11,52.5,52.11,52.3,27645,0
2016-09-27,52.365,52.45,52.05,52.45,28230,0
2016-09-28,52.3722,52.5,52.25,52.25,5661,0
2016-09-29,52.36,53.21,52.2831,52.7,4503,0
2016-09-30,52.78,52.79,52.57,52.65,7471,0
2016-10-03,52.31,52.78,52.31,52.55,1399,0
2016-10-04,52.5,52.78,52.4,52.6005,8787,0
2016-10-05,52.4967,52.69,52.41,52.63,3831,0
2016-10-06,52.545,52.5752,52.4135,52.5,2686,0
2016-10-07,52.4,52.51,52.31,52.5,4687,0
2016-10-10,52.4197,52.739,52.4165,52.5495,5530,0
2016-10-11,52.42,52.55,52.31,52.51,5744,0
2016-10-12,52.51,52.7299,52.51,52.69,4282,0
2016-10-13,52.42,52.6692,52.326,52.47,6725,0
2016-10-14,52.37,52.58,52.255,52.58,2366,0
2016-10-17,52.5787,52.75,52.5512,52.741,3695,0
2016-10-18,52.4668,53.06,52.4668,52.8,8673,0
2016-10-19,52.73,53.0272,52.67,52.67,16087,0
2016-10-20,52.75,53.286,52.75,53.1666,32903,0
2016-10-21,53.29,53.42,53.29,53.35,13450,0
2016-10-24,53.37,53.37,52.615,53.1,2688,0
2016-10-25,53.36,53.36,53,53.0005,5347,0
2016-10-26,53.01,53.01,52.9171,52.9171,1890,0
2016-10-27,53.12,53.24,53.0322,53.1113,1649,0
2016-10-28,53.0015,53.0015,52.51,52.921,3165,0
2016-10-31,52.76,53.1608,52.75,52.8699,2047,0
2016-11-01,52.7097,52.97,52.7097,52.97,2866,0
2016-11-02,53,53.08,52.51,53.08,9130,0
2016-11-03,52.4,53.115,52.4,52.91,4984,0
2016-11-04,52.83,53.02,52.77,52.82,7818,0
2016-11-07,52.74,53.28,52.67,52.8751,5800,0
2016-11-08,52.9055,52.91,52.72,52.79,5764,0
2016-11-09,52.45,52.855,52.45,52.7,14011,0
2016-11-10,52.55,52.6126,52.13,52.13,15854,0
2016-11-11,52.16,52.4391,52.1451,52.4391,340,0
2016-11-14,52.194,52.5472,52.194,52.24,6161,0
2016-11-15,52.3,52.499,52.3,52.417,8957,0
2016-11-16,52.31,52.99,52.31,52.9184,10195,0
2016-11-17,53.23,53.2399,52.15,53.1545,12157,0
2016-11-18,53.1673,53.673,53.03,53.25,12165,0
2016-11-21,53.42,53.58,53.0559,53.49,4753,0
2016-11-22,53.29,53.418,53.01,53.2,2177,0
2016-11-23,53.52,53.5359,52.15,52.92,14160,0
2016-11-28,53.1,53.5166,53.05,53.12,2785,0
2016-11-29,52.34,53.64,52.34,53.25,8113,0
2016-11-30,53.5,53.5,53.21,53.21,2762,0
2016-12-01,53.47,53.49,53.25,53.49,5794,0
2016-12-02,53.49,53.49,53.17,53.22,6790,0
2016-12-05,53.2128,53.4,53.19,53.4,2252,0
2016-12-06,53.3462,53.49,53.1138,53.49,7096,0
2016-12-07,53.26,53.4499,53.25,53.4499,8847,0
2016-12-08,53.62,53.65,53.46,53.5915,2748,0
2016-12-09,53.69,53.69,53.53,53.6601,15947,0
2016-12-12,53.97,53.97,53.67,53.7712,11699,0
2016-12-13,52.74,52.8699,52.1757,52.5,5422,0
2016-12-14,52.78,52.95,52.0101,52.54,15224,0
2016-12-15,52.0647,52.4506,52.0647,52.3647,928,0
2016-12-16,52.422,52.53,52.28,52.4952,4786,0
2016-12-19,52.464,52.464,52.32,52.32,6581,0
2016-12-20,52.4297,52.5299,52.32,52.5299,5190,0
2016-12-21,52.52,52.59,52.415,52.55,2351,0
2016-12-22,52.4298,52.45,52.4198,52.43,1725,0
2016-12-23,52.5123,52.5123,52.44,52.46,627,0
2016-12-27,52.73,52.73,52.5,52.5,1358,0
2016-12-28,52.5091,52.5091,52.2517,52.39,2475,0
2016-12-29,52.4772,52.57,52.4772,52.57,1341,0
2016-12-30,52.68,52.68,52.68,52.68,286,0
2017-01-03,52.6876,52.6876,52.3477,52.4401,5924,0
2017-01-04,52.37,52.7168,52.37,52.7168,2550,0
2017-01-05,52.67,52.76,52.5248,52.76,3515,0
2017-01-06,52.98,52.98,52.5,52.5,5133,0
2017-01-09,52.5788,52.81,52.15,52.16,15426,0
2017-01-10,52.2,52.2,51.95,51.98,15320,0
2017-01-11,52.27,52.27,51.97,52,7497,0
2017-01-12,52.2499,52.5048,51.98,51.99,10487,0
2017-01-13,52.1372,52.2177,52.1372,52.2177,535,0
2017-01-17,52.05,52.3,51.9995,52.05,12531,0
2017-01-18,52.25,52.53,52,52.07,16449,0
2017-01-19,52.11,52.21,51.75,51.75,10176,0
2017-01-20,52.1,52.1,51.75,51.75,11126,0
2017-01-23,51.9499,52.49,51.8987,52.426,2958,0
2017-01-24,52.29,52.45,52.29,52.45,580,0
2017-01-25,52.55,52.7198,52.55,52.7144,4047,0
2017-01-26,52.76,53.03,52.74,53.0299,12044,0
2017-01-27,53.27,53.27,52.9933,53.01,3240,0
2017-01-30,53.14,53.1863,53.0854,53.1863,5145,0
2017-01-31,53.24,53.24,52.12,53.22,4976,0
2017-02-01,53.2399,53.2399,53.0701,53.1602,1594,0
2017-02-02,53.15,53.23,53.075,53.075,2025,0
2017-02-03,53.1332,53.1939,53.045,53.12,5372,0
2017-02-06,53.2,53.24,53.115,53.1691,2168,0
2017-02-07,53.2,53.24,53.16,53.24,2629,0
2017-02-08,53.15,53.29,52.95,53.29,5435,0
2017-02-09,53.2881,53.32,53.119,53.32,3374,0
2017-02-10,53.3,53.42,53.3,53.4193,7512,0
2017-02-13,53.42,53.44,53.3411,53.3411,3948,0
2017-02-14,53.3805,53.45,53.3805,53.442,1819,0
2017-02-15,53.45,53.45,53.1612,53.1612,3000,0
2017-02-16,53.3621,53.43,53.3501,53.4004,1668,0
2017-02-17,53.314,53.464,53.314,53.464,1745,0
2017-02-21,53.55,53.55,53,53.2728,6547,0
2017-02-22,53.41,53.47,53.11,53.4699,2539,0
2017-02-23,53.312,53.46,53.312,53.4,1655,0
2017-02-24,53.549,53.549,53.4743,53.511,2650,0
2017-02-27,53.55,53.55,53.5164,53.54,6349,0
2017-02-28,53.39,53.4673,52.6095,53.42,12440,0
2017-03-01,53.5,53.53,53.307,53.53,4897,0
2017-03-02,53.2,53.382,53.2,53.3411,1728,0
2017-03-03,53.55,53.55,53.285,53.4,6116,0
2017-03-06,53.4,53.4,53.3819,53.4,1641,0
2017-03-07,53.3846,53.55,53.3846,53.55,3728,0
2017-03-08,53.65,53.65,53.33,53.5,6703,0
2017-03-09,53.33,53.56,53.1328,53.4033,10948,0
2017-03-10,53.454,53.6499,53.454,53.5148,1802,0
2017-03-13,52.51,52.54,52.12,52.3377,5286,0
2017-03-14,52.1601,52.4695,51.782,52.25,11154,0
2017-03-15,52.35,52.4,52.271,52.271,2792,0
2017-03-16,52.1901,52.45,52.1901,52.3564,1634,0
2017-03-17,52.45,52.45,52.45,52.45,228,0
2017-03-20,52.45,52.51,52.1713,52.4147,3740,0
2017-03-21,52.2,52.7849,52.2,52.34,4894,0
2017-03-22,52.24,52.26,52.0848,52.16,3461,0
2017-03-23,52.236,52.37,52.236,52.25,5116,0
2017-03-24,52.36,52.3799,52.12,52.305,4265,0
2017-03-27,52.3,52.37,52.2,52.34,4460,0
2017-03-28,52.36,52.36,52.258,52.3085,1441,0
2017-03-29,52.3,52.4651,52.3,52.4,2842,0
2017-03-30,52.39,52.7044,52.35,52.505,7508,0
2017-03-31,52.65,52.71,52.42,52.7088,2009,0
2017-04-03,52.74,52.74,52.36,52.565,1713,0
2017-04-04,52.4503,52.73,52.36,52.7004,4793,0
2017-04-05,52.7,52.7,52.5,52.5,677,0
2017-04-06,52.56,52.7058,52.55,52.55,2444,0
2017-04-07,52.6856,52.75,52.6462,52.7033,1261,0
2017-04-10,52.7283,52.9102,52.67,52.67,3592,0
2017-04-11,52.7043,52.7043,52.7043,52.7043,214,0
2017-04-12,52.6791,52.75,52.57,52.735,635,0
2017-04-13,52.79,52.875,52.6,52.6,7289,0
2017-04-17,52.76,52.99,52.6562,52.74,3571,0
2017-04-18,52.63,52.99,52.63,52.99,4003,0
2017-04-19,52.99,52.99,52.74,52.8075,9050,0
2017-04-20,52.7757,52.94,52.74,52.81,5949,0
2017-04-21,52.94,52.94,52.83,52.9142,3418,0
2017-04-24,52.94,52.94,52.75,52.8919,1325,0
2017-04-25,52.9,52.9492,52.9,52.9492,1548,0
2017-04-26,52.99,53.345,52.99,53.1905,10382,0
2017-04-27,52.9,53.103,52.75,53,3971,0
2017-04-28,52.97,53.29,52.97,53.14,5872,0
2017-05-01,53.07,53.133,53.07,53.133,200,0
2017-05-02,52.9619,53.261,52.9619,53.226,1517,0
2017-05-03,53.04,53.154,53.04,53.1006,1222,0
2017-05-04,53.02,53.069,52.76,52.935,6260,0
2017-05-05,52.9721,53.09,52.9721,53.09,4091,0
2017-05-08,53,53.0792,52.9,53.0792,2047,0
2017-05-09,53.215,53.215,53.215,53.215,140,0
2017-05-10,53.19,53.19,53.17,53.19,3343,0
2017-05-11,53.1831,53.1831,53.15,53.159,619,0
2017-05-12,53.17,53.17,53.15,53.15,396,0
2017-05-15,53.08,53.18,53,53.081,2833,0
2017-05-16,53.1373,53.1792,53.1,53.1792,1385,0
2017-05-17,53.0117,53.1652,53.0117,53.0301,3035,0
2017-05-18,53.125,53.125,53.01,53.09,2850,0
2017-05-19,53.003,53.16,53.003,53.017,1593,0
2017-05-22,53.01,53.0689,53.01,53.0689,2553,0
2017-05-23,52.96,53.1329,52.96,53,4438,0
2017-05-24,52.95,53.25,52.95,53.16,11097,0
2017-05-25,53.08,53.1999,53,53.1,4465,0
2017-05-26,53.25,53.25,53.0716,53.18,940,0
2017-05-30,53.17,53.17,53.0999,53.1,1810,0
2017-05-31,53.0733,53.25,53.0733,53.2389,3156,0
2017-06-01,53.2,53.25,53.2,53.25,5836,0
2017-06-02,53.2,53.25,53.18,53.194,2085,0
2017-06-05,53.16,53.21,53.15,53.16,3350,0
2017-06-06,53.25,53.29,53.08,53.21,15253,0
2017-06-07,53.1,53.2,52.72,53.06,10196,0
2017-06-08,53.19,53.32,53.1742,53.1742,1515,0
2017-06-09,53.11,53.39,53.11,53.39,4739,0
2017-06-12,53.4496,53.4496,53.11,53.15,11145,0
2017-06-13,52.24,52.24,52.1,52.21,6431,0
2017-06-14,52.24,52.24,52.0001,52.17,8313,0
2017-06-15,52,52.05,51.9,52.05,1150,0
2017-06-16,52.0275,52.0275,52,52,377,0
2017-06-19,52.2,52.24,52.0611,52.0611,1487,0
2017-06-20,51.9,52.24,51.9,52.1999,2911,0
2017-06-21,52.1453,52.1453,51.01,51.0101,14158,0
2017-06-22,51.16,52.24,51.15,51.6007,5900,0
2017-06-23,51.78,51.78,51.4067,51.52,7118,0
2017-06-26,51.5,51.9353,51.33,51.72,2936,0
2017-06-27,51.9606,52.1501,51.9606,52.1362,600,0
2017-06-28,52.17,52.29,52.17,52.28,13712,0
2017-06-29,52.2,52.3,51.8501,52.0292,3937,0
2017-06-30,52.46,52.46,52,52.3,2958,0
2017-07-03,52.41,52.41,52.3508,52.4,793,0
2017-07-05,52.455,52.455,52.36,52.36,3231,0
2017-07-06,52.149,52.1868,52.1,52.1492,4231,0
2017-07-07,51.95,52.295,51.83,51.8601,5383,0
2017-07-10,51.81,52.3577,51.8,52.125,3737,0
2017-07-11,51.915,52.2733,51.8844,51.9147,2500,0
2017-07-12,52.263,52.4019,51.94,51.94,4622,0
2017-07-13,52.1117,52.225,52.1117,52.225,320,0
2017-07-14,52.54,52.54,51.9401,52.2001,127598,0
2017-07-17,52.26,52.345,52.2407,52.2623,1003,0
2017-07-18,52.46,52.46,52.25,52.3599,1460,0
2017-07-19,52.29,52.3899,52.1538,52.2718,1243,0
2017-07-20,52.29,52.3,52.2,52.2,2000,0
2017-07-21,52.1098,52.305,52.1098,52.2212,1409,0
2017-07-24,52.3569,52.4256,52.02,52.0747,3013,0
2017-07-25,52.3271,52.3271,51.9245,52.03,2620,0
2017-07-26,51.97,52.536,51.6194,52.2272,8120,0
2017-07-27,52.19,52.4503,51.9575,52.145,2911,0
2017-07-28,52.3,52.551,51.6952,52.2072,6470,0
2017-07-31,51.9,52.68,51.9,52.2501,2770,0
2017-08-01,52.29,52.632,51.91,52.4,15771,0
2017-08-02,52.7845,52.836,52.0052,52.5726,14476,0
2017-08-03,52.5,52.6,52.3,52.55,2108,0
2017-08-04,52.5619,52.61,52.55,52.55,641,0
2017-08-07,52.57,52.57,52.3785,52.4105,1240,0
2017-08-08,52.47,52.59,52.428,52.5,2099,0
2017-08-09,52.3,52.6457,52.0817,52.52,6470,0
2017-08-10,52.2547,52.576,52.193,52.576,2359,0
2017-08-11,52.74,52.7982,52.62,52.65,3105,0
2017-08-14,52.2346,53.07,52.0768,52.9049,6391,0
2017-08-15,52.91,52.91,52.443,52.45,1960,0
2017-08-16,52.44,52.7578,52.44,52.7,1689,0
2017-08-17,52.8453,52.8453,52.5201,52.8,1100,0
2017-08-18,52.8262,52.8753,52.57,52.8753,1040,0
2017-08-21,52.4297,52.5,52.4267,52.5,500,0
2017-08-22,53,53,52.55,52.8701,2300,0
2017-08-23,52.88,52.9373,52.55,52.55,5208,0
2017-08-24,52.483,52.99,52.412,52.56,4542,0
2017-08-25,52.443,52.836,52.443,52.5726,5636,0
2017-08-28,52.6,52.7386,52.35,52.4581,3808,0
2017-08-29,52.2367,52.6301,52.2,52.6301,6461,0
2017-08-30,52.405,52.716,52.3697,52.716,1230,0
2017-08-31,52.7,52.87,52.7,52.7178,1610,0
2017-09-01,52.75,52.8688,52.75,52.8688,300,0
2017-09-05,52.8556,52.94,52.8556,52.94,915,0
2017-09-06,52.99,52.99,52.95,52.95,1675,0
2017-09-07,52.9,52.98,52.55,52.98,5719,0
2017-09-08,52.59,52.7,52.465,52.51,3000,0
2017-09-11,52.54,52.8,52.52,52.8,2216,0
2017-09-12,52.776,52.9,52.776,52.9,3614,0
2017-09-13,52.6428,53,52.495,53,4100,0
2017-09-14,51.56,52.5593,51.5,52.01,13030,0
2017-09-15,52.1761,52.505,52.02,52.505,2681,0
2017-09-18,51.95,52.3625,51.86,52.01,2355,0
2017-09-19,52.02,52.0537,51.55,51.8695,3559,0
2017-09-20,51.61,51.8645,51.57,51.8645,4324,0
2017-09-21,51.8,51.8,51.72,51.72,300,0
2017-09-22,51.61,51.7901,51.6,51.6,2645,0
2017-09-25,51.6,51.86,51.6,51.65,971,0
2017-09-26,51.774,51.79,51.6501,51.71,3412,0
2017-09-27,51.71,51.9599,51.71,51.959,6026,0
2017-09-28,51.9579,51.99,51.8767,51.9582,1848,0
2017-09-29,51.95,52,51.95,51.95,4596,0
2017-10-02,52,52,51.95,51.95,2038,0
2017-10-03,51.95,52.3272,51.95,52.0585,4107,0
2017-10-04,52.01,52.01,52.01,52.01,195,0
2017-10-05,51.9537,51.9556,51.9537,51.9556,935,0
2017-10-06,51.95,51.95,51.9209,51.95,1700,0
2017-10-09,51.851,51.851,51.851,51.851,200,0
2017-10-10,51.86,51.95,51.86,51.925,600,0
2017-10-11,51.95,51.95,51.77,51.82,1019,0
2017-10-12,51.8233,51.8233,51.7847,51.8165,590,0
2017-10-13,51.85,52.0915,51.83,51.924,2824,0
2017-10-16,51.95,52.0481,51.9,51.9085,2654,0
2017-10-17,51.72,51.9568,51.72,51.9568,2555,0
2017-10-18,51.8,52.1864,51.72,52.06,5806,0
2017-10-19,51.99,51.9999,51.875,51.95,2081,0
2017-10-20,52.0567,52.0567,51.8,51.85,3737,0
2017-10-23,51.85,51.85,51.5,51.5,6553,0
2017-10-24,51.6956,51.7104,51.69,51.7104,1556,0
2017-10-25,51.65,51.65,51.52,51.5697,1050,0
2017-10-26,51.7306,51.85,51.68,51.85,1328,0
2017-10-27,51.829,51.8499,51.55,51.7301,3262,0
2017-10-30,51.8274,51.8274,51.79,51.79,517,0
2017-10-31,51.8,51.8,51.79,51.79,430,0
2017-11-01,51.8,51.85,51.8,51.83,4901,0
2017-11-02,51.85,51.98,51.85,51.95,1719,0
2017-11-03,51.9403,51.99,51.9,51.9,949,0
2017-11-06,51.8456,51.87,51.7516,51.83,1892,0
2017-11-07,52.1,52.1,51.84,51.9485,4516,0
2017-11-08,51.8722,52.5,51.8722,52.06,2888,0
2017-11-09,52.409,52.409,52.0101,52.316,2565,0
2017-11-10,52.2,52.2,52.1912,52.1912,1057,0
