2016-01-04,12.498,12.596,12.184,12.39,75909,0
2016-01-05,12.468,12.478,11.988,12.213,76454,0
2016-01-06,11.988,12.017,11.301,11.566,140689,0
2016-01-07,11.281,11.281,10.889,11.026,222892,0
2016-01-08,11.007,11.223,10.349,10.693,99850,0
2016-01-11,10.546,10.663,10.201,10.536,92762,0
2016-01-12,10.605,10.761,10.163,10.487,87496,0
2016-01-13,10.448,10.634,9.839,10.006,156183,0
2016-01-14,9.937,10.536,9.751,9.996,80851,0
2016-01-15,9.78,9.883,9.3586,9.594,81270,0
2016-01-19,9.584,9.584,9.1526,9.2409,66056,0
2016-01-20,9.1232,9.4077,8.3384,9.3685,257161,0
2016-01-21,8.9368,9.4666,8.878,9.0251,56806,0
2016-01-22,9.3783,9.604,9.29,9.4764,54578,0
2016-01-25,9.496,9.663,9.3194,9.4567,59971,0
2016-01-26,9.555,9.751,9.4175,9.535,62775,0
2016-01-27,9.516,9.727,8.9957,9.506,45757,0
2016-01-28,9.525,9.81,9.3586,9.682,39143,0
2016-01-29,9.702,10.791,9.702,10.693,102710,0
2016-02-01,10.546,10.555,10.173,10.173,25253,0
2016-02-02,10.085,10.232,9.624,9.78,32292,0
2016-02-03,9.81,9.869,9.3292,9.565,34064,0
2016-02-04,9.516,9.928,9.516,9.663,46709,0
2016-02-05,9.702,10.094,9.535,9.81,28325,0
2016-02-08,9.682,9.741,9.3194,9.3194,27019,0
2016-02-09,9.0644,9.722,9.0644,9.574,56068,0
2016-02-10,9.643,9.692,9.4371,9.516,14179,0
2016-02-11,9.496,9.692,9.1821,9.3685,206056,0
2016-02-12,9.4666,10.202,9.4666,9.996,585488,0
2016-02-16,10.516,10.683,10.016,10.192,143754,0
2016-02-17,10.163,10.291,9.893,10.153,57131,0
2016-02-18,10.124,10.271,9.859,10.124,44991,0
2016-02-19,10.153,10.438,10.094,10.242,15778,0
2016-02-22,10.242,10.712,10.124,10.526,133684,0
2016-02-23,10.31,10.497,10.104,10.242,57330,0
2016-02-24,10.212,10.958,10.212,10.811,183948,0
2016-02-25,10.928,11.546,10.693,11.203,91195,0
2016-02-26,11.232,11.37,10.82,11.291,252917,0
2016-02-29,11.33,11.762,11.164,11.635,108805,0
2016-03-01,11.585,11.742,11.33,11.644,123039,0
2016-03-02,11.576,11.576,10.909,11.232,90337,0
2016-03-03,11.33,11.517,11.036,11.134,35729,0
2016-03-04,11.056,11.625,11.056,11.625,103358,0
2016-03-07,11.478,11.556,11.115,11.468,71118,0
2016-03-08,11.389,11.487,11.105,11.389,35282,0
2016-03-09,11.419,11.448,11.173,11.379,50590,0
2016-03-10,11.399,11.399,11.017,11.144,56710,0
2016-03-11,11.242,11.536,10.82,11.311,56804,0
2016-03-14,11.232,11.419,10.977,11.134,38984,0
2016-03-15,11.281,11.487,10.84,11.124,58051,0
2016-03-16,11.056,11.075,10.722,11.026,27278,0
2016-03-17,11.036,11.399,10.918,11.33,88421,0
2016-03-18,11.36,11.37,10.869,11.115,60920,0
2016-03-21,11.144,11.252,10.84,11.183,56307,0
2016-03-22,11.105,11.517,10.909,11.419,89788,0
2016-03-23,11.379,11.546,11.242,11.546,19531,0
2016-03-24,11.321,11.536,11.321,11.536,24899,0
2016-03-28,11.478,11.478,11.085,11.272,22207,0
2016-03-29,11.223,11.223,10.889,11.036,17316,0
2016-03-30,11.183,11.183,10.811,11.007,27269,0
2016-03-31,11.007,11.419,10.94,11.419,75926,0
2016-04-01,11.262,11.262,10.889,11.066,540196,0
2016-04-04,11.115,11.115,10.6,10.712,69781,0
2016-04-05,10.585,10.595,10.153,10.438,54169,0
2016-04-06,10.438,10.575,10.085,10.31,31283,0
2016-04-07,10.291,10.408,9.957,10.143,37473,0
2016-04-08,10.31,10.389,10.212,10.261,18199,0
2016-04-11,10.33,10.634,10.3,10.536,47303,0
2016-04-12,10.418,10.585,10.398,10.526,51758,0
2016-04-13,10.555,10.791,10.555,10.693,49280,0
2016-04-14,10.732,10.879,10.683,10.869,20083,0
2016-04-15,10.889,10.967,10.801,10.86,14596,0
2016-04-18,10.771,10.889,10.546,10.546,42073,0
2016-04-19,10.605,11.066,10.565,10.987,154139,0
2016-04-20,11.036,11.056,10.614,10.761,80251,0
2016-04-21,10.801,10.977,10.654,10.742,185591,0
2016-04-22,10.722,10.84,10.654,10.712,186210,0
2016-04-25,10.644,10.644,10.467,10.467,269011,0
2016-04-26,10.497,10.761,10.094,10.683,336739,0
2016-04-27,10.781,10.84,10.467,10.634,158953,0
2016-04-28,10.546,10.801,10.369,10.398,86902,0
2016-04-29,10.34,10.683,10.085,10.291,196569,0
2016-05-02,10.251,10.251,10.006,10.094,43177,0
2016-05-03,10.134,10.134,9.78,9.81,87759,0
2016-05-04,9.79,9.859,9.682,9.722,142750,0
2016-05-05,9.771,9.771,9.574,9.692,196603,0
2016-05-06,9.584,9.81,9.584,9.751,650515,0
2016-05-09,9.663,9.908,9.663,9.78,1021205,0
2016-05-10,9.869,10.221,9.78,10.163,203223,0
2016-05-11,10.192,10.212,10.124,10.153,214763,0
2016-05-12,10.202,10.261,10.075,10.085,27124,0
2016-05-13,10.192,10.448,10.006,10.163,87717,0
2016-05-16,10.094,10.31,9.879,9.967,132130,0
2016-05-17,10.006,10.104,9.771,9.81,71103,0
2016-05-18,9.712,9.82,9.604,9.8,90915,0
2016-05-19,9.702,9.83,9.3881,9.761,147263,0
2016-05-20,9.859,10.506,9.722,10.428,452040,0
2016-05-23,10.34,11.527,10.31,11.056,496829,0
2016-05-24,11.026,11.448,10.987,11.115,270699,0
2016-05-25,11.134,11.257,10.918,11.066,51282,0
2016-05-26,11.115,11.389,11.007,11.213,206050,0
2016-05-27,11.203,11.527,11.144,11.458,123112,0
2016-05-31,11.635,12.184,11.634,12.125,345549,0
2016-06-01,12.096,12.753,11.605,12.734,509170,0
2016-06-02,12.517,13.636,12.037,13.165,627628,0
2016-06-03,13.145,13.332,12.9,13.135,240875,0
2016-06-06,13.145,13.381,12.949,13.037,187385,0
2016-06-07,13.194,13.597,13.135,13.391,390388,0
2016-06-08,13.292,13.641,13.283,13.42,327406,0
2016-06-09,13.391,13.391,13.047,13.283,181957,0
2016-06-10,13.175,13.489,12.851,13.391,146752,0
2016-06-13,13.341,13.508,12.998,13.175,301730,0
2016-06-14,12.969,13.145,12.831,13.037,178743,0
2016-06-15,12.949,13.361,12.929,13.234,204601,0
2016-06-16,13.126,13.234,12.772,13.155,107016,0
2016-06-17,13.018,13.243,13.018,13.135,95222,0
2016-06-20,13.135,13.391,13.135,13.175,82347,0
2016-06-21,13.243,13.312,12.861,13.165,75975,0
2016-06-22,13.204,13.341,13.106,13.243,39054,0
2016-06-23,13.341,13.734,13.193,13.43,169567,0
2016-06-24,12.723,13.131,11.674,12.91,152810,0
2016-06-27,12.89,13.037,12.468,12.704,111754,0
2016-06-28,12.91,13.322,12.841,13.185,261078,0
2016-06-29,13.194,13.538,13.194,13.438,310904,0
2016-06-30,13.489,13.989,13.145,13.861,323655,0
2016-07-01,13.969,14.568,13.93,14.342,322014,0
2016-07-05,14.568,15.019,14.136,14.715,387666,0
2016-07-06,14.548,14.725,14.165,14.421,189290,0
2016-07-07,14.421,14.666,14.028,14.46,148531,0
2016-07-08,14.528,14.676,14.381,14.479,104112,0
2016-07-11,14.43,14.764,14.43,14.617,174941,0
2016-07-12,14.646,15.117,14.607,14.813,214327,0
2016-07-13,14.862,15.009,14.538,14.793,191353,0
2016-07-14,14.999,15.362,14.833,15.284,397312,0
2016-07-15,15.284,15.823,15.264,15.755,271578,0
2016-07-18,15.696,16.775,15.696,16.657,477032,0
2016-07-19,16.579,17.045,16.334,16.628,249189,0
2016-07-20,16.765,16.971,16.441,16.912,146084,0
2016-07-21,17.05,17.609,16.687,16.814,180789,0
2016-07-22,16.696,16.824,16.333,16.804,55426,0
2016-07-25,16.853,16.962,16.628,16.716,90298,0
2016-07-26,16.804,16.844,16.638,16.795,76152,0
2016-07-27,16.755,16.755,16.432,16.461,99365,0
2016-07-28,16.461,16.579,16.314,16.392,95824,0
2016-07-29,16.265,16.775,16.235,16.706,151853,0
2016-08-01,16.628,16.628,16.324,16.402,89429,0
2016-08-02,16.402,16.41,15.725,15.882,111704,0
2016-08-03,15.804,16.147,15.696,16.01,60519,0
2016-08-04,16.167,16.677,16.021,16.52,89249,0
2016-08-05,16.5,17.128,16.5,16.559,111030,0
2016-08-08,16.471,16.991,16.404,16.795,81018,0
2016-08-09,16.785,17.256,16.785,17.069,102472,0
2016-08-10,17.158,17.265,16.912,16.952,96557,0
2016-08-11,16.873,17.265,16.873,16.912,106690,0
2016-08-12,16.765,16.912,16.505,16.647,52081,0
2016-08-15,16.647,16.829,16.51,16.579,67219,0
2016-08-16,16.589,16.647,16.098,16.333,47827,0
2016-08-17,15.745,16.481,15.696,16.363,60882,0
2016-08-18,16.402,16.628,16.059,16.255,46390,0
2016-08-19,15.863,16.333,15.794,16.324,46486,0
2016-08-22,16.294,16.294,16.049,16.137,33550,0
2016-08-23,16.265,16.775,16.265,16.755,82250,0
2016-08-24,16.667,17.069,16.638,17.02,212363,0
2016-08-25,17.128,17.546,16.981,17.197,122599,0
2016-08-26,17.295,17.52,17.02,17.059,96424,0
2016-08-29,17.02,17.422,16.971,17.383,116676,0
2016-08-30,17.324,17.638,17.218,17.413,170210,0
2016-08-31,17.285,17.393,16.873,17.344,137040,0
2016-09-01,17.246,17.577,17.246,17.364,43737,0
2016-09-02,17.609,17.658,17.246,17.452,30053,0
2016-09-06,17.53,17.677,17.462,17.658,142893,0
2016-09-07,17.658,17.854,17.319,17.57,102138,0
2016-09-08,17.589,17.589,17.04,17.354,102303,0
2016-09-09,17.207,17.726,16.598,16.804,63671,0
2016-09-12,16.706,17.01,16.235,16.647,104958,0
2016-09-13,16.628,16.628,15.814,15.921,118846,0
2016-09-14,15.892,16.667,15.794,16.589,82564,0
2016-09-15,16.687,16.952,16.539,16.834,135658,0
2016-09-16,16.736,16.736,16.441,16.608,79801,0
2016-09-19,16.696,16.853,16.638,16.667,51615,0
2016-09-20,16.824,16.971,16.481,16.608,32093,0
2016-09-21,16.647,16.785,16.51,16.706,62337,0
2016-09-22,16.647,17.246,16.608,17.128,120337,0
2016-09-23,17.246,17.246,16.765,17.059,87184,0
2016-09-26,16.932,17.216,16.883,16.952,34163,0
2016-09-27,16.873,17.226,16.795,16.834,56268,0
2016-09-28,16.785,17.334,16.441,17.118,66581,0
2016-09-29,17.216,17.638,17.216,17.344,110102,0
2016-09-30,17.54,17.751,17.314,17.452,115778,0
2016-10-03,17.599,17.697,17.403,17.452,32739,0
2016-10-04,17.442,17.511,17.128,17.364,32759,0
2016-10-05,17.452,17.54,17.265,17.265,50620,0
2016-10-06,17.393,17.56,16.952,17.324,104819,0
2016-10-07,17.177,17.373,16.902,16.981,81163,0
2016-10-10,17.118,17.364,16.834,17.167,26602,0
2016-10-11,16.981,17.344,16.608,17.04,219242,0
2016-10-12,16.912,17.599,16.912,17.481,85514,0
2016-10-13,17.442,17.658,16.981,17.579,72395,0
2016-10-14,17.658,17.815,17.334,17.462,100354,0
2016-10-17,17.314,17.805,17.314,17.628,35674,0
2016-10-18,17.638,17.805,17.587,17.697,130161,0
2016-10-19,17.913,18.021,17.67,17.707,57685,0
2016-10-20,17.668,17.697,17.511,17.579,42148,0
2016-10-21,17.628,17.658,17.153,17.579,121155,0
2016-10-24,17.677,17.677,17.295,17.295,55273,0
2016-10-25,17.354,17.55,17.103,17.324,57197,0
2016-10-26,17.354,17.677,17.128,17.638,166539,0
2016-10-27,17.658,17.658,17.197,17.246,254038,0
2016-10-28,17.197,17.364,17.118,17.167,99748,0
2016-10-31,17.069,17.452,16.804,17.167,99732,0
2016-11-01,17.216,17.403,16.353,16.765,207495,0
2016-11-02,16.667,16.667,16.078,16.324,365701,0
2016-11-03,16.235,16.544,15.843,15.863,78277,0
2016-11-04,15.872,16.235,15.794,15.833,78330,0
2016-11-07,15.941,16.422,15.941,16.294,44943,0
2016-11-08,16.284,16.412,16.157,16.269,119833,0
2016-11-09,15.843,16.392,15.735,16.235,118737,0
2016-11-10,16.284,16.677,15.058,15.264,117964,0
2016-11-11,15.127,15.696,13.842,15.156,267007,0
2016-11-14,15.196,15.274,13.44,14.185,222585,0
2016-11-15,14.264,15.048,14.234,14.852,113574,0
2016-11-16,14.872,15.245,14.862,15.009,86204,0
2016-11-17,15.107,15.774,15.107,15.402,74803,0
2016-11-18,15.313,15.313,14.96,15.019,22677,0
2016-11-21,15.137,15.563,15.117,15.215,32123,0
2016-11-22,15.313,15.568,15.21,15.313,51864,0
2016-11-23,15.245,16.088,15.245,15.853,95810,0
2016-11-25,16.137,16.579,16.137,16.383,110498,0
2016-11-28,16.333,16.441,16.118,16.206,65311,0
2016-11-29,16.157,16.663,15.961,15.971,71598,0
2016-11-30,16.01,16.25,15.235,16,183767,0
2016-12-01,15.814,15.814,14.95,15.313,88465,0
2016-12-02,15.451,15.892,15.129,15.411,132036,0
2016-12-05,15.5,15.696,15.215,15.608,71512,0
2016-12-06,15.49,16.088,15.426,15.843,50109,0
2016-12-07,15.882,15.941,15.352,15.745,39030,0
2016-12-08,15.598,15.892,15.352,15.402,35372,0
2016-12-09,15.833,15.843,15.215,15.343,25343,0
2016-12-12,15.402,15.549,14.862,14.95,109840,0
2016-12-13,15.156,16.029,14.936,15.961,89910,0
2016-12-14,15.647,15.902,15.377,15.657,138391,0
2016-12-15,15.146,15.804,14.911,15.783,174880,0
2016-12-16,15.519,15.519,14.754,15.323,107993,0
2016-12-19,15.284,15.284,14.421,14.882,59082,0
2016-12-20,14.94,15.46,14.489,14.715,33579,0
2016-12-21,14.823,15.127,14.754,14.96,46797,0
2016-12-22,14.98,15.093,14.666,14.744,41030,0
2016-12-23,14.852,14.852,14.224,14.421,82736,0
2016-12-27,14.313,14.999,14.244,14.823,122282,0
2016-12-28,14.911,15.039,14.666,14.754,74138,0
2016-12-29,14.744,15.205,14.734,14.803,61905,0
2016-12-30,14.833,15.47,14.726,15.47,64370,0
2017-01-03,15.617,16.255,15.617,16.069,91422,0
2017-01-04,16.069,16.52,16.005,16.186,87061,0
2017-01-05,16.265,16.598,16.088,16.471,59615,0
2017-01-06,16.559,16.844,16.51,16.667,66187,0
2017-01-09,16.726,16.922,16.647,16.677,122775,0
2017-01-10,16.638,16.785,16.426,16.608,111294,0
2017-01-11,16.696,16.785,16.167,16.569,142263,0
2017-01-12,16.579,16.647,16.069,16.088,72313,0
2017-01-13,16.235,16.402,16.108,16.294,33039,0
2017-01-17,16.191,16.275,15.99,16.265,39540,0
2017-01-18,16.216,16.5,15.98,16.186,82210,0
2017-01-19,16.098,16.176,15.647,15.647,37642,0
2017-01-20,15.568,16.226,15.402,15.98,61501,0
2017-01-23,16.059,16.461,15.863,16.284,43711,0
2017-01-24,16.373,16.667,15.804,16.127,54713,0
2017-01-25,16.216,16.539,16.186,16.383,106148,0
2017-01-26,16.559,16.657,16.304,16.324,83499,0
2017-01-27,16.294,16.569,16.186,16.373,38645,0
2017-01-30,16.451,16.647,16.137,16.647,69261,0
2017-01-31,16.51,17.167,16.137,17.148,144205,0
2017-02-01,17.167,17.491,16.883,17.089,69273,0
2017-02-02,17.02,17.658,17.02,17.275,84135,0
2017-02-03,17.452,18.001,17.069,17.285,148618,0
2017-02-06,17.354,17.756,17.295,17.52,44540,0
2017-02-07,17.422,17.481,17.256,17.413,42971,0
2017-02-08,17.471,17.471,17.059,17.295,55538,0
2017-02-09,17.383,17.609,17.314,17.53,125008,0
2017-02-10,17.893,18.639,17.354,18.492,495045,0
2017-02-13,19.502,19.904,18.972,19.355,288494,0
2017-02-14,19.375,19.384,18.904,19.208,56413,0
2017-02-15,18.963,19.286,18.65,19.051,123237,0
2017-02-16,18.894,19.154,17.677,18.864,85869,0
2017-02-17,18.864,19.119,18.246,18.953,107911,0
2017-02-21,18.884,19.227,18.698,19.188,59268,0
2017-02-22,19.031,19.257,18.757,18.963,53892,0
2017-02-23,18.982,18.982,18.256,18.335,53043,0
2017-02-24,18.266,18.266,17.707,18.197,110837,0
2017-02-27,18.031,18.413,17.903,18.295,44272,0
2017-02-28,18.07,18.58,18.07,18.443,106101,0
2017-03-01,18.58,18.825,18.394,18.727,172815,0
2017-03-02,18.737,18.874,18.021,18.266,102623,0
2017-03-03,18.619,18.698,18.119,18.482,99381,0
2017-03-06,18.246,18.688,18.217,18.521,140623,0
2017-03-07,18.57,18.806,18.423,18.492,135312,0
2017-03-08,18.541,19.149,18.54,19.031,195739,0
2017-03-09,18.845,19.306,18.423,18.619,123906,0
2017-03-10,18.707,19.09,18.6,18.786,80369,0
2017-03-13,18.689,18.815,18.394,18.688,63098,0
2017-03-14,18.688,18.707,18.364,18.501,46614,0
2017-03-15,18.57,18.786,18.398,18.59,51904,0
2017-03-16,18.59,19.316,18.531,19.227,303606,0
2017-03-17,19.227,19.384,18.825,19.012,116084,0
2017-03-20,18.943,19.188,18.766,19.09,57017,0
2017-03-21,19.1,19.139,18.84,18.884,96401,0
2017-03-22,18.943,19.08,18.825,18.992,35571,0
2017-03-23,18.884,19.326,18.884,19.149,119889,0
2017-03-24,19.09,19.375,19.09,19.247,34638,0
2017-03-27,19.149,19.335,18.571,19.237,45239,0
2017-03-28,19.129,19.237,18.855,19.208,47279,0
2017-03-29,19.129,19.688,18.864,19.6,86804,0
2017-03-30,19.473,19.787,19.227,19.62,95181,0
2017-03-31,19.63,19.855,19.384,19.688,95664,0
2017-04-03,19.767,20.493,19.767,20.277,163337,0
2017-04-04,20.346,20.993,20.11,20.797,129096,0
2017-04-05,20.601,21.14,20.385,20.454,80970,0
2017-04-06,20.758,20.866,20.306,20.375,71149,0
2017-04-07,20.571,20.571,20.012,20.208,166852,0
2017-04-10,20.306,20.866,20.228,20.728,136490,0
2017-04-11,20.669,21.062,20.601,20.826,57388,0
2017-04-12,20.66,20.743,20.11,20.218,81573,0
2017-04-13,20.316,20.601,20.11,20.503,72377,0
2017-04-17,20.62,20.62,20.248,20.532,49586,0
2017-04-18,20.699,20.748,20.208,20.238,55186,0
2017-04-19,20.434,20.758,20.032,20.748,114975,0
2017-04-20,20.807,21.042,20.385,20.719,105437,0
2017-04-21,20.62,20.895,20.169,20.199,101875,0
2017-04-24,20.483,20.895,20.199,20.748,104017,0
2017-04-25,20.748,20.895,20.316,20.787,50744,0
2017-04-26,20.797,20.846,20.297,20.444,73263,0
2017-04-27,20.356,20.513,20.169,20.208,51605,0
2017-04-28,20.287,20.689,20.1,20.62,50096,0
2017-05-01,20.601,20.689,20.051,20.051,21302,0
2017-05-02,20.081,20.758,19.914,20.669,97048,0
2017-05-03,20.66,20.846,20.454,20.689,62529,0
2017-05-04,20.846,20.846,20.405,20.552,37911,0
2017-05-05,20.64,20.846,20.414,20.797,53138,0
2017-05-08,20.709,20.836,20.159,20.63,66222,0
2017-05-09,20.571,20.846,20.542,20.719,63927,0
2017-05-10,20.826,21.189,20.758,21.111,122523,0
2017-05-11,21.131,21.464,20.934,21.278,93045,0
2017-05-12,21.337,21.778,20.974,21.395,107096,0
2017-05-15,21.435,21.856,21.405,21.533,39826,0
2017-05-16,21.592,21.689,21.297,21.513,58806,0
2017-05-17,21.327,21.435,20.944,21.003,48654,0
2017-05-18,20.768,20.768,19.159,20.346,197818,0
2017-05-19,20.375,20.846,20.257,20.601,98295,0
2017-05-22,20.601,20.699,20.199,20.316,30670,0
2017-05-23,20.12,20.463,20.12,20.405,44989,0
2017-05-24,20.581,20.611,20.169,20.365,30565,0
2017-05-25,20.326,20.719,20.13,20.257,75199,0
2017-05-26,20.277,20.454,20.11,20.13,59298,0
2017-05-30,20.336,20.356,19.62,20.012,81858,0
2017-05-31,19.993,19.993,19.718,19.855,84555,0
2017-06-01,19.944,20.189,19.62,19.806,36242,0
2017-06-02,19.698,19.983,19.424,19.767,42706,0
2017-06-05,19.767,20.11,18.874,19.62,77570,0
2017-06-06,19.718,19.757,19.12,19.63,42093,0
2017-06-07,19.62,19.62,18.947,19.227,27578,0
2017-06-08,19.139,19.443,18.825,18.864,35637,0
2017-06-09,18.884,19.365,18.472,18.855,79618,0
2017-06-12,19.227,19.227,17.717,18.933,117417,0
2017-06-13,18.884,19.62,18.482,18.904,32366,0
2017-06-14,19.12,19.51,18.237,18.6,55414,0
2017-06-15,18.531,18.531,17.972,18.021,130717,0
2017-06-16,18.148,18.698,18.099,18.698,78133,0
2017-06-19,18.698,18.923,18.178,18.796,47136,0
2017-06-20,18.835,18.933,18.251,18.884,58355,0
2017-06-21,18.354,18.443,17.084,17.844,329637,0
2017-06-22,17.736,18.57,17.707,18.56,117543,0
2017-06-23,18.551,18.757,18.05,18.148,119578,0
2017-06-26,18.197,18.737,18.197,18.551,128011,0
2017-06-27,18.551,18.609,18.158,18.246,48582,0
2017-06-28,18.452,18.796,18.237,18.521,70083,0
2017-06-29,18.394,18.575,18.148,18.345,49195,0
2017-06-30,18.237,19.159,18.237,19.08,167627,0
2017-07-03,19.286,19.286,18.796,18.884,56638,0
2017-07-05,18.913,19.159,18.443,18.815,51690,0
2017-07-06,18.835,18.835,18.237,18.335,19274,0
2017-07-07,18.325,18.325,18.011,18.168,96302,0
2017-07-10,18.011,18.227,17.972,18.05,116888,0
2017-07-11,18.001,18.815,18.001,18.629,96745,0
2017-07-12,18.668,19.247,18.668,19.129,83436,0
2017-07-13,19.237,19.365,18.796,19.276,48176,0
2017-07-14,19.051,19.197,18.766,18.982,63721,0
2017-07-17,19.002,19.051,18.295,18.717,116358,0
2017-07-18,18.59,18.639,17.717,18.001,164580,0
2017-07-19,18.148,18.443,17.658,17.854,122230,0
2017-07-20,17.952,18.139,17.952,18.011,34971,0
2017-07-21,18.001,18.099,17.56,17.952,66844,0
2017-07-24,17.844,18.05,17.366,17.805,52746,0
2017-07-25,17.766,18.148,17.314,17.952,90951,0
2017-07-26,17.972,18.031,17.282,17.432,59661,0
2017-07-27,17.462,18.286,17.462,17.599,101439,0
2017-07-28,17.609,17.854,17.56,17.854,47373,0
2017-07-31,17.746,17.844,17.525,17.834,50412,0
2017-08-01,17.844,18.001,17.589,17.844,39608,0
2017-08-02,17.874,18.207,17.609,18.07,51449,0
2017-08-03,18.08,18.08,17.746,17.776,19573,0
2017-08-04,17.766,17.776,17.56,17.707,16969,0
2017-08-07,17.668,17.825,17.491,17.726,41840,0
2017-08-08,17.55,17.668,17.364,17.619,38995,0
2017-08-09,17.511,17.511,17.001,17.177,72135,0
2017-08-10,16.981,17.459,16.981,17.167,43304,0
2017-08-11,17.167,17.834,17.153,17.609,95385,0
2017-08-14,17.756,18.913,17.756,18.541,185054,0
2017-08-15,18.639,18.688,17.805,18.477,78188,0
2017-08-16,18.367,18.492,17.668,18.295,52941,0
2017-08-17,18.295,18.541,18.246,18.266,63355,0
2017-08-18,18.521,18.541,18.237,18.492,64890,0
2017-08-21,18.521,18.531,18.04,18.158,23526,0
2017-08-22,18.256,18.805,18.256,18.531,42496,0
2017-08-23,18.629,18.629,18.345,18.541,98271,0
2017-08-24,18.541,18.588,18.166,18.472,162771,0
2017-08-25,18.531,18.6,18.433,18.57,73401,0
2017-08-28,18.521,19.247,17.933,18.05,206297,0
2017-08-29,18.06,18.501,17.883,18.129,39273,0
2017-08-30,18.266,18.747,18.099,18.501,63609,0
2017-08-31,18.658,19.07,18.619,18.933,53454,0
2017-09-01,18.953,19.561,18.139,19.375,61591,0
2017-09-05,19.404,19.816,19.12,19.571,89522,0
2017-09-06,19.571,20.159,19.522,19.914,76726,0
2017-09-07,19.993,20.287,19.767,19.904,60295,0
2017-09-08,19.718,20.12,19.6,19.816,34894,0
2017-09-11,19.983,20.454,19.679,20.032,156165,0
2017-09-12,20.1,20.1,19.139,19.571,92906,0
2017-09-13,19.463,19.747,18.943,19.139,134829,0
2017-09-14,19.149,19.316,19.031,19.031,33932,0
2017-09-15,19.129,19.218,18.717,18.972,113212,0
2017-09-18,18.904,19.012,18.443,18.492,81868,0
2017-09-19,18.462,18.806,18.394,18.609,47566,0
2017-09-20,18.6,18.639,18.327,18.384,63109,0
2017-09-21,18.58,18.678,18.266,18.649,24996,0
2017-09-22,18.403,19.115,18.403,18.747,53892,0
2017-09-25,18.766,18.786,18.08,18.246,68198,0
2017-09-26,18.345,18.658,17.795,17.923,127522,0
2017-09-27,17.756,17.903,17.658,17.834,70037,0
2017-09-28,17.844,18.188,17.785,17.952,19031,0
2017-09-29,18.129,18.873,17.854,18.315,58248,0
2017-10-02,18.207,18.786,18.207,18.59,99343,0
2017-10-03,18.639,18.832,18.207,18.609,54183,0
2017-10-04,18.727,18.835,18.489,18.727,26098,0
2017-10-05,18.796,19.178,18.345,18.482,45692,0
2017-10-06,18.531,18.531,18.001,18.001,56920,0
2017-10-09,18.178,18.541,18.148,18.148,53198,0
2017-10-10,17.933,18.501,17.933,18.325,65533,0
2017-10-11,18.354,18.639,18.204,18.374,29505,0
2017-10-12,18.197,18.619,18.148,18.541,32802,0
2017-10-13,18.639,19.463,18.403,19.247,206592,0
2017-10-16,19.414,19.414,19.002,19.1,19765,0
2017-10-17,19.07,19.11,18.533,18.992,30161,0
2017-10-18,19.041,19.178,18.69,18.982,32102,0
2017-10-19,18.786,19.227,18.717,19.129,28379,0
2017-10-20,19.149,19.679,18.709,18.982,118593,0
2017-10-23,19.1,20.287,19.1,20.081,449417,0
2017-10-24,19.875,20.807,19.669,20.709,285266,0
2017-10-25,20.611,20.856,20.306,20.552,181721,0
2017-10-26,20.424,20.709,20.424,20.552,64902,0
2017-10-27,20.689,20.797,20.012,20.601,56235,0
2017-10-30,20.306,21.023,20.306,20.826,42634,0
2017-10-31,20.63,21.287,20.63,21.268,176833,0
2017-11-01,21.287,22.023,21.287,21.768,284784,0
2017-11-02,21.847,22.367,21.778,22.318,161231,0
2017-11-03,22.288,22.514,21.964,22.367,141061,0
2017-11-06,22.072,22.514,21.827,22.367,65670,0
2017-11-07,22.337,23.241,22.17,22.661,177243,0
2017-11-08,22.622,22.857,22.239,22.504,69479,0
2017-11-09,22.445,22.445,21.592,22.19,107564,0
2017-11-10,22.44,22.48,21.11,21.48,90174,0
