2016-01-04,43.06,43.91,41.91,43.46,47063,0
2016-01-05,43.67,44.72,43.55,44.29,29499,0
2016-01-06,43.97,44.55,43.32,43.57,51384,0
2016-01-07,43.25,44.94,42.93,44.35,51491,0
2016-01-08,44.25,45.02,42.5,42.64,102028,0
2016-01-11,42.83,44.54,42.83,43.52,50906,0
2016-01-12,44.03,44.03,42.89,43.38,34350,0
2016-01-13,43,43.86,42.12,42.23,41584,0
2016-01-14,42.37,43.6,42.25,42.92,26286,0
2016-01-15,42.15,42.85,41.55,42.55,48526,0
2016-01-19,42.96,43.18,42.29,42.58,47700,0
2016-01-20,42.24,43.14,41.43,42.34,45048,0
2016-01-21,42.61,42.97,42.005,42.63,36267,0
2016-01-22,43,44.65,43,43.4,27631,0
2016-01-25,43.39,43.86,42.55,42.73,41778,0
2016-01-26,42.95,44.99,42.04,43.56,52800,0
2016-01-27,43.47,43.87,42.96,43.08,40890,0
2016-01-28,43.88,43.99,42.98,43.47,24218,0
2016-01-29,43.93,45.97,43.87,45.68,34721,0
2016-02-01,45.5,46.9242,45.23,45.85,41095,0
2016-02-02,45.5,46.58,43.3,46.37,40109,0
2016-02-03,46.24,46.24,43.17,44.78,32187,0
2016-02-04,44.43,44.87,43.09,43.14,27139,0
2016-02-05,43.14,43.24,41.82,41.88,52019,0
2016-02-08,41.78,42.9,41.325,42.47,33009,0
2016-02-09,42.24,45,41.7,41.88,30625,0
2016-02-10,42.05,44.42,41.96,43.1,90349,0
2016-02-11,42.4,43.35,41.955,42.76,22370,0
2016-02-12,42.79,42.79,41.73,42.09,35491,0
2016-02-16,42.52,43.66,41.52,42.76,51972,0
2016-02-17,42.36,44.06,42.36,43.77,32080,0
2016-02-18,43.99,44.65,43.41,43.53,22190,0
2016-02-19,43.64,44.97,43.41,43.64,36644,0
2016-02-22,43.83,44.53,42.61,42.71,24777,0
2016-02-23,42.71,43.27,42.4,42.9,38567,0
2016-02-24,42.44,43.4,42.18,42.94,30774,0
2016-02-25,43.22,43.9999,41.95,42.13,63358,0
2016-02-26,42.46,42.46,41.05,41.39,45894,0
2016-02-29,41.1,41.8999,41.1,41.49,53162,0
2016-03-01,41.94,42.17,41.45,41.77,31521,0
2016-03-02,41.55,41.73,40.115,41.08,88579,0
2016-03-03,40.87,41.07,40.6,40.65,43671,0
2016-03-04,40.57,40.64,39.86,39.97,45142,0
2016-03-07,39.73,40.12,38.64,39.07,106294,0
2016-03-08,39.1,40.1199,38.88,39.6,137047,0
2016-03-09,39.9,40.56,39.44,39.59,58713,0
2016-03-10,39.59,40.56,39.59,40.21,45231,0
2016-03-11,40.28,41.89,40.28,40.71,40954,0
2016-03-14,40.53,40.95,39.76,39.85,60895,0
2016-03-15,39.71,40.05,38.95,39.45,52454,0
2016-03-16,39.25,40.38,39.25,39.98,27991,0
2016-03-17,39.8,40.96,39.3,40.6,41047,0
2016-03-18,40.86,41.18,40.25,41.035,72431,0
2016-03-21,41.01,42.165,40.72,41.34,61714,0
2016-03-22,41.08,41.75,40.47,40.54,28096,0
2016-03-23,40.34,41.05,39.96,40.03,31370,0
2016-03-24,40.06,40.61,39.72,40.47,26443,0
2016-03-28,40.39,40.645,40.02,40.15,24788,0
2016-03-29,40.14,41.91,40,41.86,27074,0
2016-03-30,41.95,42,41.09,41.15,21666,0
2016-03-31,40.61,41.55,39.12,39.42,89811,0
2016-04-01,39.64,41.45,38.86,41.2,35579,0
2016-04-04,41.36,41.41,40.5801,40.84,29368,0
2016-04-05,40.63,42.022,40,40.15,21159,0
2016-04-06,40.31,41.3,40.31,41.14,17391,0
2016-04-07,40.78,42.16,40.73,41.28,48424,0
2016-04-08,40.5102,41.89,40.5102,40.83,25002,0
2016-04-11,40.96,41.92,40.12,40.18,24145,0
2016-04-12,40.47,41.31,40.47,40.88,35083,0
2016-04-13,41.27,42.04,41.08,41.3,23007,0
2016-04-14,41.42,41.73,41.15,41.23,12784,0
2016-04-15,41.05,42.425,41.05,42.04,28787,0
2016-04-18,42.03,42.98,42.03,42.6,22338,0
2016-04-19,42.94,43.48,42.59,43.32,66231,0
2016-04-20,43.29,44.81,42.64,44.18,28478,0
2016-04-21,44.11,44.86,43.4001,43.78,28270,0
2016-04-22,43.57,45.2,43.52,44.33,49919,0
2016-04-25,44.36,44.36,43.33,43.94,48977,0
2016-04-26,43.66,44.57,43.66,44.43,13881,0
2016-04-27,44.21,45.04,44.21,44.9,27528,0
2016-04-28,44.57,45.44,44.19,44.86,33171,0
2016-04-29,44.63,45.5,43.59,45.2,33126,0
2016-05-02,45.35,45.42,44.635,45.28,24465,0
2016-05-03,45.67,45.72,44.74,45.26,24415,0
2016-05-04,45.2,45.79,44.56,45.35,48422,0
2016-05-05,45.62,46,45.345,45.73,25023,0
2016-05-06,45.29,46.73,45.29,46.07,28062,0
2016-05-09,45.88,47.71,45.88,47.39,45858,0
2016-05-10,47.8,48.8,47.3,47.49,58421,0
2016-05-11,47.44,48.41,46.38,46.75,42863,0
2016-05-12,46.3592,47.1,45.43,45.65,25323,0
2016-05-13,45.455,46.36,45.11,46.05,38212,0
2016-05-16,46.17,47.82,46.17,46.57,26077,0
2016-05-17,46.27,46.27,44.61,44.99,38312,0
2016-05-18,44.9,46.31,44.9,46.09,14761,0
2016-05-19,45.79,47.1,45.6,46.02,14808,0
2016-05-20,46.27,47.08,46.27,46.73,41630,0
2016-05-23,46.95,47.12,46.19,46.63,20622,0
2016-05-24,46.99,47.46,46.73,47.3,27642,0
2016-05-25,47.44,47.79,47.16,47.43,34202,0
2016-05-26,47.13,47.97,46.94,47.73,35907,0
2016-05-27,47.98,48.54,47.29,48.22,13103,0
2016-05-31,48.48,48.8652,48.01,48.13,24832,0
2016-06-01,48.12,48.4,47.44,47.7,41483,0
2016-06-02,47.99,51.99,47.99,51.9,106654,0
2016-06-03,51.71,53.19,51.03,51.62,76228,0
2016-06-06,50.01,50.88,49.47,49.6,61756,0
2016-06-07,49.73,49.73,48.83,48.99,70110,0
2016-06-08,49.4,49.61,48.12,48.5,99887,0
2016-06-09,48.81,48.81,46.95,47.15,87277,0
2016-06-10,46.91,47.72,46.45,46.62,59652,0
2016-06-13,46.36,46.59,45.85,46,52193,0
2016-06-14,46.21,47.13,44.93,44.96,67808,0
2016-06-15,45.22,46.2,44.92,45.98,66159,0
2016-06-16,45.85,47.22,45.72,46.73,55715,0
2016-06-17,46.74,46.74,44.26,44.34,122824,0
2016-06-20,44.57,47.01,44.57,46.2,48952,0
2016-06-21,46.62,46.83,45.0611,45.14,34911,0
2016-06-22,45.27,45.65,44.62,45.03,47505,0
2016-06-23,44.475,45.78,44.475,45.21,48297,0
2016-06-24,43.83,44.75,42.72,42.73,172624,0
2016-06-27,42.71,43.73,42.35,42.83,65676,0
2016-06-28,43.27,43.82,42.83,43.3,55043,0
2016-06-29,43.5,44.27,42.78,43.065,81281,0
2016-06-30,43.29,43.66,42.59,43.18,103559,0
2016-07-01,43.34,43.525,42.56,43.06,64462,0
2016-07-05,42.81,44.11,42.462,43.9,67885,0
2016-07-06,43.99,45.15,43.48,44.53,64212,0
2016-07-07,44.69,45.279,44.03,44.05,56234,0
2016-07-08,44.26,45.785,44.26,45.35,38855,0
2016-07-11,45.49,46.49,45.49,45.99,41882,0
2016-07-12,46.37,46.75,45.83,46.16,37968,0
2016-07-13,46.57,46.57,45.96,46.16,37502,0
2016-07-14,46.3801,46.55,45.55,45.65,46937,0
2016-07-15,46.01,46.53,45.72,46.28,27513,0
2016-07-18,46.33,46.41,45.44,45.85,44914,0
2016-07-19,45.72,46.22,45.54,46.05,19995,0
2016-07-20,46.18,46.61,45.75,45.98,28434,0
2016-07-21,45.81,46.87,45.72,46.21,24274,0
2016-07-22,46.38,46.89,45.96,46.2,22496,0
2016-07-25,46.01,46.29,45.16,45.63,41137,0
2016-07-26,45.7,45.7,44.7,45.09,35161,0
2016-07-27,45.14,46.13,44.22,45.93,23235,0
2016-07-28,45.96,46.31,45.43,45.68,39146,0
2016-07-29,45.76,46.379,45.2,45.2,48697,0
2016-08-01,45.22,46.98,45.12,46.88,47624,0
2016-08-02,46.67,47.48,42.78,43.02,72369,0
2016-08-03,43.19,43.93,41.83,43.22,36226,0
2016-08-04,43.27,43.6,42.361,43.32,34615,0
2016-08-05,43.68,45.23,42.79,43.35,38615,0
2016-08-08,43.57,43.57,42.01,42.46,24955,0
2016-08-09,42.37,42.475,41.82,42.1,25747,0
2016-08-10,42.03,42.13,41.4358,41.58,21442,0
2016-08-11,41.8,42.29,41.57,41.66,33100,0
2016-08-12,41.85,42.19,41.485,41.56,40238,0
2016-08-15,41.69,42.65,41.68,42.1,36190,0
2016-08-16,41.92,41.92,40.53,40.6,21228,0
2016-08-17,40.75,41.733,40.02,40.26,15668,0
2016-08-18,40.19,40.52,39.89,40.43,24094,0
2016-08-19,40.46,40.46,39.29,39.4,25556,0
2016-08-22,39.15,40.64,38.72,39.44,50893,0
2016-08-23,39.59,40.39,39.59,39.72,30902,0
2016-08-24,39.69,39.92,39.08,39.16,19532,0
2016-08-25,37.3,39.1,37.3,38.49,32591,0
2016-08-26,38.5,39.08,37.71,37.84,59022,0
2016-08-29,38.1,39.27,38.08,38.9,41401,0
2016-08-30,38.76,39.99,38.6448,38.92,11252,0
2016-08-31,39.06,39.06,37.88,38.44,24484,0
2016-09-01,38.12,38.49,37.46,37.84,25081,0
2016-09-02,38.12,38.89,38.08,38.81,21003,0
2016-09-06,39.22,40.08,38.45,38.63,20903,0
2016-09-07,38.51,39.9,38.23,38.73,19030,0
2016-09-08,38.13,39.15,38.13,38.68,36205,0
2016-09-09,38.27,38.84,37.91,37.91,20359,0
2016-09-12,38.22,38.62,37.8,38.6,20189,0
2016-09-13,38.27,38.53,37.1,37.87,33814,0
2016-09-14,37.85,37.89,37.01,37.06,9595,0
2016-09-15,37.12,37.7275,36.93,37.28,23638,0
2016-09-16,37.42,38.83,35.6,38.06,80464,0
2016-09-19,38.03,38.37,37.8,37.91,35659,0
2016-09-20,38.03,38.3113,37.57,37.91,25362,0
2016-09-21,38.03,39.49,38.03,39.42,38017,0
2016-09-22,39.02,40.13,38.96,39.74,39151,0
2016-09-23,39.51,40.19,38.87,39.8,32863,0
2016-09-26,38.55,40.53,38.55,38.96,24532,0
2016-09-27,39,39.43,38.6,38.83,27900,0
2016-09-28,38.88,39.64,38.56,39.11,24194,0
2016-09-29,40.49,40.49,38.15,38.17,17037,0
2016-09-30,38.33,38.9,37.97,38.4,33341,0
2016-10-03,38.38,38.39,37.21,38.23,17503,0
2016-10-04,38.17,38.65,37.67,37.95,37581,0
2016-10-05,38.27,38.29,36.59,36.78,71327,0
2016-10-06,36.65,36.85,36.2,36.43,25187,0
2016-10-07,36.39,36.95,36.25,36.83,57742,0
2016-10-10,36.8,38.1017,36.8,37.52,37899,0
2016-10-11,37.62,37.97,35.62,35.76,44641,0
2016-10-12,35.92,36.69,35.58,35.75,46663,0
2016-10-13,35.69,36.13,35.26,35.57,86128,0
2016-10-14,35.76,36.27,35.62,35.67,51593,0
2016-10-17,35.81,35.8825,35.07,35.15,44307,0
2016-10-18,35.46,36.31,35.42,35.49,77603,0
2016-10-19,35.36,35.6,35.17,35.22,62585,0
2016-10-20,35.33,35.5,35.06,35.16,26998,0
2016-10-21,34.9,35.1,34.29,34.6,134519,0
2016-10-24,34.75,34.75,34.3,34.37,73874,0
2016-10-25,34.41,34.61,34.05,34.36,62477,0
2016-10-26,34.09,34.55,33.35,33.96,62679,0
2016-10-27,34.2,34.2,33.29,33.57,116685,0
2016-10-28,33.42,34.455,33.42,33.78,53547,0
2016-10-31,34.4,34.55,33.85,34.55,63300,0
2016-11-01,34.25,34.55,31.9,32.1,162644,0
2016-11-02,31.8,32.475,31.7,31.8,63548,0
2016-11-03,31.95,32.45,31.6,32.1,34344,0
2016-11-04,32.25,32.75,31.75,31.8,53913,0
2016-11-07,32.7,32.7,31.95,32,53511,0
2016-11-08,32.2,32.4,31.6,31.95,37017,0
2016-11-09,32,32,31.15,31.7,88016,0
2016-11-10,31.95,32.05,31.7,31.95,85917,0
2016-11-11,32.05,32.05,31.85,32,79757,0
2016-11-14,32,33.1,31.85,33,367463,0
2016-11-15,33.1,33.55,32.85,32.85,116160,0
2016-11-16,32.9,33.05,32.05,32.2,87946,0
2016-11-17,32.25,33.4,32.25,33.15,119951,0
2016-11-18,33.15,34.6,32.65,34.05,106657,0
2016-11-21,34.4,34.4,33.3,33.65,52302,0
2016-11-22,33.75,34.65,33.1,33.4,60914,0
2016-11-23,33.15,33.3,32.9,33,36599,0
2016-11-25,33.1,33.55,32.9,33.15,31632,0
2016-11-28,33.2,33.75,33.05,33.15,82190,0
2016-11-29,33.25,33.6,32.65,32.7,40812,0
2016-11-30,32.8,32.85,32.2,32.2,65390,0
2016-12-01,32.3,32.6,31.475,31.75,90495,0
2016-12-02,31.8,31.95,31.65,31.7,40368,0
2016-12-05,31.9,32.95,31,32.9,199916,0
2016-12-06,33.15,34.2,33.1,33.7,70385,0
2016-12-07,33.95,34.55,33.85,34.05,55191,0
2016-12-08,34.25,35.45,34,34.6,95016,0
2016-12-09,34.7,35.55,34.65,34.7,84358,0
2016-12-12,34.9,34.9,34.3,34.45,64485,0
2016-12-13,34.65,35.6,34.6,35.1,40312,0
2016-12-14,35.05,35.3,34.75,35.1,46663,0
2016-12-15,35.1,36,34.8,35.85,58443,0
2016-12-16,36,36.1,35.4,35.6,117853,0
2016-12-19,35.45,36.25,35.45,35.75,50100,0
2016-12-20,35.9,36.05,35.4,35.8,72208,0
2016-12-21,35.65,36,34.95,35.05,73169,0
2016-12-22,35.05,35.5,34.9,35.5,44054,0
2016-12-23,35.65,35.85,35.4,35.8,25194,0
2016-12-27,35.95,36.05,35.55,35.7,22839,0
2016-12-28,35.85,36.05,35.5,35.9,28483,0
2016-12-29,36.45,37.05,36.15,36.6,64263,0
2016-12-30,36.7,36.825,36.35,36.6,43063,0
2017-01-03,36.85,37.45,36.3964,37.3,75268,0
2017-01-04,37.3,38.6,37.3,38,76410,0
2017-01-05,38,38.3,37.15,37.55,57327,0
2017-01-06,37.65,37.65,37.15,37.3,48210,0
2017-01-09,37.2,37.374,36.6967,36.85,67643,0
2017-01-10,36.9,37.325,36.9,37,35707,0
2017-01-11,37.05,37.5,36.7,37.45,37679,0
2017-01-12,37.4,37.5,36.5,36.7,32021,0
2017-01-13,36.9,37.5,36.85,37,42012,0
2017-01-17,37,37.5,36.6,37.3,35748,0
2017-01-18,37.5,37.5,36.35,37,36446,0
2017-01-19,36.95,36.95,36,36.55,26291,0
2017-01-20,36.55,37.05,36.45,36.55,29106,0
2017-01-23,36.45,36.8,36.2,36.8,41272,0
2017-01-24,36.975,37.7,36.6,37.65,26321,0
2017-01-25,37.95,38.35,37.725,38.35,46533,0
2017-01-26,38.75,38.75,37.65,37.7,36044,0
2017-01-27,38.1,38.6,37.65,38.05,28554,0
2017-01-30,37.9,37.9,37.2,37.6,73325,0
2017-01-31,37.41,39.65,37.41,38.3,40152,0
2017-02-01,38.65,38.8,38.15,38.6,40525,0
2017-02-02,38.45,39.15,38,38.7,32762,0
2017-02-03,38.65,39.15,38.5,39.15,25414,0
2017-02-06,38.875,39.3,38.75,38.8,17562,0
2017-02-07,38.85,39.3,38.25,38.7,25282,0
2017-02-08,38.8,39.8,38.75,39.6,37941,0
2017-02-09,39.4,40.75,39.4,40.2,41161,0
2017-02-10,40.15,40.5,40.05,40.2,31458,0
2017-02-13,40.5,40.5,39.5,39.65,23017,0
2017-02-14,39.5,39.95,39.2,39.45,27590,0
2017-02-15,39.35,40.55,39.35,40.4,17092,0
2017-02-16,40.3,40.5,39.95,40.3,23740,0
2017-02-17,40.25,41.25,40.2,40.6,31926,0
2017-02-21,40.85,40.85,39.7,39.75,21294,0
2017-02-22,39.7,40.25,39.65,40.05,27605,0
2017-02-23,39.75,40.85,39.75,40.5,21768,0
2017-02-24,40.5,41.5,40.5,41,29337,0
2017-02-27,41.1,41.85,41.1,41.55,34399,0
2017-02-28,41.35,41.35,40.3,40.3,28249,0
2017-03-01,40.9,42,40.75,41.9,30997,0
2017-03-02,41.7,41.75,40.75,40.75,29261,0
2017-03-03,40.9,41.05,40.7,40.9,22967,0
2017-03-06,40.75,41.2,40.3,40.95,23756,0
2017-03-07,40.85,41.09,40.35,40.4,22211,0
2017-03-08,40.65,40.75,39.6,39.65,34552,0
2017-03-09,39.8,40.25,39.8,40.1,19665,0
2017-03-10,40.65,41.05,40,41.05,39009,0
2017-03-13,40.95,41.15,40.75,40.85,37956,0
2017-03-14,40.45,41.45,40.3,41.25,28648,0
2017-03-15,41.3,41.55,41.05,41.1,31648,0
2017-03-16,41.25,41.6,40.35,40.55,32410,0
2017-03-17,40.4,41.2,40.4,41.05,87683,0
2017-03-20,40.95,41.75,40.95,41.6,49802,0
2017-03-21,41.85,41.85,40.6,40.65,37884,0
2017-03-22,40.8,40.8,39.8,40.1,27347,0
2017-03-23,40.15,41.15,40.15,40.5,41226,0
2017-03-24,40.6,41.35,40.475,40.65,32598,0
2017-03-27,40,41.3,40,41.2,147327,0
2017-03-28,41,41.95,40.95,41.95,29067,0
2017-03-29,41.7,42.625,41.45,42.15,27830,0
2017-03-30,42.25,43.3,41.9,43.25,34042,0
2017-03-31,43.35,43.75,43.05,43.5,44009,0
2017-04-03,43.5,43.5,41.1,41.35,47913,0
2017-04-04,41.2,41.55,41,41.3,38592,0
2017-04-05,41.45,42.25,41.25,41.4,36680,0
2017-04-06,41.35,41.85,40.7,41.5,36128,0
2017-04-07,41.1,42.05,41,41.9,33601,0
2017-04-10,41.9,42.5,41.7,41.85,30808,0
2017-04-11,41.55,42.7,41.55,42.4,32019,0
2017-04-12,42.3,42.3,41.35,42.1,18987,0
2017-04-13,42.05,42.1,41.1,41.3,22909,0
2017-04-17,41.2,42.15,41.2,42.05,24404,0
2017-04-18,42,43.15,41.957,42.65,33836,0
2017-04-19,42.75,43.3,42.75,42.95,23218,0
2017-04-20,43.125,43.5,42.85,43.4,27411,0
2017-04-21,43.2,43.35,42.55,42.6,28610,0
2017-04-24,43.2,43.6,42.8,42.9,30759,0
2017-04-25,43.3,44.25,43.1,44,23319,0
2017-04-26,43.85,44.8,43.25,43.5,51209,0
2017-04-27,43.5,44.35,43.5,44.1,30580,0
2017-04-28,43.906,44.75,43.906,44.5,33280,0
2017-05-01,44.6,45.3,44.35,45.15,29625,0
2017-05-02,44.8,45.434,44.8,45.2,30019,0
2017-05-03,44.9,45.55,44.75,44.75,27435,0
2017-05-04,44.925,45.9,44.8,45.9,19548,0
2017-05-05,45.65,45.85,45.45,45.55,25730,0
2017-05-08,45.55,46.15,45.05,46.1,30807,0
2017-05-09,46,46.45,45.75,46.35,26998,0
2017-05-10,46.05,46.55,45.5,45.95,26811,0
2017-05-11,45.7,46.7,45.3,46.55,30838,0
2017-05-12,46.3,47.05,45.85,46.4,28453,0
2017-05-15,46.45,47.5,46.45,47.3,32725,0
2017-05-16,47.4,47.4,45.45,45.65,24175,0
2017-05-17,44.95,45.95,44.95,45.7,41263,0
2017-05-18,45.3,46.2,45.25,45.45,39889,0
2017-05-19,45.45,46.1,44.9,44.95,26281,0
2017-05-22,45.25,45.8,45.2,45.45,14849,0
2017-05-23,45.6,45.8,45.25,45.6,23347,0
2017-05-24,45.65,47.04,45.65,46.65,27948,0
2017-05-25,46.75,47.3,45.55,46.75,22319,0
2017-05-26,47,47.3,46.25,46.75,25670,0
2017-05-30,46.6,47.45,46.6,46.8,26774,0
2017-05-31,47,47.6,46.1955,46.6,25572,0
2017-06-01,47.1,48.45,47.005,47.75,39279,0
2017-06-02,47.9,49.05,47.7,48.45,40489,0
2017-06-05,45.65,49.5,45.155,47.05,39228,0
2017-06-06,46.95,48.2,46.8,46.95,30381,0
2017-06-07,47,47.65,46.6,47.05,35486,0
2017-06-08,46.4,47.75,46.4,47.7,22927,0
2017-06-09,47.75,48.95,47.55,48.5,29241,0
2017-06-12,48.5,49.125,47.7,47.95,29376,0
2017-06-13,48,48,47.25,47.6,16824,0
2017-06-14,46.25,48.1,46.25,47.05,33198,0
2017-06-15,46.5,47.15,46.05,46.65,33323,0
2017-06-16,46.1,46.4,45.4,45.75,116000,0
2017-06-19,45.7,47.3,45.7,46.9,39697,0
2017-06-20,46.5,46.7,45.85,46.15,25844,0
2017-06-21,46.15,47.05,46.15,46.55,26168,0
2017-06-22,46.6,47.4,46.45,47.35,24741,0
2017-06-23,44.81,48,44.81,47.4,89326,0
2017-06-26,47.3,48.25,47.3,48.1,31507,0
2017-06-27,48.1,48.5,47.9,48.5,28361,0
2017-06-28,48.5,48.5,47.85,48.45,26225,0
2017-06-29,48.4,48.4,46.9,47.3,15138,0
2017-06-30,47.35,47.9,47.35,47.4,21686,0
2017-07-03,47.6,48.7,47.1,48.55,16414,0
2017-07-05,48.8,48.8,47.25,48.1,18082,0
2017-07-06,47.8,47.8,47.1,47.2,21728,0
2017-07-07,47.1,48.25,47,48.15,16092,0
2017-07-10,47.75,48,46.85,47.3,21879,0
2017-07-11,47.5,47.9,47.05,47.4,30257,0
2017-07-12,47.75,48.45,47.75,48.35,14543,0
2017-07-13,48.3,48.3,47.3,48,25046,0
2017-07-14,47.7,48.45,47.7,48.2,16449,0
2017-07-17,48.15,48.4,47.9,48.3,18617,0
2017-07-18,48.2,49.35,47.85,49,24807,0
2017-07-19,49,49.2,47.9,48.3,14649,0
2017-07-20,48.25,48.4,47.9,48.2,6658,0
2017-07-21,48.35,48.35,47.25,47.75,23723,0
2017-07-24,47.75,47.9,47.25,47.85,12461,0
2017-07-25,47.9,48.4,47.825,48.2,28305,0
2017-07-26,48.25,48.7003,47.1448,48.25,28881,0
2017-07-27,48.25,48.75,47.35,48.35,20981,0
2017-07-28,48.2,48.55,47.9,48.1,14410,0
2017-07-31,48.05,48.6,47.5,47.55,23823,0
2017-08-01,47.55,48.25,46.5,47.9,29581,0
2017-08-02,48.15,49.05,47.85,48.4,20236,0
2017-08-03,48.25,48.69,45.01,48.35,17899,0
2017-08-04,48.19,49.95,48.05,49.95,33454,0
2017-08-07,49.4,49.5,48.5,49.05,23700,0
2017-08-08,48.1998,49.95,48.1998,49.05,35011,0
2017-08-09,48.6,49.6,48.6,49.5,24627,0
2017-08-10,49.1,49.3,48.45,48.8,19048,0
2017-08-11,48.85,48.85,48.05,48.35,20772,0
2017-08-14,48.9,50.1,48.55,50.1,26837,0
2017-08-15,49.9,50.45,49.75,50.2,13412,0
2017-08-16,50.155,51,50.15,50.45,26211,0
2017-08-17,50.1,51.275,48.55,51.1,54287,0
2017-08-18,50.45,51.65,49.9,51.1,33965,0
2017-08-21,50.6,51.7,50.5,51.25,21563,0
2017-08-22,51.25,51.495,51.2,51.2,8757,0
2017-08-23,50.75,51.4,50.75,51.25,21451,0
2017-08-24,51.3,51.3,49.85,49.9,16703,0
2017-08-25,50.3,50.65,50.1,50.6,34669,0
2017-08-28,50.6,50.95,49.95,50.85,25804,0
2017-08-29,50.45,51.35,50.3,51.2,46218,0
2017-08-30,50.95,51.215,50.8,50.8,24302,0
2017-08-31,51.15,52.3,51,51.9,33562,0
2017-09-01,52.25,52.6,51.85,52.3,17241,0
2017-09-05,52.05,52.225,51,51.1,23671,0
2017-09-06,51.2,51.3,49.91,50.7,19248,0
2017-09-07,50.65,51.1,49.75,50.05,25841,0
2017-09-08,50.1,51,49.55,50.85,15368,0
2017-09-11,51.05,51.3,50.85,51,20029,0
2017-09-12,51,51.35,50.75,50.95,19731,0
2017-09-13,50.7,51.5,50.65,51.05,26733,0
2017-09-14,49.1,51.6,49.1,51.55,30640,0
2017-09-15,51.7,52.1,51.15,51.45,110711,0
2017-09-18,51.75,52.6,51.575,52,31292,0
2017-09-19,52,52.05,50.65,50.8,27142,0
2017-09-20,51,51.95,51,51.65,24070,0
2017-09-21,51.5,52.7,51,52.3,168776,0
2017-09-22,52.25,53.4,52.25,53.2,28381,0
2017-09-25,52.85,53.315,52.55,52.9,42758,0
2017-09-26,53,53.7,52.275,53.05,25162,0
2017-09-27,53.15,55,53.15,55,44192,0
2017-09-28,54.7,55.95,54.7,55.3,33781,0
2017-09-29,54.15,54.75,53.95,54.4,68530,0
2017-10-02,54.6,57.35,54.6,57.3,40850,0
2017-10-03,57.15,58.05,55.8378,57.95,40168,0
2017-10-04,58.05,59.6,58.05,58.7,56912,0
2017-10-05,58.5,59.55,58.5,58.65,48969,0
2017-10-06,58.75,59,55.65,56.2,69377,0
2017-10-09,56.2,57.675,56.2,57.5,87285,0
2017-10-10,58.05,58.7,57.1,57.75,43007,0
2017-10-11,58.3,58.95,57.75,58.2,54283,0
2017-10-12,58.2,59.55,58.2,59.3,38569,0
2017-10-13,59.1,59.9,58.675,58.7,35123,0
2017-10-16,59.05,59.5,58.7,59.15,19648,0
2017-10-17,59.15,59.6,58.65,58.9,20220,0
2017-10-18,59,59.9,59,59.35,18095,0
2017-10-19,59.3,60.4,58.8,60.3,28060,0
2017-10-20,60.85,60.85,59.55,59.95,31891,0
2017-10-23,60,60.85,60,60.3,21422,0
2017-10-24,60.4,60.85,58.6,59.6,21719,0
2017-10-25,59.6,59.8,58.8,59.6,18690,0
2017-10-26,59.65,60.2792,59.3,59.45,17229,0
2017-10-27,60.05,60.75,59.35,60.1,28526,0
2017-10-30,59.95,60.35,57.9,58.55,38999,0
2017-10-31,59.4,61.2,59.1,60,52498,0
2017-11-01,60.55,60.55,56.25,56.35,24235,0
2017-11-02,56.3,58.2,55.25,57.75,15556,0
2017-11-03,57.7,58.1,55.86,57.45,26285,0
2017-11-06,57.5,58.2,55.65,58,28178,0
2017-11-07,57.95,57.95,55.2,55.6,26703,0
2017-11-08,55.35,56.15,54.75,55.65,20467,0
2017-11-09,55.2,55.9,52.95,55.55,15267,0
2017-11-10,55.7,56.05,54.55,55.25,17627,0
