2016-01-04,58.548,58.548,57.214,57.871,4459693,0
2016-01-05,58.19,58.414,57.712,57.871,3354798,0
2016-01-06,56.746,57.627,56.348,56.876,4408235,0
2016-01-07,55.781,57.692,55.287,56.388,4900249,0
2016-01-08,56.617,56.617,55.452,55.511,4559326,0
2016-01-11,55.831,56.269,55.333,55.87,4414795,0
2016-01-12,57.244,59.654,57.194,59.384,7741556,0
2016-01-13,59.474,59.684,57.125,57.513,5955151,0
2016-01-14,57.911,60.813,57.742,59.937,7051939,0
2016-01-15,57.662,59.066,57.543,58.448,4946501,0
2016-01-19,59.304,59.972,58.05,59.674,8061285,0
2016-01-20,58.19,59.674,57.772,58.986,5821871,0
2016-01-21,59.196,59.892,58.369,58.797,3911360,0
2016-01-22,59.364,60.36,59.076,60.24,4839888,0
2016-01-25,59.962,61.53,59.902,60.648,6883171,0
2016-01-26,60.768,61.834,60.39,61.664,4603564,0
2016-01-27,61.465,62.311,60.35,60.758,3973891,0
2016-01-28,61.505,61.983,60.868,61.067,3704253,0
2016-01-29,61.555,63.147,61.545,63.028,3570239,0
2016-02-01,62.202,62.71,61.794,62.052,3500947,0
2016-02-02,60.768,61.36,59.514,59.847,4986342,0
2016-02-03,60.36,60.748,59.245,60.49,3106510,0
2016-02-04,59.822,60.092,58.718,59.354,5004102,0
2016-02-05,58.936,59.454,57.692,58.28,7047144,0
2016-02-08,54.735,55.193,52.804,53.809,11357131,0
2016-02-09,53.033,53.789,50.992,52.097,7456767,0
2016-02-10,53.361,54.049,52.704,53.083,5543306,0
2016-02-11,51.988,52.625,51.102,51.878,4971438,0
2016-02-12,53.093,53.63,52.286,53.63,3749589,0
2016-02-16,53.889,54.965,53.779,54.765,4672442,0
2016-02-17,55.213,56.622,54.785,56.358,5703251,0
2016-02-18,56.766,57.015,55.621,55.761,4182575,0
2016-02-19,55.163,55.781,54.825,55.651,4221917,0
2016-02-22,56.457,57.154,56.089,56.378,3339184,0
2016-02-23,56.269,56.497,55.452,55.511,3066079,0
2016-02-24,54.935,56.079,54.287,55.94,2673480,0
2016-02-25,56.308,56.995,55.313,56.985,2669710,0
2016-02-26,57.264,57.543,56.617,56.786,3112777,0
2016-02-29,56.876,57.244,56.408,56.726,4109116,0
2016-03-01,57.612,58.16,57.164,57.951,5146546,0
2016-03-02,57.971,57.991,56.985,57.423,3763046,0
2016-03-03,57.692,57.742,56.492,57.543,3337284,0
2016-03-04,58.08,58.14,57.168,57.483,3339766,0
2016-03-07,56.995,57.035,56.209,56.746,3789159,0
2016-03-08,56.159,56.343,55.531,55.681,3181535,0
2016-03-09,55.95,55.989,55.413,55.801,3138204,0
2016-03-10,56.139,56.726,54.407,55.173,5169882,0
2016-03-11,55.94,56.826,55.373,56.717,4338711,0
2016-03-14,56.298,57.961,56.199,57.861,5456325,0
2016-03-15,57.443,57.971,57.403,57.772,3489492,0
2016-03-16,57.443,58.713,57.05,58.648,3856715,0
2016-03-17,58.309,58.728,57.976,58.468,3612934,0
2016-03-18,57.951,59.056,57.672,58.986,5225694,0
2016-03-21,59.046,59.454,58.468,59.255,3568068,0
2016-03-22,59.016,59.374,58.538,58.588,4847019,0
2016-03-23,58.399,59.006,57.971,58.797,4913653,0
2016-03-24,58.608,60.37,58.518,60.052,5117996,0
2016-03-28,59.982,60.46,59.654,59.912,2715466,0
2016-03-29,59.912,61.515,59.684,61.346,3961241,0
2016-03-30,61.854,62.57,61.515,62.172,4979752,0
2016-03-31,62.062,62.739,61.762,62.421,2985079,0
2016-04-01,62.043,62.909,61.933,62.839,2174701,0
2016-04-04,62.839,62.859,61.326,61.485,3451080,0
2016-04-05,61.077,61.286,60.619,60.908,2251329,0
2016-04-06,60.828,61.376,60.619,61.286,1712157,0
2016-04-07,60.738,60.958,59.624,59.722,3971582,0
2016-04-08,60.23,60.53,59.654,59.892,2248826,0
2016-04-11,60.39,60.848,59.694,59.713,3001707,0
2016-04-12,60.57,60.57,58.678,59.196,5572661,0
2016-04-13,59.802,60.47,59.176,60.18,6216959,0
2016-04-14,60.18,60.495,59.792,60.092,2325428,0
2016-04-15,60.579,60.688,59.684,59.802,4554421,0
2016-04-18,59.684,60.24,58.857,60.112,3262402,0
2016-04-19,60.36,60.36,58.986,59.584,2046839,0
2016-04-20,59.722,60.122,59.066,59.822,1907820,0
2016-04-21,59.614,60.151,59.444,59.782,1896715,0
2016-04-22,59.713,60.35,59.424,60.171,2839435,0
2016-04-25,59.822,60.042,59.424,59.942,1842817,0
2016-04-26,60.002,60.678,59.892,60.36,1819781,0
2016-04-27,60.23,60.978,59.842,60.31,1587600,0
2016-04-28,59.832,60.23,59.309,59.464,2730449,0
2016-04-29,58.986,59.236,57.523,58.11,3623169,0
2016-05-02,58.11,58.369,57.692,58.11,4959255,0
2016-05-03,57.752,58.04,57.264,57.393,4113837,0
2016-05-04,56.945,57.573,56.746,57.284,4653133,0
2016-05-05,57.244,57.503,56.806,57.334,5727805,0
2016-05-06,56.199,60.535,55.959,60.28,6567399,0
2016-05-09,60.3,60.898,59.782,60.55,3687055,0
2016-05-10,60.53,61.674,60.295,61.465,3279958,0
2016-05-11,61.286,61.704,60.629,60.828,2440207,0
2016-05-12,60.998,61.186,60.24,60.858,1903809,0
2016-05-13,60.678,61.814,60.52,61.077,3107674,0
2016-05-16,61.027,61.764,60.599,61.535,2441432,0
2016-05-17,61.216,61.784,61.037,61.366,3635306,0
2016-05-18,61.276,62.122,61.116,61.764,2444387,0
2016-05-19,61.316,61.873,61.176,61.734,3296791,0
2016-05-20,61.634,62.949,61.634,62.66,4135751,0
2016-05-23,62.55,62.62,61.426,61.465,2703481,0
2016-05-24,61.764,62.719,61.674,62.62,3154772,0
2016-05-25,62.719,62.869,62.252,62.331,3199454,0
2016-05-26,62.242,62.53,61.774,61.983,2452575,0
2016-05-27,62.202,62.451,61.863,62.182,2006499,0
2016-05-31,62.321,62.351,60.993,61.166,3737577,0
2016-06-01,61.156,61.276,60.629,60.858,2647886,0
2016-06-02,60.888,61.077,60.42,61.067,2679836,0
2016-06-03,61.047,61.057,59.832,59.852,3554683,0
2016-06-06,59.782,60.151,59.206,60.082,4115470,0
2016-06-07,60.47,60.788,59.992,60.46,2980879,0
2016-06-08,60.45,61.485,60.34,61.346,3321458,0
2016-06-09,60.619,60.888,60.122,60.718,4062738,0
2016-06-10,59.992,60.52,59.534,60.002,3878065,0
2016-06-13,59.654,60.708,59.494,59.782,2618059,0
2016-06-14,59.713,60.445,59.614,60.33,2991549,0
2016-06-15,60.589,60.589,59.245,59.364,3077526,0
2016-06-16,58.986,59.594,58.329,59.444,2696411,0
2016-06-17,59.614,59.752,58.678,59.285,3263315,0
2016-06-20,60.23,61.489,60.151,61.027,3166240,0
2016-06-21,61.186,61.575,60.918,61.326,2670763,0
2016-06-22,61.206,61.873,61.156,61.435,3356433,0
2016-06-23,62.162,62.431,61.356,62.421,2607505,0
2016-06-24,59.732,59.772,57.712,57.752,7650326,0
2016-06-27,57.164,57.294,54.92,55.233,7276105,0
2016-06-28,56.129,56.437,55.373,55.751,5547185,0
2016-06-29,56.487,57.254,56.049,56.836,5438051,0
2016-06-30,57.115,57.224,56.447,56.985,5112264,0
2016-07-01,56.905,57.906,56.746,56.945,7731158,0
2016-07-05,56.447,56.617,55.841,56.149,5484498,0
2016-07-06,55.731,56.587,55.168,56.517,4666088,0
2016-07-07,56.587,57.214,56.358,56.587,1874951,0
2016-07-08,57.135,57.901,56.856,57.672,3151321,0
2016-07-11,57.822,58.448,57.822,58.18,2416874,0
2016-07-12,57.732,58.419,57.692,58.1,2732074,0
2016-07-13,58.429,58.598,57.792,58.24,2633626,0
2016-07-14,58.807,59.146,58.468,58.678,2371680,0
2016-07-15,57.264,57.812,56.269,57.503,5926728,0
2016-07-18,57.582,57.772,57.373,57.722,2852107,0
2016-07-19,57.592,57.782,57.224,57.413,3947448,0
2016-07-20,57.483,58.558,57.244,58.458,3327095,0
2016-07-21,58.28,58.568,57.961,58.05,2897140,0
2016-07-22,58.329,58.329,57.274,58.1,3580219,0
2016-07-25,57.991,58.14,57.617,58.14,2949448,0
2016-07-26,58.08,58.648,58.07,58.359,2967699,0
2016-07-27,58.29,58.29,57.622,57.991,2457807,0
2016-07-28,58.05,58.369,57.269,57.632,2178658,0
2016-07-29,57.772,57.822,56.915,57.234,2657022,0
2016-08-01,57.324,58.22,57.105,58.19,2680544,0
2016-08-02,57.891,58.25,57.274,57.582,3224153,0
2016-08-03,57.592,58.05,57.244,57.891,2137993,0
2016-08-04,57.961,58.703,57.632,58.508,4595733,0
2016-08-05,57.831,60.2,56.597,59.444,8104370,0
2016-08-08,59.374,59.444,57.976,58.05,4823867,0
2016-08-09,57.941,58.21,57.334,57.413,3976207,0
2016-08-10,57.632,57.632,57.055,57.274,2498204,0
2016-08-11,57.563,57.662,56.866,57.075,2960684,0
2016-08-12,56.905,57.994,56.806,57.941,3495687,0
2016-08-15,57.742,58.05,57.035,57.622,5310118,0
2016-08-16,57.393,57.722,57.025,57.05,3267626,0
2016-08-17,56.995,57.198,56.169,56.746,4738827,0
2016-08-18,56.537,56.746,56.069,56.687,3025841,0
2016-08-19,56.766,57.393,56.677,56.886,3002027,0
2016-08-22,56.726,57.553,56.597,57.483,2271355,0
2016-08-23,57.344,58.399,57.274,57.891,4967861,0
2016-08-24,57.772,57.991,57.095,57.413,3762108,0
2016-08-25,57.443,57.712,57.085,57.314,2106342,0
2016-08-26,57.363,57.941,57.075,57.612,2388039,0
2016-08-29,57.493,57.836,57.194,57.592,1951351,0
2016-08-30,57.831,57.931,57.249,57.652,2242894,0
2016-08-31,57.473,57.652,56.806,57.184,2987745,0
2016-09-01,57.493,57.612,56.697,57.334,3070514,0
2016-09-02,57.692,58.35,57.622,58.1,3301277,0
2016-09-06,58.01,58.399,57.861,58.399,2224953,0
2016-09-07,58.429,58.738,57.961,58.12,3483218,0
2016-09-08,57.672,57.682,55.811,55.92,4794946,0
2016-09-09,56.109,56.109,54.985,54.985,3626535,0
2016-09-12,54.925,56.269,54.805,56.149,5053614,0
2016-09-13,55.472,55.521,54.237,54.755,5923425,0
2016-09-14,53.789,54.735,53.71,53.789,4269799,0
2016-09-15,53.023,54.167,52.675,53.849,5874723,0
2016-09-16,53.7,53.729,52.625,53.083,7001004,0
2016-09-19,53.481,53.779,52.774,53.093,4122698,0
2016-09-20,53.361,53.441,52.714,52.724,4852312,0
2016-09-21,52.744,53.252,52.684,53.212,3511375,0
2016-09-22,53.789,54.079,53.381,53.959,4507003,0
2016-09-23,53.899,54.317,53.471,54.167,4346532,0
2016-09-26,54.108,54.108,53.371,53.909,3804052,0
2016-09-27,53.929,54.502,53.68,54.167,2330095,0
2016-09-28,54.247,54.715,53.924,54.645,4707169,0
2016-09-29,54.965,55.681,54.745,54.755,4507620,0
2016-09-30,48.612,49.538,45.237,47.498,52973093,0
2016-10-03,48.444,51.032,48.284,50.176,16013518,0
2016-10-04,50.872,51.022,49.698,49.868,7012624,0
2016-10-05,50.136,51.201,49.838,50.674,4839978,0
2016-10-06,50.852,51.181,50.394,50.982,3529417,0
2016-10-07,51.052,51.142,50.056,50.126,3539401,0
2016-10-10,50.544,50.724,50.136,50.226,2479737,0
2016-10-11,50.146,50.335,49.32,49.668,3148047,0
2016-10-12,50.714,50.714,49.518,49.758,3241308,0
2016-10-13,49.568,51.142,49.458,51.022,8697720,0
2016-10-14,50.474,51.43,50.106,50.116,5920523,0
2016-10-17,50.266,50.694,49.838,49.876,3021201,0
2016-10-18,50.046,50.404,49.478,49.996,3816426,0
2016-10-19,50.206,50.614,50.026,50.166,2927577,0
2016-10-20,50.474,50.474,49.498,49.858,3798790,0
2016-10-21,49.708,49.797,49.13,49.488,4302520,0
2016-10-24,49.976,50.674,49.886,50.226,6400251,0
2016-10-25,50.166,50.812,50.086,50.414,7345686,0
2016-10-26,50.325,50.892,50.206,50.644,3331552,0
2016-10-27,50.812,51.271,50.634,51.072,3729374,0
2016-10-28,51.29,51.729,51.166,51.34,5372407,0
2016-10-31,51.669,51.748,50.932,51.122,3883683,0
2016-11-01,51.758,51.758,50.892,51.271,4139985,0
2016-11-02,51.261,51.958,50.992,51.181,3510163,0
2016-11-03,51.29,51.709,51.152,51.42,5431919,0
2016-11-04,51.3,52.744,51.271,51.848,8328679,0
2016-11-07,53.759,55.005,53.283,54.507,9102008,0
2016-11-08,54.507,54.985,54.088,54.645,6725798,0
2016-11-09,52.276,52.953,51.231,52.764,20187810,0
2016-11-10,53.222,54.417,52.724,53.571,9626995,0
2016-11-11,53.561,53.879,52.585,53.71,9492199,0
2016-11-14,53.829,54.039,52.854,53.71,8660748,0
2016-11-15,53.7,54.167,53.511,53.929,5925974,0
2016-11-16,53.551,55.203,53.527,55.083,6617056,0
2016-11-17,55.005,56.687,54.885,56.129,9607064,0
2016-11-18,56.249,56.607,54.795,55.323,8874286,0
2016-11-21,55.283,55.423,54.437,54.855,5988828,0
2016-11-22,52.873,53.311,52.137,52.943,11518247,0
2016-11-23,52.366,52.416,51.122,51.629,11227272,0
2016-11-25,51.808,53.272,51.768,53.013,3880800,0
2016-11-28,57.762,58.24,56.577,56.697,24616630,0
2016-11-29,56.547,56.697,55.268,55.383,7076132,0
2016-11-30,55.501,56.009,54.735,54.835,4595384,0
2016-12-01,54.995,55.323,53.647,53.829,5782700,0
2016-12-02,53.62,54.317,53.545,53.779,4252356,0
2016-12-05,53.799,54.845,53.71,54.517,6330872,0
2016-12-06,54.615,55.093,53.954,55.053,5251417,0
2016-12-07,55.103,56.95,54.755,56.846,7873541,0
2016-12-08,56.736,56.736,55.631,55.92,5638434,0
2016-12-09,56.129,56.229,55.173,55.591,3515972,0
2016-12-12,55.442,55.831,54.99,55.641,4006834,0
2016-12-13,55.651,56.577,55.651,56.437,5287010,0
2016-12-14,56.647,56.905,55.959,56.089,4977665,0
2016-12-15,56.049,56.746,55.751,56.547,3824260,0
2016-12-16,56.418,56.637,55.601,56.009,5537114,0
2016-12-19,55.94,56.677,55.94,56.437,3898522,0
2016-12-20,56.467,56.487,55.955,56.169,2766256,0
2016-12-21,55.791,56.338,55.731,56.029,2629440,0
2016-12-22,56.189,56.289,55.333,56.199,4233447,0
2016-12-23,56.139,56.647,55.826,56.239,2036602,0
2016-12-27,56.249,56.816,56.169,56.368,1938543,0
2016-12-28,56.567,56.786,55.791,55.9,2076162,0
2016-12-29,55.811,56.348,55.781,55.93,1645336,0
2016-12-30,55.979,56.259,55.541,55.781,2934709,0
2017-01-03,56.398,56.527,55.761,56.269,3100397,0
2017-01-04,56.229,57.145,55.95,57.065,3245679,0
2017-01-05,57.095,57.204,56.726,56.836,3237437,0
2017-01-06,56.886,57.742,56.129,57.612,5548925,0
2017-01-09,57.344,57.493,56.199,56.328,5726118,0
2017-01-10,56.179,56.677,55.686,56.408,4212694,0
2017-01-11,56.209,56.836,56.019,56.756,4363900,0
2017-01-12,56.915,56.915,55.905,56.736,3124753,0
2017-01-13,56.587,56.866,56.019,56.269,3637138,0
2017-01-17,56.249,56.627,56.069,56.328,3383099,0
2017-01-18,56.378,57.378,56.348,57.105,3596340,0
2017-01-19,56.995,57.174,56.239,56.398,3094636,0
2017-01-20,56.617,56.861,56.209,56.597,4297697,0
2017-01-23,56.627,56.697,55.423,55.92,4362353,0
2017-01-24,55.999,56.472,55.501,56.338,3159145,0
2017-01-25,56.567,57.314,56.328,57.294,5175439,0
2017-01-26,57.214,57.423,56.004,56.019,3361840,0
2017-01-27,56.049,56.378,55.801,55.88,2879423,0
2017-01-30,54.985,55.005,53.292,53.421,8968910,0
2017-01-31,51.798,52.903,51.29,52.356,9915725,0
2017-02-01,52.445,52.675,51.719,52.216,7354116,0
2017-02-02,52.465,52.585,51.35,51.45,7740496,0
2017-02-03,51.838,52.306,51.43,52.266,6204444,0
2017-02-06,53.242,53.242,52.207,52.525,6930385,0
2017-02-07,52.475,53.929,52.401,53.551,7406786,0
2017-02-08,56.746,57.234,54.517,56.199,20499208,0
2017-02-09,56.746,58.15,56.039,57.742,12670643,0
2017-02-10,57.742,58.08,57.115,57.145,5726202,0
2017-02-13,57.493,57.742,57.274,57.383,6350173,0
2017-02-14,57.035,57.433,56.925,57.105,6542717,0
2017-02-15,56.816,58.14,56.816,57.871,5290303,0
2017-02-16,57.991,58.22,57.493,57.841,4096290,0
2017-02-17,57.752,58.18,57.363,57.702,3578868,0
2017-02-21,57.662,58.429,57.403,58.359,3769958,0
2017-02-22,57.971,58.538,57.658,58.488,3155538,0
2017-02-23,58.538,59.041,58.359,58.906,3267288,0
2017-02-24,58.698,59.236,58.488,59.236,3124565,0
2017-02-27,59.226,59.404,58.847,59.314,4868753,0
2017-02-28,59.036,59.314,58.857,59.006,5252157,0
2017-03-01,59.444,60.122,59.226,59.982,4967577,0
2017-03-02,59.694,60.062,59.404,59.902,2802557,0
2017-03-03,59.684,59.987,59.424,59.614,3247103,0
2017-03-06,59.186,59.285,58.23,58.568,5036062,0
2017-03-07,58.558,59.031,57.513,57.582,4989539,0
2017-03-08,57.513,57.732,56.895,57.234,5404097,0
2017-03-09,57.344,57.493,56.746,57.413,4084811,0
2017-03-10,57.991,59.016,57.851,58.478,5057244,0
2017-03-13,58.558,59.076,58.23,58.986,3791911,0
2017-03-14,59.504,59.514,58.658,58.896,3713456,0
2017-03-15,58.926,59.186,58.498,58.996,3231206,0
2017-03-16,59.484,59.732,58.996,59.146,3575888,0
2017-03-17,59.574,59.624,57.931,58.299,6273455,0
2017-03-20,58.299,59.141,58.18,58.718,4507800,0
2017-03-21,58.847,59.136,58.14,58.27,3257721,0
2017-03-22,58.28,59.24,58.26,59.196,4404904,0
2017-03-23,58.986,59.076,58.11,58.498,4758886,0
2017-03-24,58.748,59.026,58.28,58.359,2931276,0
2017-03-27,57.871,58.593,57.802,58.448,2873461,0
2017-03-28,58.23,59.076,58.05,58.777,3748168,0
2017-03-29,58.628,58.936,58.16,58.817,3257391,0
2017-03-30,58.936,59.056,58.643,58.976,1694939,0
2017-03-31,58.827,59.554,58.758,59.255,3383706,0
2017-04-03,59.285,59.684,57.911,57.991,5484141,0
2017-04-04,57.732,58.18,57.354,57.951,3727907,0
2017-04-05,57.961,58.832,57.667,57.802,4012559,0
2017-04-06,57.802,58.16,57.463,57.881,3038456,0
2017-04-07,58.15,58.409,57.767,58.17,3249333,0
2017-04-10,58.03,58.837,57.941,58.708,4336186,0
2017-04-11,58.468,58.931,58.145,58.618,3629088,0
2017-04-12,58.678,58.748,58.22,58.399,2572075,0
2017-04-13,58.508,58.797,58.033,58.09,3737878,0
2017-04-17,58.369,58.558,58.25,58.438,2737630,0
2017-04-18,58.09,58.15,57.393,57.612,5032296,0
2017-04-19,57.712,58.065,57.602,57.702,3829482,0
2017-04-20,57.752,57.976,57.244,57.523,5089694,0
2017-04-21,57.722,57.722,57.383,57.592,4542371,0
2017-04-24,58.379,58.926,58.19,58.628,4208318,0
2017-04-25,58.668,59.106,58.498,58.827,3126248,0
2017-04-26,58.787,59.384,58.708,59.156,3938264,0
2017-04-27,59.186,59.459,59.046,59.434,3244378,0
2017-04-28,59.474,60.132,59.176,59.962,4715349,0
2017-05-01,60.132,60.48,59.892,60.082,5029545,0
2017-05-02,60.062,60.54,59.932,60.22,3975893,0
2017-05-03,60.45,60.53,59.942,60.29,3578460,0
2017-05-04,60.49,60.878,60.29,60.48,5504120,0
2017-05-05,61.416,63.058,61.226,62.939,8261453,0
2017-05-08,62.909,64.143,62.719,63.994,6858908,0
2017-05-09,63.227,64.053,63.108,63.885,3542043,0
2017-05-10,63.705,64.013,63.377,63.685,3445367,0
2017-05-11,63.317,64.033,63.317,63.964,3066482,0
2017-05-12,64.033,64.392,63.755,64.103,4287880,0
2017-05-15,64.113,64.431,63.845,64.203,3908855,0
2017-05-16,64.353,64.959,63.974,64.899,3254299,0
2017-05-17,64.451,64.711,64.003,64.213,3910330,0
2017-05-18,64.023,65.176,63.824,64.881,4038237,0
2017-05-19,64.971,65.38,64.762,65.281,3567272,0
2017-05-22,65.261,65.72,65.031,65.65,3320765,0
2017-05-23,65.859,66.159,65.52,65.869,4923608,0
2017-05-24,66.029,66.468,65.71,66.348,3098521,0
2017-05-25,66.528,66.892,66.398,66.737,4352030,0
2017-05-26,66.987,66.987,66.558,66.648,2564877,0
2017-05-30,66.548,66.548,66.149,66.348,5088369,0
2017-05-31,66.498,66.952,66.288,66.767,3856919,0
2017-06-01,66.767,67.296,66.518,67.246,3778334,0
2017-06-02,67.356,67.416,66.518,67.306,6544430,0
2017-06-05,67.346,67.735,67.167,67.416,2300611,0
2017-06-06,67.147,67.626,67.007,67.266,5677763,0
2017-06-07,66.897,67.246,66.358,66.817,4749715,0
2017-06-08,66.268,66.772,66.159,66.728,3339146,0
2017-06-09,66.987,66.987,65.69,66.169,4304867,0
2017-06-12,65.77,66.189,65.45,66.149,4242718,0
2017-06-13,66.288,66.498,65.66,66.288,4611047,0
2017-06-14,66.298,66.787,65.799,66.328,3205218,0
2017-06-15,65.969,66.403,65.65,66.249,4006796,0
2017-06-16,65.989,66.498,65.73,66.448,10433371,0
2017-06-19,66.708,67.311,66.708,67.256,3270247,0
2017-06-20,66.867,67.576,66.867,67.127,2728575,0
2017-06-21,67.196,68.035,66.997,67.765,3435760,0
2017-06-22,67.745,67.965,66.728,66.977,5002883,0
2017-06-23,66.877,67.631,66.718,67.236,4553586,0
2017-06-26,67.656,67.955,67.167,67.316,3146631,0
2017-06-27,67.167,67.536,66.378,66.388,3058238,0
2017-06-28,66.668,67.097,66.388,66.887,4160584,0
2017-06-29,66.877,67.017,65.46,65.999,3709359,0
2017-06-30,66.408,66.757,66.029,66.259,3935271,0
2017-07-03,66.787,66.837,66.259,66.558,1297072,0
2017-07-05,66.668,67.107,65.999,66.747,2618444,0
2017-07-06,66.318,66.543,65.909,66.149,2367476,0
2017-07-07,66.259,67.177,66.231,66.817,2471622,0
2017-07-10,66.847,67.177,66.508,67.137,2216928,0
2017-07-11,67.037,67.516,66.917,67.456,1908137,0
2017-07-12,67.905,68.224,67.765,67.985,3183907,0
2017-07-13,68.115,68.115,67.466,67.755,3853131,0
2017-07-14,68.134,68.763,67.985,68.683,3143276,0
2017-07-17,68.633,68.852,68.374,68.743,2511064,0
2017-07-18,68.633,68.808,68.274,68.633,2441602,0
2017-07-19,68.653,69.352,68.504,69.352,2803828,0
2017-07-20,69.601,70.15,69.482,69.821,2561258,0
2017-07-21,69.522,69.911,69.452,69.831,2895604,0
2017-07-24,69.811,69.911,69.492,69.811,3495640,0
2017-07-25,69.811,70.2,69.581,69.821,2604815,0
2017-07-26,70.06,70.3,69.741,69.901,2209452,0
2017-07-27,69.911,70.34,69.102,69.571,3366815,0
2017-07-28,69.392,69.751,69.033,69.172,3934505,0
2017-07-31,69.402,69.601,69.092,69.172,4599228,0
2017-08-01,69.242,69.866,69.242,69.362,4525267,0
2017-08-02,69.292,69.372,67.895,68.374,8038585,0
2017-08-03,67.685,69.901,67.576,69.801,5895216,0
2017-08-04,70.699,71.417,70.45,71.018,4494875,0
2017-08-07,70.939,71.018,69.382,69.442,4244125,0
2017-08-08,69.841,70.599,69.372,70.13,3717082,0
2017-08-09,69.871,70.929,69.581,70.859,3726502,0
2017-08-10,70.36,70.929,69.771,69.861,3105499,0
2017-08-11,69.981,70.554,69.811,70.46,3455085,0
2017-08-14,70.948,71.717,70.789,71.687,2602794,0
2017-08-15,71.707,71.757,71.348,71.517,4307156,0
2017-08-16,71.827,71.916,71.408,71.906,2397178,0
2017-08-17,71.667,71.827,70.21,70.24,3062198,0
2017-08-18,69.7,70.51,69.58,70.07,2636472,0
2017-08-21,70.17,70.17,69.33,69.52,2427750,0
2017-08-22,69.72,70.3,69.6,70.15,2918268,0
2017-08-23,70.01,70.13,69.84,70.02,2021408,0
2017-08-24,70.12,70.34,69.52,69.82,1473591,0
2017-08-25,70.09,70.74,69.77,69.78,2958991,0
2017-08-28,69.98,70.29,69.81,69.96,2961937,0
2017-08-29,69.39,69.78,69.24,69.65,1666300,0
2017-08-30,69.58,69.88,69.37,69.67,1943424,0
2017-08-31,69.84,71,69.7,70.77,3379058,0
2017-09-01,70.85,71.23,70.75,70.83,2848291,0
2017-09-05,70.57,70.73,69.88,70.54,1983198,0
2017-09-06,70.73,71.07,70.53,70.93,1636697,0
2017-09-07,71.02,71.8,70.95,71.42,2174159,0
2017-09-08,71.22,71.63,71.001,71.115,2505228,0
2017-09-11,71.72,72.33,71.21,72.18,3160970,0
2017-09-12,72.38,73,72.1,72.85,2855292,0
2017-09-13,72.82,72.99,72.185,72.27,3279581,0
2017-09-14,71.99,72.24,71.5,71.74,3333319,0
2017-09-15,71.77,71.93,71.41,71.82,3927830,0
2017-09-18,72.13,72.315,71.81,72.04,1565496,0
2017-09-19,72.25,72.82,72.13,72.5,2545443,0
2017-09-20,72.63,72.84,72.01,72.46,1374599,0
2017-09-21,72.37,72.58,71.86,71.86,2298309,0
2017-09-22,71.96,72.47,71.91,72.06,3568271,0
2017-09-25,71.91,72.05,71.04,71.69,2195801,0
2017-09-26,71.93,72.5208,71.51,71.63,3767991,0
2017-09-27,72.03,72.33,71.529,71.91,2037406,0
2017-09-28,71.48,72.165,71.39,72.14,1566542,0
2017-09-29,71.99,72.65,71.93,72.54,1952903,0
2017-10-02,72.51,73.279,72.35,72.45,1891646,0
2017-10-03,72.46,72.915,72.22,72.55,2638557,0
2017-10-04,72.5,73.03,72.26,72.65,4466894,0
2017-10-05,73.06,73.23,72.625,73.2,3627640,0
2017-10-06,73,73.83,73,73.8,2249315,0
2017-10-09,73.91,73.91,73.2,73.64,1924622,0
2017-10-10,73.62,74.1,73.62,74,2088867,0
2017-10-11,73.89,74.01,73.15,73.6,2467480,0
2017-10-12,73.74,74.47,73.74,74.09,2706646,0
2017-10-13,74.61,74.77,74.23,74.38,1466207,0
2017-10-16,74.44,74.51,73.79,74.17,1215122,0
2017-10-17,74.12,74.13,73.6,73.97,1387198,0
2017-10-18,74.16,74.33,73.64,73.94,2050704,0
2017-10-19,73.61,74.47,73.42,74.27,1658751,0
2017-10-20,74.5,74.82,74.19,74.8,2905166,0
2017-10-23,74.98,75,74.3,74.4,2665926,0
2017-10-24,74.32,74.7,74.15,74.69,3537839,0
2017-10-25,74.43,74.75,74.1,74.25,2374863,0
2017-10-26,75.31,75.51,74.54,74.58,3390160,0
2017-10-27,74.745,75.5,72.232,75.39,3423790,0
2017-10-30,75.32,75.62,74.75,75.51,4155396,0
2017-10-31,75.73,76.51,75.36,75.67,6126517,0
2017-11-01,74.64,75,70.53,73.54,9994911,0
2017-11-02,74.14,75.11,73.73,74.36,4426328,0
2017-11-03,74.33,74.725,73.77,74.27,3792498,0
2017-11-06,74.11,75.29,74,74.78,3183333,0
2017-11-07,74.81,75.06,74.53,74.65,3161629,0
2017-11-08,74.85,75.08,74.27,74.38,2556327,0
2017-11-09,73.86,74.24,73.5,73.94,2137914,0
2017-11-10,73.59,74.44,73.42,74.26,2591896,0
