2016-01-04,21.98,22.08,21.98,22.08,3835,0
2016-01-05,22.09,22.3,22.0665,22.2999,12599,0
2016-01-06,22.05,22.33,22.05,22.33,7976,0
2016-01-07,22.19,22.33,22.06,22.32,7893,0
2016-01-08,22.33,22.62,22.2,22.33,14960,0
2016-01-11,22.33,22.59,22.33,22.59,7287,0
2016-01-12,22.43,22.7299,22.25,22.3,6509,0
2016-01-13,22.3,22.3,21.6301,21.8,41303,0
2016-01-14,21.8001,22.1899,21.51,22.0356,25171,0
2016-01-15,22.02,22.35,21.72,22.35,12891,0
2016-01-19,22.08,22.08,22.08,22.08,0,0
2016-01-20,22,22.15,21.37,21.86,174689,0
2016-01-21,21.91,22.115,21.83,21.97,9019,0
2016-01-22,22.2118,22.3,22.1,22.11,10233,0
2016-01-25,22.2,22.2,21.8,21.8,9507,0
2016-01-26,21.82,22.05,21.82,22.01,5339,0
2016-01-27,21.93,22.17,21.92,22.1666,2261,0
2016-01-28,22.1,22.5,22.05,22.5,10271,0
2016-01-29,22.31,22.648,22.31,22.648,5382,0
2016-02-01,22.93,22.98,22.51,22.6532,4924,0
2016-02-02,22.7,22.8,22.48,22.74,21479,0
2016-02-03,22.66,22.75,22.481,22.75,8078,0
2016-02-04,22.708,22.75,22.708,22.75,6707,0
2016-02-05,22.6,22.74,22.6,22.73,4613,0
2016-02-08,22.65,22.6505,21.95,22.1984,17536,0
2016-02-09,22.01,22.01,21.25,21.7752,29603,0
2016-02-10,21.75,21.75,21.51,21.55,9395,0
2016-02-11,21.43,21.63,21.04,21.28,18076,0
2016-02-12,21.355,21.85,21.355,21.56,16176,0
2016-02-16,22.1,22.1,21.6,21.7045,13116,0
2016-02-17,21.71,22,21.71,21.88,6283,0
2016-02-18,21.85,21.95,21.61,21.8,6386,0
2016-02-19,21.82,21.9977,21.82,21.9596,4700,0
2016-02-22,21.99,22,21.96,21.96,16561,0
2016-02-23,22,22,21.63,21.84,15755,0
2016-02-24,21.75,21.97,21.27,21.65,7792,0
2016-02-25,21.7,21.7,21.6,21.61,6212,0
2016-02-26,21.65,21.65,21.45,21.45,13834,0
2016-02-29,21.36,21.82,21.3301,21.38,31183,0
2016-03-01,21.6,21.6166,21.35,21.435,22268,0
2016-03-02,21.5,21.6179,21.3318,21.35,14592,0
2016-03-03,21.4292,21.49,21.4,21.49,16679,0
2016-03-04,21.45,21.6,21.4499,21.6,8278,0
2016-03-07,21.6903,21.74,21.6,21.6,11573,0
2016-03-08,21.74,21.74,21.43,21.45,7930,0
2016-03-09,21.6405,21.6405,21.44,21.5,11320,0
2016-03-10,21.5,21.51,21.44,21.5,5485,0
2016-03-11,21.69,21.69,21.45,21.5,8684,0
2016-03-14,21.72,21.94,21.614,21.78,12156,0
2016-03-15,21.77,22.1,21.75,22,21482,0
2016-03-16,22.16,22.16,22.06,22.1,21828,0
2016-03-17,22.134,22.34,22.1,22.25,30472,0
2016-03-18,22.34,22.34,22.1,22.12,17597,0
2016-03-21,22.1,22.73,22.04,22.16,27990,0
2016-03-22,22.16,22.35,22.16,22.27,9806,0
2016-03-23,22.22,22.5,22.18,22.5,40344,0
2016-03-24,22.3101,22.49,22.3101,22.4,11184,0
2016-03-28,22.4,22.64,22.4,22.5,24940,0
2016-03-29,22.52,22.5654,22.4886,22.54,41038,0
2016-03-30,22.15,22.2543,22.1116,22.14,23526,0
2016-03-31,22.15,22.15,22.0384,22.1087,15863,0
2016-04-01,22.09,22.15,21.85,21.9,16874,0
2016-04-04,21.9,21.98,21.89,21.93,9181,0
2016-04-05,22.1951,22.1951,21.9,22.1,6816,0
2016-04-06,22.31,22.3732,22.1,22.32,16886,0
2016-04-07,22.3466,22.4,22.115,22.18,9903,0
2016-04-08,22.25,22.35,22.22,22.35,6043,0
2016-04-11,22.47,22.8,22.47,22.7199,25021,0
2016-04-12,22.75,22.81,22.7,22.79,8517,0
2016-04-13,22.79,22.84,22.78,22.835,13460,0
2016-04-14,22.85,22.98,22.8,22.84,13650,0
2016-04-15,22.92,23.1,22.887,23.1,25625,0
2016-04-18,23.0999,23.25,23,23.25,27014,0
2016-04-19,23.25,23.3392,23.25,23.3392,8748,0
2016-04-20,23.34,23.34,23.15,23.1509,14006,0
2016-04-21,23.2864,23.29,23.15,23.2778,11331,0
2016-04-22,23.3,23.3,23.2201,23.3,7081,0
2016-04-25,23.32,23.44,23.3,23.33,15128,0
2016-04-26,23.37,23.4499,23.25,23.3748,10444,0
2016-04-27,23.4578,23.47,23.3,23.3956,12524,0
2016-04-28,23.35,23.35,23.28,23.2801,12334,0
2016-04-29,23.27,23.3499,23.25,23.33,4621,0
2016-05-02,23.36,23.36,23.28,23.294,13034,0
2016-05-03,23.3499,23.3499,23.25,23.3,14893,0
2016-05-04,23.28,23.32,23.2577,23.31,5048,0
2016-05-05,23.33,23.4,23.33,23.4,6998,0
2016-05-06,23.34,23.5,23.3,23.4,11522,0
2016-05-09,23.53,23.7999,23.53,23.675,7720,0
2016-05-10,23.68,23.85,23.6,23.8,9839,0
2016-05-11,23.5515,23.84,23.5,23.71,19431,0
2016-05-12,23.69,23.7999,23.5301,23.6338,12222,0
2016-05-13,23.65,23.81,23.65,23.81,21664,0
2016-05-16,23.9,24.04,23.85,23.86,16611,0
2016-05-17,24,24,23.8,23.935,11858,0
2016-05-18,23.89,24.015,23.75,23.7605,15890,0
2016-05-19,23.78,23.78,23.4,23.7,22908,0
2016-05-20,23.78,24.04,23.7499,23.8192,14219,0
2016-05-23,23.83,23.88,23.77,23.855,21278,0
2016-05-24,23.8,23.9001,23.7199,23.72,28449,0
2016-05-25,23.65,23.8,23.59,23.72,253758,0
2016-05-26,23.7,23.73,23.42,23.6,10574,0
2016-05-27,23.6599,23.71,23.4799,23.61,7373,0
2016-05-31,23.5934,23.76,23.5934,23.74,19442,0
2016-06-01,23.7366,23.75,23.7,23.75,22723,0
2016-06-02,23.7,23.76,23.7,23.75,9963,0
2016-06-03,23.7899,23.95,23.75,23.84,100738,0
2016-06-06,23.9,23.9801,23.77,23.794,24329,0
2016-06-07,23.79,23.84,23.75,23.78,8657,0
2016-06-08,23.85,23.85,23.76,23.79,11692,0
2016-06-09,23.79,23.81,23.7,23.81,15168,0
2016-06-10,23.81,23.83,23.77,23.77,33785,0
2016-06-13,23.77,23.81,23.7,23.71,12888,0
2016-06-14,23.72,23.75,23.7,23.7,13125,0
2016-06-15,23.7,23.78,23.7,23.74,30205,0
2016-06-16,23.79,23.84,23.75,23.76,6552,0
2016-06-17,23.85,23.85,23.76,23.85,21401,0
2016-06-20,23.85,23.96,23.82,23.88,15090,0
2016-06-21,23.875,23.94,23.851,23.87,9629,0
2016-06-22,23.91,23.91,23.8001,23.81,30515,0
2016-06-23,23.88,23.98,23.63,23.95,42637,0
2016-06-24,23.6,23.9599,23.6,23.9,14741,0
2016-06-27,23.92,24,23.87,23.9276,6625,0
2016-06-28,23.94,24,23.905,23.93,52202,0
2016-06-29,23.51,23.64,23.26,23.4501,26207,0
2016-06-30,23.53,23.63,23.5,23.5,22756,0
2016-07-01,23.585,23.68,23.4,23.4174,16592,0
2016-07-05,23.5,23.7,23.43,23.7,9186,0
2016-07-06,23.51,23.69,23.43,23.5,88600,0
2016-07-07,23.58,23.6,23.4286,23.4521,49434,0
2016-07-08,23.55,23.55,23.44,23.49,58635,0
2016-07-11,23.55,23.6,23.45,23.5,46648,0
2016-07-12,23.5465,23.55,23.46,23.5,40652,0
2016-07-13,23.75,23.75,23.48,23.48,38027,0
2016-07-14,23.6327,23.66,23.48,23.59,35594,0
2016-07-15,23.6,23.6,23.4,23.4,59801,0
2016-07-18,23.5,23.5899,23.44,23.5,27308,0
2016-07-19,23.55,23.6999,23.4609,23.56,18839,0
2016-07-20,23.56,23.68,23.542,23.645,23368,0
2016-07-21,23.64,23.7,23.57,23.58,13311,0
2016-07-22,23.7,23.93,23.6,23.64,7419,0
2016-07-25,23.65,23.8499,23.64,23.68,16118,0
2016-07-26,23.74,23.9458,23.63,23.6401,76599,0
2016-07-27,23.71,23.74,23.52,23.58,53487,0
2016-07-28,23.6,23.639,23.57,23.58,26088,0
2016-07-29,23.6,23.609,23.56,23.59,49456,0
2016-08-01,23.6693,23.6999,23.58,23.66,35598,0
2016-08-02,23.61,23.85,23.6,23.6397,13949,0
2016-08-03,23.65,23.6799,23.6166,23.63,25587,0
2016-08-04,23.6795,23.68,23.6507,23.68,9769,0
2016-08-05,23.72,23.7499,23.67,23.68,40167,0
2016-08-08,23.8639,23.8639,23.64,23.66,48597,0
2016-08-09,23.71,23.8,23.54,23.63,96665,0
2016-08-10,23.63,23.6535,23.52,23.57,56529,0
2016-08-11,23.57,23.7,23.57,23.64,27130,0
2016-08-12,23.59,23.799,23.59,23.7,39242,0
2016-08-15,23.77,23.92,23.63,23.655,62949,0
2016-08-16,23.75,23.7555,23.66,23.69,38030,0
2016-08-17,23.7,23.95,23.69,23.95,71163,0
2016-08-18,23.79,24,23.69,23.9999,189852,0
2016-08-19,24,24,23.9101,23.9361,19983,0
2016-08-22,23.94,23.94,23.91,23.937,22626,0
2016-08-23,23.975,24,23.95,23.9699,28583,0
2016-08-24,23.99,24.14,23.85,24,43175,0
2016-08-25,24.03,24.06,23.97,24.06,60869,0
2016-08-26,24.09,24.11,23.9799,24.11,60644,0
2016-08-29,24.14,24.25,24.1,24.1699,60720,0
2016-08-30,24.17,24.2714,24.17,24.25,64249,0
2016-08-31,24.23,24.305,24.2,24.26,55361,0
2016-09-01,24.26,24.42,24.21,24.42,22544,0
2016-09-02,24.4,24.69,24.32,24.59,43389,0
2016-09-06,24.59,24.59,24.32,24.54,25056,0
2016-09-07,24.57,24.57,24.4426,24.45,26238,0
2016-09-08,24.54,24.54,24.3732,24.49,25342,0
2016-09-09,24.4,24.4799,24.0868,24.16,54303,0
2016-09-12,24.25,24.39,24.1,24.25,54509,0
2016-09-13,24.3001,24.35,24.07,24.3,51206,0
2016-09-14,24.3001,24.37,24.15,24.26,29428,0
2016-09-15,24.3499,24.44,24.28,24.3497,56582,0
2016-09-16,24.2,24.44,24.2,24.44,540458,0
2016-09-19,24.45,24.58,24.45,24.52,35114,0
2016-09-20,24.59,24.59,24.39,24.43,57664,0
2016-09-21,24.43,24.56,24.345,24.56,31312,0
2016-09-22,24.57,24.59,24.5,24.55,38528,0
2016-09-23,24.58,24.66,24.5528,24.61,36230,0
2016-09-26,24.6,24.72,24.58,24.6621,15611,0
2016-09-27,24.67,24.7001,24.66,24.7,22544,0
2016-09-28,24.41,24.5143,24.2601,24.27,38301,0
2016-09-29,24.34,24.4499,24.06,24.06,39590,0
2016-09-30,24.3042,24.39,24.1101,24.1101,9321,0
2016-10-03,24.3,24.342,24.0201,24.03,21381,0
2016-10-04,24.17,24.2588,23.91,23.94,29742,0
2016-10-05,24,24.1,23.8898,23.95,37733,0
2016-10-06,23.89,23.9,23.8001,23.86,43794,0
2016-10-07,23.85,24.2399,23.85,23.94,21791,0
2016-10-10,23.93,23.93,23.78,23.79,22452,0
2016-10-11,23.83,23.99,23.72,23.72,19003,0
2016-10-12,23.72,23.73,23.6728,23.72,5720,0
2016-10-13,23.69,24,23.68,23.8899,22319,0
2016-10-14,23.69,23.845,23.69,23.71,6322,0
2016-10-17,23.86,23.9899,23.72,23.8747,17337,0
2016-10-18,24.05,24.05,23.85,23.94,24336,0
2016-10-19,23.93,24.05,23.93,24.0111,12412,0
2016-10-20,24.027,24.05,23.95,24.0341,16447,0
2016-10-21,24.05,24.48,24.03,24.48,45588,0
2016-10-24,24.35,24.3744,24.07,24.1062,27991,0
2016-10-25,24.29,24.3,24.07,24.26,42851,0
2016-10-26,24.22,24.3,24.19,24.25,13793,0
2016-10-27,24.1179,24.245,24.01,24.18,9701,0
2016-10-28,24.1443,24.35,24,24.14,12176,0
2016-10-31,24.07,24.2999,23.95,24.03,11719,0
2016-11-01,24.07,24.07,23.8,23.81,7740,0
2016-11-02,23.82,23.894,23.13,23.43,51486,0
2016-11-03,23.4,23.604,23.37,23.52,12877,0
2016-11-04,23.5,23.67,23.5,23.5301,4919,0
2016-11-07,23.75,23.8854,23.6,23.7,19205,0
2016-11-08,23.8499,23.8499,23.53,23.7,6027,0
2016-11-09,23.592,23.7,23.37,23.42,15842,0
2016-11-10,23.4081,23.4081,23.12,23.12,28856,0
2016-11-11,23.12,23.25,23,23.23,61082,0
2016-11-14,23.0535,23.15,22.56,22.8,50374,0
2016-11-15,22.81,23.05,22.74,23,47684,0
2016-11-16,22.9,23,22.82,22.97,53464,0
2016-11-17,22.98,23.1,22.9679,23.1,23382,0
2016-11-18,23.01,23.1,23.01,23.1,45662,0
2016-11-21,23.1,23.3,23.05,23.09,22926,0
2016-11-22,23.21,23.25,23.1601,23.25,18142,0
2016-11-23,23.2001,23.58,22.9214,23.58,17806,0
2016-11-25,23.25,23.25,23.023,23.25,11628,0
2016-11-28,23.35,23.35,23.1114,23.1799,8313,0
2016-11-29,23.206,23.25,23.145,23.25,3337,0
2016-11-30,23.15,23.15,23.1,23.15,21831,0
2016-12-01,23.15,23.15,23.06,23.1,27221,0
2016-12-02,23.1,23.1,23.0776,23.1,15864,0
2016-12-05,23.1,23.1,22.918,23.0899,9993,0
2016-12-06,23.1,23.1,22.97,23.04,5376,0
2016-12-07,23.04,23.04,22.9,23.03,55397,0
2016-12-08,23.04,23.14,23.03,23.11,31168,0
2016-12-09,23.05,23.14,22.9296,22.94,38940,0
2016-12-12,22.95,23,22.95,23,19862,0
2016-12-13,23,23,22.9294,22.95,34496,0
2016-12-14,22.96,23,22.81,22.83,20118,0
2016-12-15,22.76,22.86,22.54,22.79,36480,0
2016-12-16,22.8,23.419,22.8,22.97,42836,0
2016-12-19,23,23.0899,22.97,23.04,49393,0
2016-12-20,23.04,23.2,23.04,23.2,38343,0
2016-12-21,23.1,23.25,23.07,23.23,48219,0
2016-12-22,23.24,23.35,23.225,23.3391,40879,0
2016-12-23,23.35,23.45,23.2501,23.45,29924,0
2016-12-27,23.44,23.44,23.29,23.3,26687,0
2016-12-28,23,23.03,22.7425,22.8525,32479,0
2016-12-29,22.85,22.9299,22.795,22.82,9697,0
2016-12-30,22.75,22.89,22.5754,22.7,18782,0
2017-01-03,22.71,22.98,22.71,22.85,5100,0
2017-01-04,22.88,23,22.88,22.99,17955,0
2017-01-05,23,23,22.9,22.98,6976,0
2017-01-06,22.9,23,22.88,22.975,23934,0
2017-01-09,22.95,23,22.9,22.9,19934,0
2017-01-10,22.88,22.98,22.78,22.8386,21572,0
2017-01-11,22.8,22.85,22.8,22.8414,22933,0
2017-01-12,22.86,22.86,22.8,22.82,33951,0
2017-01-13,22.81,22.85,22.79,22.81,24973,0
2017-01-17,22.89,22.9395,22.825,22.84,8487,0
2017-01-18,22.92,22.92,22.73,22.8001,86112,0
2017-01-19,22.88,23,22.8,22.85,38903,0
2017-01-20,22.855,23.2,22.46,22.46,115932,0
2017-01-23,22.68,22.8,22.63,22.77,43501,0
2017-01-24,22.76,22.9974,22.76,22.91,38747,0
2017-01-25,22.87,22.93,22.71,22.87,25006,0
2017-01-26,22.85,23.2,22.8,23.1,52726,0
2017-01-27,23.0795,23.25,23.05,23.2,36026,0
2017-01-30,23.23,23.25,23.1,23.15,24294,0
2017-01-31,23.11,23.36,23.11,23.25,32332,0
2017-02-01,23.25,23.34,23,23.234,11720,0
2017-02-02,23.27,23.27,23.06,23.19,6851,0
2017-02-03,23.2,23.46,23.18,23.21,38363,0
2017-02-06,23.22,23.3617,23.22,23.3,9149,0
2017-02-07,23.34,23.38,23.27,23.3764,3349,0
2017-02-08,23.27,23.4,23.27,23.4,6995,0
2017-02-09,23.3685,23.4899,23.3641,23.42,7169,0
2017-02-10,23.46,23.48,23.3401,23.476,18288,0
2017-02-13,23.46,23.55,23.45,23.5,20954,0
2017-02-14,23.5499,23.6299,23.4499,23.55,42754,0
2017-02-15,23.5075,23.53,23.4,23.4899,7969,0
2017-02-16,23.44,23.44,23.39,23.4279,17316,0
2017-02-17,23.4,23.62,23.4,23.6,28482,0
2017-02-21,23.67,23.67,23.42,23.42,15106,0
2017-02-22,23.4337,23.48,23.4337,23.45,7748,0
2017-02-23,23.45,23.59,23.45,23.59,8641,0
2017-02-24,23.68,23.92,23.45,23.7831,47672,0
2017-02-27,23.76,23.81,23.665,23.77,35829,0
2017-02-28,23.75,23.97,23.67,23.8,34518,0
2017-03-01,23.84,23.84,23.6,23.7599,17969,0
2017-03-02,23.7,23.76,23.6236,23.7,21529,0
2017-03-03,23.5661,23.77,23.56,23.59,27737,0
2017-03-06,23.63,23.7,23.58,23.7,11811,0
2017-03-07,23.65,23.71,23.52,23.62,25549,0
2017-03-08,23.575,23.575,23.43,23.44,31933,0
2017-03-09,23.43,23.44,23.1,23.17,57372,0
2017-03-10,23.45,23.45,23.1,23.3,14545,0
2017-03-13,23.3,23.43,23.18,23.43,10399,0
2017-03-14,23.3,23.42,23.3,23.3,24058,0
2017-03-15,23.3,23.4643,23.3,23.36,37636,0
2017-03-16,23.4,23.4,23.3,23.3706,65971,0
2017-03-17,23.4,23.47,23.3448,23.47,50215,0
2017-03-20,23.4648,23.59,23.4648,23.59,10079,0
2017-03-21,23.542,23.63,23.54,23.62,17011,0
2017-03-22,23.639,23.65,23.52,23.6202,29211,0
2017-03-23,23.65,23.67,23.6,23.66,28760,0
2017-03-24,23.67,23.7,23.6,23.65,17843,0
2017-03-27,23.66,23.75,23.65,23.66,18129,0
2017-03-28,23.7,23.7,23.6,23.6559,38490,0
2017-03-29,23.27,23.3999,23.27,23.37,26250,0
2017-03-30,23.4,23.56,23.4,23.536,29560,0
2017-03-31,23.56,23.63,23.5,23.5,29240,0
2017-04-03,23.52,23.8495,23.5,23.59,11865,0
2017-04-04,23.6,23.65,23.45,23.5703,13471,0
2017-04-05,23.65,23.7,23.5008,23.65,8791,0
2017-04-06,23.68,23.71,23.5801,23.68,14018,0
2017-04-07,23.66,23.69,23.5192,23.56,16872,0
2017-04-10,23.71,23.71,23.5,23.5298,15291,0
2017-04-11,23.5,23.54,23.42,23.48,19567,0
2017-04-12,23.52,23.8417,23.52,23.6963,41253,0
2017-04-13,23.805,23.8568,23.65,23.76,23301,0
2017-04-17,23.83,23.89,23.6849,23.82,17372,0
2017-04-18,23.85,23.9,23.7,23.9,28103,0
2017-04-19,23.86,23.9,23.68,23.68,38342,0
2017-04-20,23.69,23.76,23.6,23.75,31936,0
2017-04-21,23.75,23.82,23.63,23.67,37388,0
2017-04-24,23.8477,23.8477,23.72,23.74,15251,0
2017-04-25,23.8263,23.8263,23.6,23.6,50476,0
2017-04-26,23.63,23.7689,23.63,23.7399,17497,0
2017-04-27,23.74,23.83,23.7,23.73,24383,0
2017-04-28,23.78,23.859,23.7313,23.7313,24983,0
2017-05-01,23.7834,23.847,23.68,23.68,22247,0
2017-05-02,23.77,23.8244,23.63,23.7,20631,0
2017-05-03,23.74,23.75,23.6,23.61,31309,0
2017-05-04,23.66,23.687,23.54,23.54,24765,0
2017-05-05,23.56,23.6623,23.54,23.6,59232,0
2017-05-08,23.63,23.6904,23.6,23.6,28353,0
2017-05-09,23.64,23.65,23.58,23.58,21730,0
2017-05-10,23.57,23.65,23.56,23.65,34918,0
2017-05-11,23.63,23.64,23.59,23.64,17343,0
2017-05-12,23.6628,23.7,23.58,23.59,27570,0
2017-05-15,23.65,23.6819,23.6,23.63,49650,0
2017-05-16,23.63,23.639,23.58,23.63,38857,0
2017-05-17,23.66,23.77,23.58,23.58,29352,0
2017-05-18,23.62,23.7731,23.6186,23.7,38602,0
2017-05-19,23.74,23.74,23.59,23.59,64352,0
2017-05-22,23.63,23.68,23.59,23.63,111545,0
2017-05-23,23.67,23.8,23.66,23.8,30670,0
2017-05-24,23.81,23.98,23.761,23.88,28745,0
2017-05-25,23.85,24,23.85,23.9736,11918,0
2017-05-26,24,24.14,23.9875,24.12,21492,0
2017-05-30,24.16,24.25,24.14,24.2474,19149,0
2017-05-31,24.25,24.27,24.21,24.269,25878,0
2017-06-01,24.28,24.3,24.2,24.3,16154,0
2017-06-02,24.45,24.63,24.29,24.5,38887,0
2017-06-05,24.48,24.59,24.3116,24.49,44905,0
2017-06-06,24.49,24.7,24.49,24.67,17494,0
2017-06-07,24.64,24.84,24.5,24.8379,13120,0
2017-06-08,24.81,24.81,24.57,24.65,16351,0
2017-06-09,24.65,24.82,24.65,24.7,9115,0
2017-06-12,24.7,24.87,24.7,24.85,36939,0
2017-06-13,24.81,25.05,24.7214,24.9,57951,0
2017-06-14,24.975,25.11,24.96,25.1,34707,0
2017-06-15,25.075,25.18,25.01,25.1,36370,0
2017-06-16,25.1349,25.15,24.95,24.95,20916,0
2017-06-19,25.04,25.05,24.95,25,36286,0
2017-06-20,25,25.0999,25,25.094,18747,0
2017-06-21,25.12,25.19,25.055,25.14,19901,0
2017-06-22,25.14,25.14,25.06,25.09,17931,0
2017-06-23,25.11,25.1853,25.05,25.0916,14230,0
2017-06-26,25.165,25.19,25.1332,25.1699,14434,0
2017-06-27,25.17,25.18,25.06,25.06,26197,0
2017-06-28,24.9,25,24.6,24.6701,50994,0
2017-06-29,24.79,24.9099,24.4,24.44,55263,0
2017-06-30,24.35,24.65,24.285,24.4431,85555,0
2017-07-03,24.35,24.45,24.3,24.425,7733,0
2017-07-05,24.46,24.55,24.3704,24.5099,26459,0
2017-07-06,24.44,24.6117,24.42,24.46,29114,0
2017-07-07,24.46,24.5934,24.35,24.4,25696,0
2017-07-10,24.4,24.5686,24.2951,24.5299,37535,0
2017-07-11,24.5,24.52,24.44,24.47,18054,0
2017-07-12,24.375,24.5,24.35,24.35,30489,0
2017-07-13,24.41,24.4768,24.3396,24.4115,33482,0
2017-07-14,24.4,24.4499,24.3601,24.38,12930,0
2017-07-17,24.45,24.45,24.38,24.44,29167,0
2017-07-18,24.45,24.83,24.45,24.57,67208,0
2017-07-19,24.63,24.91,24.6101,24.77,16122,0
2017-07-20,24.71,24.81,24.7,24.7947,14528,0
2017-07-21,24.8,24.89,24.69,24.89,29933,0
2017-07-24,24.68,24.84,24.6322,24.813,9134,0
2017-07-25,24.78,24.82,24.74,24.76,23202,0
2017-07-26,24.76,24.89,24.76,24.81,16810,0
2017-07-27,24.9,24.9,24.8,24.88,11550,0
2017-07-28,24.83,24.85,24.75,24.775,11551,0
2017-07-31,24.8,24.91,24.75,24.8,30351,0
2017-08-01,24.82,24.85,24.77,24.8407,11953,0
2017-08-02,24.84,24.8999,24.8007,24.81,15994,0
2017-08-03,24.8487,24.9,24.8487,24.88,12557,0
2017-08-04,24.79,24.91,24.79,24.907,6139,0
2017-08-07,24.91,24.976,24.81,24.9147,24409,0
2017-08-08,24.865,24.92,24.81,24.88,13638,0
2017-08-09,24.8,24.92,24.8,24.8,14150,0
2017-08-10,24.76,24.77,24.6301,24.65,27022,0
2017-08-11,24.76,24.76,24.61,24.62,11075,0
2017-08-14,24.64,24.72,24.64,24.69,21634,0
2017-08-15,24.71,24.71,24.5411,24.65,19250,0
2017-08-16,24.71,24.72,24.6792,24.7,2901,0
2017-08-17,24.815,24.815,24.57,24.6299,5546,0
2017-08-18,24.6,24.75,24.571,24.7,8945,0
2017-08-21,24.7497,24.7724,24.7243,24.75,2530,0
2017-08-22,24.8,24.9,24.7,24.8101,16523,0
2017-08-23,24.89,24.98,24.86,24.9583,26266,0
2017-08-24,24.97,24.98,24.8754,24.88,10616,0
2017-08-25,24.9,24.97,24.9,24.95,5194,0
2017-08-28,24.98,25,24.87,24.8849,25186,0
2017-08-29,24.88,24.99,24.88,24.98,11193,0
2017-08-30,24.99,25,24.8764,24.9501,9460,0
2017-08-31,24.955,25.01,24.93,24.9686,9468,0
2017-09-01,25.01,25.01,24.96,24.9821,14492,0
2017-09-05,24.9,25.05,24.85,25,30037,0
2017-09-06,24.999,25.07,24.99,25.07,11643,0
2017-09-07,25.05,25.11,24.9,25.11,24334,0
2017-09-08,25.006,25.12,25.006,25.0999,17048,0
2017-09-11,25.1,25.1,24.97,25.07,22066,0
2017-09-12,25.052,25.1,25.052,25.07,8524,0
2017-09-13,25.05,25.17,24.78,24.93,76773,0
2017-09-14,24.95,25.0115,24.84,24.9653,19898,0
2017-09-15,24.92,24.93,24.8684,24.93,16811,0
2017-09-18,24.96,25.1,24.95,25.08,19640,0
2017-09-19,25.05,25.14,25.04,25.1048,12997,0
2017-09-20,25.1,25.215,25.05,25.215,23819,0
2017-09-21,25.19,25.3199,25.19,25.2975,20304,0
2017-09-22,25.31,25.31,25.17,25.17,14951,0
2017-09-25,25.3,25.3,25.11,25.1501,22979,0
2017-09-26,25.25,25.25,25.07,25.07,30752,0
2017-09-27,25.1,25.17,25,25.17,22311,0
2017-09-28,24.95,24.95,24.73,24.8598,33648,0
2017-09-29,24.87,24.95,24.81,24.85,32336,0
2017-10-02,24.86,24.89,24.81,24.82,11140,0
2017-10-03,24.84,24.9,24.8125,24.82,13989,0
2017-10-04,24.87,24.88,24.8,24.8,18091,0
2017-10-05,24.78,24.816,24.74,24.77,17866,0
2017-10-06,24.735,24.76,24.6195,24.7101,49021,0
2017-10-09,24.85,24.85,24.5999,24.61,31570,0
2017-10-10,24.65,24.9,24.65,24.69,17032,0
2017-10-11,24.75,24.76,24.6,24.66,22175,0
2017-10-12,24.71,24.76,24.65,24.76,16290,0
2017-10-13,24.76,24.85,24.71,24.83,7059,0
2017-10-16,24.92,24.93,24.73,24.7974,35089,0
2017-10-17,24.78,24.92,24.75,24.82,20412,0
2017-10-18,24.85,24.89,24.73,24.73,25447,0
2017-10-19,24.73,24.86,24.73,24.8,12486,0
2017-10-20,24.8,24.91,24.72,24.9,18534,0
2017-10-23,24.91,24.93,24.87,24.92,11153,0
2017-10-24,24.88,24.93,24.79,24.9099,17205,0
2017-10-25,24.88,24.9,24.75,24.75,40884,0
2017-10-26,24.8,24.83,24.77,24.77,12128,0
2017-10-27,24.9,24.9,24.75,24.77,39527,0
2017-10-30,24.84,24.86,24.71,24.74,42591,0
2017-10-31,24.73,24.88,24.7,24.88,51278,0
2017-11-01,24.88,24.88,24.75,24.78,10480,0
2017-11-02,24.78,24.855,24.64,24.698,45115,0
2017-11-03,24.7,24.7311,24.56,24.595,27226,0
2017-11-06,24.61,24.6189,24.41,24.4836,64340,0
2017-11-07,24.46,24.5639,24.46,24.46,47544,0
2017-11-08,24.5,24.536,24.34,24.3619,63901,0
2017-11-09,24.2686,24.3848,24.2508,24.3557,23378,0
2017-11-10,24.37,24.39,24.3343,24.39,8685,0
