2016-01-04,18.896,19.014,18.212,18.467,24196,0
2016-01-05,18.531,18.769,18.303,18.603,10706,0
2016-01-06,18.293,18.678,18.293,18.631,17668,0
2016-01-07,18.386,18.678,18.386,18.568,25820,0
2016-01-08,18.596,18.612,18.398,18.413,12169,0
2016-01-11,18.603,18.678,18.258,18.612,35335,0
2016-01-12,19.004,19.004,18.513,18.622,25320,0
2016-01-13,18.331,18.96,18.313,18.522,48105,0
2016-01-14,18.55,18.96,18.376,18.54,49312,0
2016-01-15,18.221,19.125,18.13,18.187,64179,0
2016-01-19,18.158,18.25,17.857,17.967,51257,0
2016-01-20,17.774,18.066,17.774,17.876,46652,0
2016-01-21,17.857,18.323,17.812,17.949,37727,0
2016-01-22,18.158,18.358,17.894,18.267,36630,0
2016-01-25,18.221,18.321,17.958,17.984,21333,0
2016-01-26,18.041,18.267,17.958,18.012,26567,0
2016-01-27,17.829,18.378,17.829,18.012,26134,0
2016-01-28,18.14,18.695,18.058,18.455,19614,0
2016-01-29,18.41,18.603,18.41,18.603,19554,0
2016-02-01,18.502,18.603,18.28,18.372,19149,0
2016-02-02,18.353,18.446,18.233,18.243,18283,0
2016-02-03,18.288,18.363,18.132,18.215,18690,0
2016-02-04,18.215,18.423,18.122,18.215,11380,0
2016-02-05,18.197,18.233,17.874,17.901,46938,0
2016-02-08,17.855,18.51,17.781,18.436,30873,0
2016-02-09,18.215,18.548,18.215,18.474,14833,0
2016-02-10,18.585,18.649,18.233,18.353,22230,0
2016-02-11,18.14,18.336,18.095,18.179,12300,0
2016-02-12,18.418,18.649,18.348,18.611,45922,0
2016-02-16,18.695,18.889,18.492,18.806,21015,0
2016-02-17,18.907,18.907,18.464,18.713,24372,0
2016-02-18,18.686,18.686,18.336,18.428,15705,0
2016-02-19,18.455,18.594,18.428,18.436,14894,0
2016-02-22,18.603,18.603,18.4,18.446,10282,0
2016-02-23,18.428,18.464,18.326,18.336,24392,0
2016-02-24,18.28,18.455,18.253,18.353,25579,0
2016-02-25,18.492,18.548,18.288,18.538,11878,0
2016-02-26,18.557,18.603,18.52,18.548,12557,0
2016-02-29,18.557,18.585,18.353,18.363,24922,0
2016-03-01,18.4,18.548,18.297,18.372,11014,0
2016-03-02,18.317,18.538,18.28,18.492,11194,0
2016-03-03,18.464,18.557,18.381,18.51,10811,0
2016-03-04,18.557,18.577,18.446,18.528,14605,0
2016-03-07,18.548,18.649,18.528,18.603,25821,0
2016-03-08,18.528,18.926,18.464,18.779,34203,0
2016-03-09,18.88,18.88,18.446,18.621,26540,0
2016-03-10,18.603,18.631,18.464,18.474,22195,0
2016-03-11,18.52,18.668,18.436,18.585,15627,0
2016-03-14,18.51,18.713,18.464,18.611,28406,0
2016-03-15,18.594,18.713,18.474,18.576,20201,0
2016-03-16,18.603,18.634,18.474,18.548,15250,0
2016-03-17,18.603,18.787,18.464,18.713,16306,0
2016-03-18,18.815,19.028,18.548,18.779,72062,0
2016-03-21,18.824,18.945,18.639,18.916,33134,0
2016-03-22,18.88,19.139,18.723,18.945,36482,0
2016-03-23,18.935,19.121,18.566,18.631,59190,0
2016-03-24,18.668,18.668,18.464,18.548,18599,0
2016-03-28,18.621,18.77,18.224,18.307,36587,0
2016-03-29,18.307,18.462,18.233,18.307,37302,0
2016-03-30,18.464,18.52,18.372,18.436,26874,0
2016-03-31,18.492,18.492,18.353,18.353,24053,0
2016-04-01,18.326,18.4,18.215,18.353,46195,0
2016-04-04,18.428,18.446,18.285,18.326,28993,0
2016-04-05,18.262,18.297,18.224,18.224,28734,0
2016-04-06,18.233,18.288,18.14,18.205,32492,0
2016-04-07,18.17,18.205,17.909,18.041,61810,0
2016-04-08,18.16,18.16,17.966,17.984,20162,0
2016-04-11,18.058,18.112,17.948,17.984,25256,0
2016-04-12,17.957,18.167,17.929,18.077,36887,0
2016-04-13,18.14,18.428,18.077,18.363,19380,0
2016-04-14,18.363,18.418,18.271,18.363,16191,0
2016-04-15,18.326,18.455,18.326,18.446,24298,0
2016-04-18,18.474,18.484,18.428,18.464,22501,0
2016-04-19,18.464,18.548,18.381,18.51,24474,0
2016-04-20,18.474,18.751,18.4,18.621,24164,0
2016-04-21,18.649,18.787,18.528,18.649,9777,0
2016-04-22,18.741,18.779,18.474,18.659,19526,0
2016-04-25,18.649,18.833,18.51,18.704,12425,0
2016-04-26,18.787,19.081,18.787,19.066,18501,0
2016-04-27,19.081,19.387,19.018,19.184,18551,0
2016-04-28,19.174,19.633,18.819,18.876,14115,0
2016-04-29,18.838,19.026,18.782,18.876,12293,0
2016-05-02,19.006,19.157,18.861,18.978,9574,0
2016-05-03,18.848,18.957,18.697,18.707,15287,0
2016-05-04,18.697,18.764,18.604,18.613,12632,0
2016-05-05,18.679,19.011,18.511,18.539,7309,0
2016-05-06,18.558,18.623,18.511,18.586,12164,0
2016-05-09,18.484,18.707,18.484,18.511,11846,0
2016-05-10,18.484,18.662,18.484,18.604,12961,0
2016-05-11,18.604,18.774,18.558,18.717,23329,0
2016-05-12,18.736,18.874,18.652,18.782,12713,0
2016-05-13,18.922,19.12,18.78,19.071,38797,0
2016-05-16,19.147,19.335,18.821,19.138,14926,0
2016-05-17,19.12,19.138,18.604,18.671,28443,0
2016-05-18,18.679,18.966,18.679,18.876,15397,0
2016-05-19,18.829,18.848,18.604,18.613,20555,0
2016-05-20,18.697,18.932,18.604,18.736,24067,0
2016-05-23,18.689,18.782,18.604,18.613,10219,0
2016-05-24,18.745,19.006,18.745,18.868,21595,0
2016-05-25,18.932,19.166,18.903,19.016,18808,0
2016-05-26,18.971,19.045,18.68,18.922,13235,0
2016-05-27,18.988,19.045,18.932,19.016,10312,0
2016-05-31,18.971,19.08,18.895,18.961,11397,0
2016-06-01,18.868,19.09,18.868,19.071,8480,0
2016-06-02,19.08,19.09,18.903,19.09,13938,0
2016-06-03,19.064,19.12,18.961,19.11,11691,0
2016-06-06,19.13,19.166,19.06,19.13,20852,0
2016-06-07,19.157,19.166,18.988,19.045,10466,0
2016-06-08,19.11,19.174,19.054,19.147,11925,0
2016-06-09,19.08,19.08,18.885,19.016,10196,0
2016-06-10,18.971,19.184,18.91,19.071,30744,0
2016-06-13,19.071,19.147,18.912,19.09,7319,0
2016-06-14,19.184,19.184,18.885,19.157,10128,0
2016-06-15,19.184,19.184,18.903,19.054,8551,0
2016-06-16,19.016,19.147,18.912,19.054,8674,0
2016-06-17,19.12,19.315,19.045,19.306,55762,0
2016-06-20,19.353,19.353,19.071,19.194,19497,0
2016-06-21,19.251,19.259,19.006,19.229,14926,0
2016-06-22,19.251,19.315,19.026,19.204,12663,0
2016-06-23,19.344,19.468,19.064,19.259,33440,0
2016-06-24,19.446,19.446,18.885,19.064,53783,0
2016-06-27,18.952,19.137,18.838,18.922,17763,0
2016-06-28,19.036,19.166,18.791,18.876,21232,0
2016-06-29,19.016,19.016,18.727,18.791,18277,0
2016-06-30,18.838,18.912,18.697,18.903,19309,0
2016-07-01,18.932,18.932,18.697,18.791,17901,0
2016-07-05,18.811,18.858,18.727,18.736,8309,0
2016-07-06,18.727,18.987,18.697,18.932,27377,0
2016-07-07,18.978,18.996,18.709,18.838,10920,0
2016-07-08,18.903,19.157,18.895,19.13,22509,0
2016-07-11,19.174,19.493,19.08,19.493,17520,0
2016-07-12,19.539,20.007,19.493,19.97,34856,0
2016-07-13,19.922,20.091,19.643,19.922,17167,0
2016-07-14,19.951,19.961,19.727,19.746,11279,0
2016-07-15,19.896,19.961,19.727,19.792,27012,0
2016-07-18,19.773,19.857,19.278,19.503,16310,0
2016-07-19,19.568,19.811,19.521,19.737,12133,0
2016-07-20,19.848,19.848,19.521,19.606,12472,0
2016-07-21,19.689,19.689,19.325,19.335,20466,0
2016-07-22,19.438,19.633,19.241,19.539,5908,0
2016-07-25,19.549,19.596,19.433,19.596,4141,0
2016-07-26,19.633,19.84,19.633,19.671,5047,0
2016-07-27,19.848,20.25,19.708,20.11,32924,0
2016-07-28,20.157,20.215,20.157,20.195,2971,0
2016-07-29,20.157,20.365,20.157,20.167,11995,0
2016-08-01,20.205,20.271,20.157,20.242,10918,0
2016-08-02,20.337,20.807,20.299,20.337,26370,0
2016-08-03,20.423,20.423,19.893,19.987,11052,0
2016-08-04,19.987,20.029,19.895,19.911,3755,0
2016-08-05,20.1,20.821,19.873,20.147,9185,0
2016-08-08,19.924,20.413,19.924,20.357,9051,0
2016-08-09,20.469,20.593,20.067,20.374,9870,0
2016-08-10,20.29,20.396,20.1,20.1,8506,0
2016-08-11,20.11,20.337,19.959,20.11,12874,0
2016-08-12,20.224,20.545,20.035,20.12,9371,0
2016-08-15,20.262,20.394,20.044,20.233,18320,0
2016-08-16,20.271,20.271,20.082,20.091,12521,0
2016-08-17,20.177,20.262,19.609,19.835,18886,0
2016-08-18,19.835,19.911,19.515,19.732,9080,0
2016-08-19,19.713,19.898,19.638,19.694,11376,0
2016-08-22,19.769,20.328,19.637,20.215,19576,0
2016-08-23,20.242,20.299,20.115,20.185,7427,0
2016-08-24,20.224,20.273,20.072,20.147,9409,0
2016-08-25,20.195,20.379,20.114,20.337,4540,0
2016-08-26,20.309,20.574,20.157,20.309,2503,0
2016-08-29,20.309,20.403,19.732,20.374,5570,0
2016-08-30,20.233,20.518,20.233,20.384,12529,0
2016-08-31,20.215,20.614,19.93,20.459,22586,0
2016-09-01,20.242,20.262,19.784,20.035,14027,0
2016-09-02,20.11,20.138,19.902,20.12,6309,0
2016-09-06,20.138,20.318,20.12,20.242,4498,0
2016-09-07,20.299,20.744,20.062,20.583,35701,0
2016-09-08,20.433,20.726,20.299,20.545,11380,0
2016-09-09,20.423,20.603,20.12,20.215,16552,0
2016-09-12,20.13,20.318,19.921,20.185,10641,0
2016-09-13,20.053,20.053,19.732,19.732,6331,0
2016-09-14,19.722,19.93,19.637,19.694,10428,0
2016-09-15,19.647,19.808,19.647,19.742,6587,0
2016-09-16,19.873,20.035,19.744,19.968,32905,0
2016-09-19,19.93,20.215,19.599,20.062,9767,0
2016-09-20,20.215,20.242,20.025,20.044,4389,0
2016-09-21,20.1,20.271,20.1,20.224,4762,0
2016-09-22,20.242,20.394,20.006,20.394,11942,0
2016-09-23,20.347,20.564,20.28,20.299,9136,0
2016-09-26,20.262,20.374,19.921,20.205,9036,0
2016-09-27,20.242,20.867,19.996,20.772,45723,0
2016-09-28,20.811,21.07,20.318,21.066,17659,0
2016-09-29,20.877,21.455,20.668,20.754,10149,0
2016-09-30,20.697,20.821,20.678,20.792,6847,0
2016-10-03,21.332,21.332,20.481,20.707,6690,0
2016-10-04,20.707,21.217,20.603,20.716,12425,0
2016-10-05,20.726,20.821,20.337,20.574,14923,0
2016-10-06,20.648,20.811,20.537,20.754,5448,0
2016-10-07,20.772,20.821,20.682,20.726,3800,0
2016-10-10,20.792,20.991,20.626,20.991,6652,0
2016-10-11,21.105,21.265,20.782,20.782,13387,0
2016-10-12,20.195,21.245,20.195,21.057,10849,0
2016-10-13,20.932,21.379,20.659,20.886,14822,0
2016-10-14,20.792,21.199,20.644,20.838,15247,0
2016-10-17,20.726,20.952,20.583,20.744,9007,0
2016-10-18,20.754,20.754,20.433,20.508,11917,0
2016-10-19,20.531,20.754,20.427,20.659,3431,0
2016-10-20,20.659,20.678,20.503,20.678,11695,0
2016-10-21,20.564,20.915,20.252,20.697,23506,0
2016-10-24,20.782,20.805,20.295,20.622,9080,0
2016-10-25,20.554,20.678,20.357,20.433,15444,0
2016-10-26,20.442,20.545,20.157,20.177,8465,0
2016-10-27,20.33,20.33,20.023,20.099,14222,0
2016-10-28,20.299,20.299,20.119,20.147,11810,0
2016-10-31,20.071,20.234,20.023,20.043,29299,0
2016-11-01,20.157,20.157,19.678,19.784,24963,0
2016-11-02,19.86,20.059,19.688,19.889,15839,0
2016-11-03,19.995,20.129,19.995,20.099,15902,0
2016-11-04,20.043,20.32,19.965,19.965,9774,0
2016-11-07,20.195,20.559,20.043,20.301,5608,0
2016-11-08,20.473,20.473,19.987,20.339,15532,0
2016-11-09,20.367,21.345,20.205,21.259,30925,0
2016-11-10,21.479,22.543,20.76,22.466,40589,0
2016-11-11,22.351,24.162,21.411,23.942,57244,0
2016-11-14,24.267,24.286,22.313,23.3,82435,0
2016-11-15,22.734,22.734,21.806,22.265,28954,0
2016-11-16,22.322,22.543,21.709,22.418,13091,0
2016-11-17,22.476,22.711,21.996,22.686,26477,0
2016-11-18,22.619,23.396,22.069,23.28,19824,0
2016-11-21,23.28,24.372,23.28,24.363,23884,0
2016-11-22,24.421,25.016,23.926,24.487,36229,0
2016-11-23,24.411,24.785,24.085,24.632,19705,0
2016-11-25,24.765,24.765,24.046,24.325,20500,0
2016-11-28,24.382,24.382,23.582,23.654,18169,0
2016-11-29,23.751,23.837,22.523,22.81,40495,0
2016-11-30,22.936,22.992,22.333,22.85,15875,0
2016-12-01,22.81,23.471,22.556,23.357,11596,0
2016-12-02,23.088,23.184,22.534,22.946,17681,0
2016-12-05,22.87,23.702,22.81,23.606,17566,0
2016-12-06,23.654,23.95,23.056,23.587,23724,0
2016-12-07,23.549,24.095,23.038,23.846,24253,0
2016-12-08,24.095,24.805,23.673,24.659,60378,0
2016-12-09,24.517,24.765,24.176,24.497,71168,0
2016-12-12,24.066,24.372,23.491,23.731,28246,0
2016-12-13,23.913,24.477,23.77,24.124,25843,0
2016-12-14,24.066,24.288,23.783,23.97,16444,0
2016-12-15,23.942,24.593,23.817,24.325,27859,0
2016-12-16,24.229,24.755,23.893,24.563,64020,0
2016-12-19,24.573,24.859,24.258,24.709,16969,0
2016-12-20,24.871,25.033,24.238,24.986,25017,0
2016-12-21,24.91,24.957,24.2,24.344,24201,0
2016-12-22,24.468,24.785,24.066,24.248,30890,0
2016-12-23,24.171,25.033,23.864,24.91,76246,0
2016-12-27,24.967,25.378,24.296,25.254,61644,0
2016-12-28,25.292,25.292,24.709,25.033,41043,0
2016-12-29,25.235,25.455,25.048,25.196,32148,0
2016-12-30,25.359,25.359,24.967,25.1,31040,0
2017-01-03,25.139,25.388,24.363,24.996,61740,0
2017-01-04,25.187,25.388,24.851,25.187,75718,0
2017-01-05,24.364,25.302,24.364,24.861,11266,0
2017-01-06,24.881,25.023,24.391,24.765,30827,0
2017-01-09,24.527,24.91,24.012,24.726,33382,0
2017-01-10,24.814,25.215,24.477,24.805,53786,0
2017-01-11,24.517,25.073,24.085,25.014,88793,0
2017-01-12,24.554,24.775,23.95,24.344,37479,0
2017-01-13,24.563,24.861,24.354,24.613,15247,0
2017-01-17,24.719,24.851,23.95,24.037,28927,0
2017-01-18,24.286,24.487,23.174,23.884,70931,0
2017-01-19,23.692,24.158,23.673,23.798,23089,0
2017-01-20,23.798,24.583,23.798,24.421,67890,0
2017-01-23,24.421,24.421,23.673,23.893,21126,0
2017-01-24,23.893,24.699,23.721,23.923,27869,0
2017-01-25,24.046,24.45,23.975,24.124,28438,0
2017-01-26,24.201,24.336,23.94,24.23,14957,0
2017-01-27,24.133,24.336,23.891,24.104,12940,0
2017-01-30,24.017,24.017,23.426,23.456,19411,0
2017-01-31,23.395,23.395,22.759,23,16812,0
2017-02-01,23.087,23.25,22.874,23.087,16573,0
2017-02-02,23.398,23.774,22.826,23.01,18198,0
2017-02-03,23.233,23.93,22.923,23.581,17416,0
2017-02-06,23.475,24.162,23.127,23.368,59083,0
2017-02-07,23.513,23.538,23.087,23.426,37593,0
2017-02-08,23.378,23.378,22.652,22.672,30868,0
2017-02-09,22.846,23.107,22.303,22.99,69606,0
2017-02-10,23.291,23.765,23.01,23.243,77042,0
2017-02-13,23.446,23.824,23.01,23.359,23583,0
2017-02-14,23.553,23.901,22.995,23.707,23258,0
2017-02-15,23.707,23.799,23.04,23.659,64156,0
2017-02-16,23.765,23.765,23.475,23.61,49940,0
2017-02-17,23.62,23.794,23.266,23.6,30870,0
2017-02-21,23.727,23.727,23.02,23.156,27852,0
2017-02-22,23.049,23.233,22.963,23.156,13813,0
2017-02-23,23.059,23.281,22.953,23.214,20409,0
2017-02-24,23.04,23.233,23.04,23.059,12734,0
2017-02-27,22.826,23.233,22.826,22.943,16835,0
2017-02-28,22.889,23.03,22.473,22.72,49696,0
2017-03-01,23.174,23.33,22.652,23.214,93194,0
2017-03-02,22.916,23.233,22.916,23.02,33031,0
2017-03-03,22.943,23.571,22.749,23.136,35880,0
2017-03-06,23.02,23.61,22.826,23.407,24820,0
2017-03-07,23.678,23.678,23.01,23.156,19785,0
2017-03-08,23.233,23.395,22.803,22.856,26474,0
2017-03-09,22.943,23.223,22.584,22.623,29877,0
2017-03-10,22.749,22.834,22.346,22.662,18721,0
2017-03-13,22.546,22.874,22.471,22.565,10612,0
2017-03-14,22.536,22.72,22.303,22.565,24712,0
2017-03-15,22.633,22.884,22.594,22.652,19109,0
2017-03-16,22.836,22.981,22.594,22.836,16379,0
2017-03-17,22.729,23.087,22.729,23.01,47152,0
2017-03-20,22.99,23.211,22.787,22.866,15747,0
2017-03-21,23.028,23.028,22.086,22.139,33598,0
2017-03-22,22.119,22.293,21.645,22.022,30490,0
2017-03-23,22.022,22.265,22.022,22.139,18131,0
2017-03-24,22.081,22.265,22.042,22.1,16389,0
2017-03-27,21.848,22.439,21.597,22.255,26857,0
2017-03-28,22.226,22.497,22.188,22.381,40814,0
2017-03-29,22.293,22.71,22.293,22.352,21594,0
2017-03-30,22.313,22.797,22.313,22.691,27781,0
2017-03-31,22.633,22.816,22.42,22.459,30293,0
2017-04-03,22.536,22.652,22.188,22.4,16116,0
2017-04-04,22.265,22.555,22.095,22.246,20775,0
2017-04-05,22.478,22.526,21.843,21.916,43965,0
2017-04-06,21.984,22.027,21.81,21.916,30957,0
2017-04-07,21.839,22.139,21.839,21.975,19008,0
2017-04-10,22.072,22.507,22.054,22.188,27746,0
2017-04-11,22.149,22.633,22.149,22.497,24824,0
2017-04-12,22.39,22.604,22.255,22.546,25192,0
2017-04-13,22.41,22.497,22.226,22.255,27707,0
2017-04-17,22.246,22.584,22.246,22.555,30061,0
2017-04-18,22.633,22.99,22.555,22.787,34837,0
2017-04-19,22.981,22.981,22.546,22.642,22584,0
2017-04-20,22.826,22.971,22.594,22.729,17942,0
2017-04-21,22.836,22.923,22.555,22.633,27111,0
2017-04-24,23,23.233,22.769,22.856,32324,0
2017-04-25,23.136,23.233,22.555,22.681,49551,0
2017-04-26,22.555,23.214,22.555,22.913,40376,0
2017-04-27,23.061,23.177,22.806,22.874,27589,0
2017-05-01,22.757,22.953,22.659,22.786,10431,0
2017-05-02,22.747,23.094,22.747,22.865,15330,0
2017-05-03,22.767,22.959,22.659,22.727,15629,0
2017-05-04,22.698,22.903,22.61,22.855,9722,0
2017-05-05,22.943,22.943,22.59,22.776,12004,0
2017-05-08,22.835,23.041,22.698,22.767,15198,0
2017-05-09,22.786,22.985,22.571,22.669,14779,0
2017-05-10,22.659,22.757,22.561,22.63,17992,0
2017-05-11,22.59,22.747,22.336,22.463,29381,0
2017-05-12,22.542,22.81,22.316,22.512,26865,0
2017-05-15,22.502,22.953,22.502,22.688,20150,0
2017-05-16,22.825,22.825,22.316,22.59,19822,0
2017-05-17,22.316,22.404,21.759,22.13,41661,0
2017-05-18,22.14,22.893,22.092,22.16,21742,0
2017-05-19,22.13,22.375,21.759,21.807,25318,0
2017-05-22,21.778,22.013,21.7,21.964,21979,0
2017-05-23,21.944,22.316,21.847,22.198,16177,0
2017-05-24,22.238,22.404,22.032,22.287,17948,0
2017-05-25,22.238,22.463,22.16,22.278,12163,0
2017-05-26,22.268,22.336,21.935,22.228,15901,0
2017-05-30,22.072,22.18,21.827,21.856,16486,0
2017-05-31,21.837,21.915,21.533,21.817,36681,0
2017-06-01,22.003,22.278,21.742,22.14,27612,0
2017-06-02,21.709,22.747,21.709,22.17,44775,0
2017-06-05,22.248,22.659,22.022,22.052,18525,0
2017-06-06,21.905,22.15,21.837,21.944,6205,0
2017-06-07,22.082,22.326,22.022,22.15,14560,0
2017-06-08,21.827,22.923,21.827,22.537,60348,0
2017-06-09,22.835,23.852,22.678,23.53,81943,0
2017-06-12,23.618,23.882,22.963,23.119,29860,0
2017-06-13,22.991,23.305,22.991,23.207,14102,0
2017-06-14,23.07,23.305,22.865,23.187,27301,0
2017-06-15,23.031,23.452,23.031,23.295,17540,0
2017-06-16,23.079,23.305,22.894,23.167,113499,0
2017-06-19,23.021,23.119,22.825,23.051,21192,0
2017-06-20,23.021,23.089,22.688,22.855,16966,0
2017-06-21,22.865,22.923,22.565,22.59,18865,0
2017-06-22,22.59,22.815,22.561,22.59,13865,0
2017-06-23,22.757,22.855,22.512,22.649,63481,0
2017-06-26,22.708,22.786,22.385,22.6,21092,0
2017-06-27,22.58,23.177,22.58,22.796,35571,0
2017-06-28,22.845,23.461,22.708,23.129,26696,0
2017-06-29,23.187,23.598,23.001,23.177,22405,0
2017-06-30,23.197,23.423,22.718,22.767,19108,0
2017-07-03,22.855,23.589,22.855,23.285,11033,0
2017-07-05,23.295,23.344,22.835,23.119,30281,0
2017-07-06,23.011,23.295,22.953,23.149,17332,0
2017-07-07,23.099,23.373,23.099,23.325,14933,0
2017-07-10,23.403,23.403,22.894,22.913,21186,0
2017-07-11,22.845,23.442,22.659,22.747,20000,0
2017-07-12,22.757,22.991,22.659,22.865,16089,0
2017-07-13,22.963,23.109,22.708,23.061,20279,0
2017-07-14,22.894,23.149,22.776,22.903,19522,0
2017-07-17,22.903,23.031,22.806,22.943,13926,0
2017-07-18,22.678,23.383,22.678,23.031,20068,0
2017-07-19,23.051,23.187,22.757,22.776,12652,0
2017-07-20,22.796,23.07,22.659,22.943,24450,0
2017-07-21,23.423,23.423,22.659,22.708,34712,0
2017-07-24,22.63,23.011,22.561,22.767,29309,0
2017-07-25,22.953,23.197,22.729,22.972,24399,0
2017-07-26,23.001,23.001,22.698,22.767,16682,0
2017-07-27,22.836,23.024,22.697,22.856,21588,0
2017-07-28,22.846,22.945,22.569,22.687,15675,0
2017-07-31,22.757,23.103,22.668,22.846,20136,0
2017-08-01,22.885,23.064,22.757,22.915,16483,0
2017-08-02,22.965,23.041,22.668,22.697,14937,0
2017-08-03,22.628,22.737,22.45,22.559,19868,0
2017-08-04,22.668,22.767,22.628,22.628,7861,0
2017-08-07,22.727,22.767,22.628,22.707,14718,0
2017-08-08,22.816,22.878,22.549,22.559,36473,0
2017-08-09,22.519,22.592,22.183,22.4,29762,0
2017-08-10,22.242,22.43,22.064,22.163,32555,0
2017-08-11,22.222,22.357,21.816,21.876,57586,0
2017-08-14,21.886,22.202,21.836,22.123,54122,0
2017-08-15,22.222,22.747,22.222,22.331,39372,0
2017-08-16,22.331,22.585,22.183,22.272,27657,0
2017-08-17,22.133,22.33,21.905,21.905,22246,0
2017-08-18,21.787,22.262,21.787,22.163,37760,0
2017-08-21,22.074,22.232,21.95,22.024,13505,0
2017-08-22,22.034,22.152,21.905,22.034,14620,0
2017-08-23,21.925,22.074,21.876,22.044,16564,0
2017-08-24,22.044,22.252,21.968,22.143,7281,0
2017-08-25,21.836,22.222,21.836,22.192,10766,0
2017-08-28,22.183,22.252,22.143,22.173,11684,0
2017-08-29,22.123,22.232,22.014,22.192,13931,0
2017-08-30,22.153,22.44,21.965,22.113,15988,0
2017-08-31,22.133,22.4,22.004,22.212,21585,0
2017-09-01,22.202,22.509,22.202,22.381,13460,0
2017-09-05,22.282,22.381,22.034,22.103,15261,0
2017-09-06,22.198,22.489,22.004,22.064,19508,0
2017-09-07,22.123,22.183,21.787,21.925,11526,0
2017-09-08,21.975,22.272,21.965,22.212,16611,0
2017-09-11,22.272,22.499,21.985,22.42,23231,0
2017-09-12,22.42,22.885,22.42,22.697,11781,0
2017-09-13,22.509,22.767,22.509,22.687,12635,0
2017-09-14,22.549,22.727,22.363,22.499,20901,0
2017-09-15,22.539,23.039,22.331,22.875,65590,0
2017-09-18,22.747,23.489,22.539,23.41,31903,0
2017-09-19,23.41,23.707,23.202,23.41,35369,0
2017-09-20,23.133,23.739,23.133,23.469,25026,0
2017-09-21,23.459,23.737,23.331,23.39,17001,0
2017-09-22,23.41,23.717,23.41,23.638,13116,0
2017-09-25,23.499,23.905,23.469,23.816,19617,0
2017-09-26,23.915,24.311,23.816,24.202,12483,0
2017-09-27,24.291,24.934,23.844,24.835,27509,0
2017-09-28,25.043,25.162,24.608,24.994,20135,0
2017-09-29,24.568,25.053,24.142,24.311,25360,0
2017-10-02,24.321,25.236,24.266,25.221,39867,0
2017-10-03,25.212,25.212,24.781,25.073,19421,0
2017-10-04,25.073,25.155,24.626,24.855,12033,0
2017-10-05,24.845,25.182,24.608,25.093,14718,0
2017-10-06,24.845,25.192,24.746,25.103,10843,0
2017-10-09,24.994,25.241,24.964,25.132,7011,0
2017-10-10,25.241,25.607,24.71,25.598,13103,0
2017-10-11,25.766,25.845,25.429,25.677,14179,0
2017-10-12,25.657,25.667,25.38,25.409,10150,0
2017-10-13,25.046,25.409,25.046,25.409,10004,0
2017-10-16,25.301,26.211,25.202,26.172,36492,0
2017-10-17,26.003,26.479,25.489,25.489,15409,0
2017-10-18,25.538,26.231,25.38,25.994,25565,0
2017-10-19,25.776,26.191,25.37,25.835,16861,0
2017-10-20,26.191,26.427,25.172,25.924,13341,0
2017-10-23,25.954,25.954,25.34,25.34,20263,0
2017-10-24,25.212,25.34,24.905,25.192,17151,0
2017-10-25,25.152,25.35,25.052,25.251,9549,0
2017-10-26,25.39,25.612,24.999,25.36,16030,0
2017-10-27,25.43,25.95,25.21,25.67,23093,0
2017-10-30,25.38,25.69,24.15,24.39,26010,0
2017-10-31,24.56,25.24,24.25,24.43,22466,0
2017-11-01,24.65,24.98,23.48,23.92,29284,0
2017-11-02,23.85,25.04,23.85,24.95,13162,0
2017-11-03,24.86,25.2,24.6,24.91,30672,0
2017-11-06,24.62,24.7047,24.54,24.57,7108,0
2017-11-07,24.5,24.5,23.26,23.4,24434,0
2017-11-08,23.38,23.589,23.03,23.21,23139,0
2017-11-09,23.17,23.69,23.02,23.5,13641,0
2017-11-10,23.63,24.23,23.42,23.45,17740,0
