2016-01-04,10.37,10.985,10.1,10.84,3899765,0
2016-01-05,10.9,10.9,10.265,10.63,1480669,0
2016-01-06,10.45,10.62,10.14,10.21,1620136,0
2016-01-07,9.99,10.02,9.6,9.76,2678614,0
2016-01-08,9.83,9.9,9.22,9.26,2203744,0
2016-01-11,9.34,9.35,8.95,9.25,2453295,0
2016-01-12,9.36,9.61,9.265,9.6,3483130,0
2016-01-13,9.69,9.82,9.38,9.47,2591822,0
2016-01-14,9.53,9.73,9.28,9.44,2068656,0
2016-01-15,9.17,9.3,8.86,9.12,3158283,0
2016-01-19,9.25,9.28,8.98,9.01,1870700,0
2016-01-20,8.86,9.03,8.44,8.98,2647303,0
2016-01-21,8.99,9.25,8.86,9.12,1816038,0
2016-01-22,9.24,9.59,9.16,9.39,1760154,0
2016-01-25,9.31,9.34,9.04,9.1,1547767,0
2016-01-26,9.18,9.34,9.1,9.22,1336696,0
2016-01-27,9.15,9.15,8.82,8.89,1656247,0
2016-01-28,9,9.01,8.63,8.8,2728690,0
2016-01-29,8.85,9.01,8.69,8.99,4070462,0
2016-02-01,8.93,9.11,8.6999,9.07,1895881,0
2016-02-02,8.96,8.96,8.4,8.51,1645696,0
2016-02-03,8.57,8.6,8.15,8.47,1502683,0
2016-02-04,8.54,8.66,8.31,8.41,2072498,0
2016-02-05,8.4,8.9,8.34,8.61,1465225,0
2016-02-08,8.53,8.58,8.21,8.46,1817408,0
2016-02-09,8.38,8.4,8.07,8.25,1546463,0
2016-02-10,8.3,8.34,8.05,8.17,1133380,0
2016-02-11,8.03,8.14,7.78,7.92,1033929,0
2016-02-12,7.98,8.215,7.81,8.2,1209691,0
2016-02-16,8.32,8.53,8.23,8.37,1377405,0
2016-02-17,8.41,8.65,8.39,8.46,1762297,0
2016-02-18,8.48,8.57,8.14,8.36,1924195,0
2016-02-19,8.35,8.605,8.15,8.57,1641269,0
2016-02-22,8.65,8.755,8.26,8.43,1540701,0
2016-02-23,8.42,8.61,8.29,8.51,1684949,0
2016-02-24,8.42,8.63,8.15,8.6,1066526,0
2016-02-25,8.61,8.83,8.34,8.51,1010789,0
2016-02-26,8.56,8.77,8.45,8.75,1126494,0
2016-02-29,8.79,9.08,8.7,9.01,1996001,0
2016-03-01,9.06,9.24,8.68,9.14,2479946,0
2016-03-02,10.78,11.95,10.06,11.51,9916227,0
2016-03-03,11.51,11.63,11.15,11.56,3461251,0
2016-03-04,11.62,12.27,11.58,11.97,4248701,0
2016-03-07,11.92,12.12,11.84,12.11,2612133,0
2016-03-08,12.08,12.12,11.57,11.65,2844912,0
2016-03-09,11.77,12.03,11.61,11.99,1455940,0
2016-03-10,12.05,12.1,11.665,11.96,1283017,0
2016-03-11,12.08,12.475,12.06,12.3,1532424,0
2016-03-14,12.25,12.34,12.025,12.04,1332614,0
2016-03-15,12.01,12.24,11.78,11.81,1055737,0
2016-03-16,11.76,12.09,11.76,12.06,1159299,0
2016-03-17,12.11,12.46,12.04,12.39,1446310,0
2016-03-18,12.48,12.59,12.43,12.54,2362289,0
2016-03-21,12.5,12.63,12.38,12.56,1222859,0
2016-03-22,12.51,12.585,12.42,12.43,764597,0
2016-03-23,12.37,12.4,12.21,12.26,914728,0
2016-03-24,12.12,12.49,11.93,12.45,1111698,0
2016-03-28,12.49,12.56,12.22,12.38,885099,0
2016-03-29,12.28,12.9,12.23,12.76,1351683,0
2016-03-30,12.8,12.97,12.71,12.89,2253359,0
2016-03-31,12.9,13.2,12.89,13.17,3053275,0
2016-04-01,13.1,13.41,12.8,13.39,2130382,0
2016-04-04,13.41,13.48,13.27,13.35,1817553,0
2016-04-05,13.28,13.33,13,13.02,1668351,0
2016-04-06,13.04,13.22,12.9,13.15,1257742,0
2016-04-07,13,13.2002,12.97,13.05,1028381,0
2016-04-08,13.17,13.38,13.06,13.17,1199959,0
2016-04-11,13.3,13.69,13.25,13.29,1858660,0
2016-04-12,13.29,13.45,13.14,13.28,1260845,0
2016-04-13,13.31,13.47,13.24,13.46,1201930,0
2016-04-14,13.41,13.46,13.29,13.29,1498645,0
2016-04-15,13.25,13.73,13.25,13.68,1346377,0
2016-04-18,13.68,13.85,13.51,13.65,1798835,0
2016-04-19,13.67,13.93,13.65,13.81,1554010,0
2016-04-20,13.82,14.15,13.79,14.1,2156460,0
2016-04-21,14.11,14.13,13.74,13.76,990706,0
2016-04-22,13.78,14.23,13.7,14.2,1285960,0
2016-04-25,14.25,14.35,14.03,14.23,1372786,0
2016-04-26,14.25,14.475,14.2,14.43,1488560,0
2016-04-27,14.41,14.71,14.41,14.67,1762978,0
2016-04-28,14.56,14.86,14.56,14.63,1928447,0
2016-04-29,14.6,14.79,14.38,14.49,1267745,0
2016-05-02,14.54,14.62,14.38,14.48,1698955,0
2016-05-03,14.31,14.39,14.095,14.3,1425730,0
2016-05-04,14.27,14.42,13.96,14.11,1982392,0
2016-05-05,14.2,14.36,13.88,13.98,3318196,0
2016-05-06,14.05,14.23,13.9,14.21,1147425,0
2016-05-09,14.23,14.34,14.06,14.17,1514654,0
2016-05-10,14.21,14.68,14.18,14.51,1553951,0
2016-05-11,14.44,14.655,14.36,14.42,1686309,0
2016-05-12,14.53,14.56,14.14,14.5,2367660,0
2016-05-13,13.9,14.59,13.72,14.28,4486910,0
2016-05-16,14.41,14.61,14.09,14.55,2761122,0
2016-05-17,14.49,14.52,14.065,14.18,1641272,0
2016-05-18,14.08,14.84,13.99,14.77,3554790,0
2016-05-19,14.66,14.84,14.41,14.72,2110238,0
2016-05-20,14.83,15.04,14.69,14.91,1440192,0
2016-05-23,14.93,15.06,14.8,14.88,1576174,0
2016-05-24,14.95,15.02,14.86,14.93,1569104,0
2016-05-25,14.91,15.05,14.85,14.93,2049529,0
2016-05-26,15.23,15.5,14.935,14.99,2324206,0
2016-05-27,15.05,15.11,14.88,15.06,1117192,0
2016-05-31,15.2,15.545,15.2,15.35,2813914,0
2016-06-01,15.26,15.52,15.18,15.43,2638674,0
2016-06-02,15.34,15.73,15.34,15.7,1528647,0
2016-06-03,15.66,15.73,15.44,15.48,1006248,0
2016-06-06,15.53,15.84,15.49,15.73,1306789,0
2016-06-07,15.81,15.905,15.64,15.77,1753319,0
2016-06-08,15.9,15.93,15.5607,15.76,1900539,0
2016-06-09,15.72,15.77,15.49,15.72,962368,0
2016-06-10,15.48,15.55,15.36,15.4,971774,0
2016-06-13,15.29,15.32,14.995,15.07,1162634,0
2016-06-14,15.01,15.08,14.8,14.93,1119734,0
2016-06-15,14.92,15.22,14.86,15.03,955047,0
2016-06-16,14.9,15.17,14.735,15.15,1310250,0
2016-06-17,15.19,15.38,15.02,15.03,1774699,0
2016-06-20,15.27,15.56,15.12,15.12,1193334,0
2016-06-21,15.16,15.2,14.68,14.84,1818718,0
2016-06-22,14.89,15.06,14.72,14.77,1167518,0
2016-06-23,14.98,15.175,14.91,15.12,978266,0
2016-06-24,14.5,14.58,14.04,14.1,4068053,0
2016-06-27,13.92,14.01,13.4,13.55,2550285,0
2016-06-28,13.69,13.88,13.6,13.74,1116818,0
2016-06-29,14.53,15.15,14.53,14.76,2560615,0
2016-06-30,14.82,14.91,14.6,14.9,1808006,0
2016-07-01,14.94,15.02,14.615,14.9,1047056,0
2016-07-05,14.89,14.89,14.48,14.79,1191784,0
2016-07-06,14.76,14.85,14.53,14.75,1164394,0
2016-07-07,14.76,14.87,14.56,14.63,919799,0
2016-07-08,14.74,14.92,14.67,14.91,1379235,0
2016-07-11,15.06,15.19,14.92,15.03,976483,0
2016-07-12,15.12,15.27,15.11,15.24,1335504,0
2016-07-13,15.28,15.32,15.04,15.3,972888,0
2016-07-14,15.41,15.59,15.14,15.25,789906,0
2016-07-15,15.32,15.42,15.235,15.34,925324,0
2016-07-18,15.29,15.58,15.29,15.5,754660,0
2016-07-19,15.47,15.61,15.33,15.4,979982,0
2016-07-20,15.46,15.765,15.42,15.59,912649,0
2016-07-21,15.6,15.7,15.27,15.39,1325511,0
2016-07-22,15.44,15.475,15.055,15.37,912742,0
2016-07-25,15.37,15.4175,15.235,15.34,940354,0
2016-07-26,15.31,15.57,15.28,15.56,1246201,0
2016-07-27,15.56,15.61,15.32,15.45,1322563,0
2016-07-28,15.47,15.65,15.435,15.61,858140,0
2016-07-29,15.56,15.8,15.44,15.78,1190794,0
2016-08-01,15.74,15.74,15.34,15.47,1299822,0
2016-08-02,15.5,15.66,15.035,15.07,1486390,0
2016-08-03,15.03,15.19,14.851,14.97,1715234,0
2016-08-04,15.07,15.24,14.87,15.23,1025827,0
2016-08-05,15.27,15.3,14.9,14.92,1784017,0
2016-08-08,14.95,15.115,14.86,14.97,1449614,0
2016-08-09,15,15.24,14.86,15.05,1375508,0
2016-08-10,15.02,15.04,14.68,14.7,1713965,0
2016-08-11,14.72,14.83,14.56,14.72,2837514,0
2016-08-12,14.96,15.56,14.305,14.83,4119867,0
2016-08-15,14.94,14.94,14.4,14.67,2008972,0
2016-08-16,14.58,14.58,14.09,14.21,2176289,0
2016-08-17,14.13,14.16,13.92,14.05,1619096,0
2016-08-18,14.13,14.23,13.96,14.02,1667743,0
2016-08-19,13.96,13.99,13.765,13.99,1687685,0
2016-08-22,13.93,14.085,13.78,13.96,1489913,0
2016-08-23,14.01,14.31,13.92,14.17,1616115,0
2016-08-24,14.18,14.199,14.02,14.04,1109732,0
2016-08-25,14.04,14.27,14.02,14.2,1338255,0
2016-08-26,14.05,14.28,13.84,13.88,1138378,0
2016-08-29,13.84,14.172,13.83,14.1,691256,0
2016-08-30,14.08,14.309,14.01,14.08,1174530,0
2016-08-31,14.04,14.11,13.86,14.08,1471286,0
2016-09-01,14.05,14.12,13.77,14.05,1336032,0
2016-09-02,14.15,14.415,14.13,14.38,869601,0
2016-09-06,14.4,14.44,14.19,14.35,1217397,0
2016-09-07,14.3,14.415,14.22,14.4,982353,0
2016-09-08,14.37,14.72,14.37,14.7,1619982,0
2016-09-09,14.53,14.56,14.04,14.06,1369352,0
2016-09-12,13.97,14.19,13.75,14.17,1120457,0
2016-09-13,13.99,14.01,13.57,13.75,1920217,0
2016-09-14,13.53,13.8,13.145,13.23,2711878,0
2016-09-15,13.29,13.48,13.08,13.3,2154738,0
2016-09-16,13.2,13.21,12.9,13.04,2351345,0
2016-09-19,13.16,13.32,12.915,12.96,1554556,0
2016-09-20,13.03,13.11,12.78,12.87,1554910,0
2016-09-21,12.98,13.13,12.89,13.08,1241873,0
2016-09-22,13.21,13.34,13.16,13.29,809674,0
2016-09-23,13.22,13.3,12.97,13.08,1463154,0
2016-09-26,13.04,13.055,12.85,12.91,1293657,0
2016-09-27,12.89,12.985,12.8,12.86,1175162,0
2016-09-28,12.84,13.23,12.84,13.23,1208618,0
2016-09-29,13.16,13.39,13.16,13.3,1082548,0
2016-09-30,13.37,13.6,13.3,13.51,1141415,0
2016-10-03,13.42,13.49,13.27,13.41,978137,0
2016-10-04,13.39,13.535,13.3,13.38,835725,0
2016-10-05,13.4,13.6,13.32,13.57,1092778,0
2016-10-06,13.49,13.77,13.49,13.74,765026,0
2016-10-07,13.74,13.775,13.26,13.33,2345551,0
2016-10-10,13.39,13.64,13.39,13.49,1140930,0
2016-10-11,13.43,13.51,13.25,13.36,657331,0
2016-10-12,13.34,13.47,13.28,13.37,1419448,0
2016-10-13,13.25,13.345,13.12,13.2,1009327,0
2016-10-14,13.35,13.38,13.13,13.32,799643,0
2016-10-17,13.3,13.38,13.23,13.33,954394,0
2016-10-18,13.47,13.58,13.42,13.49,1032302,0
2016-10-19,13.47,13.67,13.34,13.58,769954,0
2016-10-20,13.51,13.58,13.38,13.39,973676,0
2016-10-21,13.29,13.56,13.16,13.5,841769,0
2016-10-24,13.59,13.78,13.57,13.68,1042583,0
2016-10-25,13.67,13.78,13.57,13.58,659754,0
2016-10-26,13.51,13.69,13.51,13.59,694089,0
2016-10-27,13.67,13.71,13.34,13.44,825728,0
2016-10-28,13.41,13.675,13.39,13.48,789097,0
2016-10-31,13.48,13.61,13.39,13.6,685471,0
2016-11-01,13.61,13.73,13.48,13.59,969610,0
2016-11-02,13.58,13.63,13.295,13.32,933758,0
2016-11-03,13.28,13.41,13.04,13.07,1257040,0
2016-11-04,13.09,13.53,13.01,13.34,1411306,0
2016-11-07,13.61,13.88,13.57,13.72,1305360,0
2016-11-08,13.66,13.88,13.66,13.73,847863,0
2016-11-09,13.53,13.84,13.19,13.81,1645142,0
2016-11-10,13.94,13.97,13.45,13.59,1548201,0
2016-11-11,13.89,14,12.8,13.51,3079384,0
2016-11-14,13.6,13.8,13.45,13.51,2419369,0
2016-11-15,13.54,13.805,13.49,13.54,2902811,0
2016-11-16,13.54,13.66,13.47,13.62,2545713,0
2016-11-17,13.72,13.72,13.37,13.38,988916,0
2016-11-18,13.43,13.7,13.38,13.66,1161720,0
2016-11-21,13.64,13.89,13.51,13.7,1137309,0
2016-11-22,13.77,13.9,13.52,13.62,1361556,0
2016-11-23,13.52,14.59,13.5,14.57,6501278,0
2016-11-25,14.65,14.875,14.47,14.59,478533,0
2016-11-28,14.59,14.61,14.08,14.1,1076995,0
2016-11-29,14.07,14.12,13.69,13.69,1267356,0
2016-11-30,13.85,13.98,13.48,13.51,1279785,0
2016-12-01,13.5,13.56,13.22,13.29,2054386,0
2016-12-02,13.32,13.4,13.14,13.22,1126180,0
2016-12-05,13.27,13.59,13.27,13.55,803760,0
2016-12-06,13.72,13.94,13.54,13.94,1156483,0
2016-12-07,13.9,14.12,13.85,14.07,1223497,0
2016-12-08,14.15,14.29,13.97,14.05,2551155,0
2016-12-09,14.08,14.15,13.73,13.74,1488564,0
2016-12-12,13.72,13.88,13.51,13.61,1145568,0
2016-12-13,13.76,13.92,13.55,13.76,934772,0
2016-12-14,13.76,13.84,13.38,13.42,1251885,0
2016-12-15,13.42,13.67,13.3,13.55,1535210,0
2016-12-16,13.62,13.82,13.61,13.73,2110654,0
2016-12-19,13.8,13.87,13.58,13.69,937530,0
2016-12-20,13.65,13.78,13.55,13.73,597594,0
2016-12-21,13.68,13.83,13.52,13.52,794330,0
2016-12-22,13.5,13.52,13.135,13.29,1132747,0
2016-12-23,13.2,13.34,13.1,13.2,1044467,0
2016-12-27,13.23,13.44,13.23,13.4,624974,0
2016-12-28,13.4,13.43,12.98,12.99,1128855,0
2016-12-29,12.98,13.14,12.92,12.92,598413,0
2016-12-30,12.9,13.04,12.83,12.91,1359631,0
2017-01-03,12.97,13.415,12.92,13.4,1370557,0
2017-01-04,13.47,13.55,13.335,13.47,996013,0
2017-01-05,13.44,13.48,13.26,13.31,640294,0
2017-01-06,13.33,13.35,13.12,13.2,523070,0
2017-01-09,13.17,13.24,13.015,13.05,812718,0
2017-01-10,13.04,13.1,12.655,12.68,1347198,0
2017-01-11,12.65,12.79,11.88,12.78,4656271,0
2017-01-12,12.76,12.82,12.25,12.31,1585601,0
2017-01-13,12.29,12.41,11.98,12.15,2245395,0
2017-01-17,12.15,12.29,11.95,12.28,1581186,0
2017-01-18,12.31,12.43,12.2,12.33,2425348,0
2017-01-19,12.28,12.31,12.14,12.21,1359830,0
2017-01-20,12.2,12.3,11.97,12.1,1436701,0
2017-01-23,12.02,12.15,11.94,12.12,1019315,0
2017-01-24,12.14,12.24,12.05,12.08,1214929,0
2017-01-25,12.1,12.255,11.98,12.16,1428123,0
2017-01-26,12.15,12.2,12,12.01,611851,0
2017-01-27,11.94,12.04,11.9,11.92,733517,0
2017-01-30,11.84,11.898,11.51,11.65,1209976,0
2017-01-31,11.67,12.04,11.53,12,2049538,0
2017-02-01,12.04,12.13,11.86,12.02,944638,0
2017-02-02,12.04,12.22,11.96,12.17,1517990,0
2017-02-03,12.24,12.41,12.15,12.33,833127,0
2017-02-06,12.29,12.3099,12.12,12.29,774932,0
2017-02-07,12.31,12.44,12.21,12.44,1406714,0
2017-02-08,12.44,12.47,12.19,12.27,1035949,0
2017-02-09,12.31,12.43,12.293,12.38,666753,0
2017-02-10,12.4,12.59,12.38,12.58,711319,0
2017-02-13,12.63,12.66,12.53,12.57,720221,0
2017-02-14,12.54,12.7199,12.49,12.7,718661,0
2017-02-15,12.61,12.86,12.59,12.81,652555,0
2017-02-16,12.81,12.89,12.479,12.62,1018170,0
2017-02-17,12.63,12.735,12.485,12.71,1093234,0
2017-02-21,12.74,12.955,12.72,12.8,1834792,0
2017-02-22,12.77,12.85,12.55,12.61,2068291,0
2017-02-23,12.6,12.87,12.51,12.82,879579,0
2017-02-24,12.64,12.76,12.45,12.72,776461,0
2017-02-27,12.7,12.85,12.58,12.8,803675,0
2017-02-28,12.73,13.28,12.73,13.01,2597561,0
2017-03-01,14.1,14.98,13.9,14.69,3107600,0
2017-03-02,14.7,14.71,14.13,14.14,1515388,0
2017-03-03,14.23,14.33,14.12,14.27,1353258,0
2017-03-06,14.15,14.23,13.9,14.15,1711977,0
2017-03-07,14.14,14.22,14.05,14.14,1147974,0
2017-03-08,14.17,14.205,13.91,14.12,1093300,0
2017-03-09,14.16,14.235,13.94,14.04,719294,0
2017-03-10,14.2,14.3,13.99,14.15,672652,0
2017-03-13,14.18,14.29,14.11,14.17,569073,0
2017-03-14,14.12,14.15,13.975,14.04,748476,0
2017-03-15,14.1,14.37,14.09,14.25,790473,0
2017-03-16,14.29,14.41,14.26,14.3,798447,0
2017-03-17,14.38,14.54,14.29,14.51,2067432,0
2017-03-20,14.55,14.55,14.3,14.46,784789,0
2017-03-21,14.51,14.59,14.1,14.11,820726,0
2017-03-22,14.07,14.34,14,14.26,722548,0
2017-03-23,14.83,14.83,14.3,14.37,1082234,0
2017-03-24,14.35,14.5,14.27,14.31,822069,0
2017-03-27,14.13,14.46,14.052,14.39,598063,0
2017-03-28,14.3,14.5,14.23,14.42,661401,0
2017-03-29,14.41,14.5,14.36,14.49,619812,0
2017-03-30,14.48,14.53,14.38,14.4,779037,0
2017-03-31,14.44,14.65,14.37,14.52,987927,0
2017-04-03,14.53,14.67,14.37,14.41,1453089,0
2017-04-04,14.4,14.515,14.33,14.4,1113462,0
2017-04-05,14.49,14.63,14.21,14.22,858962,0
2017-04-06,14.22,14.45,14.15,14.43,802115,0
2017-04-07,14.36,14.46,14.19,14.22,1237357,0
2017-04-10,14.21,14.5601,14.2,14.55,1241202,0
2017-04-11,14.53,14.89,14.46,14.84,1403537,0
2017-04-12,14.78,14.85,14.69,14.8,992321,0
2017-04-13,14.78,14.84,14.7,14.79,1000693,0
2017-04-17,14.82,15.11,14.78,15,1461434,0
2017-04-18,14.95,15.19,14.85,15.07,1430265,0
2017-04-19,15.12,15.15,14.97,14.99,1008617,0
2017-04-20,15.06,15.12,14.91,14.95,943198,0
2017-04-21,14.91,15.035,14.761,14.94,1040043,0
2017-04-24,15.15,15.39,15.02,15.04,1761636,0
2017-04-25,15.13,15.27,15.04,15.21,741106,0
2017-04-26,15.21,15.45,15.17,15.25,866549,0
2017-04-27,15.26,15.31,15.09,15.19,683881,0
2017-04-28,15.2,15.29,15.11,15.13,770814,0
2017-05-01,15.2,15.25,15.01,15.13,720261,0
2017-05-02,15.17,15.19,14.85,14.89,805896,0
2017-05-03,14.88,15.03,14.78,14.86,961927,0
2017-05-04,14.89,15,14.85,14.99,723452,0
2017-05-05,15.06,15.73,14.95,15.61,2729648,0
2017-05-08,15.6,15.805,15.395,15.54,1725523,0
2017-05-09,15.59,15.67,15.395,15.5,996347,0
2017-05-10,15.49,15.52,15.36,15.43,1760258,0
2017-05-11,15.42,15.58,15.21,15.45,1227274,0
2017-05-12,14.75,15.5,14.62,15.03,2107401,0
2017-05-15,15.07,15.365,15.05,15.25,1466957,0
2017-05-16,15.25,15.35,15.21,15.26,874329,0
2017-05-17,14.98,15.24,14.98,15.18,1310707,0
2017-05-18,15.15,15.48,15.01,15.29,1175145,0
2017-05-19,15.43,16.12,15.37,15.98,1851691,0
2017-05-22,15.93,16.15,15.83,16.08,1378926,0
2017-05-23,16.21,16.58,16.179,16.56,1786076,0
2017-05-24,16.55,16.61,16.31,16.31,1783948,0
2017-05-25,16.5,16.53,16.11,16.14,852981,0
2017-05-26,16.14,16.22,16.09,16.11,709833,0
2017-05-30,16.05,16.062,15.9,15.94,817587,0
2017-05-31,15.99,15.99,15.55,15.67,1409385,0
2017-06-01,15.66,15.98,15.603,15.96,1068019,0
2017-06-02,15.96,16.3,15.96,16.06,940597,0
2017-06-05,16.04,16.12,15.94,15.95,933737,0
2017-06-06,15.84,16.03,15.78,15.99,709512,0
2017-06-07,16.03,16.1,15.74,15.77,739487,0
2017-06-08,15.77,16.105,15.7001,15.95,644357,0
2017-06-09,15.99,16.05,15.805,15.86,943095,0
2017-06-12,15.89,16.11,15.83,15.9,889264,0
2017-06-13,15.92,16.16,15.85,16.06,850441,0
2017-06-14,16.12,16.33,16.105,16.21,857537,0
2017-06-15,16.04,16.22,15.85,16.19,882195,0
2017-06-16,15.94,16.07,15.69,15.72,1765193,0
2017-06-19,15.83,16.31,15.725,16.29,1029384,0
2017-06-20,16.23,16.27,15.675,15.69,877263,0
2017-06-21,15.79,15.85,15.53,15.55,792819,0
2017-06-22,15.58,15.75,15.57,15.69,639240,0
2017-06-23,15.71,16.01,15.62,15.95,2121315,0
2017-06-26,16.03,16.07,15.87,15.93,572471,0
2017-06-27,15.92,15.925,15.66,15.67,802349,0
2017-06-28,15.77,15.98,15.72,15.86,829143,0
2017-06-29,15.87,15.87,15.435,15.65,985358,0
2017-06-30,15.74,15.82,15.605,15.74,721560,0
2017-07-03,15.82,16.1,15.77,16.06,377516,0
2017-07-05,16.04,16.05,15.9,15.94,908395,0
2017-07-06,15.91,15.97,15.67,15.85,1069225,0
2017-07-07,15.9,16.07,15.78,15.92,1038280,0
2017-07-10,15.98,16.09,15.76,15.76,1101042,0
2017-07-11,15.77,15.795,15.5,15.66,1316284,0
2017-07-12,15.81,16.21,15.81,16.19,1058433,0
2017-07-13,16.2,16.41,15.97,16.4,859560,0
2017-07-14,16.39,16.75,16.3078,16.63,957927,0
2017-07-17,16.6,16.68,16.415,16.54,917743,0
2017-07-18,16.49,16.52,16.305,16.4,798434,0
2017-07-19,16.42,16.85,16.42,16.74,858067,0
2017-07-20,16.76,16.81,16.64,16.78,613752,0
2017-07-21,16.91,16.91,16.68,16.83,613751,0
2017-07-24,16.82,16.86,16.66,16.76,531245,0
2017-07-25,16.87,16.99,16.83,16.88,728164,0
2017-07-26,16.88,16.94,16.53,16.61,729576,0
2017-07-27,16.63,16.75,16.39,16.5,786279,0
2017-07-28,16.49,16.73,16.33,16.64,909091,0
2017-07-31,16.68,16.68,16.25,16.27,989141,0
2017-08-01,16.37,16.41,16.21,16.25,896864,0
2017-08-02,16.19,16.24,15.94,16.16,639377,0
2017-08-03,16.15,16.43,16.04,16.34,718529,0
2017-08-04,16.48,16.63,16.28,16.62,638906,0
2017-08-07,16.65,16.8,16.56,16.69,525538,0
2017-08-08,16.61,16.87,16.375,16.45,1486469,0
2017-08-09,16.33,16.5,16.27,16.43,925207,0
2017-08-10,15.92,16.905,15.67,16.15,2155916,0
2017-08-11,15.97,16.265,15.94,16.06,1472488,0
2017-08-14,16.41,16.97,16.27,16.88,1251459,0
2017-08-15,16.91,16.99,16.7,16.87,1162560,0
2017-08-16,16.88,17.08,16.58,16.58,1091128,0
2017-08-17,16.51,16.585,15.82,15.83,1337469,0
2017-08-18,15.68,15.82,15.59,15.6,1251490,0
2017-08-21,15.59,15.85,15.555,15.82,1045680,0
2017-08-22,15.83,16.28,15.825,16.18,786763,0
2017-08-23,16.62,17.07,16.59,16.97,2249162,0
2017-08-24,16.98,17.18,16.8,17.16,1945639,0
2017-08-25,17.19,17.7,17.08,17.58,1598054,0
2017-08-28,17.6,17.67,17.28,17.4,2171014,0
2017-08-29,17.3,17.51,17.13,17.46,1221338,0
2017-08-30,17.47,17.47,17.2,17.31,1075264,0
2017-08-31,17.29,17.43,17.17,17.4,751351,0
2017-09-01,17.51,17.785,17.44,17.68,1449825,0
2017-09-05,17.7,17.7725,17.4,17.69,1189238,0
2017-09-06,17.74,17.82,17.56,17.71,1237896,0
2017-09-07,17.71,17.79,17.52,17.73,1227358,0
2017-09-08,17.71,17.87,17.62,17.8,788129,0
2017-09-11,17.9,17.995,17.7375,17.94,977513,0
2017-09-12,17.93,17.94,17.76,17.77,719651,0
2017-09-13,17.79,17.99,17.73,17.79,627951,0
2017-09-14,17.75,17.85,17.63,17.7,973365,0
2017-09-15,17.74,17.98,17.7,17.98,2099486,0
2017-09-18,18,18.27,17.94,18.12,931187,0
2017-09-19,18.09,18.15,17.98,18.04,722144,0
2017-09-20,17.97,18.13,17.88,18.06,1274681,0
2017-09-21,18.06,18.24,17.94,18.08,925393,0
2017-09-22,18.11,18.27,18.0843,18.26,667766,0
2017-09-25,18.22,18.27,18.05,18.27,1813325,0
2017-09-26,18.36,18.65,18.08,18.08,3526257,0
2017-09-27,18.08,18.08,16.625,17.29,5848467,0
2017-09-28,17.21,17.38,17.05,17.26,1786195,0
2017-09-29,17.35,17.57,17.27,17.52,1323352,0
2017-10-02,17.53,17.94,17.47,17.94,927538,0
2017-10-03,17.99,18.02,17.71,17.83,1061464,0
2017-10-04,17.85,17.91,17.76,17.84,545887,0
2017-10-05,17.93,17.98,17.71,17.89,1027813,0
2017-10-06,17.3,17.32,15.98,16.38,3944671,0
2017-10-09,16.38,16.54,16.31,16.51,1376595,0
2017-10-10,16.55,16.725,16.39,16.71,1179287,0
2017-10-11,16.73,16.87,16.65,16.72,1078873,0
2017-10-12,16.72,17.04,16.67,16.93,1386914,0
2017-10-13,16.98,17.135,16.85,16.86,945749,0
2017-10-16,16.89,16.9,16.64,16.72,755995,0
2017-10-17,16.66,16.81,16.6,16.7,699261,0
2017-10-18,16.74,17.02,16.66,16.98,917257,0
2017-10-19,16.91,17.07,16.73,17.06,679983,0
2017-10-20,17.22,17.62,17.1,17.44,1509624,0
2017-10-23,17.53,17.61,17.241,17.29,1174661,0
2017-10-24,17.29,17.79,17.29,17.55,1277233,0
2017-10-25,17.52,17.62,17.26,17.44,1170148,0
2017-10-26,17.47,18.1,17.46,17.71,1594510,0
2017-10-27,17.74,17.91,17.61,17.86,888525,0
2017-10-30,17.77,18,17.77,17.79,1203550,0
2017-10-31,17.73,18.3,17.73,18.25,1342160,0
2017-11-01,18.28,18.32,17.6099,17.73,1319177,0
2017-11-02,17.76,18.01,17.69,17.7,909250,0
2017-11-03,17.67,17.77,17.45,17.49,1072088,0
2017-11-06,17.57,17.75,17.57,17.6,636843,0
2017-11-07,17.63,17.63,17.28,17.47,1162693,0
2017-11-08,17.45,17.88,16.16,16.4,2245142,0
2017-11-09,16.3,16.78,16.24,16.34,1065817,0
2017-11-10,16.23,16.48,16.16,16.27,988848,0
