2016-01-04,90.024,90.855,89.896,90.637,4441747,0
2016-01-05,90.695,91.083,90.063,90.805,2883759,0
2016-01-06,89.748,90.371,89.045,89.748,3725813,0
2016-01-07,88.273,88.976,87.157,87.444,4562215,0
2016-01-08,87.69,88.66,87.286,87.493,3386130,0
2016-01-11,87.839,88.086,86.613,87.444,3370765,0
2016-01-12,88.611,88.611,86.406,87.543,2931085,0
2016-01-13,88.156,88.196,85.407,85.535,3009790,0
2016-01-14,85.585,86.801,84.834,86.317,3116448,0
2016-01-15,84.962,85.431,84.102,84.221,4922128,0
2016-01-19,85.367,85.625,83.687,84.637,3397248,0
2016-01-20,83.499,84.676,82.55,84.034,4786759,0
2016-01-21,83.628,84.102,82.896,83.469,3891949,0
2016-01-22,84.577,84.734,83.756,84.379,3594457,0
2016-01-25,84.399,84.676,83.282,83.421,3150742,0
2016-01-26,81.947,83.984,80.326,83.716,6626304,0
2016-01-27,83.716,84.597,82.699,83.292,4913267,0
2016-01-28,83.815,84.111,83.044,83.509,3611382,0
2016-01-29,84.073,85.734,83.538,85.664,4579827,0
2016-02-01,85.437,85.555,84.339,84.982,2760942,0
2016-02-02,83.885,84.181,83.084,83.411,2722937,0
2016-02-03,84.151,84.498,82.451,84.073,2488638,0
2016-02-04,83.895,85.714,83.845,85.467,3102828,0
2016-02-05,85.051,85.367,83.697,84.073,3058698,0
2016-02-08,83.568,83.885,81.927,83.183,4548945,0
2016-02-09,82.323,84.952,82.125,84.221,2607173,0
2016-02-10,84.744,85.843,84.063,84.241,2192658,0
2016-02-11,82.659,83.677,81.917,82.639,2890703,0
2016-02-12,83.401,83.994,82.818,83.954,2605049,0
2016-02-16,85.2,85.803,84.834,85.507,2871367,0
2016-02-17,86.05,86.454,85.654,86.08,2618150,0
2016-02-18,85.625,86.198,85.499,85.684,1747117,0
2016-02-19,85.585,86,85.051,85.664,2656892,0
2016-02-22,86.504,87.077,86.357,86.752,2303312,0
2016-02-23,86.337,86.89,85.783,86.327,1843111,0
2016-02-24,85.852,86.519,85.337,86.208,2777960,0
2016-02-25,86.208,87.276,85.931,87.256,2149266,0
2016-02-26,87.543,88.254,87.296,88.057,3144167,0
2016-02-29,87.849,88.857,87.612,88.254,4443716,0
2016-03-01,88.847,89.748,88.621,89.569,3974132,0
2016-03-02,89.342,90.538,89.115,89.46,3387898,0
2016-03-03,89.827,90.102,89.244,89.797,2658725,0
2016-03-04,89.945,90.45,89.224,89.678,3486928,0
2016-03-07,89.204,89.509,88.876,89.214,3393349,0
2016-03-08,88.837,89.02,87.78,87.939,3052235,0
2016-03-09,88.412,88.422,87.296,87.463,2661263,0
2016-03-10,88.156,88.552,87.316,88.196,2849315,0
2016-03-11,89.145,89.857,88.799,89.579,2898929,0
2016-03-14,89.529,90.755,89.025,90.44,2801404,0
2016-03-15,90.202,91.112,90.063,90.666,2720759,0
2016-03-16,90.607,90.666,89.807,90.251,2391863,0
2016-03-17,90.361,92.763,90.202,92.485,4362277,0
2016-03-18,92.95,94.206,92.475,94.206,7420931,0
2016-03-21,93.92,94.186,93.247,93.78,2228142,0
2016-03-22,92.89,94.237,92.741,94.009,2702516,0
2016-03-23,94.039,94.078,93.484,93.92,1958753,0
2016-03-24,93.504,93.92,93.206,93.86,3016802,0
2016-03-28,93.84,94.315,93.604,94.058,2039176,0
2016-03-29,94.019,94.554,93.484,94.334,2042945,0
2016-03-30,94.702,94.958,94.019,94.108,2454032,0
2016-03-31,94.237,94.272,93.715,93.94,2182821,0
2016-04-01,93.43,94.861,92.85,94.702,2036225,0
2016-04-04,94.009,94.009,92.682,92.84,2933243,0
2016-04-05,92.246,92.542,91.948,92.365,2084581,0
2016-04-06,92.187,92.979,91.931,92.93,2595542,0
2016-04-07,92.097,92.592,91.553,92.375,2541819,0
2016-04-08,92.831,93.286,92.088,92.286,1529082,0
2016-04-11,92.326,92.721,91.761,91.78,1912191,0
2016-04-12,92.028,92.821,91.84,92.572,1488698,0
2016-04-13,92.93,93.454,92.672,93.335,1802192,0
2016-04-14,93.71,93.9,93.116,93.136,1728791,0
2016-04-15,93.236,93.454,92.881,93.206,1483826,0
2016-04-18,93.266,93.691,93.097,93.445,1845753,0
2016-04-19,93.76,94.019,93.544,93.91,2030660,0
2016-04-20,93.75,94.324,93.306,93.999,2707495,0
2016-04-21,94.633,96.514,94.029,95.058,3776497,0
2016-04-22,94.573,95.762,94.563,95.485,2480575,0
2016-04-25,95.276,95.642,94.89,95.514,2152982,0
2016-04-26,95.395,95.682,94.998,95.425,1880994,0
2016-04-27,95.562,96.376,95.207,96.246,2671478,0
2016-04-28,95.662,96.574,95.217,95.415,2418498,0
2016-04-29,94.948,96.059,94.871,95.811,2899229,0
2016-05-02,95.791,96.633,95.455,96.445,2291166,0
2016-05-03,95.782,96.157,95.465,95.94,2119357,0
2016-05-04,94.771,95.682,94.494,94.978,2904396,0
2016-05-05,95.435,95.612,94.851,95.177,2166451,0
2016-05-06,95.138,96.246,94.851,96.166,2205881,0
2016-05-09,96.059,96.435,95.657,96.118,1357814,0
2016-05-10,96.544,97.385,96.256,97.366,1915159,0
2016-05-11,97.336,97.821,96.83,96.96,1927601,0
2016-05-12,97.089,97.405,96.435,97.168,1884699,0
2016-05-13,97.039,97.514,96.138,96.425,2430190,0
2016-05-16,96.761,97.96,96.331,97.693,2411101,0
2016-05-17,97.732,98.128,97.128,97.484,1914303,0
2016-05-18,97.257,97.708,96.673,97.375,2161577,0
2016-05-19,96.81,97.227,96.089,97.02,2869802,0
2016-05-20,97.484,98.435,97.108,97.792,2410000,0
2016-05-23,97.366,98.088,97.049,97.881,1916218,0
2016-05-24,98.029,99.347,97.742,99.004,3118556,0
2016-05-25,98.924,99.53,98.603,98.692,2092189,0
2016-05-26,98.734,98.994,98.048,98.238,1598526,0
2016-05-27,98.326,98.435,97.851,97.95,2414696,0
2016-05-31,97.574,97.732,96.851,97.405,5441995,0
2016-06-01,96.979,98.099,96.889,97.842,2620151,0
2016-06-02,97.287,97.921,97.028,97.842,1657187,0
2016-06-03,97.385,97.628,96.869,97.494,2316655,0
2016-06-06,97.504,98.516,97.504,98.229,2355964,0
2016-06-07,98.378,99.081,98.229,98.645,1905204,0
2016-06-08,98.457,99.487,98.447,99.357,2298906,0
2016-06-09,99.15,99.68,98.944,99.58,1795056,0
2016-06-10,98.864,99.061,98.338,98.506,1731566,0
2016-06-13,98.268,98.774,97.267,97.296,2334220,0
2016-06-14,97.138,98.04,96.711,97.862,1965264,0
2016-06-15,98.129,98.189,97.395,97.415,2149977,0
2016-06-16,97.028,98.457,96.869,98.268,2071649,0
2016-06-17,98.199,98.328,96.849,96.969,5317152,0
2016-06-20,98.179,98.814,97.921,97.941,2647216,0
2016-06-21,98.338,98.487,97.911,98.229,1663709,0
2016-06-22,98.447,98.784,98.129,98.239,1803546,0
2016-06-23,99.081,99.63,98.736,99.63,2354173,0
2016-06-24,96.859,99.202,96.859,97.415,7939305,0
2016-06-27,96.731,97.494,96.057,96.533,5061229,0
2016-06-28,96.949,97.395,96.194,97.326,3420668,0
2016-06-29,97.892,99.52,97.892,99.302,3038392,0
2016-06-30,99.407,100.19,99.377,100.19,4404786,0
2016-07-01,100.53,101.95,100.21,101.49,4205075,0
2016-07-05,76.793,79.75,76.714,79.75,15764133,0
2016-07-06,79.601,80.394,79.085,79.967,9625236,0
2016-07-07,80.433,80.602,79.392,80.047,4184778,0
2016-07-08,80.345,80.622,79.838,80.206,5137815,0
2016-07-11,80.424,80.483,79.362,79.432,5623269,0
2016-07-12,79.601,80.137,79.601,79.69,3739457,0
2016-07-13,80.057,80.612,79.848,80.385,3033359,0
2016-07-14,81.058,81.134,80.007,80.226,2939815,0
2016-07-15,80.652,81.038,80.097,80.266,2970018,0
2016-07-18,80.365,80.92,79.887,80.285,2360735,0
2016-07-19,80.097,80.355,79.917,80.226,2868461,0
2016-07-20,80.622,80.94,80.448,80.732,2348888,0
2016-07-21,80.732,81.078,80.424,80.632,3589075,0
2016-07-22,80.742,80.804,80.007,80.582,3125303,0
2016-07-25,81.476,81.52,79.918,80.632,3951011,0
2016-07-26,80.612,80.692,80.285,80.463,3369835,0
2016-07-27,80.562,80.761,80.017,80.196,3077806,0
2016-07-28,80.443,80.692,80.087,80.522,2778206,0
2016-07-29,80.662,81.098,80.532,80.781,3456500,0
2016-08-01,80.582,81.222,80.522,80.841,3087464,0
2016-08-02,80.602,80.871,79.937,80.276,2318763,0
2016-08-03,80.453,80.622,80.027,80.325,1933009,0
2016-08-04,80.345,80.682,80.146,80.463,1950589,0
2016-08-05,80.602,80.96,80.483,80.841,2072919,0
2016-08-08,81,81.038,80.542,80.622,1647915,0
2016-08-09,80.841,80.99,80.414,80.542,1606121,0
2016-08-10,80.602,80.672,80.295,80.562,2756980,0
2016-08-11,80.632,81.098,80.592,80.881,1662559,0
2016-08-12,80.702,80.861,80.453,80.732,1212999,0
2016-08-15,81.068,81.127,80.493,80.572,2950442,0
2016-08-16,80.542,80.542,79.907,80.047,2091058,0
2016-08-17,80.166,80.394,79.868,80.365,1619150,0
2016-08-18,80.256,80.335,79.214,79.907,2666291,0
2016-08-19,79.76,80.137,79.502,80.087,2151598,0
2016-08-22,80.137,80.325,79.877,80.276,1890378,0
2016-08-23,80.502,80.672,80.186,80.375,2223003,0
2016-08-24,80.325,80.443,79.819,79.957,2191357,0
2016-08-25,79.77,80.027,79.67,79.868,1780810,0
2016-08-26,80.107,80.806,80.032,80.542,2006400,0
2016-08-29,80.532,81.416,80.532,81.177,2548014,0
2016-08-30,81.971,81.971,80.463,80.542,1576594,0
2016-08-31,80.542,81.009,80.355,80.751,3664572,0
2016-09-01,80.89,81.187,80.602,80.781,2355645,0
2016-09-02,81.147,81.187,80.027,80.532,2409499,0
2016-09-06,80.335,80.562,78.5,78.857,6197147,0
2016-09-07,78.727,79.133,78.54,78.707,3875835,0
2016-09-08,78.51,78.627,78.102,78.361,3110319,0
2016-09-09,77.915,77.915,76.387,76.397,3916017,0
2016-09-12,76.158,77.766,75.971,77.577,4016995,0
2016-09-13,77.27,77.3,76.237,76.237,3740986,0
2016-09-14,76.178,76.352,75.533,75.832,3682115,0
2016-09-15,76.001,76.635,75.612,76.178,4543307,0
2016-09-16,76.457,76.546,75.702,75.951,8169766,0
2016-09-19,76.04,76.724,76.01,76.188,2686414,0
2016-09-20,76.655,76.655,75.961,76.099,2510642,0
2016-09-21,76.297,76.912,76.015,76.822,2807944,0
2016-09-22,77.398,77.477,76.892,77.042,2507013,0
2016-09-23,76.822,77.201,76.714,76.962,2816159,0
2016-09-26,76.832,76.832,75.789,75.981,3222422,0
2016-09-27,76.06,77.082,75.792,77.002,3189103,0
2016-09-28,76.867,77.166,76.619,77.116,2060760,0
2016-09-29,76.967,77.106,76.331,76.629,3303305,0
2016-09-30,76.947,78.199,76.937,77.881,3419374,0
2016-10-03,77.453,77.911,77.305,77.483,2680195,0
2016-10-04,77.772,77.822,76.927,77.156,1997490,0
2016-10-05,77.335,77.493,76.857,77.275,2103764,0
2016-10-06,77.235,77.911,77.057,77.812,2971858,0
2016-10-07,77.841,77.991,77.226,77.742,2631139,0
2016-10-10,77.891,78.269,77.563,77.712,1455713,0
2016-10-11,77.305,77.305,75.437,75.845,4287450,0
2016-10-12,76.053,77.027,76.053,76.281,3160691,0
2016-10-13,75.835,76.172,75.467,75.715,2802132,0
2016-10-14,76.261,76.301,75.546,75.665,3235390,0
2016-10-17,75.805,75.845,75.219,75.368,2212195,0
2016-10-18,75.745,76.132,75.566,75.934,1630013,0
2016-10-19,76.083,76.739,75.745,76.659,2919773,0
2016-10-20,77.722,80.415,77.133,79.66,6540805,0
2016-10-21,79.163,79.759,78.855,79.65,4597289,0
2016-10-24,80.196,80.718,79.53,79.769,3499014,0
2016-10-25,79.54,79.58,78.219,78.259,3527318,0
2016-10-26,78.019,78.019,77.007,77.235,3251324,0
2016-10-27,77.453,79.044,77.433,77.822,4235400,0
2016-10-28,77.812,78.467,77.315,77.683,2602546,0
2016-10-31,77.742,78.059,77.453,78.039,2634026,0
2016-11-01,78.199,78.209,76.321,76.53,4260750,0
2016-11-02,76.55,76.967,76.182,76.241,2789901,0
2016-11-03,76.461,76.798,75.894,76.043,2882100,0
2016-11-04,76.162,76.997,76.093,76.441,2614027,0
2016-11-07,77.216,77.901,77.206,77.693,3721204,0
2016-11-08,77.623,78.894,77.443,78.418,3963021,0
2016-11-09,78.428,80.017,77.772,79.709,4707936,0
2016-11-10,80.434,80.772,79.56,79.719,3905012,0
2016-11-11,80.375,80.772,79.759,80.415,3608890,0
2016-11-14,80.345,80.663,78.487,78.587,4685617,0
2016-11-15,80.007,80.127,78.845,79.113,4891267,0
2016-11-16,79.123,79.739,78.924,79.689,5233324,0
2016-11-17,79.749,79.927,79.411,79.451,2887602,0
2016-11-18,79.421,79.451,78.099,78.477,3176383,0
2016-11-21,78.745,79.103,77.901,78.705,4593779,0
2016-11-22,78.348,78.655,77.523,77.911,4043590,0
2016-11-23,77.712,78.695,77.663,78.645,1860707,0
2016-11-25,78.944,79.421,78.795,79.044,961413,0
2016-11-28,78.994,79.193,78.309,78.517,2346006,0
2016-11-29,78.517,78.825,78.239,78.617,1876303,0
2016-11-30,78.715,78.865,77.493,77.663,5597510,0
2016-12-01,77.623,77.812,76.411,76.52,3946658,0
2016-12-02,76.58,76.937,75.974,76.817,3365931,0
2016-12-05,77.206,77.295,76.51,76.61,2936358,0
2016-12-06,76.827,76.907,75.934,76.877,3487715,0
2016-12-07,76.798,76.987,75.775,76.471,4684886,0
2016-12-08,76.5,77.663,76.481,77.235,4293603,0
2016-12-09,77.414,77.593,76.947,77.593,2936080,0
2016-12-12,77.414,77.712,77.017,77.325,4825593,0
2016-12-13,77.663,79.034,77.653,78.725,5727386,0
2016-12-14,78.705,78.994,78.029,78.199,3783260,0
2016-12-15,78.089,79.411,77.971,79.213,4660297,0
2016-12-16,79.421,80.097,78.507,78.705,4643855,0
2016-12-19,78.625,79.153,77.901,78.099,2740551,0
2016-12-20,78.328,78.507,77.971,78.338,5518058,0
2016-12-21,78.019,78.383,77.812,77.851,2688978,0
2016-12-22,77.693,78.149,77.663,77.822,2069425,0
2016-12-23,77.881,78.507,77.802,78.438,1350947,0
2016-12-27,78.408,78.815,78.269,78.309,1216477,0
2016-12-28,78.194,78.482,77.672,77.746,1779934,0
2016-12-29,77.766,78.054,77.637,77.836,1270730,0
2016-12-30,78.174,78.174,77.278,77.457,2024483,0
2017-01-03,78.054,78.562,77.836,78.393,2855923,0
2017-01-04,78.343,79.388,78.323,78.891,3158389,0
2017-01-05,78.901,79.657,78.751,79.617,3244711,0
2017-01-06,79.597,80.318,79.338,80.035,2113953,0
2017-01-09,80.005,80.293,79.855,80.194,2328866,0
2017-01-10,80.075,80.92,79.965,80.702,3515028,0
2017-01-11,80.612,81.368,80.244,80.95,2713826,0
2017-01-12,80.652,81.049,80.313,80.89,3613802,0
2017-01-13,80.881,81.189,80.682,80.96,2407058,0
2017-01-17,80.602,80.682,79.865,80.512,3231192,0
2017-01-18,81.099,81.199,80.602,80.791,2128454,0
2017-01-19,80.692,80.9,79.835,80.204,2945215,0
2017-01-20,80.442,80.512,79.726,80.135,2137040,0
2017-01-23,79.925,80.105,79.468,79.607,2385531,0
2017-01-24,79.617,80.05,78.582,79.637,3024063,0
2017-01-25,79.855,80.662,79.776,80.632,2247259,0
2017-01-26,80.462,80.622,80.154,80.393,1919742,0
2017-01-27,80.562,80.622,80.1,80.562,2288716,0
2017-01-30,80.91,80.94,79.338,79.965,2325496,0
2017-01-31,81.985,83.697,81.458,83.507,6267739,0
2017-02-01,84.134,84.324,82.443,83.13,4666177,0
2017-02-02,82.712,83.457,82.204,83.289,2392452,0
2017-02-03,83.428,83.547,82.915,83.279,1722317,0
2017-02-06,82.84,82.96,82.154,82.582,2074857,0
2017-02-07,82.592,82.89,82.353,82.672,1748186,0
2017-02-08,82.273,82.702,82.164,82.573,1708032,0
2017-02-09,82.602,83.587,82.503,83.348,2107713,0
2017-02-10,83.358,83.657,83.14,83.567,1344640,0
2017-02-13,83.607,83.866,83.398,83.777,1475310,0
2017-02-14,83.299,83.876,83.14,83.687,1333490,0
2017-02-15,83.338,84.274,83.229,84.194,2091222,0
2017-02-16,84.164,84.224,83.229,83.836,2497864,0
2017-02-17,83.657,83.841,83.269,83.637,2353787,0
2017-02-21,84.114,84.651,83.906,84.334,2318982,0
2017-02-22,84.224,84.503,84.084,84.384,2076754,0
2017-02-23,84.582,84.771,84.214,84.711,1796620,0
2017-02-24,84.901,85.657,84.592,85.657,1983112,0
2017-02-27,85.498,85.905,85.368,85.707,1749430,0
2017-02-28,85.448,85.637,85.011,85.13,2289741,0
2017-03-01,86.125,87.159,85.836,86.832,2573476,0
2017-03-02,86.552,86.572,86.025,86.195,1536619,0
2017-03-03,86.244,86.532,85.786,86.403,2204215,0
2017-03-06,85.767,86.06,85.214,85.667,2228818,0
2017-03-07,85.558,85.905,85.328,85.647,1596420,0
2017-03-08,85.608,86.374,85.468,86.195,1881125,0
2017-03-09,86.095,87.01,86.095,86.881,2321603,0
2017-03-10,87.109,87.578,86.906,87.329,2252018,0
2017-03-13,87.159,87.259,86.522,87.069,1598037,0
2017-03-14,86.851,86.851,86.015,86.433,1678074,0
2017-03-15,86.632,87.369,86.607,87.04,1790693,0
2017-03-16,86.871,87.04,85.568,85.975,2661306,0
2017-03-17,86.095,86.443,85.965,86.244,3122555,0
2017-03-20,86.364,86.462,85.915,86.045,1544242,0
2017-03-21,86.374,86.642,85.488,85.855,1835178,0
2017-03-22,85.985,86.135,85.398,85.895,1763104,0
2017-03-23,85.895,86.234,85.568,85.875,2205867,0
2017-03-24,85.915,86.452,85.189,85.588,3127891,0
2017-03-27,85.16,85.811,84.981,85.618,2107703,0
2017-03-28,85.348,85.632,84.881,85.468,3088226,0
2017-03-29,85.258,85.553,84.97,85.338,1646453,0
2017-03-30,85.388,85.737,85.129,85.438,2260636,0
2017-03-31,84.93,85.538,84.93,85.248,2181533,0
2017-04-03,85.378,85.662,84.8,85.199,2571814,0
2017-04-04,85.348,85.348,84.606,84.99,2571603,0
2017-04-05,85.298,86.305,85.109,85.488,2530458,0
2017-04-06,85.318,85.996,84.7,85.847,2004417,0
2017-04-07,85.747,86.061,85.518,85.787,1345941,0
2017-04-10,85.896,86.076,85.608,85.827,1641034,0
2017-04-11,85.598,85.936,85.388,85.926,1281947,0
2017-04-12,86.126,86.126,85.298,85.468,1615010,0
2017-04-13,85.229,85.981,85.159,85.498,1981665,0
2017-04-17,85.647,86.435,85.528,86.415,1666689,0
2017-04-18,86.106,86.355,85.906,86.255,1881915,0
2017-04-19,86.594,86.704,85.851,86.156,2591948,0
2017-04-20,85.219,85.318,82.578,82.617,8845847,0
2017-04-21,82.617,82.876,81.307,81.431,7661728,0
2017-04-24,82.378,82.926,81.85,82.189,5345731,0
2017-04-25,82.528,83.265,82.378,83.026,6782760,0
2017-04-26,83.385,83.724,82.548,82.707,4890529,0
2017-04-27,82.896,83.026,82.508,82.637,2778736,0
2017-04-28,82.647,83.22,82.597,83.056,4278485,0
2017-05-01,83.295,83.624,82.846,82.856,4246696,0
2017-05-02,83.126,83.405,82.667,82.727,3754384,0
2017-05-03,82.757,82.976,82.169,82.538,2225300,0
2017-05-04,82.508,83.863,82.508,83.803,3007334,0
2017-05-05,84.102,84.112,83.435,83.584,1637695,0
2017-05-08,83.614,83.624,83.116,83.116,3295558,0
2017-05-09,83.016,83.345,82.747,82.896,2456757,0
2017-05-10,82.827,83.186,82.508,82.936,1754735,0
2017-05-11,82.737,82.936,82.199,82.508,1981250,0
2017-05-12,82.348,82.817,82.288,82.568,2141433,0
2017-05-15,82.757,83.285,82.657,83.006,2726977,0
2017-05-16,82.956,83.225,82.219,82.737,2012076,0
2017-05-17,82.229,82.393,81.581,81.631,2163338,0
2017-05-18,81.481,81.969,81.092,81.511,2698315,0
2017-05-19,81.77,82.308,81.441,81.87,3118555,0
2017-05-22,81.87,82.827,81.78,82.637,3456210,0
2017-05-23,83.026,84.421,82.896,83.674,2848282,0
2017-05-24,84.122,84.122,83.534,83.684,2217179,0
2017-05-25,83.674,84.342,83.385,84.232,1961748,0
2017-05-26,84.033,84.242,83.769,84.122,1087688,0
2017-05-30,83.913,84.67,83.634,84.531,2434416,0
2017-05-31,84.72,85.199,84.631,84.66,3851765,0
2017-06-01,84.99,86.196,84.74,85.817,3345103,0
2017-06-02,85.837,86.714,85.797,86.554,2488373,0
2017-06-05,86.514,86.594,86.226,86.245,1676511,0
2017-06-06,85.986,86.106,85.418,85.448,2579962,0
2017-06-07,85.029,85.578,85.029,85.149,2696585,0
2017-06-08,85.029,85.219,83.924,84.282,2573272,0
2017-06-09,84.451,84.581,83.754,84.212,2535695,0
2017-06-12,84.282,84.645,83.544,83.794,2968911,0
2017-06-13,83.893,84.172,83.704,83.893,3263385,0
2017-06-14,84.082,84.491,83.843,84.182,2340561,0
2017-06-15,83.813,84.112,83.375,84.102,2492444,0
2017-06-16,84.332,84.74,83.978,84.202,4933092,0
2017-06-19,84.521,85.268,84.252,84.99,2329097,0
2017-06-20,85.01,85.837,84.86,85.398,2986251,0
2017-06-21,85.637,86.33,85.418,86.196,3252721,0
2017-06-22,86.146,86.454,85.657,85.677,2618007,0
2017-06-23,85.687,85.736,84.79,85.378,4890864,0
2017-06-26,85.418,85.652,85.154,85.189,1788114,0
2017-06-27,85.049,85.214,84.342,84.342,1662314,0
2017-06-28,84.901,85.011,84.456,84.581,2317053,0
2017-06-29,84.561,84.731,83.783,83.892,2407971,0
2017-06-30,84.142,84.541,83.942,84.252,2763384,0
2017-07-03,84.641,84.861,84.122,84.122,1053646,0
2017-07-05,84.092,84.232,83.733,83.952,2565805,0
2017-07-06,83.563,83.583,82.545,82.794,2880023,0
2017-07-07,83.064,83.114,82.804,82.934,2827583,0
2017-07-10,82.974,83.104,82.355,82.425,2973832,0
2017-07-11,82.515,83.223,82.27,82.964,2597233,0
2017-07-12,83.533,83.733,83.124,83.353,2918844,0
2017-07-13,83.124,84.392,83.024,84.122,4132796,0
2017-07-14,84.182,85.15,83.773,84.861,3065297,0
2017-07-17,85.001,85.809,84.791,85.33,3513436,0
2017-07-18,85.22,85.5,84.791,85.34,2867216,0
2017-07-19,85.38,85.749,85.15,85.649,2908433,0
2017-07-20,81.926,84.062,81.366,83.064,9556994,0
2017-07-21,82.884,83.263,82.385,82.914,3612023,0
2017-07-24,82.834,83.912,82.834,82.894,3095040,0
2017-07-25,83.144,83.353,81.756,81.856,4908658,0
2017-07-26,81.966,82.185,81.496,81.876,2817004,0
2017-07-27,82.285,82.295,80.718,81.027,4985449,0
2017-07-28,81.057,81.446,80.543,81.297,3023255,0
2017-07-31,81.506,81.846,81.267,81.357,2171774,0
2017-08-01,81.406,81.502,80.648,80.688,2528340,0
2017-08-02,80.668,81.461,80.538,81.147,4400326,0
2017-08-03,81.207,81.436,80.847,81.147,2510728,0
2017-08-04,81.272,81.371,80.782,80.877,2429271,0
2017-08-07,80.857,81.352,80.628,81.297,1901541,0
2017-08-08,81.187,81.566,80.009,80.139,3000399,0
2017-08-09,80.158,80.548,79.889,80.099,2670888,0
2017-08-10,79.919,80.019,78.841,79.16,3652199,0
2017-08-11,79.12,80.039,78.97,79.689,2437938,0
2017-08-14,79.919,80.583,79.709,80.468,2355251,0
2017-08-15,80.488,80.748,80.198,80.428,1801723,0
2017-08-16,80.757,81.716,80.688,81.426,3164311,0
2017-08-17,81.406,81.656,80.777,80.777,2250066,0
2017-08-18,80.608,81.187,80.313,80.738,2866001,0
2017-08-21,80.757,81.376,80.668,80.947,2337391,0
2017-08-22,81.017,82.435,81.017,82.385,2283578,0
2017-08-23,82.105,82.235,81.396,81.686,1972459,0
2017-08-24,81.646,81.736,81.087,81.676,2047022,0
2017-08-25,81.975,82.225,81.786,82.025,2346410,0
2017-08-28,82.285,82.455,82.005,82.235,1713407,0
2017-08-29,81.666,82.07,81.586,81.856,1993205,0
2017-08-30,81.696,82.135,81.585,82.005,1943531,0
2017-08-31,82.295,83.453,82.125,83.283,2802123,0
2017-09-01,83.233,83.403,82.54,83.094,1610625,0
2017-09-05,83.054,83.293,82.674,82.924,2100341,0
2017-09-06,83.074,84.042,82.894,83.882,3398894,0
2017-09-07,84.142,85.12,83.852,84.961,3269300,0
2017-09-08,85.06,87.257,84.931,86.618,5159609,0
2017-09-11,86.618,87.137,86.598,86.927,2634877,0
2017-09-12,86.927,87.184,86.648,87.127,2162490,0
2017-09-13,87.147,87.437,86.818,87.097,2470011,0
2017-09-14,86.957,88.335,86.838,88.305,3275782,0
2017-09-15,87.886,88.335,87.496,88.065,3568769,0
2017-09-18,88.245,88.445,87.876,87.966,1673867,0
2017-09-19,88.006,88.475,86.668,86.728,3148981,0
2017-09-20,86.887,86.987,85.979,86.318,3538198,0
2017-09-21,86.448,86.788,86.229,86.278,1874622,0
2017-09-22,86.328,86.748,85.969,86.638,1909462,0
2017-09-25,86.708,86.927,85.36,85.859,2206300,0
2017-09-26,85.719,85.909,85.011,85.32,2392112,0
2017-09-27,85.649,86.009,84.821,85.32,2528654,0
2017-09-28,85.28,85.53,84.63,85.04,2769566,0
2017-09-29,85.08,85.9,85,85.78,2324440,0
2017-10-02,86,86.83,85.86,86.52,1910585,0
2017-10-03,86.8,86.89,86.1,86.52,1234976,0
2017-10-04,86.25,87.05,86.25,86.88,1558770,0
2017-10-05,86.96,87.11,86.52,86.97,1554990,0
2017-10-06,86.99,87.7,86.8764,87.63,1762987,0
2017-10-09,87.64,87.7,86.7,87.03,2246437,0
2017-10-10,86.84,87.42,86.84,87.17,1875024,0
2017-10-11,87.2,87.2,86.93,86.96,1372548,0
2017-10-12,86.99,87.45,86.771,87.03,2074800,0
2017-10-13,86.83,87.105,86.62,86.84,2042690,0
2017-10-16,86.97,87.23,85.96,86.13,2877910,0
2017-10-17,85.45,85.95,83.81,85.26,4838035,0
2017-10-18,85.39,86.18,85.1,86.05,3369105,0
2017-10-19,89.83,91.6399,89,90.1,8927307,0
2017-10-20,90.05,91.33,90.05,90.79,4063364,0
2017-10-23,91.23,91.72,90.41,90.47,2906675,0
2017-10-24,90.83,91.23,90.21,90.95,3503365,0
2017-10-25,90.86,90.97,90.13,90.65,2797356,0
2017-10-26,90.7,91.63,90.34,91.46,2597388,0
2017-10-27,91.42,92.26,91.41,92.25,2875447,0
2017-10-30,91.89,92.2,91.5,91.81,2321042,0
2017-10-31,91.73,92.47,91.67,92.27,2857796,0
2017-11-01,92.37,93.13,92.09,92.91,2878852,0
2017-11-02,92.84,93.14,92.35,92.71,1949037,0
2017-11-03,92.58,93.16,92.22,93.13,1778775,0
2017-11-06,93.12,93.12,92.37,92.62,1806807,0
2017-11-07,92.74,93.29,92.65,93.2,1270049,0
2017-11-08,92.92,93.36,92.77,93.24,2001527,0
2017-11-09,93.22,93.27,92.19,92.98,2421029,0
2017-11-10,92.81,92.91,91.65,92.24,2361630,0
