2016-01-04,22.597,22.724,22.46,22.686,25506,0
2016-01-05,22.724,22.841,22.723,22.807,38601,0
2016-01-06,22.67,22.76,22.587,22.686,37416,0
2016-01-07,22.587,22.751,22.56,22.695,26144,0
2016-01-08,22.76,22.76,22.686,22.704,22731,0
2016-01-11,22.768,22.777,22.631,22.641,32186,0
2016-01-12,22.724,22.734,22.641,22.651,25319,0
2016-01-13,22.695,22.695,22.606,22.67,34209,0
2016-01-14,22.651,22.807,22.623,22.734,23983,0
2016-01-15,22.678,22.87,22.67,22.841,37132,0
2016-01-19,22.85,23.235,22.841,22.888,130669,0
2016-01-20,22.797,22.888,22.743,22.807,31005,0
2016-01-21,22.906,23.052,22.797,22.816,27719,0
2016-01-22,22.896,22.896,22.787,22.824,10192,0
2016-01-25,22.888,22.888,22.578,22.768,23198,0
2016-01-26,22.797,22.841,22.76,22.824,284573,0
2016-01-27,22.841,22.962,22.686,22.953,16822,0
2016-01-28,22.953,22.953,22.807,22.841,27627,0
2016-01-29,22.888,23.006,22.888,22.896,10600,0
2016-02-01,22.933,23.026,22.896,22.943,21942,0
2016-02-02,22.914,23.052,22.914,22.987,33929,0
2016-02-03,23.042,23.271,22.943,23.152,16962,0
2016-02-04,23.215,23.344,22.88,23.089,19298,0
2016-02-05,23.225,23.262,23.052,23.107,12031,0
2016-02-08,23.142,23.142,22.66,22.797,26668,0
2016-02-09,22.807,22.923,22.807,22.86,12812,0
2016-02-10,23.1,23.1,22.84,22.942,11653,0
2016-02-11,22.878,23.138,22.651,22.739,20842,0
2016-02-12,22.922,22.922,22.757,22.858,14531,0
2016-02-16,22.878,22.878,22.656,22.784,24872,0
2016-02-17,22.878,22.996,22.804,22.987,24348,0
2016-02-18,22.996,23.109,22.849,23.109,36073,0
2016-02-19,22.804,23.265,22.804,23.136,29914,0
2016-02-22,23.405,23.405,23.026,23.164,27889,0
2016-02-23,23.154,23.191,23.045,23.109,11979,0
2016-02-24,23.109,23.35,23.109,23.228,20688,0
2016-02-25,23.21,23.405,23.127,23.302,23687,0
2016-02-26,23.247,23.302,23.127,23.257,18362,0
2016-02-29,23.257,23.302,23.136,23.21,15960,0
2016-03-01,23.265,23.385,23.217,23.385,19198,0
2016-03-02,23.405,23.607,23.292,23.431,32525,0
2016-03-03,23.505,23.623,23.405,23.431,8685,0
2016-03-04,23.523,23.523,23.283,23.321,19309,0
2016-03-07,23.431,23.479,23.321,23.44,18767,0
2016-03-08,23.459,23.561,23.321,23.497,13352,0
2016-03-09,23.653,23.784,23.589,23.671,10138,0
2016-03-10,23.755,23.755,23.431,23.44,8606,0
2016-03-11,23.663,23.71,23.423,23.663,19790,0
2016-03-14,23.627,23.636,23.523,23.579,5636,0
2016-03-15,23.579,23.579,23.433,23.469,4401,0
2016-03-16,23.533,23.698,23.479,23.589,13490,0
2016-03-17,23.636,23.663,23.543,23.553,16641,0
2016-03-18,23.597,23.607,23.44,23.57,17752,0
2016-03-21,23.523,23.617,23.521,23.533,5505,0
2016-03-22,23.488,23.691,23.479,23.681,20743,0
2016-03-23,23.681,23.727,23.57,23.636,4783,0
2016-03-24,23.636,23.775,23.627,23.775,10836,0
2016-03-28,23.755,23.775,23.663,23.663,14287,0
2016-03-29,23.671,23.775,23.597,23.765,29749,0
2016-03-30,23.81,24.125,23.671,23.775,16434,0
2016-03-31,23.913,24.022,23.636,23.784,17057,0
2016-04-01,23.884,23.987,23.836,23.893,16129,0
2016-04-04,23.893,23.977,23.636,23.884,16217,0
2016-04-05,23.701,23.858,23.597,23.849,5507,0
2016-04-06,23.849,23.948,23.755,23.755,8049,0
2016-04-07,23.849,23.884,23.718,23.755,13558,0
2016-04-08,23.903,23.903,23.776,23.849,3936,0
2016-04-11,23.849,23.884,23.792,23.839,16634,0
2016-04-12,23.903,23.903,23.801,23.874,7369,0
2016-04-13,23.874,23.987,23.801,23.958,15161,0
2016-04-14,24.013,24.013,23.884,23.884,9212,0
2016-04-15,23.884,23.977,23.784,23.839,16080,0
2016-04-18,23.775,23.923,23.695,23.727,9755,0
2016-04-19,23.765,23.923,23.765,23.781,3856,0
2016-04-20,23.893,23.893,23.755,23.765,11441,0
2016-04-21,23.819,23.943,23.765,23.775,12508,0
2016-04-22,23.784,23.874,23.784,23.792,6146,0
2016-04-25,23.849,23.849,23.727,23.727,6273,0
2016-04-26,23.819,23.839,23.793,23.834,6256,0
2016-04-27,23.839,23.923,23.775,23.874,4597,0
2016-04-28,23.886,23.923,23.82,23.903,4598,0
2016-04-29,23.94,23.985,23.81,23.958,10431,0
2016-05-02,23.997,23.997,23.893,23.923,11389,0
2016-05-03,23.94,23.942,23.893,23.916,4328,0
2016-05-04,23.94,23.977,23.893,23.903,6405,0
2016-05-05,23.977,23.977,23.891,23.913,6635,0
2016-05-06,23.977,23.977,23.909,23.923,4442,0
2016-05-09,23.893,23.951,23.893,23.903,5789,0
2016-05-10,23.967,23.987,23.903,23.903,7767,0
2016-05-11,23.903,23.977,23.903,23.913,8965,0
2016-05-12,23.94,23.958,23.913,23.913,58931,0
2016-05-13,24.005,24.005,23.921,23.921,18687,0
2016-05-16,23.957,23.957,23.911,23.921,6078,0
2016-05-17,23.921,23.961,23.911,23.939,7563,0
2016-05-18,23.966,23.97,23.761,23.855,11174,0
2016-05-19,23.723,23.798,23.648,23.676,38211,0
2016-05-20,23.696,23.789,23.648,23.686,12446,0
2016-05-23,23.723,23.741,23.556,23.601,15302,0
2016-05-24,23.64,23.921,23.64,23.911,12858,0
2016-05-25,23.911,23.921,23.828,23.921,13529,0
2016-05-26,23.921,23.921,23.836,23.921,10879,0
2016-05-27,23.911,23.939,23.873,23.939,7604,0
2016-05-31,23.939,23.939,23.826,23.836,10767,0
2016-06-01,23.855,23.911,23.816,23.816,15978,0
2016-06-02,23.816,23.836,23.666,23.666,16958,0
2016-06-03,23.807,23.807,23.658,23.807,35243,0
2016-06-06,23.835,23.836,23.771,23.798,8344,0
2016-06-07,23.816,23.864,23.526,23.556,64469,0
2016-06-08,23.583,23.648,23.508,23.556,25471,0
2016-06-09,23.64,23.64,23.517,23.517,12885,0
2016-06-10,23.517,23.556,23.466,23.517,23890,0
2016-06-13,23.452,23.517,23.452,23.508,20204,0
2016-06-14,23.517,23.517,23.406,23.452,27191,0
2016-06-15,23.498,23.536,23.406,23.49,406878,0
2016-06-16,23.442,23.536,23.433,23.49,25619,0
2016-06-17,23.498,23.592,23.498,23.573,12401,0
2016-06-20,23.63,23.658,23.611,23.621,15243,0
2016-06-21,23.648,23.78,23.611,23.741,22254,0
2016-06-22,23.725,23.751,23.691,23.741,12861,0
2016-06-23,23.751,23.836,23.727,23.816,16751,0
2016-06-24,23.471,23.816,23.471,23.751,13806,0
2016-06-27,23.676,23.807,23.583,23.771,21320,0
2016-06-28,23.789,23.873,23.771,23.873,14529,0
2016-06-29,23.901,23.921,23.851,23.921,9095,0
2016-06-30,23.824,24.172,23.824,24.172,20412,0
2016-07-01,24.022,24.191,24.022,24.051,8977,0
2016-07-05,24.079,24.122,24.022,24.032,16750,0
2016-07-06,24.013,24.032,23.957,24.022,10136,0
2016-07-07,24.022,24.032,23.966,24.032,8396,0
2016-07-08,23.986,24.061,23.93,24.061,29434,0
2016-07-11,24.08,24.088,23.966,24.088,5905,0
2016-07-12,24.022,24.051,24.022,24.044,6706,0
2016-07-13,23.966,24.032,23.966,23.99,1180,0
2016-07-14,24.005,24.032,24.005,24.022,7097,0
2016-07-15,23.93,24.107,23.93,24.107,12166,0
2016-07-18,24.107,24.201,24.092,24.163,13234,0
2016-07-19,24.097,24.191,24.088,24.153,17410,0
2016-07-20,24.153,24.153,24.061,24.094,12930,0
2016-07-21,24.088,24.088,24.033,24.041,9661,0
2016-07-22,24.041,24.201,24.013,24.201,9135,0
2016-07-25,24.201,24.201,24.135,24.191,4727,0
2016-07-26,24.158,24.294,24.136,24.172,9555,0
2016-07-27,24.228,24.286,24.176,24.257,10053,0
2016-07-28,24.211,24.266,24.051,24.116,12455,0
2016-07-29,24.136,24.192,24.126,24.168,6573,0
2016-08-01,24.107,24.182,24.107,24.126,6558,0
2016-08-02,24.136,24.243,24.103,24.238,9984,0
2016-08-03,24.238,24.276,24.201,24.275,2401,0
2016-08-04,24.241,24.266,24.146,24.22,6969,0
2016-08-05,24.172,24.266,24.172,24.238,7759,0
2016-08-08,24.286,24.322,24.201,24.322,6977,0
2016-08-09,24.322,24.383,24.248,24.366,7397,0
2016-08-10,24.369,24.369,24.08,24.191,14746,0
2016-08-11,24.246,24.294,24.132,24.209,12711,0
2016-08-12,24.332,24.484,24.307,24.455,11270,0
2016-08-15,24.313,24.541,24.313,24.512,9182,0
2016-08-16,24.569,24.569,24.237,24.434,21363,0
2016-08-17,24.493,24.521,24.275,24.37,21870,0
2016-08-18,24.37,24.417,24.294,24.351,20053,0
2016-08-19,24.445,24.521,24.37,24.521,19291,0
2016-08-22,24.562,24.588,24.474,24.56,4285,0
2016-08-23,24.578,24.673,24.493,24.644,5165,0
2016-08-24,24.72,24.72,24.626,24.644,3835,0
2016-08-25,24.607,24.607,24.578,24.597,5932,0
2016-08-26,24.607,24.607,24.565,24.588,4506,0
2016-08-29,24.531,24.626,24.531,24.626,2997,0
2016-08-30,24.56,24.702,24.56,24.652,4499,0
2016-08-31,24.578,24.661,24.569,24.615,3973,0
2016-09-01,24.683,24.683,24.578,24.654,6094,0
2016-09-02,24.588,24.683,24.588,24.621,11034,0
2016-09-06,24.607,24.636,24.56,24.636,5237,0
2016-09-07,24.636,24.644,24.636,24.636,5134,0
2016-09-08,24.644,24.683,24.644,24.683,7686,0
2016-09-09,24.644,24.644,24.445,24.607,11149,0
2016-09-12,24.531,24.578,24.417,24.427,10047,0
2016-09-13,24.469,24.507,24.332,24.389,10128,0
2016-09-14,24.389,24.673,24.389,24.484,23071,0
2016-09-15,24.597,24.69,24.502,24.569,12064,0
2016-09-16,24.568,24.712,24.512,24.673,8133,0
2016-09-19,24.597,24.635,24.521,24.59,5962,0
2016-09-20,24.588,24.632,24.455,24.455,6985,0
2016-09-21,24.512,24.541,24.484,24.54,3825,0
2016-09-22,24.617,24.654,24.582,24.642,7006,0
2016-09-23,24.72,24.72,24.59,24.636,13908,0
2016-09-26,24.56,24.601,24.56,24.569,768,0
2016-09-27,24.56,24.644,24.56,24.578,3681,0
2016-09-28,24.569,24.644,24.485,24.55,3302,0
2016-09-29,24.484,24.569,24.398,24.432,6429,0
2016-09-30,24.531,24.531,24.436,24.493,3299,0
2016-10-03,24.537,24.537,24.537,24.537,621,0
2016-10-04,24.512,24.52,24.465,24.465,7464,0
2016-10-05,24.398,24.465,24.332,24.361,4235,0
2016-10-06,24.472,24.472,24.379,24.379,1734,0
2016-10-07,24.448,24.474,24.406,24.416,3965,0
2016-10-10,24.361,24.453,24.332,24.332,7922,0
2016-10-11,24.408,24.465,24.303,24.398,24879,0
2016-10-12,24.37,24.389,24.322,24.389,4177,0
2016-10-13,24.334,24.465,24.27,24.465,3964,0
2016-10-14,24.455,24.465,24.371,24.465,9056,0
2016-10-17,24.408,24.498,24.408,24.498,4420,0
2016-10-18,24.569,24.654,24.526,24.654,3849,0
2016-10-19,24.611,24.611,24.37,24.398,9739,0
2016-10-20,24.379,24.457,24.379,24.446,1472,0
2016-10-21,24.502,24.597,24.436,24.55,8675,0
2016-10-24,24.481,24.52,24.445,24.482,3210,0
2016-10-25,24.53,24.626,24.504,24.588,13279,0
2016-10-26,24.484,24.528,24.351,24.377,8979,0
2016-10-27,24.351,24.391,24.322,24.322,2215,0
2016-10-28,24.275,24.427,24.275,24.341,10563,0
2016-10-31,24.383,24.383,24.241,24.241,2708,0
2016-11-01,24.209,24.245,24.18,24.209,5973,0
2016-11-02,24.267,24.309,24.18,24.238,2788,0
2016-11-03,24.248,24.275,24.219,24.256,2081,0
2016-11-04,24.18,24.455,24.18,24.37,6606,0
2016-11-07,24.341,24.578,24.285,24.578,4615,0
2016-11-08,24.341,24.514,24.341,24.514,1113,0
2016-11-09,24.18,24.347,24.18,24.275,4281,0
2016-11-10,24.18,24.268,23.611,23.611,19807,0
2016-11-11,23.525,23.565,22.806,22.938,19808,0
2016-11-14,23.263,23.638,22.782,23.263,30618,0
2016-11-15,23.868,23.897,23.34,23.801,5356,0
2016-11-16,23.629,24.974,23.01,23.84,11192,0
2016-11-17,23.426,24.696,23.261,24.513,15371,0
2016-11-18,24.897,24.897,23.023,23.344,6944,0
2016-11-21,23.552,23.753,23.311,23.311,10335,0
2016-11-22,23.57,23.57,23.1,23.147,11127,0
2016-11-23,23.1,23.321,22.619,22.849,17774,0
2016-11-25,22.849,23.363,22.841,22.898,5187,0
2016-11-28,22.93,23.037,22.643,22.658,20940,0
2016-11-29,22.738,22.911,22.648,22.846,5791,0
2016-11-30,22.638,22.782,22.254,22.494,18185,0
2016-12-01,22.61,22.623,21.949,22.167,16544,0
2016-12-02,22.023,22.658,22.023,22.135,10367,0
2016-12-05,22.177,22.608,21.946,22.484,14204,0
2016-12-06,22.45,23.254,22.3,22.735,13267,0
2016-12-07,22.61,23.455,22.61,23.34,17359,0
2016-12-08,23.24,23.532,23.07,23.197,7287,0
2016-12-09,23.233,23.301,23.07,23.167,9348,0
2016-12-12,23.129,23.291,23.033,23.042,11653,0
2016-12-13,23.023,23.214,22.557,23.042,24910,0
2016-12-14,22.859,23.254,22.206,22.225,31657,0
2016-12-15,22.138,22.138,21.465,21.638,115533,0
2016-12-16,21.648,22.61,21.601,22.34,23881,0
2016-12-19,22.11,22.965,22.023,22.273,9910,0
2016-12-20,22.273,22.844,22.061,22.071,17539,0
2016-12-21,22.11,22.471,21.84,22.171,11676,0
2016-12-22,22.293,22.542,22.071,22.071,9228,0
2016-12-23,22.119,22.436,21.968,22.14,15276,0
2016-12-27,22.11,22.54,22.11,22.321,24063,0
2016-12-28,22.35,22.831,22.119,22.638,23211,0
2016-12-29,22.52,23.023,22.513,22.831,25660,0
2016-12-30,23.11,23.11,22.753,23.013,14203,0
2017-01-03,22.821,23.243,22.35,22.908,19185,0
2017-01-04,22.908,23.532,22.908,23.485,16228,0
2017-01-05,22.941,23.436,22.941,23.216,3465,0
2017-01-06,23.398,23.465,23.177,23.359,6119,0
2017-01-09,23.724,23.724,23.243,23.475,10557,0
2017-01-10,23.343,23.791,23.187,23.331,13939,0
2017-01-11,23.206,23.689,22.985,23.187,17455,0
2017-01-12,23.225,23.494,23.224,23.273,6535,0
2017-01-13,23.187,23.763,23.119,23.522,11784,0
2017-01-17,23.522,23.599,23.31,23.417,10480,0
2017-01-18,23.417,23.743,23.261,23.716,7210,0
2017-01-19,23.503,23.639,23.214,23.629,6579,0
2017-01-20,23.426,23.791,23.234,23.417,15310,0
2017-01-23,23.445,23.927,23.417,23.724,13069,0
2017-01-24,23.291,23.907,23.291,23.86,5053,0
2017-01-25,23.791,23.973,23.734,23.82,6255,0
2017-01-26,23.706,23.888,23.706,23.868,4398,0
2017-01-27,23.734,23.927,23.734,23.927,6530,0
2017-01-30,23.916,24.032,23.916,23.984,6515,0
2017-01-31,23.984,24.004,23.734,23.763,9141,0
2017-02-01,23.791,23.791,23.599,23.657,28929,0
2017-02-02,23.743,23.743,23.619,23.74,10345,0
2017-02-03,23.743,23.974,23.743,23.974,3692,0
2017-02-06,23.955,23.984,23.783,23.801,9977,0
2017-02-07,23.936,23.936,23.811,23.888,11827,0
2017-02-08,23.897,23.955,23.842,23.927,6744,0
2017-02-09,23.927,23.967,23.86,23.907,4130,0
2017-02-10,24.013,24.091,23.769,24.091,26470,0
2017-02-13,23.993,24.159,23.876,23.895,9302,0
2017-02-14,23.954,24.081,23.915,24.022,7828,0
2017-02-15,24.051,24.051,23.876,23.886,11116,0
2017-02-16,23.876,24.013,23.876,23.909,7503,0
2017-02-17,23.973,24.003,23.867,23.916,6361,0
2017-02-21,23.915,23.987,23.915,23.964,12859,0
2017-02-22,23.973,23.983,23.876,23.876,10056,0
2017-02-23,23.993,23.993,23.886,23.973,11777,0
2017-02-24,23.973,24.013,23.887,24.013,5821,0
2017-02-27,23.925,24.136,23.915,23.987,9947,0
2017-02-28,24.149,24.149,24.02,24.061,6757,0
2017-03-01,24.003,24.003,23.753,23.876,13902,0
2017-03-02,23.837,23.925,23.827,23.915,8137,0
2017-03-03,23.954,23.954,23.817,23.954,9671,0
2017-03-06,23.846,23.931,23.249,23.789,9923,0
2017-03-07,23.711,23.925,23.711,23.789,130989,0
2017-03-08,23.477,23.837,23.467,23.808,11250,0
2017-03-09,23.428,23.779,23.331,23.701,13214,0
2017-03-10,23.447,23.789,23.379,23.457,4325,0
2017-03-13,23.772,23.964,23.647,23.739,26548,0
2017-03-14,23.808,23.915,23.749,23.886,11527,0
2017-03-15,23.857,24.254,23.857,24.159,10083,0
2017-03-16,24.034,24.199,24.022,24.061,4685,0
2017-03-17,24.041,24.266,24.041,24.1,3834,0
2017-03-20,24.089,24.275,24.032,24.065,2159,0
2017-03-21,24.041,24.1,23.935,24.085,9427,0
2017-03-22,23.973,24.124,23.973,24.022,2394,0
2017-03-23,24.032,24.246,24.023,24.032,8915,0
2017-03-24,24.061,24.071,24.042,24.042,2055,0
2017-03-27,24.111,24.197,24.081,24.1,3858,0
2017-03-28,24.13,24.159,23.759,24.042,13463,0
2017-03-29,24.061,24.11,23.895,23.993,7628,0
2017-03-30,24.091,24.091,23.935,24.013,2227,0
2017-03-31,24.129,24.139,24.063,24.129,9218,0
2017-04-03,24.051,24.254,24.051,24.227,6890,0
2017-04-04,24.207,24.256,24.207,24.256,7939,0
2017-04-05,24.237,24.256,24.168,24.246,23692,0
2017-04-06,24.256,24.256,24.113,24.227,11647,0
2017-04-07,24.227,24.246,24.16,24.227,6402,0
2017-04-10,24.194,24.207,24.168,24.197,9199,0
2017-04-11,24.081,24.237,24.081,24.237,5706,0
2017-04-12,24.237,24.305,24.11,24.266,4747,0
2017-04-13,24.305,24.305,24.168,24.235,87700,0
2017-04-17,24.217,24.461,24.205,24.431,14469,0
2017-04-18,24.305,24.305,24.188,24.217,8041,0
2017-04-19,24.383,24.383,24.285,24.373,3402,0
2017-04-20,24.285,24.373,24.217,24.353,12090,0
2017-04-21,24.353,24.353,24.217,24.217,10031,0
2017-04-24,24.353,24.353,24.237,24.343,9164,0
2017-04-25,24.275,24.426,24.275,24.367,8643,0
2017-04-26,24.324,24.391,24.285,24.295,12897,0
2017-04-27,24.342,24.441,24.342,24.441,7620,0
2017-04-28,24.363,24.519,24.363,24.519,3695,0
2017-05-01,24.539,24.539,24.418,24.457,9973,0
2017-05-02,24.422,24.499,24.422,24.499,169472,0
2017-05-03,24.443,24.763,24.443,24.723,6721,0
2017-05-04,24.53,24.548,24.523,24.548,5600,0
2017-05-05,24.597,24.755,24.568,24.568,8140,0
2017-05-08,24.53,24.743,24.53,24.578,2538,0
2017-05-09,24.567,24.743,24.536,24.587,7191,0
2017-05-10,24.607,24.733,24.597,24.733,5398,0
2017-05-11,24.597,24.611,24.597,24.597,2891,0
2017-05-12,24.597,24.768,24.597,24.743,6070,0
2017-05-15,24.709,24.791,24.693,24.781,5915,0
2017-05-16,24.713,24.771,24.69,24.771,3914,0
2017-05-17,24.94,24.94,24.818,24.851,2286,0
2017-05-18,24.781,24.828,24.781,24.786,2375,0
2017-05-19,24.791,24.927,24.791,24.83,8906,0
2017-05-22,24.83,24.919,24.791,24.8,4881,0
2017-05-23,24.939,24.939,24.82,24.919,1877,0
2017-05-24,24.84,24.869,24.81,24.82,3870,0
2017-05-25,24.872,24.899,24.81,24.81,6914,0
2017-05-26,24.8,24.86,24.791,24.791,8977,0
2017-05-30,24.791,24.869,24.791,24.81,6040,0
2017-05-31,24.81,24.82,24.791,24.791,10815,0
2017-06-01,24.998,24.998,24.82,24.84,4098,0
2017-06-02,24.8,24.948,24.8,24.82,8326,0
2017-06-05,24.889,24.889,24.702,24.702,8632,0
2017-06-06,24.692,24.692,24.573,24.573,5212,0
2017-06-07,24.682,24.682,24.386,24.642,16463,0
2017-06-08,24.632,24.741,24.554,24.682,14987,0
2017-06-09,24.564,24.751,24.515,24.562,3860,0
2017-06-12,24.69,24.721,24.633,24.633,2189,0
2017-06-13,24.751,24.835,24.741,24.83,6663,0
2017-06-14,24.692,24.879,24.692,24.879,3226,0
2017-06-15,24.791,24.909,24.791,24.909,4780,0
2017-06-16,24.791,24.888,24.791,24.823,6087,0
2017-06-19,24.771,24.9,24.731,24.761,4388,0
2017-06-20,24.761,24.909,24.721,24.79,7680,0
2017-06-21,24.721,24.889,24.721,24.796,6723,0
2017-06-22,24.85,24.85,24.771,24.771,1077,0
2017-06-23,24.721,24.889,24.712,24.841,8051,0
2017-06-26,24.869,24.909,24.781,24.909,5295,0
2017-06-27,24.83,25.096,24.83,25.096,4057,0
2017-06-28,25.077,25.077,24.929,25.027,3941,0
2017-06-29,25.026,25.026,24.869,24.879,2604,0
2017-06-30,24.948,24.948,24.869,24.909,2737,0
2017-07-03,24.978,24.978,24.978,24.978,1180,0
2017-07-05,24.879,25.018,24.879,24.951,1951,0
2017-07-06,25.018,25.047,24.889,24.969,5011,0
2017-07-07,24.978,25.087,24.831,24.84,8923,0
2017-07-10,24.85,25.021,24.85,24.869,8364,0
2017-07-11,24.998,25.017,24.933,24.988,8382,0
2017-07-12,24.869,25.069,24.869,24.988,1238,0
2017-07-13,24.919,25.047,24.919,24.958,4740,0
2017-07-14,24.968,24.998,24.839,24.953,7858,0
2017-07-17,24.978,25.038,24.977,24.998,3165,0
2017-07-18,24.919,25.025,24.91,25.017,1746,0
2017-07-19,24.996,25.06,24.937,25.048,4741,0
2017-07-20,24.978,25.093,24.939,25.067,2626,0
2017-07-21,25.096,25.096,25.02,25.047,2096,0
2017-07-24,25.037,25.047,25.018,25.018,8662,0
2017-07-25,25.018,25.057,24.968,24.978,5962,0
2017-07-26,24.968,25.087,24.968,25.047,3716,0
2017-07-27,24.998,25.264,24.998,25.126,9235,0
2017-07-28,25.116,25.156,25.116,25.156,1177,0
2017-07-31,25.229,25.274,25.008,25.274,14167,0
2017-08-01,25.264,25.264,25.206,25.209,2517,0
2017-08-02,25.156,25.166,25.136,25.136,5702,0
2017-08-03,25.106,25.106,25.008,25.008,10440,0
2017-08-04,25.058,25.058,24.958,24.989,2139,0
2017-08-07,24.968,25.021,24.894,24.968,8381,0
2017-08-08,25.018,25.047,24.939,24.939,1533,0
2017-08-09,24.939,25.027,24.901,25.027,8278,0
2017-08-10,24.988,25.057,24.939,25.057,32952,0
2017-08-11,24.958,25.032,24.721,24.909,6506,0
2017-08-14,24.998,24.998,24.781,24.83,16619,0
2017-08-15,24.86,24.97,24.86,24.87,29363,0
2017-08-16,24.99,25.1,24.988,25.09,16776,0
2017-08-17,25.09,25.09,25.0001,25.02,4091,0
2017-08-18,25.0216,25.08,24.88,25.07,74200,0
2017-08-21,24.99,25.051,24.99,25.051,5680,0
2017-08-22,25.06,25.2,25.051,25.1121,10538,0
2017-08-23,25.03,25.14,25.03,25.14,3567,0
2017-08-24,25.1,25.1399,25.0701,25.1128,4700,0
2017-08-25,25.1299,25.14,25.1299,25.1399,4630,0
2017-08-28,25.15,25.15,25.07,25.07,306811,0
2017-08-29,25.16,25.17,25.09,25.15,15212,0
2017-08-30,25.05,25.14,25.05,25.14,17010,0
2017-08-31,25.15,25.15,25.1014,25.12,2223,0
2017-09-01,25.15,25.17,25.1072,25.17,16496,0
2017-09-05,25.15,25.15,25.1,25.14,13023,0
2017-09-06,25.14,25.15,25.1038,25.1122,14028,0
2017-09-07,25.25,25.25,25.11,25.19,14935,0
2017-09-08,25.12,25.22,25.12,25.156,5470,0
2017-09-11,25.18,25.23,25.14,25.14,33160,0
2017-09-12,25.16,25.23,25.14,25.18,20208,0
2017-09-13,25.14,25.24,25.14,25.22,1775,0
2017-09-14,25.14,25.2499,25.14,25.2499,1222,0
2017-09-15,25.14,25.2316,25.14,25.2149,7468,0
2017-09-18,25.1804,25.2499,25.15,25.16,7333,0
2017-09-19,25.1898,25.28,25.161,25.28,5500,0
2017-09-20,25.17,25.4599,25.17,25.2,10597,0
2017-09-21,25.18,25.2599,25.16,25.17,5543,0
2017-09-22,25.2599,25.2599,25.2,25.2,1397,0
2017-09-25,25.2286,25.35,25.2286,25.29,13642,0
2017-09-26,25.21,25.29,25.19,25.29,11382,0
2017-09-27,25.19,25.2699,25.071,25.17,10071,0
2017-09-28,25.11,25.28,25.11,25.28,13480,0
2017-09-29,25.21,25.28,25.21,25.2685,10382,0
2017-10-02,25.25,25.2541,25.1996,25.24,3745,0
2017-10-03,25.19,25.25,25.17,25.25,5279,0
2017-10-04,25.2,25.2499,25.15,25.2499,8717,0
2017-10-05,25.17,25.2445,25.13,25.14,11688,0
2017-10-06,25.15,25.15,25.0801,25.0801,5561,0
2017-10-09,25.08,25.1199,25.04,25.04,5508,0
2017-10-10,25.03,25.059,25.0066,25.055,7773,0
2017-10-11,25.05,25.08,25.011,25.07,5843,0
2017-10-12,25.06,25.069,25.036,25.05,3420,0
2017-10-13,25.06,25.13,25.06,25.11,9809,0
2017-10-16,25.08,25.1999,25.08,25.1999,2237,0
2017-10-17,25.11,25.1462,25.0482,25.09,9401,0
2017-10-18,25.09,25.22,25.022,25.21,8418,0
2017-10-19,25.13,25.27,25.13,25.27,9564,0
2017-10-20,25.26,25.2898,25.26,25.2701,2332,0
2017-10-23,25.13,25.31,25.13,25.25,7268,0
2017-10-24,25.21,25.3099,25.21,25.26,4933,0
2017-10-25,25.27,25.365,25.22,25.35,5635,0
2017-10-26,25.24,25.27,25.22,25.24,6168,0
2017-10-27,25.23,25.2621,25.22,25.23,3925,0
2017-10-30,25.3059,25.3059,25.22,25.22,4242,0
2017-10-31,25.22,25.2604,25.22,25.2574,3016,0
2017-11-01,25.25,25.2783,25.225,25.264,6227,0
2017-11-02,25.24,25.29,25.2,25.2,4233,0
2017-11-03,25.2,25.28,25.2,25.2101,3799,0
2017-11-06,25.2,25.2504,25.195,25.2,2538,0
2017-11-07,25.17,25.18,25.13,25.16,9733,0
2017-11-08,25.16,25.22,25.13,25.22,2975,0
2017-11-09,25.274,25.32,25.2114,25.2956,6469,0
2017-11-10,25.2228,25.2371,25.1301,25.21,3337,0
