2016-01-04,21.64,21.6748,21.5601,21.66,5071,0
2016-01-05,21.63,21.63,21.5,21.63,4112,0
2016-01-06,21.55,22,21.55,21.9,7984,0
2016-01-07,21.7625,21.79,20.87,21.79,8918,0
2016-01-08,21.6,21.7,21.3101,21.7,6635,0
2016-01-11,21.5,21.5,21.42,21.49,1380,0
2016-01-12,21.4899,21.4899,21.054,21.3,7188,0
2016-01-13,21.2385,21.2385,20.8,21.18,7230,0
2016-01-14,21.0782,21.46,20.6498,21.45,9460,0
2016-01-15,21.86,21.86,20.93,21,7487,0
2016-01-19,20.01,20.01,20.01,20.01,0,0
2016-01-20,19.2,19.72,18.904,19.54,20046,0
2016-01-21,19.51,20.57,19.51,20.16,4162,0
2016-01-22,20.14,20.47,19.84,20.43,5477,0
2016-01-25,20.5,20.5,20.25,20.35,2750,0
2016-01-26,20.49,20.5,19.926,20.49,13780,0
2016-01-27,20.49,21.1,20.49,21.07,4269,0
2016-01-28,21.34,21.34,21.05,21.34,3200,0
2016-01-29,21.25,21.69,21.004,21.69,7449,0
2016-02-01,21.31,21.6,21.3,21.6,4531,0
2016-02-02,21.7,21.7,21.5,21.6047,720,0
2016-02-03,21.45,21.7,21.25,21.65,4902,0
2016-02-04,21.58,21.645,21.3501,21.62,1200,0
2016-02-05,21.2477,21.65,21.2477,21.6,1900,0
2016-02-08,21.21,21.41,20.8928,21.22,5180,0
2016-02-09,21.05,21.05,20.5,20.99,2622,0
2016-02-10,20.99,21.1,20.803,20.875,3000,0
2016-02-11,20.94,20.949,20.64,20.65,1200,0
2016-02-12,20.65,20.65,20.648,20.648,650,0
2016-02-16,20.65,20.99,20.65,20.99,200,0
2016-02-17,21.25,21.25,21.25,21.25,100,0
2016-02-18,21.21,21.21,21,21,3615,0
2016-02-19,20.75,21.23,20.75,21.1985,600,0
2016-02-22,21.55,21.55,21.12,21.5,1300,0
2016-02-23,21.372,21.5,21.3152,21.5,840,0
2016-02-24,21.101,21.35,20.92,21.18,3000,0
2016-02-25,21.25,21.35,21.25,21.25,2600,0
2016-02-26,21.69,21.99,21,21.99,8400,0
2016-02-29,21.79,21.8,21.79,21.8,206,0
2016-03-01,21.96,22,21.8215,21.99,677,0
2016-03-02,21.7,22,21.504,21.7,4056,0
2016-03-03,21.693,22,21.693,22,1100,0
2016-03-04,22,22,22,22,100,0
2016-03-07,21.8,21.95,21.8,21.95,230,0
2016-03-08,21.85,21.85,20.7,21.76,2034,0
2016-03-09,21.39,21.98,21.39,21.98,600,0
2016-03-10,21.5,21.98,21.5,21.98,2346,0
2016-03-11,21.95,21.95,21.89,21.95,1100,0
2016-03-14,21.9475,21.9475,21.9475,21.9475,1350,0
2016-03-15,21.581,21.95,21.581,21.95,450,0
2016-03-16,21.411,21.8999,21.411,21.8999,415,0
2016-03-17,21.88,21.9,21.88,21.9,1400,0
2016-03-18,22.15,22.62,22.15,22.62,8204,0
2016-03-21,22.62,22.62,22.6199,22.62,450,0
2016-03-22,22.5,22.6,22.5,22.6,300,0
2016-03-23,22.5244,22.6,22.25,22.49,3460,0
2016-03-24,22.4999,22.4999,22.4999,22.4999,336,0
2016-03-28,22.49,22.55,22.49,22.55,200,0
2016-03-29,22.4999,22.6,22.49,22.5,4168,0
2016-03-31,22.25,22.25,22.1,22.1,3866,0
2016-04-01,22.4899,22.4899,22,22.3,2106,0
2016-04-05,22.3444,22.3444,22.21,22.21,450,0
2016-04-06,22.29,22.3,22.1501,22.3,2680,0
2016-04-07,22.36,22.5,22.3,22.5,5120,0
2016-04-08,22.3,22.62,22.3,22.62,4565,0
2016-04-11,22.6062,22.9499,22.57,22.9499,4059,0
2016-04-12,22.6701,22.92,22.6701,22.92,2757,0
2016-04-13,22.8386,23.1,22.75,23.1,7692,0
2016-04-14,22.83,23,22.781,23,1574,0
2016-04-15,22.99,23.02,22.5,22.9199,3122,0
2016-04-18,22.92,22.925,22.51,22.71,1709,0
2016-04-19,22.58,22.7,22.51,22.69,3081,0
2016-04-20,22.6399,22.75,22.6301,22.74,2400,0
2016-04-21,22.75,22.8,22.4,22.6,3635,0
2016-04-22,22.04,22.5,22.04,22.39,2652,0
2016-04-25,22.35,22.4475,22.35,22.4475,1970,0
2016-04-26,22.6322,22.6322,22.6322,22.6322,1500,0
2016-04-27,22.371,22.53,22.35,22.4,6540,0
2016-04-28,22.38,22.38,22.38,22.38,100,0
2016-04-29,22.25,22.39,22.2369,22.39,1629,0
2016-05-02,22.004,22.39,22,22.39,4024,0
2016-05-03,22.2,22.33,22.18,22.22,1334,0
2016-05-04,22.3,22.5,22.2509,22.5,4409,0
2016-05-05,22.6,22.65,22.254,22.6499,2421,0
2016-05-06,22.5,22.65,22.5,22.65,4750,0
2016-05-09,22.6701,22.74,22.551,22.65,3129,0
2016-05-10,22.7306,22.7306,22.7,22.7,1200,0
2016-05-11,22.66,22.66,22.66,22.66,500,0
2016-05-13,22.7,23.3899,22.7,23.02,6250,0
2016-05-16,23.13,23.56,23.13,23.314,7082,0
2016-05-17,23.6,23.6,23.3804,23.55,1075,0
2016-05-18,23.54,23.54,23.1,23.3,3100,0
2016-05-19,23.2,23.37,23.2,23.3699,1778,0
2016-05-20,23.5,23.5,23.25,23.4,3352,0
2016-05-23,23.41,23.5,23.4,23.4,3497,0
2016-05-24,23.55,23.95,23.4,23.6499,6730,0
2016-05-25,23.64,23.64,23.45,23.45,6103,0
2016-05-26,23.435,23.47,23.3399,23.4,2324,0
2016-05-27,23.4,23.6,23.2,23.2407,1996,0
2016-05-31,23.64,23.7,23.2501,23.5,5942,0
2016-06-01,23.3799,23.47,23.2,23.47,7095,0
2016-06-02,23.42,23.42,23.06,23.26,8277,0
2016-06-03,23.3,23.53,23.26,23.2847,12077,0
2016-06-06,23.3999,23.67,23.28,23.28,13204,0
2016-06-07,23.2801,23.5,23.28,23.3159,6358,0
2016-06-08,23.3301,23.5,23.2838,23.2838,5876,0
2016-06-09,23.35,23.39,23.0101,23.39,2518,0
2016-06-10,23.29,23.4999,23.29,23.3,698,0
2016-06-13,23.4,23.4,23.2582,23.2582,200,0
2016-06-14,23.29,23.3,23.15,23.25,2500,0
2016-06-15,23.35,23.74,23.15,23.3374,11443,0
2016-06-16,23.64,23.89,23.32,23.4001,11902,0
2016-06-17,23.6,23.6,23.34,23.55,4707,0
2016-06-20,23.53,24,23.53,23.86,19569,0
2016-06-21,24.02,24.16,23.9975,24.0881,15031,0
2016-06-22,24.2008,24.2008,24.1,24.1,3068,0
2016-06-23,24.14,24.1999,23.95,24.1999,8271,0
2016-06-24,24.2012,24.39,23.75,24.285,6185,0
2016-06-27,24.28,24.3699,24.28,24.3399,6300,0
2016-06-28,24.4,24.47,24.2,24.44,8216,0
2016-06-29,24.2,24.2,24,24.0895,5236,0
2016-06-30,24.09,24.27,24.09,24.09,4261,0
2016-07-01,24.1499,24.1499,24.1,24.1,6130,0
2016-07-05,24.1,24.15,24.065,24.15,716,0
2016-07-06,24.0001,24.14,24,24.04,5435,0
2016-07-07,24.015,24.03,24.015,24.02,980,0
2016-07-08,24.0417,24.09,24.02,24.05,6150,0
2016-07-11,24.0386,24.05,23.85,24.0499,10797,0
2016-07-12,24.02,24.02,23.9501,23.9957,11443,0
2016-07-13,23.9201,24.07,23.92,24.0685,1859,0
2016-07-14,24.0099,24.3,24.0099,24.2612,3853,0
2016-07-15,24.35,24.35,24.0581,24.1285,3771,0
2016-07-18,24.06,24.1926,24.05,24.1926,4325,0
2016-07-19,24.5,24.5,24.19,24.4999,1560,0
2016-07-20,24.0501,24.25,24.05,24.1999,7997,0
2016-07-21,24.15,24.2,24.1001,24.172,2834,0
2016-07-22,24.2999,24.2999,24.1,24.13,3400,0
2016-07-25,24.13,24.2,24.118,24.16,9005,0
2016-07-26,24.1999,24.44,24.1301,24.4,8578,0
2016-07-27,24.38,24.38,24.325,24.3475,6674,0
2016-07-28,24.39,24.39,24.1,24.2995,7903,0
2016-07-29,24.3828,24.4,24.3,24.3999,2532,0
2016-08-01,24.49,24.5,24.4,24.4636,16177,0
2016-08-02,24.49,24.49,24.27,24.49,3001,0
2016-08-03,24.35,24.5,24.35,24.5,10649,0
2016-08-04,24.45,24.5,24.44,24.4411,17836,0
2016-08-05,24.4244,24.48,24.42,24.48,6864,0
2016-08-08,24.48,24.48,24.449,24.48,3345,0
2016-08-09,24.4799,24.63,24.4331,24.6,6596,0
2016-08-10,24.55,24.72,24.47,24.72,7426,0
2016-08-11,24.78,24.96,24.65,24.96,2978,0
2016-08-12,24.98,24.98,24.6,24.7,4004,0
2016-08-15,24.66,24.89,24.66,24.66,5144,0
2016-08-16,24.57,24.65,24.55,24.5501,5230,0
2016-08-17,24.5,24.6399,24.5,24.585,3796,0
2016-08-18,24.55,24.55,24.27,24.3436,13541,0
2016-08-19,24.29,24.337,24.29,24.31,1970,0
2016-08-22,24.31,24.5,24.3001,24.405,1700,0
2016-08-23,24.41,24.5499,24.2501,24.45,5400,0
2016-08-24,24.46,24.5436,24.45,24.5436,6378,0
2016-08-25,24.49,24.5899,24.49,24.5602,2590,0
2016-08-26,24.6399,24.66,24.38,24.55,15650,0
2016-08-29,24.56,24.9,24.5001,24.8,8042,0
2016-08-30,24.74,24.74,24.63,24.64,12725,0
2016-08-31,24.6799,24.6799,24.51,24.6642,1815,0
2016-09-01,24.5987,24.68,24.52,24.68,2200,0
2016-09-02,24.65,24.72,24.53,24.5601,5330,0
2016-09-06,24.51,24.7978,24.51,24.7978,15013,0
2016-09-07,24.84,24.84,24.7311,24.84,3077,0
2016-09-08,24.85,24.85,24.75,24.82,7611,0
2016-09-09,24.76,24.7704,24.37,24.53,11260,0
2016-09-12,24.4499,24.64,24.324,24.64,3788,0
2016-09-13,24.38,24.65,24.38,24.4316,3202,0
2016-09-14,24.41,24.5559,24.41,24.5559,1700,0
2016-09-15,24.65,24.73,24.641,24.6419,1505,0
2016-09-16,24.63,24.65,24.63,24.649,983,0
2016-09-19,24.65,24.65,24.63,24.65,6938,0
2016-09-20,24.65,24.8345,24.6136,24.6501,3412,0
2016-09-21,24.89,24.9165,24.725,24.8495,6154,0
2016-09-22,24.9,25.09,24.899,24.9001,12429,0
2016-09-23,24.82,24.82,24.7,24.8,12953,0
2016-09-26,24.74,24.85,24.5999,24.77,17614,0
2016-09-27,24.75,24.88,24.52,24.52,28042,0
2016-09-28,24.32,24.32,24.25,24.27,3638,0
2016-09-29,24.25,24.38,24.217,24.38,19882,0
2016-09-30,24.42,24.42,24.32,24.42,8014,0
2016-10-03,24.42,24.74,24.3587,24.74,21173,0
2016-10-04,24.62,24.74,24.51,24.62,12366,0
2016-10-05,24.69,24.9,24.69,24.75,14903,0
2016-10-06,24.82,24.82,24.68,24.7,3401,0
2016-10-07,24.45,24.5945,24.45,24.5846,2600,0
2016-10-10,24.41,24.43,24.3838,24.4,4295,0
2016-10-11,24.426,24.426,24.426,24.426,1000,0
2016-10-12,24.5,24.51,24.44,24.44,4035,0
2016-10-13,24.4133,24.43,24.36,24.37,6882,0
2016-10-14,24.44,24.55,24.44,24.4903,5935,0
2016-10-17,24.6,24.6,24.35,24.4426,2830,0
2016-10-18,24.608,24.608,24.35,24.3575,3900,0
2016-10-19,24.42,24.4787,24.3001,24.46,2039,0
2016-10-20,24.31,24.33,24.1414,24.2,1925,0
2016-10-21,24.5861,24.63,24.58,24.59,1500,0
2016-10-24,24.42,24.53,24.41,24.41,5980,0
2016-10-25,24.4999,24.5,24.35,24.5,3150,0
2016-10-27,24.4899,24.4899,24.1973,24.3383,2525,0
2016-10-28,24.2,24.3,23.9601,24.2999,1812,0
2016-10-31,24.35,24.35,24,24,6675,0
2016-11-01,24.49,24.49,23.92,23.985,5614,0
2016-11-02,23.76,24.13,23.76,23.99,2951,0
2016-11-03,23.9,23.9,23.8342,23.8342,600,0
2016-11-04,23.9924,24.1559,23.9924,24.1559,1350,0
2016-11-07,24.3719,24.3719,23.9,24.37,600,0
2016-11-08,24.08,24.34,23.98,24.34,3600,0
2016-11-09,24.2058,24.33,23.77,23.77,19553,0
2016-11-10,23.77,24.22,23.3924,23.4399,12599,0
2016-11-11,23.25,23.5407,22.6501,23.22,8831,0
2016-11-14,23.27,23.2869,22.8774,23,8632,0
2016-11-15,22.99,23.3899,22.72,23.35,12479,0
2016-11-16,23.15,23.901,22.75,23.44,7800,0
2016-11-17,23.8,23.8,23.215,23.7,3400,0
2016-11-18,23.46,23.95,23.46,23.7,9583,0
2016-11-21,23.49,23.8647,23.2733,23.7,4293,0
2016-11-22,23.5,23.7862,23.12,23.7,21478,0
2016-11-23,23.65,23.7999,23.35,23.69,3390,0
2016-11-25,23.77,23.79,23.483,23.74,1865,0
2016-11-28,23.74,23.97,23.74,23.81,1190,0
2016-11-29,23.77,23.77,22.925,23.65,19100,0
2016-11-30,23.6,23.6,23,23.15,13440,0
2016-12-01,22.91,23.199,22.91,23.06,15490,0
2016-12-02,23.19,23.6899,23.18,23.39,3160,0
2016-12-05,23.49,23.4999,23.3578,23.4999,3635,0
2016-12-06,23.5,23.5,23.3,23.39,4000,0
2016-12-07,23.5,23.5,23.33,23.44,4500,0
2016-12-08,23.35,23.48,23.35,23.4499,5230,0
2016-12-09,23.44,23.4499,23.3925,23.4499,1463,0
2016-12-12,23.75,23.75,23.3,23.5999,3090,0
2016-12-13,23.6,23.7,23.3,23.59,9515,0
2016-12-14,23.5,23.6999,23.31,23.5899,5669,0
2016-12-15,23.55,23.7499,23.5,23.65,2650,0
2016-12-16,23.65,23.6999,23.32,23.6799,4350,0
2016-12-19,23.36,23.6499,23.36,23.6499,1500,0
2016-12-20,23.56,23.5999,23.45,23.54,7357,0
2016-12-21,23.5,23.7399,23.41,23.4499,6960,0
2016-12-22,23.43,23.75,23.41,23.43,8288,0
2016-12-23,23.6299,23.6499,23.4,23.4499,2030,0
2016-12-27,23.5,23.65,23.5,23.6499,2676,0
2016-12-28,23.4,23.64,23.4,23.64,7550,0
2016-12-29,23.561,23.6999,23.47,23.65,5300,0
2016-12-30,23.5001,23.9699,23.5001,23.8899,3651,0
2017-01-03,23.85,23.85,23.55,23.7,1750,0
2017-01-04,23.69,23.7,23.4,23.65,16183,0
2017-01-05,23.59,23.59,23.5,23.55,600,0
2017-01-06,23.56,23.56,23.46,23.54,6800,0
2017-01-09,23.5,23.5067,23.45,23.45,13675,0
2017-01-10,23.43,23.4695,23.427,23.427,2901,0
2017-01-11,23.45,23.5,23.4363,23.475,7112,0
2017-01-12,23.49,23.49,23.41,23.41,2740,0
2017-01-13,23.42,23.49,23.41,23.4132,2280,0
2017-01-17,23.43,23.5,23.43,23.44,3597,0
2017-01-18,23.48,23.5,23.44,23.44,3005,0
2017-01-19,23.42,23.615,23.41,23.45,12663,0
2017-01-20,23.43,23.45,23.43,23.45,4865,0
2017-01-23,23.43,23.4389,23.2,23.35,12750,0
2017-01-24,23.46,23.46,23.21,23.21,7948,0
2017-01-25,23.25,23.3576,23.22,23.29,2857,0
2017-01-26,23.31,23.48,23.2936,23.4,4346,0
2017-01-27,23.45,23.45,23.31,23.32,6619,0
2017-01-30,23.4,23.4,23.25,23.295,7390,0
2017-01-31,23.2549,23.4999,23.2549,23.36,4658,0
2017-02-01,23.4,23.4,23.36,23.36,2000,0
2017-02-02,23.43,23.4525,23.38,23.38,17187,0
2017-02-03,23.4,23.4688,23.36,23.36,12680,0
2017-02-06,23.36,23.38,23.25,23.3532,12695,0
2017-02-07,23.24,23.3592,23.22,23.34,5757,0
2017-02-08,23.3151,23.41,23.3027,23.38,11300,0
2017-02-09,23.38,23.38,23.28,23.36,10738,0
2017-02-10,23.36,23.37,23.3,23.35,12047,0
2017-02-13,23.4,23.48,23.3649,23.41,26028,0
2017-02-14,23.4,23.49,23.37,23.4633,5525,0
2017-02-15,23.4547,23.5,23.4101,23.46,2640,0
2017-02-16,23.47,23.63,23.47,23.54,3925,0
2017-02-17,23.54,23.54,23.43,23.48,12335,0
2017-02-21,23.76,23.76,23.5,23.5,11262,0
2017-02-22,23.53,23.5799,23.45,23.48,10564,0
2017-02-23,23.5,23.6989,23.5,23.5499,9941,0
2017-02-24,23.5,23.77,23.45,23.45,47365,0
2017-02-27,23.55,23.61,23.45,23.57,104478,0
2017-02-28,23.6,23.7382,23.59,23.65,35196,0
2017-03-01,23.6236,23.655,23.6,23.6295,15337,0
2017-03-02,23.8,23.8,23.6,23.6899,18698,0
2017-03-03,23.6,23.6399,23.54,23.55,9283,0
2017-03-06,23.55,23.7,23.449,23.68,10135,0
2017-03-07,23.59,23.6,23.47,23.5,16736,0
2017-03-08,23.59,23.59,23.34,23.4199,11814,0
2017-03-09,23.4,23.5599,23.24,23.4,24653,0
2017-03-10,23.58,23.58,23.31,23.5,17471,0
2017-03-13,23.4051,23.5,23.4051,23.5,15150,0
2017-03-14,23.4648,23.5,23.44,23.4475,10605,0
2017-03-15,23.42,23.5,23.42,23.5,14942,0
2017-03-16,23.57,23.77,23.5607,23.6568,7511,0
2017-03-17,23.69,23.78,23.69,23.78,4446,0
2017-03-20,23.785,23.8,23.7705,23.7705,1837,0
2017-03-21,23.7877,23.85,23.7,23.8,9875,0
2017-03-22,23.87,23.9,23.71,23.9,17826,0
2017-03-23,23.82,23.85,23.77,23.85,22063,0
2017-03-24,23.85,23.85,23.8,23.85,11178,0
2017-03-27,23.839,23.84,23.7787,23.84,12250,0
2017-03-28,23.84,23.9,23.8001,23.9,31384,0
2017-03-29,23.72,24.23,23.5001,24.14,24590,0
2017-03-30,24,24,23.72,23.975,20116,0
2017-03-31,23.8845,24.37,23.85,23.9,10473,0
2017-04-03,24.21,24.21,23.97,24,14187,0
2017-04-04,24.11,24.11,23.82,23.85,11887,0
2017-04-05,23.949,23.949,23.77,23.9099,6199,0
2017-04-06,23.86,23.92,23.73,23.92,8599,0
2017-04-07,23.96,23.9853,23.8,23.81,112960,0
2017-04-10,23.94,23.9499,23.85,23.85,4750,0
2017-04-11,23.9,23.9871,23.9,23.9657,3905,0
2017-04-12,23.9,23.9,23.83,23.9,78833,0
2017-04-13,23.75,23.8719,23.75,23.83,6435,0
2017-04-17,23.98,23.98,23.83,23.83,20167,0
2017-04-18,23.85,23.94,23.84,23.85,22630,0
2017-04-19,23.84,23.9799,23.84,23.94,13421,0
2017-04-20,23.85,23.98,23.76,23.8,17475,0
2017-04-21,23.85,23.99,23.76,23.9152,5740,0
2017-04-24,23.89,23.99,23.89,23.99,7789,0
2017-04-25,23.98,24.02,23.96,24.02,19870,0
2017-04-26,23.99,24.661,23.98,24.661,15376,0
2017-04-27,24.4,24.45,24.16,24.4,29175,0
2017-04-28,24.3141,24.49,24.2764,24.3,8942,0
2017-05-01,24.4,24.8,24.31,24.79,9445,0
2017-05-02,24.476,24.697,24.476,24.6335,2388,0
2017-05-03,24.8,24.8,24.5737,24.6874,4712,0
2017-05-04,24.7,24.7,24.47,24.6433,6075,0
2017-05-05,24.62,24.7,24.3,24.36,6250,0
2017-05-08,24.48,24.49,24.46,24.465,2984,0
2017-05-09,24.482,24.49,24.4732,24.49,3026,0
2017-05-10,24.5,24.527,24.48,24.48,8934,0
2017-05-11,24.35,24.468,24,24.415,48034,0
2017-05-12,24.4393,24.4666,24.3786,24.3884,3188,0
2017-05-15,24.474,24.55,24.4,24.53,15727,0
2017-05-16,24.64,24.65,24.501,24.52,2841,0
2017-05-17,24.5,24.5,24.4635,24.48,1632,0
2017-05-18,24.45,24.45,24.3,24.35,3128,0
2017-05-19,24.3,24.3137,24.06,24.3137,10716,0
2017-05-22,24.3,24.35,24.29,24.35,16683,0
2017-05-23,24.37,24.37,24.3452,24.36,4874,0
2017-05-24,24.37,24.37,24.3001,24.35,2508,0
2017-05-25,24.37,24.37,24.3456,24.37,4531,0
2017-05-26,24.38,24.38,24.37,24.38,3358,0
2017-05-30,24.37,24.3886,24.35,24.37,6703,0
2017-05-31,24.38,24.38,24.31,24.38,5822,0
2017-06-01,24.3999,24.4,24.37,24.3799,8216,0
2017-06-02,24.38,24.38,24.35,24.3753,10089,0
2017-06-05,24.4,24.6799,24.4,24.52,6104,0
2017-06-06,24.66,24.69,24.5633,24.59,5837,0
2017-06-07,24.65,24.68,24.59,24.615,8150,0
2017-06-08,24.61,24.62,24.6,24.6,1804,0
2017-06-09,24.5854,24.6,24.55,24.55,14225,0
2017-06-12,24.65,24.66,24.6212,24.66,6052,0
2017-06-13,24.65,24.693,24.51,24.67,6795,0
2017-06-14,24.65,24.72,24.65,24.68,18585,0
2017-06-15,24.7,24.7,24.65,24.69,7236,0
2017-06-16,24.7,24.72,24.665,24.698,12834,0
2017-06-19,24.69,24.77,24.69,24.77,32047,0
2017-06-20,24.75,24.76,24.74,24.7438,15693,0
2017-06-21,24.75,24.77,24.7201,24.76,10220,0
2017-06-22,24.76,24.7793,24.74,24.75,6338,0
2017-06-23,24.75,24.757,24.721,24.73,33082,0
2017-06-26,24.7599,24.76,24.74,24.75,11916,0
2017-06-27,24.76,24.76,24.71,24.7592,17095,0
2017-06-28,24.45,24.47,24.3577,24.45,12896,0
2017-06-29,24.4001,24.538,24.4,24.538,3755,0
2017-06-30,24.501,24.53,24.4292,24.53,11298,0
2017-07-03,24.53,24.66,24.53,24.66,3482,0
2017-07-05,24.66,24.67,24.5,24.5348,10495,0
2017-07-06,24.55,24.7,24.55,24.6,7274,0
2017-07-07,24.48,24.5193,24.4101,24.5,36948,0
2017-07-10,24.55,24.55,24.48,24.4801,1280,0
2017-07-11,24.55,24.5651,24.4799,24.48,4359,0
2017-07-12,24.46,24.53,24.451,24.51,7500,0
2017-07-13,24.55,24.55,24.525,24.536,6840,0
2017-07-14,24.5,24.55,24.45,24.5499,17332,0
2017-07-17,24.55,24.55,24.44,24.5,10457,0
2017-07-18,24.45,24.52,24.4219,24.5,12445,0
2017-07-19,24.48,24.55,24.46,24.55,17343,0
2017-07-20,24.5255,24.55,24.46,24.5,12857,0
2017-07-21,24.52,24.54,24.5144,24.54,9354,0
2017-07-24,24.5,24.6303,24.483,24.5716,14542,0
2017-07-25,24.6,24.6,24.51,24.538,4835,0
2017-07-26,24.55,24.6004,24.53,24.53,19850,0
2017-07-27,24.54,24.6192,24.51,24.51,7260,0
2017-07-28,24.54,24.55,24.5101,24.5101,6105,0
2017-07-31,24.5658,24.64,24.5658,24.6,9503,0
2017-08-01,24.601,24.68,24.51,24.54,29657,0
2017-08-02,24.54,24.5999,24.54,24.56,19441,0
2017-08-03,24.6,24.64,24.5501,24.5792,11508,0
2017-08-04,24.55,24.6099,24.55,24.55,7004,0
2017-08-07,24.72,24.72,24.53,24.57,10601,0
2017-08-08,24.624,24.64,24.6211,24.64,15911,0
2017-08-09,24.64,24.64,24.56,24.58,6145,0
2017-08-10,24.5656,24.62,24.53,24.5461,7110,0
2017-08-11,24.56,24.58,24.55,24.55,12024,0
2017-08-14,24.5656,24.57,24.5,24.5299,14600,0
2017-08-15,24.55,24.6,24.3,24.5345,21966,0
2017-08-16,24.5,24.55,24.5,24.545,12973,0
2017-08-17,24.58,24.58,24.536,24.55,19347,0
2017-08-18,24.58,24.6155,24.55,24.58,7230,0
2017-08-21,24.56,24.6025,24.56,24.57,5046,0
2017-08-22,24.61,24.61,24.5631,24.6,6719,0
2017-08-23,24.6017,24.61,24.55,24.5945,11598,0
2017-08-24,24.6,24.61,24.5704,24.6,14394,0
2017-08-25,24.61,24.61,24.59,24.6,6148,0
2017-08-28,24.61,24.61,24.5735,24.6005,10677,0
2017-08-29,24.59,24.59,24.5522,24.5825,8494,0
2017-08-30,24.56,24.6,24.5585,24.5962,13548,0
2017-08-31,24.61,24.62,24.6,24.6,12372,0
2017-09-01,24.6,24.6269,24.595,24.6,5808,0
2017-09-05,24.59,24.61,24.5089,24.58,30833,0
2017-09-06,24.6,24.6,24.52,24.52,19336,0
2017-09-07,24.54,24.59,24.51,24.57,25197,0
2017-09-08,24.57,24.6,24.55,24.55,13308,0
2017-09-11,24.599,24.6,24.57,24.57,7648,0
2017-09-12,24.5851,24.5851,24.5504,24.56,9134,0
2017-09-13,24.58,24.64,24.552,24.58,26801,0
2017-09-14,24.6,24.61,24.5746,24.6,7199,0
2017-09-15,24.61,24.63,24.6,24.6,18260,0
2017-09-18,24.62,24.62,24.6,24.62,12927,0
2017-09-19,24.62,24.64,24.5825,24.64,28313,0
2017-09-20,24.6334,24.7,24.6232,24.6792,31746,0
2017-09-21,24.7,24.75,24.679,24.75,20790,0
2017-09-22,24.75,24.85,24.73,24.8,36364,0
2017-09-25,24.81,24.85,24.8,24.83,16733,0
2017-09-26,24.84,24.85,24.83,24.84,24155,0
2017-09-27,24.84,24.85,24.76,24.83,33620,0
2017-09-28,24.75,24.75,24.35,24.43,58371,0
2017-09-29,24.56,24.56,24.44,24.51,20307,0
2017-10-02,24.5,24.55,24.5,24.5372,14915,0
2017-10-03,24.56,24.704,24.56,24.64,6576,0
2017-10-04,24.67,24.67,24.5701,24.6212,9241,0
2017-10-05,24.64,24.64,24.57,24.6001,33026,0
2017-10-06,24.605,24.61,24.5601,24.6,15519,0
2017-10-09,24.62,24.62,24.5801,24.6,4940,0
2017-10-10,24.7,24.7,24.55,24.65,18222,0
2017-10-11,24.69,24.7,24.57,24.69,20446,0
2017-10-12,24.73,24.73,24.7,24.72,29293,0
2017-10-13,24.75,24.75,24.7208,24.7399,3707,0
2017-10-16,24.74,24.74,24.68,24.7399,18945,0
2017-10-17,24.74,24.75,24.71,24.75,7093,0
2017-10-18,24.75,24.7572,24.7275,24.75,12407,0
2017-10-19,24.78,24.79,24.76,24.77,14113,0
2017-10-20,24.79,24.8,24.75,24.783,6605,0
2017-10-23,24.8,24.8,24.71,24.79,13616,0
2017-10-24,24.8,24.85,24.77,24.81,15864,0
2017-10-25,24.8101,24.84,24.71,24.81,16728,0
2017-10-26,24.76,24.79,24.75,24.7899,14912,0
2017-10-27,24.81,24.81,24.75,24.77,13035,0
2017-10-30,24.78,24.83,24.777,24.788,8337,0
2017-10-31,24.76,24.84,24.76,24.84,12227,0
2017-11-01,24.84,24.84,24.8,24.8252,9619,0
2017-11-02,24.84,24.84,24.705,24.81,24382,0
2017-11-03,24.81,24.83,24.801,24.8021,8197,0
2017-11-06,24.83,24.83,24.71,24.74,11609,0
2017-11-07,24.77,24.7999,24.7,24.75,5338,0
2017-11-08,24.735,24.75,24.69,24.75,8178,0
2017-11-09,24.75,24.76,24.65,24.7,7774,0
2017-11-10,24.73,24.8299,24.73,24.8,12035,0
