2016-01-04,39.21,39.29,38.02,38.09,437730,0
2016-01-05,38.1,38.99,38.01,38.59,392650,0
2016-01-06,38.11,39.22,37.85,38.23,389571,0
2016-01-07,37.55,37.68,35.85,36.4,388810,0
2016-01-08,36.72,36.765,35.15,35.26,389066,0
2016-01-11,36.21,37.12,33.74,34.37,775752,0
2016-01-12,34.86,36.21,34.51,36.16,404719,0
2016-01-13,36.35,36.41,34.03,34.24,414592,0
2016-01-14,34.51,35.3,33.4,34.94,394852,0
2016-01-15,34.435,34.74,33.71,34.63,289003,0
2016-01-19,35.09,35.24,32.29,33,338900,0
2016-01-20,32.65,35.34,32.13,34.86,487052,0
2016-01-21,34.79,36.02,34.2,34.94,804825,0
2016-01-22,35.49,36.31,34.94,36.16,303220,0
2016-01-25,36.06,36.97,35.8,36.06,391017,0
2016-01-26,36.15,36.73,35.06,36.36,385779,0
2016-01-27,36.34,36.51,35.02,35.4,532808,0
2016-01-28,35.7,36.03,34.47,35.13,314988,0
2016-01-29,35.69,36.995,35.45,36.6,846245,0
2016-02-01,36.24,37.05,35.93,36.48,567612,0
2016-02-02,36.13,37.68,36.08,37.39,419612,0
2016-02-03,37.68,38.1,36.52,37.4,510139,0
2016-02-04,37.47,38.34,36.74,36.87,394292,0
2016-02-05,36.86,37.03,35.63,35.78,455407,0
2016-02-08,35.47,35.52,32.67,33.08,684364,0
2016-02-09,32.74,34.1,32.4422,33.63,538638,0
2016-02-10,34.1,35.51,34.1,34.6,441287,0
2016-02-11,34.12,35.6,34.035,35.2,574907,0
2016-02-12,35.73,35.98,34.79,35.88,249071,0
2016-02-16,36.52,37.12,36.01,36.96,308641,0
2016-02-17,37.46,37.9811,37,37.22,378094,0
2016-02-18,37.58,37.58,36.18,36.31,277822,0
2016-02-19,36.49,37.77,35.935,37.69,614078,0
2016-02-22,38.01,38.5,37.6496,38.07,375737,0
2016-02-23,38.02,38.59,37.04,37.07,558467,0
2016-02-24,36.64,37.7,35.89,37.37,309875,0
2016-02-25,37.63,38.273,36.97,37.18,432379,0
2016-02-26,36.31,37.04,35.11,35.94,604979,0
2016-02-29,36.32,36.58,33.76,33.83,673261,0
2016-03-01,34.02,35.13,33.57,35.12,784655,0
2016-03-02,35,35.71,34.85,35.55,333144,0
2016-03-03,35.41,35.69,34.55,34.84,262366,0
2016-03-04,34.86,35.92,34.35,35.41,407440,0
2016-03-07,35.45,36.34,34.79,35.58,266364,0
2016-03-08,35.43,35.68,34.49,34.6,383346,0
2016-03-09,34.72,34.87,33.7,34.38,283146,0
2016-03-10,34.54,35.47,33.99,34.22,306411,0
2016-03-11,34.34,34.57,33.52,34,493507,0
2016-03-14,34,34.43,33.5,33.77,309305,0
2016-03-15,33.33,33.76,32.98,33.04,306066,0
2016-03-16,33.07,33.64,32.51,32.87,256033,0
2016-03-17,32.81,32.92,31.4,31.64,477640,0
2016-03-18,31.87,32.68,31.26,32.18,667307,0
2016-03-21,32.13,32.49,31.89,32.26,540208,0
2016-03-22,32.18,34.59,31.57,34.4,611010,0
2016-03-23,34.38,34.83,33.13,33.15,404535,0
2016-03-24,33.12,33.97,32.5,33.75,293719,0
2016-03-28,33.92,33.98,33.19,33.57,555737,0
2016-03-29,33.74,35.67,33.42,35.52,672959,0
2016-03-30,35.66,36.72,35,35.22,277552,0
2016-03-31,35.37,36.45,35.25,36.35,386916,0
2016-04-01,36.14,36.86,35.04,36.55,574339,0
2016-04-04,36.59,37.63,36.59,37.21,384349,0
2016-04-05,36.93,37.86,36.78,37.58,488716,0
2016-04-06,37.73,39.54,37.62,39.54,932061,0
2016-04-07,39.05,39.425,38.33,38.85,481893,0
2016-04-08,39.22,39.44,38.33,38.95,312798,0
2016-04-11,39.18,39.3885,38.25,38.41,252044,0
2016-04-12,38.42,38.97,38.07,38.7,315859,0
2016-04-13,39.12,39.75,38.73,39.64,405572,0
2016-04-14,39.64,39.64,38.639,38.7,420021,0
2016-04-15,38.88,39.76,38.7,39.6,214487,0
2016-04-18,39.6,40.5,39.6,40.11,389248,0
2016-04-19,40.25,40.47,39.16,39.36,347043,0
2016-04-20,39.43,39.72,38.81,39,279287,0
2016-04-21,39.06,39.46,38.64,39.44,288783,0
2016-04-22,39.43,40.58,39.275,40.58,313035,0
2016-04-25,40.55,40.9,40.37,40.71,397163,0
2016-04-26,40.72,40.96,39.89,40.25,715264,0
2016-04-27,40.07,40.23,39.35,39.64,258866,0
2016-04-28,39.54,40.08,38.81,39.2,266375,0
2016-04-29,39.01,39.55,38.46,38.52,486406,0
2016-05-02,38.55,39.93,38.54,39.77,545716,0
2016-05-03,39.48,39.9898,39.18,39.25,324008,0
2016-05-04,38.94,38.94,37.92,37.95,330333,0
2016-05-05,38,38.17,37.345,37.85,359900,0
2016-05-06,38,38.8,37.2,38.3,914848,0
2016-05-09,38.1,39.75,38.0003,39.07,1108479,0
2016-05-10,39.39,39.72,38.65,39.43,583348,0
2016-05-11,39.59,39.95,38.72,38.77,349080,0
2016-05-12,38.79,39.04,38.1859,38.88,498334,0
2016-05-13,38.86,39.48,38.8,39.47,801913,0
2016-05-16,39.55,41.09,39.435,40.84,785515,0
2016-05-17,40.81,41.61,40.76,41.15,622235,0
2016-05-18,41.15,41.77,41.02,41.77,436242,0
2016-05-19,41.48,41.98,40.85,41.24,262680,0
2016-05-20,41.49,42.26,41,42.07,386362,0
2016-05-23,42.21,42.85,41.85,41.89,661132,0
2016-05-24,42.05,42.54,41.58,42.33,566831,0
2016-05-25,42.63,42.98,42.1101,42.97,429496,0
2016-05-26,42.91,43.5,42.41,43.15,385916,0
2016-05-27,43.13,43.7,42.8116,43.7,304015,0
2016-05-31,43.8,44.02,43.53,43.88,462564,0
2016-06-01,43.79,43.94,43.29,43.49,336421,0
2016-06-02,43.4,43.76,43.26,43.64,322110,0
2016-06-03,43.56,43.84,42.84,43.71,355107,0
2016-06-06,43.58,44.32,43.0549,44.22,275833,0
2016-06-07,44.2,44.38,43.56,43.85,421236,0
2016-06-08,43.74,44.23,42.73,43.95,303162,0
2016-06-09,43.81,44.1191,43.42,43.49,293282,0
2016-06-10,43.24,43.24,42.09,42.3,534269,0
2016-06-13,42,42.27,40.91,41.27,685098,0
2016-06-14,41.33,42.04,41.25,41.8,462489,0
2016-06-15,41.92,41.94,40.86,41.16,436468,0
2016-06-16,40.94,41.22,40.3801,41.08,493727,0
2016-06-17,41.25,41.42,38.86,38.97,657454,0
2016-06-20,39.38,40.055,39.215,39.32,346643,0
2016-06-21,39.51,39.78,39.03,39.32,419033,0
2016-06-22,38.94,39.21,29.2,31.33,9587562,0
2016-06-23,31.39,32.13,29.895,30.65,2693669,0
2016-06-24,29.19,29.98,29.19,29.34,1925340,0
2016-06-27,29.8,29.8,27.2008,27.24,1632547,0
2016-06-28,27.52,28.34,27.01,28.32,1408494,0
2016-06-29,28.73,28.79,27.92,28.17,715886,0
2016-06-30,28.22,28.7,27.96,28.12,820243,0
2016-07-01,28.14,28.79,28.02,28.71,662536,0
2016-07-05,28.78,28.98,28.3,28.78,538901,0
2016-07-06,28.74,29.51,28.67,29.3,418579,0
2016-07-07,29.36,29.85,29.15,29.58,387000,0
2016-07-08,29.58,30.15,29.54,30.04,565654,0
2016-07-11,30.25,30.6,29.81,30.47,698944,0
2016-07-12,30.76,31.79,30.76,31.51,751649,0
2016-07-13,31.53,32.1,30.71,30.74,562533,0
2016-07-14,30.94,31.26,30.32,30.79,534381,0
2016-07-15,31.18,31.78,30.36,31.18,984642,0
2016-07-18,31.12,31.5,30.87,31.27,428303,0
2016-07-19,31.14,31.45,29.89,30.3,658827,0
2016-07-20,30.29,32,30.21,31.8,507393,0
2016-07-21,31.78,32.435,31.78,32.3,630236,0
2016-07-22,32.26,32.93,31.83,32.34,501758,0
2016-07-25,31.99,33.44,31.81,33.24,629545,0
2016-07-26,33.03,33.82,32.78,33.44,435506,0
2016-07-27,33.53,33.9999,33.24,33.78,272603,0
2016-07-28,33.68,34.1,32.835,32.85,448698,0
2016-07-29,32.92,33.67,32.0259,33.39,944463,0
2016-08-01,31.92,31.92,30.28,30.97,740074,0
2016-08-02,31.04,31.2,30.41,30.47,787457,0
2016-08-03,30.29,30.92,29.85,30.42,556261,0
2016-08-04,30.62,30.98,30.02,30.69,614549,0
2016-08-05,29.52,30.89,27.89,29.78,1283543,0
2016-08-08,29.71,29.86,29.29,29.77,715717,0
2016-08-09,29.61,29.75,29.28,29.63,337648,0
2016-08-10,29.55,29.56,27.43,27.44,609108,0
2016-08-11,27.36,28.29,27.35,27.6,496635,0
2016-08-12,27.43,27.43,26.76,26.87,850255,0
2016-08-15,27.02,27.66,26.97,27.42,522321,0
2016-08-16,27.78,28.17,26.56,26.56,654580,0
2016-08-17,26.58,26.91,26.5301,26.9,1008511,0
2016-08-18,26.87,27.93,26.79,27.92,459980,0
2016-08-19,27.89,28.07,27.54,28.01,468435,0
2016-08-22,28.01,28.19,27.54,27.77,352699,0
2016-08-23,27.78,27.87,27.52,27.63,228809,0
2016-08-24,27.44,28.23,27,27.06,453734,0
2016-08-25,27,27.64,26.79,27.25,361367,0
2016-08-26,27.6,28.24,27.32,27.59,515422,0
2016-08-29,27.51,27.74,27.215,27.46,410834,0
2016-08-30,27.46,27.64,26.97,27.06,530195,0
2016-08-31,26.9,26.9,26.14,26.65,368418,0
2016-09-01,26.69,26.88,26.23,26.41,269461,0
2016-09-02,26.43,26.92,26.1186,26.9,385551,0
2016-09-06,26.96,27.67,26.81,27.35,335318,0
2016-09-07,27.33,27.93,27.33,27.69,302636,0
2016-09-08,27.76,27.94,27.39,27.86,287981,0
2016-09-09,27.63,27.842,26.7,26.71,435026,0
2016-09-12,26.64,27.55,26.49,27.55,331797,0
2016-09-13,27.3,27.39,26.41,26.81,240705,0
2016-09-14,26.83,27.39,26.69,26.95,483598,0
2016-09-15,27.02,27.51,26.7,27.45,265621,0
2016-09-16,27.39,27.69,26.96,27.49,1097818,0
2016-09-19,27.41,27.59,26.81,26.99,383473,0
2016-09-20,27.23,28.22,26.88,28,555035,0
2016-09-21,28.2,28.72,27.98,28.59,838605,0
2016-09-22,28.7,28.87,28.46,28.74,374436,0
2016-09-23,28.7,28.86,28.19,28.36,319535,0
2016-09-26,28.21,28.24,27.81,28.1,237316,0
2016-09-27,28.01,28.5,27.98,28.5,238014,0
2016-09-28,28.58,29.17,28.31,29.16,582017,0
2016-09-29,29.04,29.14,27.37,27.76,573274,0
2016-09-30,29.93,31.8,29.39,31.53,1400402,0
2016-10-03,31.54,31.72,30.55,31.62,724595,0
2016-10-04,31.79,31.99,31.1,31.55,592460,0
2016-10-05,31.59,32.8,31.37,32.23,605943,0
2016-10-06,31.86,32.07,31,31.9,440273,0
2016-10-07,31.84,31.84,30.62,31.19,702667,0
2016-10-10,31.47,32.32,31.42,32.08,280971,0
2016-10-11,31.95,32.26,31.76,31.85,618394,0
2016-10-12,31.75,31.84,30.99,31,330250,0
2016-10-13,30.6,31.06,30.16,30.19,462764,0
2016-10-14,30.39,30.8,29.21,29.24,542272,0
2016-10-17,29.28,29.34,28.19,28.64,466183,0
2016-10-18,29.14,29.37,28.68,28.7,311595,0
2016-10-19,28.77,28.85,28.11,28.51,521036,0
2016-10-20,28.35,28.54,28.18,28.39,271504,0
2016-10-21,28.27,28.34,27.8,28.14,372698,0
2016-10-24,28.18,28.68,28.05,28.29,199667,0
2016-10-25,28.33,28.45,27.66,27.85,211572,0
2016-10-26,27.64,28.07,27.5,27.77,198792,0
2016-10-27,28.02,28.26,27.38,27.47,167434,0
2016-10-28,27.26,27.38,26.69,26.9,277793,0
2016-10-31,26.92,27,26.3275,26.72,318610,0
2016-11-01,26.74,27.21,26.38,27.13,336147,0
2016-11-02,26.91,27.16,25.38,25.43,503311,0
2016-11-03,25.48,25.69,24.47,24.6,552649,0
2016-11-04,24.74,26.22,24.7,25.32,589284,0
2016-11-07,25.66,26.36,25.38,26.36,503220,0
2016-11-08,27.42,28.7,26.5,27.8,686188,0
2016-11-09,27.76,29.24,27.15,28.9,704988,0
2016-11-10,29.09,30.7,28.89,30.6,633507,0
2016-11-11,30.26,31.2,30.03,30.9,540897,0
2016-11-14,30.91,31.98,30.55,31.4,528036,0
2016-11-15,31.42,31.42,30.01,30.4,362683,0
2016-11-16,30.2,30.87,29.4,29.47,307713,0
2016-11-17,29.46,29.915,29.22,29.86,338227,0
2016-11-18,29.85,29.89,28.87,29.42,509614,0
2016-11-21,29.46,29.805,29.22,29.43,268832,0
2016-11-22,29.42,29.62,28.51,28.81,396684,0
2016-11-23,28.11,29.57,27.74,29.54,374529,0
2016-11-25,29.62,30.14,29.01,30.14,233768,0
2016-11-28,29.93,29.93,28.22,28.31,387993,0
2016-11-29,28.09,28.7731,28.01,28.3,472888,0
2016-11-30,28.6,28.805,26.76,26.76,540991,0
2016-12-01,27.05,27.16,26.05,26.29,663973,0
2016-12-02,26.29,26.795,25.96,26.27,282484,0
2016-12-05,26.65,27.68,26.53,27.5,435249,0
2016-12-06,27.5,27.81,26.63,27.77,571961,0
2016-12-07,27.41,27.535,26.27,26.52,575316,0
2016-12-08,26.46,27.24,26.16,27.22,356082,0
2016-12-09,29.71,33.94,29.64,32.37,2085237,0
2016-12-12,32.2,33.74,31.591,33.47,963758,0
2016-12-13,33.57,34.5,33.25,34.21,659037,0
2016-12-14,33.97,35.5,33.68,34.57,835183,0
2016-12-15,34.78,35.83,34.39,35.83,552438,0
2016-12-16,35.78,36.64,35.32,35.88,1879510,0
2016-12-19,35.95,36.22,33.9537,34.12,569219,0
2016-12-20,34.5,35.21,34.4364,35.07,567898,0
2016-12-21,35.18,35.48,34.13,34.15,429722,0
2016-12-22,34.36,34.365,33.13,33.5,306893,0
2016-12-23,33.24,33.77,32.85,33.59,380444,0
2016-12-27,33.36,33.9,32.51,32.54,308605,0
2016-12-28,32.62,32.92,32.1201,32.69,245557,0
2016-12-29,32.72,33.45,32.391,33.24,254017,0
2016-12-30,33.21,33.3899,32.64,32.84,262882,0
2017-01-03,33.46,33.7,32.32,33.23,445246,0
2017-01-04,33.42,34.11,32.98,33.88,348017,0
2017-01-05,34.07,34.995,33.25,33.31,435195,0
2017-01-06,33.56,34.84,33.5,34.66,790721,0
2017-01-09,35,35,30.8,32.04,920820,0
2017-01-10,32.26,32.26,30.86,31.09,634576,0
2017-01-11,31.01,31.27,29.33,30.4,546052,0
2017-01-12,30.09,30.51,29.9,30.19,267407,0
2017-01-13,30.55,31.02,30.35,30.66,251133,0
2017-01-17,30.68,30.68,29.44,30,577222,0
2017-01-18,30.23,30.55,29.65,29.92,526940,0
2017-01-19,30.03,30.39,29.32,29.34,397114,0
2017-01-20,29.32,29.52,28.91,29.44,606982,0
2017-01-23,29.15,30.265,29.15,29.9,367736,0
2017-01-24,30.11,30.11,29.3,29.97,371939,0
2017-01-25,29.94,30.86,29.94,30.24,422544,0
2017-01-26,30.2,30.63,29.76,30.37,273546,0
2017-01-27,30.44,30.525,29.7,30.15,263205,0
2017-01-30,30.26,30.42,29.66,29.72,331657,0
2017-01-31,29.52,30.46,28.971,30.27,330989,0
2017-02-01,30.39,31.13,30.04,30.21,364404,0
2017-02-02,30.03,30.85,29.5,30.35,582662,0
2017-02-03,30.71,30.76,30.2,30.29,227828,0
2017-02-06,30.34,31.12,30.28,30.41,233927,0
2017-02-07,30.6,30.6,29.32,29.35,329358,0
2017-02-08,29.26,29.845,28.81,29.76,286571,0
2017-02-09,29.71,30.61,29.71,30.14,655570,0
2017-02-10,30.24,30.325,29.67,29.71,311475,0
2017-02-13,30.02,30.47,29.44,29.9,335575,0
2017-02-14,29.87,30.25,29.47,30.2,287019,0
2017-02-15,30.19,30.99,30.06,30.94,235553,0
2017-02-16,31.05,31.1576,30.165,30.93,217140,0
2017-02-17,30.77,30.81,29.6501,30.39,248407,0
2017-02-21,30.23,30.6265,29.555,29.98,220313,0
2017-02-22,29.85,30.41,29.75,29.92,197762,0
2017-02-23,30.18,30.26,29.35,29.78,298011,0
2017-02-24,31.11,31.11,29.08,29.95,438185,0
2017-02-27,29.68,30.79,29.21,30.63,407221,0
2017-02-28,30.52,32.565,30.07,31.38,902968,0
2017-03-01,31.5,32.19,30.66,31.73,446857,0
2017-03-02,31.65,32.37,30.94,31.56,258932,0
2017-03-03,31.6,31.7,31.08,31.43,199317,0
2017-03-06,31.4,31.745,30.92,31.63,228358,0
2017-03-07,31.21,31.595,30.6,30.74,434781,0
2017-03-08,30.63,31.56,30.4492,30.98,170804,0
2017-03-09,30.96,31.46,30.72,31.05,150967,0
2017-03-10,31.24,31.43,30.7,31.05,153928,0
2017-03-13,30.98,31.16,30.291,30.89,271836,0
2017-03-14,30.77,30.77,30.1,30.33,201637,0
2017-03-15,30.26,30.71,30.07,30.56,227846,0
2017-03-16,30.5,30.91,30.19,30.89,318374,0
2017-03-17,31,31,30.02,30.47,636192,0
2017-03-20,30.48,30.758,30.04,30.37,423091,0
2017-03-21,30.43,30.58,28.8,28.89,376167,0
2017-03-22,28.91,29.47,28.9,29.37,326183,0
2017-03-23,29.27,29.27,28.19,28.36,360243,0
2017-03-24,28.47,29.06,28.06,28.82,386383,0
2017-03-27,28.5,29.26,28.27,29.1,325100,0
2017-03-28,29.11,29.45,28.67,28.84,319236,0
2017-03-29,28.84,29.4125,28.61,29.38,250174,0
2017-03-30,29.43,29.43,28.39,28.87,244269,0
2017-03-31,28.99,29.07,28.68,29.04,262750,0
2017-04-03,29.1,29.22,28.26,28.31,303669,0
2017-04-04,28.4,28.73,28.25,28.43,355317,0
2017-04-05,28.51,28.88,28.19,28.3,378331,0
2017-04-06,28.39,28.54,27.94,28.54,310742,0
2017-04-07,28.5,28.7,28.065,28.5,453034,0
2017-04-10,28.62,29.47,28.535,28.73,253553,0
2017-04-11,28.69,28.8,28.04,28.64,323721,0
2017-04-12,28.82,29.12,28.49,28.79,340473,0
2017-04-13,28.75,29.17,28.67,29.16,268735,0
2017-04-17,29.26,29.3,28.23,28.41,340739,0
2017-04-18,28.38,28.76,28.11,28.48,291028,0
2017-04-19,28.6,29.08,28.28,28.74,271116,0
2017-04-20,28.76,29.22,28.645,29.1,207345,0
2017-04-21,29,29.19,28.52,28.57,206243,0
2017-04-24,28.87,29.15,28.74,28.99,185051,0
2017-04-25,29.16,29.93,29.02,29.84,298041,0
2017-04-26,29.83,30.55,29.83,30.36,413958,0
2017-04-27,30.31,30.61,30.06,30.31,171401,0
2017-04-28,30.36,30.38,29.815,29.91,513645,0
2017-05-01,29.9,30.71,29.68,30.63,282173,0
2017-05-02,30.71,30.71,29.95,30.35,254511,0
2017-05-03,30.3,30.86,29.8472,30.57,244407,0
2017-05-04,30.55,31.39,30.42,30.76,369871,0
2017-05-05,29.96,30.35,28.85,29.51,447158,0
2017-05-08,29.41,30.12,29.41,29.88,279900,0
2017-05-09,30.07,31.65,30,31.54,625444,0
2017-05-10,31.54,31.74,31,31.02,320977,0
2017-05-11,31,31.5,30.79,31.14,200287,0
2017-05-12,31.01,31.53,30.73,31.43,172825,0
2017-05-15,31.47,31.93,31.41,31.53,235956,0
2017-05-16,31.6,31.6,31.04,31.18,234238,0
2017-05-17,30.89,31.04,30.02,30.1,218888,0
2017-05-18,29.97,30.99,29.89,30.44,333752,0
2017-05-19,30.42,30.64,29.68,29.74,250302,0
2017-05-22,29.62,29.9,29.31,29.52,345440,0
2017-05-23,29.64,30.025,29.15,29.75,275915,0
2017-05-24,29.8,30.46,29.69,30.27,231315,0
2017-05-25,30.46,30.46,29.83,30.2,156796,0
2017-05-26,30.55,32.64,30.55,32.11,613498,0
2017-05-30,32,32.85,31.85,32.4,424773,0
2017-05-31,32.48,32.88,31.86,31.93,1209445,0
2017-06-01,31.99,32.5,31.73,31.96,387526,0
2017-06-02,32.05,32.55,31.86,32.29,300614,0
2017-06-05,32.22,32.38,31.45,31.83,162858,0
2017-06-06,31.65,32.06,31.35,31.77,368430,0
2017-06-07,31.93,31.93,31.27,31.35,200547,0
2017-06-08,31.3,31.93,31.01,31.76,194196,0
2017-06-09,31.69,32.34,31.41,31.91,301222,0
2017-06-12,31.81,32.3,31.77,32.12,231756,0
2017-06-13,32.2,32.69,32.1,32.57,206984,0
2017-06-14,32.49,32.7,31.95,32.12,273866,0
2017-06-15,31.85,32.52,31.31,31.49,182993,0
2017-06-16,31.26,31.64,31.06,31.45,767327,0
2017-06-19,31.49,32.48,31.49,32.08,271355,0
2017-06-20,32.13,32.73,31.38,32.3,209393,0
2017-06-21,32.48,33.59,32.35,33.58,226721,0
2017-06-22,33.49,34.23,33.49,33.94,231698,0
2017-06-23,33.93,34.75,33.37,34.65,847423,0
2017-06-26,34.86,34.9,34.2223,34.41,221793,0
2017-06-27,34.4,34.42,33.11,33.2,220557,0
2017-06-28,33.47,34.44,33.175,34.37,273379,0
2017-06-29,34.37,34.45,32.92,33.59,276459,0
2017-06-30,33.49,34.22,33.24,33.91,276837,0
2017-07-03,34.01,34.32,33.746,34.24,68634,0
2017-07-05,34.19,34.26,33.6,33.93,177130,0
2017-07-06,33.8,33.92,33.29,33.67,127852,0
2017-07-07,33.85,34.06,33.66,33.99,103061,0
2017-07-10,33.91,34.02,33.37,33.85,137346,0
2017-07-11,33.87,34.54,33.85,34.21,281481,0
2017-07-12,34.38,34.505,33.91,34.36,133691,0
2017-07-13,34.47,34.74,33.8,34.41,285087,0
2017-07-14,34.41,34.9,34.19,34.5,262830,0
2017-07-17,34.47,34.86,33.9,34.1,169539,0
2017-07-18,34.09,34.3099,33.81,34.03,104768,0
2017-07-19,34.29,34.98,34.14,34.89,234610,0
2017-07-20,35,36.05,34.34,36.04,516817,0
2017-07-21,36.29,36.32,35.75,35.91,271376,0
2017-07-24,35.89,36.4,35.52,35.94,269589,0
2017-07-25,36.18,36.48,35.76,35.82,293555,0
2017-07-26,35.95,36.13,35.61,36.05,194389,0
2017-07-27,36.14,36.59,35.45,36.05,321305,0
2017-07-28,36.05,36.74,36.05,36.41,202269,0
2017-07-31,36.48,36.81,36.2,36.37,219497,0
2017-08-01,36.58,36.58,35.61,35.87,342452,0
2017-08-02,35.92,36.37,35.17,35.57,214655,0
2017-08-03,35.45,35.7,35.12,35.22,326290,0
2017-08-04,34.25,35.41,33.26,35.18,1346387,0
2017-08-07,35.15,36.95,35.15,36.09,445351,0
2017-08-08,36,36.68,34.94,35.16,286746,0
2017-08-09,35.07,35.6,34.59,35.23,351367,0
2017-08-10,35.08,35.08,33.97,34.14,299596,0
2017-08-11,33.15,34.82,32.48,34.51,222401,0
2017-08-14,34.85,35.14,34.76,34.97,167266,0
2017-08-15,34.97,36.27,34.87,36.1,282151,0
2017-08-16,36.11,36.805,35.85,36.21,252441,0
2017-08-17,36.12,36.62,35.4,35.49,210426,0
2017-08-18,35.12,35.59,34.68,34.82,201709,0
2017-08-21,34.8,35.1,34.56,34.89,229428,0
2017-08-22,35.14,35.94,35,35.86,1028968,0
2017-08-23,35.64,36.11,35.44,35.55,112427,0
2017-08-24,35.77,36.17,35.54,36.09,246932,0
2017-08-25,35.96,36.21,35.64,35.81,178722,0
2017-08-28,36.03,36.67,35.9,36.18,225204,0
2017-08-29,35.85,36.34,35.78,36.08,288999,0
2017-08-30,35.96,36.58,35.77,36.1,371004,0
2017-08-31,36.27,37.5,36.27,37.33,268095,0
2017-09-01,37.32,37.32,36.77,37.05,179728,0
2017-09-05,36.9,37.5,36.36,36.39,285212,0
2017-09-06,36.77,37.19,35.64,36.47,217239,0
2017-09-07,36.52,37.71,36.15,37.58,321336,0
2017-09-08,37.54,37.98,36.85,37.64,207981,0
2017-09-11,38,38,37.29,37.64,168376,0
2017-09-12,37.54,38.5,37.355,38.48,327204,0
2017-09-13,38.39,38.4,37.9,38.15,454917,0
2017-09-14,38.09,38.74,37.9,38.11,204288,0
2017-09-15,38.2,38.41,37.85,38.06,385441,0
2017-09-18,38.31,38.52,37.7814,37.87,156851,0
2017-09-19,37.82,37.93,37.4,37.48,289493,0
2017-09-20,37.24,37.93,37.21,37.62,386535,0
2017-09-21,37.7,37.71,37,37.67,179029,0
2017-09-22,37.65,38.47,37.58,38.34,150067,0
2017-09-25,38.6,38.72,38.245,38.55,198362,0
2017-09-26,38.76,38.9,38.33,38.77,212287,0
2017-09-27,38.9,40,38.82,39.97,403889,0
2017-09-28,39.94,40.05,39.54,39.87,260839,0
2017-09-29,39.92,40.6,39.79,40.45,328367,0
2017-10-02,40.47,41.34,40.29,41.31,291403,0
2017-10-03,41.35,41.46,40.535,40.95,356908,0
2017-10-04,40.99,41.15,40.48,40.56,250633,0
2017-10-05,40.66,40.97,40.25,40.48,329058,0
2017-10-06,40.43,40.69,40.35,40.5,149697,0
2017-10-09,40.5,40.74,40.17,40.31,285963,0
2017-10-10,40.5,40.58,40,40.32,266981,0
2017-10-11,40.29,40.67,39.94,40.48,358337,0
2017-10-12,40.47,40.47,39.69,39.88,260557,0
2017-10-13,40.03,40.41,39.77,40.31,217784,0
2017-10-16,40.52,41.13,40.1601,40.57,230374,0
2017-10-17,40.5,40.765,39.99,40.08,171572,0
2017-10-18,40.23,40.48,40.05,40.26,172743,0
2017-10-19,39.85,40.4419,39.541,40.3,205386,0
2017-10-20,40.62,40.95,40.34,40.58,319783,0
2017-10-23,40.59,40.605,40,40.05,250741,0
2017-10-24,40.01,40.495,39.79,40.08,248746,0
2017-10-25,40.06,40.595,39.81,40.09,186721,0
2017-10-26,39.95,40.41,39.84,39.98,164401,0
2017-10-27,40.05,40.67,39.86,40.6,240853,0
2017-10-30,40.9,41.2,40.59,41.01,205283,0
2017-10-31,40.98,41.25,40.39,40.99,319991,0
2017-11-01,41.3,41.32,39.97,40.2,231103,0
2017-11-02,40.36,40.77,39.79,40.05,374295,0
2017-11-03,42.05,44.86,41.87,43.03,1632842,0
2017-11-06,43.49,43.94,42.8,43.26,598105,0
2017-11-07,43.28,43.28,38.13,38.74,617831,0
2017-11-08,38.79,41.49,38.79,40.96,512889,0
2017-11-09,40.8,40.8,39.65,40.57,331393,0
2017-11-10,40.3,40.97,39.8,40.86,247001,0
