2016-01-04,84.778,85.081,83.987,85.051,1735726,0
2016-01-05,85.021,85.987,84.758,85.83,1532224,0
2016-01-06,84.904,85.061,82.637,82.984,2829469,0
2016-01-07,81.452,82.504,80.949,81.266,2180286,0
2016-01-08,81.627,82.31,80.631,80.769,1782638,0
2016-01-11,81.305,81.501,79.441,80.827,2019107,0
2016-01-12,81.452,82.182,81.003,82.144,1471128,0
2016-01-13,82.251,82.719,80.756,81.042,1669614,0
2016-01-14,81.256,82.845,80.817,82.192,2054400,0
2016-01-15,80.448,81.105,79.421,80.309,2201012,0
2016-01-19,81.344,82.047,80.827,81.803,2176602,0
2016-01-20,80.621,81.482,79.009,80.877,2411629,0
2016-01-21,81.344,82.022,79.891,81.236,1887077,0
2016-01-22,82.417,83.772,82.192,83.568,1434640,0
2016-01-25,82.534,83.031,81.306,81.403,2173072,0
2016-01-26,82.3,82.714,81.325,81.52,2137163,0
2016-01-27,81.482,81.745,79.921,80.358,2492806,0
2016-01-28,80.847,82.134,80.837,81.617,1821531,0
2016-01-29,82.027,83.275,81.9,83.139,2120228,0
2016-02-01,82.935,83.801,82.222,83.343,2225844,0
2016-02-02,82.456,83.403,82.456,82.915,1564250,0
2016-02-03,83.246,84.563,81.998,84.32,2417577,0
2016-02-04,83.656,85.479,83.646,84.856,3261746,0
2016-02-05,85.225,88.745,85.216,88.736,4573163,0
2016-02-08,87.587,88.853,85.894,87.41,3942197,0
2016-02-09,85.82,88.521,85.811,88.199,3141269,0
2016-02-10,88.17,88.633,86.133,86.279,2796825,0
2016-02-11,84.631,85.091,83.871,84.593,1905970,0
2016-02-12,85.071,86.182,84.416,86.123,1645449,0
2016-02-16,87.234,88.074,85.958,86.425,2256631,0
2016-02-17,86.777,88.65,86.509,87.839,2008012,0
2016-02-18,87.753,89.136,87.205,88.991,2139206,0
2016-02-19,88.804,89.37,87.916,89.36,1380851,0
2016-02-22,89.691,90.209,89.088,89.448,1133699,0
2016-02-23,89.215,89.721,88.66,89.448,1077478,0
2016-02-24,88.308,89.916,88.074,89.741,946630,0
2016-02-25,90.231,90.7,89.194,90.68,829211,0
2016-02-26,90.914,91.41,89.731,89.81,1051933,0
2016-02-29,89.643,90.172,89.262,89.359,1142531,0
2016-03-01,90.241,90.799,89.801,90.406,1088935,0
2016-03-02,90.142,90.76,89.379,89.869,1612527,0
2016-03-03,89.878,90.406,89.457,90.211,1056541,0
2016-03-04,90.611,91.053,89.81,90.554,1004112,0
2016-03-07,89.927,90.396,89.467,89.652,1045486,0
2016-03-08,89.556,89.976,88.772,89.761,2016648,0
2016-03-09,90.25,91.092,89.806,90.211,996524,0
2016-03-10,90.211,90.7,88.988,89.791,976283,0
2016-03-11,90.857,91.257,90.299,91.102,1084721,0
2016-03-14,91.082,92.52,90.74,91.804,1349188,0
2016-03-15,91.062,92.03,90.984,91.776,1430652,0
2016-03-16,89.82,91.306,89.527,91.102,1674769,0
2016-03-17,91.102,92.101,90.847,91.924,1050549,0
2016-03-18,91.718,92.461,91.198,92.148,2072854,0
2016-03-21,92.207,92.599,91.346,92.099,709623,0
2016-03-22,91.63,91.727,90.601,91.171,1301694,0
2016-03-23,91.472,92.06,91.238,91.366,788931,0
2016-03-24,91.178,91.425,90.66,91.257,635578,0
2016-03-28,91.297,91.874,91.218,91.58,589655,0
2016-03-29,91.68,92.354,91.188,92.138,800885,0
2016-03-30,92.726,92.883,92.314,92.383,874850,0
2016-03-31,92.118,92.627,91.924,92.275,1248148,0
2016-04-01,91.854,93.664,91.62,93.586,1157061,0
2016-04-04,93.734,93.734,92.794,93.44,814121,0
2016-04-05,93.322,93.831,92.852,93.048,759674,0
2016-04-06,93.067,93.655,92.902,93.616,673133,0
2016-04-07,93.039,93.048,91.482,92.501,1524390,0
2016-04-08,92.97,93.332,92.54,93.156,964760,0
2016-04-11,93.664,94.125,93.063,93.196,811587,0
2016-04-12,93.039,93.626,92.471,92.686,1280267,0
2016-04-13,93.196,93.196,92.227,92.481,1198896,0
2016-04-14,92.569,93.245,92.118,92.666,1078360,0
2016-04-15,92.774,92.941,92.05,92.902,1228623,0
2016-04-18,92.852,93.9,92.589,93.714,984043,0
2016-04-19,94.34,94.986,93.986,94.859,1314676,0
2016-04-20,94.759,95.23,94.456,94.485,1214453,0
2016-04-21,93.969,94.174,91.67,91.864,1652854,0
2016-04-22,91.511,91.933,89.976,91.924,2022049,0
2016-04-25,91.511,92.745,91.501,92.676,1483950,0
2016-04-26,92.676,93.811,92.344,93.626,1457279,0
2016-04-27,93.645,94.712,93.41,94.096,1707411,0
2016-04-28,93.606,95.356,93.41,95.024,1520426,0
2016-04-29,94.604,94.759,93.254,93.802,1626395,0
2016-05-02,93.792,95.376,93.616,95.034,2313709,0
2016-05-03,92.197,93.42,91.014,91.277,3599255,0
2016-05-04,90.506,91.406,89.936,91.141,2493721,0
2016-05-05,91.121,92.227,90.964,91.267,1249895,0
2016-05-06,91.161,92.089,90.075,91.963,1824962,0
2016-05-09,92.187,92.98,91.346,91.718,1561231,0
2016-05-10,92.197,93.518,92.138,93.48,1935451,0
2016-05-11,92.98,93.166,92.344,92.882,2102282,0
2016-05-12,93.37,93.792,91.7,92.569,1483593,0
2016-05-13,92.187,92.285,90.386,90.66,1718697,0
2016-05-16,90.72,91.188,90.563,90.789,1027558,0
2016-05-17,90.66,90.969,89.623,90.035,1677341,0
2016-05-18,89.898,90.132,88.185,88.547,1930645,0
2016-05-19,88.098,89.124,87.9,89.046,1688142,0
2016-05-20,89.34,89.34,88.195,88.527,1798150,0
2016-05-23,88.391,89.124,88.195,88.772,1328222,0
2016-05-24,89.34,90.611,88.479,90.152,1603124,0
2016-05-25,90.221,90.75,90.025,90.055,1257484,0
2016-05-26,90.427,90.564,89.75,89.76,1115392,0
2016-05-27,90.103,91.3,89.848,90.31,1477172,0
2016-05-31,90.623,91.026,89.73,90.093,1745535,0
2016-06-01,89.907,91.281,89.681,91.281,1794650,0
2016-06-02,91.036,91.635,90.898,91.486,1038734,0
2016-06-03,91.506,92.15,91.174,91.36,1315053,0
2016-06-06,91.38,91.87,90.927,91.35,1333336,0
2016-06-07,91.635,92.047,91.261,91.41,1187164,0
2016-06-08,91.585,91.81,91.115,91.174,1108697,0
2016-06-09,90.712,91.007,90.162,90.583,1694695,0
2016-06-10,89.829,90.367,89.445,89.868,1710886,0
2016-06-13,90.083,90.583,89.564,89.613,1300078,0
2016-06-14,89.21,90.075,88.572,89.77,1234734,0
2016-06-15,89.838,90.477,89.131,89.338,1099394,0
2016-06-16,89.299,90.182,88.956,90.025,1417541,0
2016-06-17,90.093,90.574,89.661,90.251,1677348,0
2016-06-20,91.145,92.086,90.917,91.37,1721863,0
2016-06-21,91.585,91.969,91.055,91.39,1593502,0
2016-06-22,91.645,92.597,91.34,91.87,1188613,0
2016-06-23,92.322,93.255,92.254,93.206,1593417,0
2016-06-24,90.83,91.165,88.023,88.081,3282295,0
2016-06-27,87.777,87.777,85.51,85.637,2319670,0
2016-06-28,86.766,87.041,85.48,86.569,2523119,0
2016-06-29,87.13,88.317,86.903,88.062,2551521,0
2016-06-30,88.091,89.416,88.003,89.347,2769613,0
2016-07-01,89.574,90.722,89.485,90.132,1569866,0
2016-07-05,89.77,90.467,89.357,89.642,1716952,0
2016-07-06,89.073,89.603,88.651,89.357,1564715,0
2016-07-07,89.328,90.065,89.328,89.868,1132691,0
2016-07-08,90.31,91.459,90.142,91.3,1307024,0
2016-07-11,90.987,91.782,90.957,91.565,855522,0
2016-07-12,91.575,91.87,91.065,91.575,1228529,0
2016-07-13,91.565,91.86,91.232,91.585,885783,0
2016-07-14,91.969,92.547,91.81,92.302,1222345,0
2016-07-15,92.793,93.196,92.41,92.665,1118898,0
2016-07-18,92.656,92.656,91.865,92.244,1223338,0
2016-07-19,91.695,92.037,91.41,91.772,872971,0
2016-07-20,91.772,92.342,91.605,91.782,848000,0
2016-07-21,91.506,91.91,90.937,91.155,1028365,0
2016-07-22,91.35,91.628,91.165,91.516,726184,0
2016-07-25,91.271,91.536,90.791,91.459,751216,0
2016-07-26,91.36,92.322,91.059,91.34,922651,0
2016-07-27,91.33,91.33,90.437,90.712,1111174,0
2016-07-28,90.86,91.174,90.319,90.417,1297540,0
2016-07-29,90.212,91.44,90.212,91.192,1111884,0
2016-08-01,91.105,92.489,91.105,91.714,1207184,0
2016-08-02,92.008,92.311,91.036,91.555,1278141,0
2016-08-03,91.34,92.164,90.967,92.115,1431540,0
2016-08-04,92.066,92.538,91.605,91.959,1744522,0
2016-08-05,91.949,92.459,90.791,91.86,1788594,0
2016-08-08,91.85,91.92,91.4,91.575,1279242,0
2016-08-09,91.772,92.332,91.595,91.625,1008621,0
2016-08-10,91.575,91.695,91.016,91.202,1305258,0
2016-08-11,91.251,91.526,90.075,90.83,2109602,0
2016-08-12,90.937,91.923,90.477,91.39,1491172,0
2016-08-15,91.38,92.096,91.36,91.486,1425777,0
2016-08-16,91.065,91.251,90.261,90.722,1434798,0
2016-08-17,90.937,91.486,90.387,91.31,2047530,0
2016-08-18,91.469,93.628,91.251,93.352,3559066,0
2016-08-19,90.202,91.536,89.387,90.045,5720258,0
2016-08-22,89.22,91.242,88.444,89.7,2796055,0
2016-08-23,89.966,90.574,89.77,89.887,1405390,0
2016-08-24,89.69,89.887,88.532,88.837,2076838,0
2016-08-25,88.896,90.083,88.641,89.554,1445988,0
2016-08-26,89.515,90.122,88.602,89.24,1492425,0
2016-08-29,89.279,89.802,89.22,89.486,962031,0
2016-08-30,89.456,89.604,88.412,88.51,1395033,0
2016-08-31,88.382,88.515,87.407,87.88,2388462,0
2016-09-01,88.077,88.146,87.004,87.605,2029693,0
2016-09-02,88.235,88.639,88.058,88.265,1030875,0
2016-09-06,88.156,88.737,87.364,88.117,1305246,0
2016-09-07,87.762,87.871,86.669,86.876,2311956,0
2016-09-08,86.669,87.2,86.177,86.758,2991271,0
2016-09-09,85.832,86.688,85.537,86.226,3749196,0
2016-09-12,86.216,87.546,85.93,87.427,2421519,0
2016-09-13,86.718,86.914,85.733,86.512,2510980,0
2016-09-14,86.728,87.28,85.97,86.187,1285787,0
2016-09-15,86.245,86.778,85.733,86.53,1501609,0
2016-09-16,86.167,86.698,85.989,86.394,1769451,0
2016-09-19,86.748,87.141,86.048,86.058,1255779,0
2016-09-20,86.521,86.856,85.97,85.979,1252891,0
2016-09-21,86.088,87.004,85.773,86.914,1446337,0
2016-09-22,87.369,87.822,87.083,87.397,1337747,0
2016-09-23,87.054,87.437,86.817,86.817,1299786,0
2016-09-26,86.433,87.359,86.404,86.984,1776127,0
2016-09-27,87.19,88.235,87.034,88.039,1748948,0
2016-09-28,88.097,88.402,86.688,87.113,1589476,0
2016-09-29,87.004,87.16,85.261,85.556,1798179,0
2016-09-30,85.822,87.556,85.822,87.22,1982461,0
2016-10-03,87.073,87.22,86.206,86.738,1238845,0
2016-10-04,87.093,87.123,85.892,86.108,911363,0
2016-10-05,86.138,86.817,86.018,86.62,1293669,0
2016-10-06,86.443,87.397,86.374,86.974,1065026,0
2016-10-07,86.934,87.18,85.94,86.502,775435,0
2016-10-10,86.886,87.113,86.068,86.206,1265638,0
2016-10-11,86.018,86.344,85.684,85.96,1365657,0
2016-10-12,86.197,87.24,85.911,86.846,1384526,0
2016-10-13,86.048,87.19,85.812,86.817,1242896,0
2016-10-14,86.167,87.15,85.857,86.008,2233946,0
2016-10-17,85.882,86.679,85.882,86.216,1320733,0
2016-10-18,86.669,86.758,86.254,86.344,1124736,0
2016-10-19,86.274,86.56,85.892,86.274,1203318,0
2016-10-20,86.098,86.364,84.848,84.994,1749763,0
2016-10-21,84.788,85.31,84.158,85.201,1544193,0
2016-10-24,85.133,85.437,84.906,85.32,1641639,0
2016-10-25,85.429,85.704,84.808,84.877,1274011,0
2016-10-26,84.592,84.936,84.286,84.453,1511023,0
2016-10-27,84.818,84.838,83.99,84.621,1051201,0
2016-10-28,84.828,85.605,84.708,85.103,1441762,0
2016-10-31,85.201,86.394,85.081,85.812,1790101,0
2016-11-01,86.028,86.245,84.517,84.994,2011049,0
2016-11-02,82.01,83.35,79.933,80.365,6929909,0
2016-11-03,80.08,80.199,78.234,78.366,3763220,0
2016-11-04,78.396,79.243,77.815,77.824,1936294,0
2016-11-07,78.859,79.549,78.003,79.342,1703368,0
2016-11-08,79.233,79.795,78.928,79.095,1964049,0
2016-11-09,77.707,79.303,76.565,79.173,2520247,0
2016-11-10,78.947,78.977,76.918,77.027,2891301,0
2016-11-11,76.841,77.796,75.953,77.175,2325690,0
2016-11-14,77.145,77.175,76.022,76.426,2001356,0
2016-11-15,76.987,77.796,76.435,76.574,2883209,0
2016-11-16,76.455,76.629,75.491,75.846,2288642,0
2016-11-17,76.308,77.401,75.677,76.928,2351646,0
2016-11-18,76.682,76.856,76.2,76.239,1737638,0
2016-11-21,76.594,77.037,76.308,76.643,1323055,0
2016-11-22,76.721,76.851,76.288,76.555,1689577,0
2016-11-23,76.435,77.214,76.435,76.604,1223745,0
2016-11-25,76.821,77.588,76.821,77.461,847504,0
2016-11-28,77.322,78.439,77.025,77.589,1579497,0
2016-11-29,77.718,78.182,77.391,77.758,1659794,0
2016-11-30,77.975,78.766,76.828,76.858,2569356,0
2016-12-01,76.59,76.718,74.478,75.086,2201329,0
2016-12-02,75.295,75.888,74.859,75.018,2021110,0
2016-12-05,75.552,76.778,75.175,76.323,2785721,0
2016-12-06,76.571,76.758,76.016,76.62,2520011,0
2016-12-07,76.985,78.152,76.688,77.481,2566352,0
2016-12-08,77.648,78.459,77.451,78.43,2064807,0
2016-12-09,78.549,78.979,78.312,78.845,1636628,0
2016-12-12,78.835,78.845,76.995,77.381,2839594,0
2016-12-13,77.491,78.42,77.491,77.875,2203224,0
2016-12-14,77.935,78.509,76.956,77.115,3135119,0
2016-12-15,77.055,77.688,76.154,76.738,3206300,0
2016-12-16,76.144,76.649,75.205,75.305,4202625,0
2016-12-19,75.739,75.976,75.008,75.452,2440049,0
2016-12-20,75.907,76.808,75.567,76.788,2250377,0
2016-12-21,76.708,77.451,76.541,77.272,1984096,0
2016-12-22,77.529,78.064,76.956,77.925,2327976,0
2016-12-23,77.945,77.98,77.491,77.529,1297152,0
2016-12-27,77.481,77.663,77.154,77.381,1129906,0
2016-12-28,77.242,77.421,76.343,76.383,1225962,0
2016-12-29,76.688,77.03,76.204,76.431,862274,0
2016-12-30,76.471,76.63,75.447,75.659,1250999,0
2017-01-03,76.421,77.124,76.091,76.491,2075342,0
2017-01-04,76.688,78.132,76.659,77.846,1518933,0
2017-01-05,77.342,77.836,76.718,77.748,1521550,0
2017-01-06,77.787,78.637,77.451,78.302,1630258,0
2017-01-09,77.945,78.142,77.262,77.391,1405379,0
2017-01-10,77.549,77.549,76.392,76.511,2491582,0
2017-01-11,75.799,77.509,75.512,77.481,2802473,0
2017-01-12,77.885,78.984,77.252,78.282,3355208,0
2017-01-13,78.123,78.707,77.768,77.935,1928817,0
2017-01-17,78.489,79.468,78.39,78.984,2272443,0
2017-01-18,79.122,79.558,78.36,78.41,1614794,0
2017-01-19,78.37,78.459,77.509,78.035,1739168,0
2017-01-20,78.132,78.924,77.855,78.766,1719646,0
2017-01-23,78.667,78.944,78.262,78.786,1184548,0
2017-01-24,78.914,79.964,78.835,79.914,1288553,0
2017-01-25,80.171,81.165,80.022,81.12,2009535,0
2017-01-26,81.318,82.426,80.755,81.07,2755674,0
2017-01-27,80.695,80.893,79.814,80.081,1194806,0
2017-01-30,80.231,80.231,79.241,79.992,1690878,0
2017-01-31,80.042,80.368,79.438,80.328,1911744,0
2017-02-01,80.022,80.408,78.489,79.054,4785409,0
2017-02-02,82.01,82.407,79.983,81.11,5043363,0
2017-02-03,81.17,82.594,81.051,82.12,3432780,0
2017-02-06,82.09,82.297,81.664,81.921,2137701,0
2017-02-07,82.277,82.841,81.422,82.495,2428845,0
2017-02-08,82.208,82.574,81.308,81.595,2288668,0
2017-02-09,81.477,82.001,81.397,81.764,1551998,0
2017-02-10,81.664,81.843,81.254,81.694,1703273,0
2017-02-13,81.911,82.07,81.536,81.694,1060373,0
2017-02-14,81.457,82.654,81.308,82.347,1684916,0
2017-02-15,82.426,83.029,81.754,82.634,2058162,0
2017-02-16,82.456,82.791,81.624,82.367,1539156,0
2017-02-17,82.772,84.79,82.684,84.077,6534195,0
2017-02-21,84.276,84.78,83.563,83.721,2429159,0
2017-02-22,83.613,84.067,83.118,83.286,1605411,0
2017-02-23,83.683,83.91,82.951,83.108,1518147,0
2017-02-24,83.148,83.277,82.369,83.178,1222919,0
2017-02-27,82.85,83.148,81.936,82.404,1262725,0
2017-02-28,82.433,82.83,82.174,82.284,1562765,0
2017-03-01,82.612,83.655,82.244,83.476,1571345,0
2017-03-02,84.419,84.459,82.234,82.354,3483249,0
2017-03-03,82.224,82.482,81.132,82.384,1381955,0
2017-03-06,81.966,82.572,81.867,82.146,1184744,0
2017-03-07,81.916,82.374,81.788,82.204,1282822,0
2017-03-08,82.274,82.682,82.146,82.364,1134426,0
2017-03-09,82.731,82.771,82.096,82.314,965211,0
2017-03-10,83.635,85.83,83.575,85.194,3621881,0
2017-03-13,84.857,85.283,84.589,84.787,1534029,0
2017-03-14,84.379,84.727,83.883,84.201,1133764,0
2017-03-15,84.171,85.164,84.171,84.747,1422422,0
2017-03-16,84.667,85.085,84.519,84.995,921606,0
2017-03-17,85.125,86.068,84.817,85.373,2253247,0
2017-03-20,85.184,85.959,84.916,85.919,2226152,0
2017-03-21,86.386,86.952,85.8,85.89,2164392,0
2017-03-22,85.79,86.296,85.502,85.939,1235061,0
2017-03-23,85.82,86.644,85.77,85.929,1357363,0
2017-03-24,85.969,86.634,84.727,85.423,1901141,0
2017-03-27,84.906,85.979,84.787,85.234,1793375,0
2017-03-28,84.946,85.542,84.311,85.025,1600170,0
2017-03-29,85.075,85.582,84.747,84.936,1309560,0
2017-03-30,84.837,85.075,84.638,84.757,1379362,0
2017-03-31,84.677,85.224,84.131,84.211,2087850,0
2017-04-03,84.151,84.618,82.771,82.93,2684729,0
2017-04-04,83.764,84.687,83.118,84.479,2710069,0
2017-04-05,84.529,85.82,84.186,84.657,2672630,0
2017-04-06,84.281,85.015,83.715,83.793,1817486,0
2017-04-07,83.784,83.873,83.098,83.575,1103881,0
2017-04-10,83.764,84.409,83.476,84.141,1081997,0
2017-04-11,84.032,84.439,83.585,84.271,1001411,0
2017-04-12,83.793,84.449,83.754,84.34,941236,0
2017-04-13,84.181,84.727,84.121,84.359,1050705,0
2017-04-17,84.509,84.817,84.469,84.777,770237,0
2017-04-18,84.589,85.79,84.261,85.701,2124608,0
2017-04-19,85.75,86.296,84.872,85.035,1518085,0
2017-04-20,85.164,85.84,84.757,85.442,1517293,0
2017-04-21,85.373,85.562,84.429,84.599,1512117,0
2017-04-24,85.124,85.74,84.956,85.403,1321911,0
2017-04-25,85.681,87.121,85.661,86.784,1772653,0
2017-04-26,86.813,87.806,86.674,87.21,2728243,0
2017-04-27,87.121,87.568,86.754,86.823,1614761,0
2017-04-28,86.614,86.972,85.969,86.544,1728815,0
2017-05-01,87.081,87.786,86.506,86.584,1573074,0
2017-05-02,86.515,87.205,86.426,86.882,2673083,0
2017-05-03,89.534,91.282,89.365,90.676,5128908,0
2017-05-04,90.836,91.58,90.15,91.232,2500116,0
2017-05-05,90.756,92.315,90.418,92.226,2100414,0
2017-05-08,91.948,92.315,91.51,91.978,1591356,0
2017-05-09,92.136,92.375,91.65,92.345,2173579,0
2017-05-10,92.812,93.828,92.732,93.437,2584918,0
2017-05-11,93.089,93.209,92.216,92.266,2350381,0
2017-05-12,92.444,92.444,91.739,92.295,1298930,0
2017-05-15,92.345,92.742,91.848,91.978,1825089,0
2017-05-16,92.156,92.315,91.134,91.272,1657678,0
2017-05-17,91.232,92.017,90.468,91.471,2657169,0
2017-05-18,91.332,91.332,90.349,90.756,1951175,0
2017-05-19,90.904,92.196,90.19,91.739,3280453,0
2017-05-22,91.481,92.663,91.481,92.315,1189192,0
2017-05-23,92.583,92.742,91.252,91.362,1769180,0
2017-05-24,91.71,92.49,91.5,92.395,1439855,0
2017-05-25,92.613,93.08,92.395,92.951,1220737,0
2017-05-26,93.05,93.888,92.951,93.399,855594,0
2017-05-30,93.11,93.748,92.552,93.688,1026866,0
2017-05-31,93.688,94.326,93.439,93.838,1264752,0
2017-06-01,94.037,94.267,93.599,94.257,1372408,0
2017-06-02,94.695,95.916,94.496,95.822,2339432,0
2017-06-05,95.672,96.071,95.114,95.991,823512,0
2017-06-06,95.991,96.689,95.542,95.921,1416495,0
2017-06-07,95.851,96.28,95.552,96.2,1204308,0
2017-06-08,96.16,96.2,95.319,95.742,929082,0
2017-06-09,95.682,96.35,95.343,96.041,1210679,0
2017-06-12,96.021,96.24,94.316,95.702,1294412,0
2017-06-13,95.712,96.649,95.373,96.33,1008857,0
2017-06-14,96.45,97.387,96.355,96.848,1082800,0
2017-06-15,96.43,97.466,95.792,97.237,1099988,0
2017-06-16,97.237,97.456,96.37,97.187,1927000,0
2017-06-19,97.287,97.905,97.127,97.875,1256320,0
2017-06-20,97.895,98.084,96.669,96.739,1340105,0
2017-06-21,97.157,97.157,96.18,97.018,1363252,0
2017-06-22,97.087,97.596,96.37,97.167,1282839,0
2017-06-23,97.028,97.107,96.15,96.679,1732680,0
2017-06-26,97.117,97.117,96.141,96.19,1786032,0
2017-06-27,95.981,96.818,95.752,96.101,1497044,0
2017-06-28,96.589,97.396,96.459,96.499,1138164,0
2017-06-29,96.121,96.22,94.386,95.313,2109348,0
2017-06-30,95.652,96.121,95.438,95.672,1286511,0
2017-07-03,95.762,95.971,95.403,95.503,780475,0
2017-07-05,95.473,95.971,95.124,95.413,1440480,0
2017-07-06,95.034,95.293,93.968,94.536,1580539,0
2017-07-07,94.885,94.944,93.748,93.977,1555557,0
2017-07-10,94.007,94.277,93.27,93.968,2581417,0
2017-07-11,94.097,94.127,93.15,93.559,1770508,0
2017-07-12,94.177,94.711,93.878,94.217,1558524,0
2017-07-13,94.446,94.825,94.095,94.426,969347,0
2017-07-14,94.586,95.333,94.376,95.004,955764,0
2017-07-17,94.885,96.559,94.625,95.891,1704564,0
2017-07-18,95.941,96.17,95.612,95.981,1142204,0
2017-07-19,96.15,96.858,95.981,96.629,1068693,0
2017-07-20,96.988,97.526,96.709,96.798,1098059,0
2017-07-21,96.45,97.696,96.45,97.636,1160433,0
2017-07-24,97.506,97.596,96.768,97.436,847653,0
2017-07-25,97.805,98.782,97.656,98.433,2074298,0
2017-07-26,98.433,98.842,97.875,98.603,2046164,0
2017-07-27,98.922,99.241,98.024,99.211,1704883,0
2017-07-28,98.981,99.191,98.254,98.682,1537069,0
2017-07-31,98.941,99.5,98.214,98.672,2242873,0
2017-08-01,98.652,98.922,98.029,98.294,1597165,0
2017-08-02,97.925,98.483,97.257,98.174,1711674,0
2017-08-03,98.114,98.463,97.795,97.855,1049677,0
2017-08-04,97.945,98.503,97.696,98.264,1017070,0
2017-08-07,98.124,100.7,98.015,100.21,2233320,0
2017-08-08,100.02,101.08,99.74,100.74,2135765,0
2017-08-09,100.53,104.16,100.36,103.44,7547585,0
2017-08-10,102.69,104.04,100.9,101.36,4775328,0
2017-08-11,101.57,102,98.692,99.33,3603943,0
2017-08-14,99.77,101.46,99.69,100.81,2688178,0
2017-08-15,101.15,101.31,100.2,100.72,1707911,0
2017-08-16,100.55,101.67,100.13,100.75,2040487,0
2017-08-17,100.83,100.97,97.845,98.005,4475219,0
2017-08-18,102.48,106.11,101.67,105.58,8934570,0
2017-08-21,105.05,106.64,104.71,106.14,3529634,0
2017-08-22,106.75,107.56,104.55,104.87,4674536,0
2017-08-23,104.66,105.11,103.68,104.11,3211551,0
2017-08-24,104.45,105.82,104.19,105.67,2519081,0
2017-08-25,104.92,106.81,104.58,106.16,3180678,0
2017-08-28,104.66,106.47,103.97,105.62,3851038,0
2017-08-29,105.56,106.5,105.2,105.7,1822334,0
2017-08-30,105.65,106.41,105.16,105.66,1805047,0
2017-08-31,106,107.09,105.67,106.99,2080583,0
2017-09-01,107,108.175,106.72,107.93,2360555,0
2017-09-05,107.46,108.35,107.39,107.95,1633053,0
2017-09-06,108.31,108.6,106.86,108.07,1520419,0
2017-09-07,108.56,108.74,107.548,108.23,1467889,0
2017-09-08,108.2,108.85,107.725,108.81,1387934,0
2017-09-11,109.18,109.835,108.64,108.74,2543955,0
2017-09-12,108.54,109.6,108.54,108.9,2438709,0
2017-09-13,109.3,109.97,109.18,109.66,1302857,0
2017-09-14,109.41,110.03,109.048,110.01,1227904,0
2017-09-15,110.37,110.99,109.15,109.69,1896840,0
2017-09-18,110.04,110.31,109.705,110.27,948881,0
2017-09-19,110.27,110.43,109.99,110.35,1061889,0
2017-09-20,110.37,110.87,109.44,110.23,1425163,0
2017-09-21,109.96,110.11,108.19,108.25,1347156,0
2017-09-22,108.63,109.16,107.3,107.58,2173326,0
2017-09-25,107.79,108.36,107.624,107.98,2025020,0
2017-09-26,108.01,108.29,107.2,107.96,2833237,0
2017-09-27,108.1,108.76,107.43,108.52,1219425,0
2017-09-28,108.3,108.54,106,106.35,2542181,0
2017-09-29,106.76,108.16,106.3,107.84,2531127,0
2017-10-02,108.26,108.84,107.79,108.2,1151841,0
2017-10-03,108.27,108.89,108.268,108.45,1317682,0
2017-10-04,109.05,110.75,108.69,109.94,1860725,0
2017-10-05,109.9,110.55,109.81,110.02,1081962,0
2017-10-06,109.72,110.2,109.34,109.74,1211998,0
2017-10-09,109.74,110.06,109.36,109.63,1228200,0
2017-10-10,109.98,110.26,109.15,109.59,852052,0
2017-10-11,109.84,110.17,109.53,109.73,1029667,0
2017-10-12,109.58,109.87,109.19,109.49,1791642,0
2017-10-13,109.86,111.75,109.55,111,1676274,0
2017-10-16,111.75,111.79,110.36,111.28,1243441,0
2017-10-17,111.01,111.28,110.04,110.51,1238941,0
2017-10-18,110.69,110.834,109.2,109.98,1447678,0
2017-10-19,109.46,109.77,108.91,109.7,1822323,0
2017-10-20,109.47,109.76,108.25,108.8,1927107,0
2017-10-23,108.98,109.78,108.58,109.07,1260165,0
2017-10-24,108.81,110.27,108.74,110.24,1346684,0
2017-10-25,110.29,111.21,110.01,111.12,1948597,0
2017-10-26,111.16,112.49,111.16,111.79,1633974,0
2017-10-27,111.33,111.91,110.46,111.87,1644099,0
2017-10-30,111.73,111.83,109.75,110.85,1838274,0
2017-10-31,111.15,112.27,110.52,111.81,2254850,0
2017-11-01,120.15,124.8,117.14,122.12,7620402,0
2017-11-02,121.67,122.5,118.82,120.15,4197621,0
2017-11-03,120.43,122,119.813,121.71,2219327,0
2017-11-06,121.42,121.75,120.47,121.12,1331662,0
2017-11-07,120.63,122.29,120.63,122.22,1299153,0
2017-11-08,122.5,124,122.5,123.08,2227903,0
2017-11-09,122.67,124.2,122,123.78,1855594,0
2017-11-10,123.82,125.29,123.73,124.61,1859198,0
