2016-01-04,9.68,9.89,9.59,9.83,599531,0
2016-01-05,9.86,10.04,9.8,9.97,350785,0
2016-01-06,9.84,9.946,9.6,9.71,636418,0
2016-01-07,9.58,9.74,9.35,9.52,634255,0
2016-01-08,9.51,9.67,9.28,9.38,393507,0
2016-01-11,9.51,9.6,9.3,9.5,815696,0
2016-01-12,9.55,9.9689,9.27,9.67,615527,0
2016-01-13,9.68,9.81,8.93,9.01,783167,0
2016-01-14,9.09,9.2,8.65,9.09,471539,0
2016-01-15,8.81,8.86,8.54,8.73,685431,0
2016-01-19,8.85,8.88,8.22,8.37,1095800,0
2016-01-20,8.23,8.47,7.65,8.19,1198215,0
2016-01-21,8.24,8.35,7.99,8.04,797170,0
2016-01-22,8.16,9.58,7.545,7.75,2552346,0
2016-01-25,7.74,7.87,7.59,7.66,1941830,0
2016-01-26,7.72,7.84,7.52,7.76,688131,0
2016-01-27,7.72,7.97,7.63,7.84,1042994,0
2016-01-28,7.89,8.9,7.15,7.23,703268,0
2016-01-29,7.23,7.36,7.05,7.13,535058,0
2016-02-01,7.04,7.37,6.89,7.28,2062228,0
2016-02-02,7.28,7.37,6.97,7.3,647369,0
2016-02-03,7.4,7.63,7.205,7.42,779128,0
2016-02-04,7.43,7.62,7.1,7.53,1623311,0
2016-02-05,7.53,7.675,7.23,7.25,690175,0
2016-02-08,7.15,7.23,6.57,6.66,1035131,0
2016-02-09,6.6,6.92,6.505,6.89,4729557,0
2016-02-10,6.91,7.205,6.75,7.09,1405166,0
2016-02-11,6.94,7,6.625,6.79,692944,0
2016-02-12,6.89,6.93,6.67,6.92,587906,0
2016-02-16,6.97,7.22,6.93,7.11,751560,0
2016-02-17,7.18,7.34,7.14,7.17,473363,0
2016-02-18,7.12,7.19,6.99,7.14,565752,0
2016-02-19,7.12,7.435,7,7.375,558121,0
2016-02-22,7.33,7.56,7.25,7.53,1136965,0
2016-02-23,7.5,7.82,7.19,7.5,1653216,0
2016-02-24,7.39,8.07,7.37,8.02,1331696,0
2016-02-25,8.16,8.3,7.95,8.11,930908,0
2016-02-26,8.12,8.66,8.025,8.59,685228,0
2016-02-29,8.53,8.75,8.5,8.62,858204,0
2016-03-01,8.7,8.83,8.57,8.71,568468,0
2016-03-02,8.68,8.92,8.64,8.88,272823,0
2016-03-03,8.84,8.94,8.715,8.84,467590,0
2016-03-04,8.88,9.24,8.81,9.2,759038,0
2016-03-07,9.12,9.58,9.12,9.4,970016,0
2016-03-08,9.38,9.515,9.28,9.31,726660,0
2016-03-09,9.31,9.39,8.82,8.83,620447,0
2016-03-10,8.84,8.93,8.55,8.63,886117,0
2016-03-11,8.74,9,8.68,8.9,419459,0
2016-03-14,8.9,9.08,8.73,8.9,444801,0
2016-03-15,8.79,8.98,8.535,8.61,773783,0
2016-03-16,8.53,8.56,8.31,8.45,483950,0
2016-03-17,8.43,8.75,8.23,8.39,698362,0
2016-03-18,8.46,8.66,8.37,8.53,1403580,0
2016-03-21,8.55,8.71,8.35,8.45,365978,0
2016-03-22,8.39,8.73,8.32,8.72,450446,0
2016-03-23,8.71,8.98,8.2,8.24,809470,0
2016-03-24,8.23,8.28,7.92,8.07,713576,0
2016-03-28,8.09,8.18,7.95,7.95,391944,0
2016-03-29,7.9,8.49,7.8,8.45,523140,0
2016-03-30,8.48,8.61,8.27,8.3,445713,0
2016-03-31,8.28,8.5,8.27,8.36,362578,0
2016-04-01,8.33,8.53,8.125,8.51,621822,0
2016-04-04,8.6,8.83,8.54,8.65,505170,0
2016-04-05,8.56,8.75,8.47,8.74,601418,0
2016-04-06,8.72,8.92,8.63,8.9,388263,0
2016-04-07,8.87,9.05,8.61,8.765,506685,0
2016-04-08,8.84,9.08,8.76,9.02,611941,0
2016-04-11,9.09,9.17,8.9,8.93,688554,0
2016-04-12,8.95,9.06,8.84,8.99,391419,0
2016-04-13,9.2,9.69,9.03,9.58,1365397,0
2016-04-14,9.56,9.9,9.52,9.89,632568,0
2016-04-15,9.85,10.45,9.81,10.26,1682785,0
2016-04-18,10.23,10.69,10.13,10.64,797006,0
2016-04-19,10.61,10.87,10.56,10.63,1015797,0
2016-04-20,10.68,10.83,10.5,10.71,521654,0
2016-04-21,10.67,11.2,10.67,11.06,1563007,0
2016-04-22,11.04,11.39,11.02,11.39,806785,0
2016-04-25,11.32,11.61,11.29,11.43,932674,0
2016-04-26,11.47,11.47,11.02,11.24,1192943,0
2016-04-27,11.21,12.09,11.19,11.56,2628438,0
2016-04-28,11.6,11.93,11.46,11.49,1037267,0
2016-04-29,11.42,11.5,10.98,11.22,499961,0
2016-05-02,11.29,11.51,11.07,11.5,654162,0
2016-05-03,11.39,11.45,10.99,11.16,423818,0
2016-05-04,11.1,11.12,10.86,11.04,423211,0
2016-05-05,11.02,11.23,10.96,11.21,742240,0
2016-05-06,11.14,11.45,11.1,11.3,1108964,0
2016-05-09,11.34,11.65,11.1901,11.48,1552731,0
2016-05-10,11.8,11.95,11.24,11.73,1415917,0
2016-05-11,11.7,11.87,11.38,11.4,1419368,0
2016-05-12,11.43,11.43,10.87,11.115,1123758,0
2016-05-13,11.05,11.46,10.98,11.34,984240,0
2016-05-16,11.42,11.81,11.34,11.54,933530,0
2016-05-17,11.49,11.95,11.49,11.76,1872828,0
2016-05-18,11.65,12,11.65,11.99,1577084,0
2016-05-19,11.92,12.12,11.8675,12,1872330,0
2016-05-20,12.07,12.26,11.98,12.26,865672,0
2016-05-23,12.24,12.4,11.84,11.87,1158794,0
2016-05-24,11.93,12.06,11.81,12.025,963341,0
2016-05-25,12.04,12.59,12.04,12.32,1506586,0
2016-05-26,12.39,12.93,12.33,12.73,2320015,0
2016-05-27,12.72,13.08,12.315,12.97,1406301,0
2016-05-31,13.04,13.06,12.39,12.665,1368487,0
2016-06-01,12.55,12.98,12.55,12.69,1673781,0
2016-06-02,12.82,13.1,12.7,13.06,1171126,0
2016-06-03,13,13.12,12.63,12.76,2750966,0
2016-06-06,12.75,13.19,12.72,12.97,2061533,0
2016-06-07,12.88,13.02,12.84,12.86,1136738,0
2016-06-08,12.89,13.145,12.8,12.9,897080,0
2016-06-09,12.93,13.15,12.64,12.71,1521664,0
2016-06-10,12.62,13,12.47,12.68,966278,0
2016-06-13,13,13.6,12.87,12.88,1870359,0
2016-06-14,12.83,13.01,12.55,12.72,867240,0
2016-06-15,12.71,12.88,12.42,12.7,1363023,0
2016-06-16,12.66,12.79,12.26,12.64,1373870,0
2016-06-17,12.65,12.69,12.41,12.455,1274737,0
2016-06-20,12.6,12.695,12.45,12.46,901738,0
2016-06-21,12.51,12.51,12.15,12.39,656209,0
2016-06-22,12.37,12.59,12.23,12.415,687142,0
2016-06-23,12.54,12.84,12.5,12.8,923135,0
2016-06-24,12.34,12.62,12.25,12.38,912920,0
2016-06-27,12.33,12.35,11.54,11.63,1352411,0
2016-06-28,11.73,11.96,11.63,11.91,1025768,0
2016-06-29,12.09,12.505,11.98,12.35,976733,0
2016-06-30,12.35,12.46,12.165,12.46,744819,0
2016-07-01,12.43,12.655,12.36,12.56,949983,0
2016-07-05,12.62,12.9,12.41,12.83,808972,0
2016-07-06,12.82,13.255,12.78,13.15,556460,0
2016-07-07,13.64,14.3,13.52,13.7,2007000,0
2016-07-08,13.76,14.27,13.73,14.24,1215598,0
2016-07-11,14.25,14.3,13.88,14.07,833212,0
2016-07-12,14.03,14.495,13.81,13.85,1365759,0
2016-07-13,13.98,14.03,13.715,13.92,1044937,0
2016-07-14,14.14,14.14,13.78,13.98,536855,0
2016-07-15,14.08,14.1,13.87,13.88,797468,0
2016-07-18,13.88,13.97,13.63,13.75,963862,0
2016-07-19,13.69,13.75,13.43,13.57,588836,0
2016-07-20,13.66,14,13.61,13.87,554551,0
2016-07-21,13.88,13.98,13.66,13.785,287111,0
2016-07-22,13.83,14.01,13.435,14,425693,0
2016-07-25,14,14.04,13.74,13.81,537624,0
2016-07-26,13.81,14.19,13.77,14.1,291159,0
2016-07-27,14.14,14.39,14.05,14.2,808266,0
2016-07-28,14.19,14.41,14.02,14.27,1149644,0
2016-07-29,14.25,14.35,14.055,14.11,1963274,0
2016-08-01,14.15,14.15,13.84,13.88,1317076,0
2016-08-02,13.88,13.96,13.67,13.75,868783,0
2016-08-03,12,12.48,11.78,11.985,7775172,0
2016-08-04,12.01,12.49,11.995,12.24,1813210,0
2016-08-05,12.31,12.54,12.27,12.33,1191861,0
2016-08-08,12.39,12.44,12.11,12.19,454686,0
2016-08-09,12.25,12.3,12.14,12.21,780452,0
2016-08-10,12.18,12.24,11.86,11.93,662823,0
2016-08-11,12.05,12.23,11.615,11.75,919191,0
2016-08-12,11.78,11.87,11.59,11.6,653059,0
2016-08-15,11.56,11.82,11.55,11.76,553385,0
2016-08-16,11.78,11.88,11.61,11.64,674553,0
2016-08-17,11.62,11.8015,11.49,11.6,545966,0
2016-08-18,11.57,11.86,11.36,11.85,789830,0
2016-08-19,11.82,11.92,11.62,11.68,535067,0
2016-08-22,11.62,12.01,11.331,11.95,750865,0
2016-08-23,11.99,12.24,11.89,11.94,530605,0
2016-08-24,11.95,12.12,11.54,11.55,592264,0
2016-08-25,11.61,11.72,11.42,11.55,434616,0
2016-08-26,11.53,11.9,11.4,11.63,379820,0
2016-08-29,11.68,12.07,11.64,12.05,758012,0
2016-08-30,12.01,12.28,12.01,12.14,463215,0
2016-08-31,12.16,12.24,11.94,12.16,709131,0
2016-09-01,12.16,12.3,12.11,12.22,587263,0
2016-09-02,12.22,12.32,12.04,12.22,482657,0
2016-09-06,12.05,12.37,12,12.36,1238360,0
2016-09-07,12.29,12.61,12.24,12.6,559574,0
2016-09-08,12.54,12.83,12.34,12.77,459428,0
2016-09-09,12.62,12.7,12.26,12.29,623814,0
2016-09-12,12.21,12.66,12.21,12.66,456824,0
2016-09-13,12.57,12.68,12.28,12.48,581596,0
2016-09-14,12.5,12.57,12.32,12.35,440675,0
2016-09-15,12.36,12.79,12.31,12.68,351595,0
2016-09-16,12.71,12.945,12.52,12.88,885165,0
2016-09-19,12.95,13.145,12.75,12.79,451182,0
2016-09-20,12.91,13.1,12.75,12.89,814353,0
2016-09-21,12.9,13.05,12.7,13.04,877559,0
2016-09-22,13.12,13.3,12.93,13.2,649732,0
2016-09-23,13.14,13.18,12.73,12.74,1506973,0
2016-09-26,12.59,12.87,12.14,12.73,424075,0
2016-09-27,12.55,12.99,12.03,12.92,352204,0
2016-09-28,12.99,13.1,12.7,12.93,1226088,0
2016-09-29,12.95,12.95,12.365,12.39,364324,0
2016-09-30,12.43,12.8699,12.4,12.8,493249,0
2016-10-03,12.66,12.945,12.5,12.8,789007,0
2016-10-04,12.79,12.91,12.69,12.78,299270,0
2016-10-05,12.78,13.25,12.74,13.1,1145700,0
2016-10-06,13.03,13.19,12.78,13.12,498008,0
2016-10-07,13,13.07,12.64,12.87,463899,0
2016-10-10,12.88,13.235,12.74,13.21,354260,0
2016-10-11,13.14,13.17,12.39,12.47,485807,0
2016-10-12,11.99,12.55,11.99,12.34,1135512,0
2016-10-13,12.24,12.36,12.16,12.25,249018,0
2016-10-14,12.33,12.33,11.98,11.98,294298,0
2016-10-17,11.9,12.17,11.75,12.15,349462,0
2016-10-18,12.33,12.51,12.16,12.48,432065,0
2016-10-19,12.53,12.53,12.215,12.41,936204,0
2016-10-20,12.35,12.56,12.29,12.53,368290,0
2016-10-21,12.41,12.59,12.35,12.47,461694,0
2016-10-24,12.55,12.74,12.41,12.49,553051,0
2016-10-25,12.5,12.5,11.785,11.92,512935,0
2016-10-26,11.84,11.84,11.19,11.34,783876,0
2016-10-27,11.41,11.63,11.25,11.52,2044980,0
2016-10-28,11.48,11.855,10.58,10.64,2146975,0
2016-10-31,10.66,10.83,10.38,10.46,1461872,0
2016-11-01,10.49,10.545,9.78,9.9,3821563,0
2016-11-02,10.53,10.54,9.14,9.15,2216448,0
2016-11-03,9.15,9.37,8.54,8.54,1401140,0
2016-11-04,8.64,8.99,8.59,8.66,3354015,0
2016-11-07,8.63,8.94,8.57,8.92,2838998,0
2016-11-08,8.93,9.53,8.78,9.39,1590288,0
2016-11-09,9.39,9.62,9.06,9.58,1147724,0
2016-11-10,9.83,10.085,9.51,9.88,1304685,0
2016-11-11,9.84,10.35,9.84,10.21,1521545,0
2016-11-14,10.31,10.36,9.81,9.89,1053026,0
2016-11-15,9.89,9.95,9.6,9.84,1015938,0
2016-11-16,6.61,7.86,6.22,7.82,12147643,0
2016-11-17,7.68,7.825,7.27,7.81,4374787,0
2016-11-18,7.84,7.84,7.45,7.69,4386388,0
2016-11-21,7.77,7.77,7.43,7.57,1501349,0
2016-11-22,7.5,7.65,7.26,7.53,2004231,0
2016-11-23,7.47,7.865,7.42,7.85,841115,0
2016-11-25,7.9,7.91,7.55,7.6,328482,0
2016-11-28,7.54,7.755,7.4,7.45,848757,0
2016-11-29,7.45,7.52,7.24,7.29,876656,0
2016-11-30,7.28,7.37,7.1,7.35,1547438,0
2016-12-01,7.32,7.43,6.91,6.91,1570853,0
2016-12-02,6.9,7.1,6.8,7.05,2204435,0
2016-12-05,7.14,7.17,6.955,7,818992,0
2016-12-06,7.02,7.06,6.76,6.88,1475338,0
2016-12-07,6.81,6.95,6.54,6.63,1772898,0
2016-12-08,6.63,6.78,6.56,6.75,1511615,0
2016-12-09,6.77,6.88,6.68,6.87,1010824,0
2016-12-12,6.82,6.95,6.8,6.89,947664,0
2016-12-13,5.98,6.5,5.76,6.49,7498331,0
2016-12-14,6.51,6.77,6.29,6.69,1320116,0
2016-12-15,6.71,6.79,6.51,6.7,874597,0
2016-12-16,6.93,7.4,6.93,7,2027437,0
2016-12-19,7.02,7.31,7.01,7.14,933202,0
2016-12-20,7.14,7.25,7.04,7.225,568607,0
2016-12-21,7.22,7.27,7.01,7.07,886469,0
2016-12-22,7.08,7.11,6.9301,7.075,712210,0
2016-12-23,7.08,7.2,6.95,7.18,293365,0
2016-12-27,6.14,6.53,5.26,5.27,9155763,0
2016-12-28,5.51,5.53,4.78,5.33,8042157,0
2016-12-29,5.62,6.45,5.33,5.92,10768950,0
2016-12-30,5.86,6.07,5.631,5.72,3721427,0
2017-01-03,5.82,5.92,5.47,5.51,3252311,0
2017-01-04,5.54,5.94,5.45,5.78,2965195,0
2017-01-05,5.75,6.27,5.69,6.19,3458136,0
2017-01-06,6.11,6.14,5.7,5.705,2698800,0
2017-01-09,5.71,6.08,5.6702,6.02,1834919,0
2017-01-10,6.05,6.08,5.91,6.05,1609841,0
2017-01-11,6.04,6.125,5.761,5.99,1757109,0
2017-01-12,6,6.54,5.91,6.45,3346443,0
2017-01-13,6.45,6.67,6.25,6.49,2205800,0
2017-01-17,6.46,6.9,6.24,6.35,2537520,0
2017-01-18,6.39,6.48,6.22,6.4,1775067,0
2017-01-19,6.37,6.46,6.16,6.19,1261581,0
2017-01-20,6.18,6.25,6,6.1,925843,0
2017-01-23,6.03,6.17,5.92,6.14,989219,0
2017-01-24,6.2,6.38,5.96,6.18,1550519,0
2017-01-25,6.16,6.915,6.14,6.87,4470970,0
2017-01-26,6.75,6.84,6.6,6.68,2226870,0
2017-01-27,6.72,6.87,6.55,6.75,1567797,0
2017-01-30,6.71,6.71,6.37,6.54,2240206,0
2017-01-31,6.5,6.94,6.37,6.86,1894205,0
2017-02-01,6.9,7.14,6.76,7.01,1815803,0
2017-02-02,6.92,7.035,6.83,6.85,1484654,0
2017-02-03,6.87,6.96,6.75,6.92,528361,0
2017-02-06,6.93,7.07,6.855,7.02,931845,0
2017-02-07,7.02,7.04,6.85,7.04,1515501,0
2017-02-08,6.94,7.01,6.871,6.99,1004508,0
2017-02-09,6.98,7.005,6.848,6.9,718951,0
2017-02-10,6.96,7.0199,6.85,6.9,662859,0
2017-02-13,6.96,7.03,6.74,6.76,849274,0
2017-02-14,6.75,6.9,6.6,6.77,729742,0
2017-02-15,6.77,6.91,6.67,6.74,2546213,0
2017-02-16,6.74,6.98,6.645,6.885,2000023,0
2017-02-17,6.9,6.96,6.73,6.76,2490696,0
2017-02-21,6.79,6.87,6.44,6.49,3139471,0
2017-02-22,6.47,6.85,6.47,6.53,3135867,0
2017-02-23,5.87,6.58,5.58,6.275,2853400,0
2017-02-24,6.21,6.7,6.21,6.45,1965704,0
2017-02-27,6.41,6.86,6.41,6.69,1380220,0
2017-02-28,6.65,6.69,6.5,6.61,908166,0
2017-03-01,6.72,6.91,6.67,6.89,1474313,0
2017-03-02,6.9,7.12,6.86,7.03,1263843,0
2017-03-03,7,7.07,6.78,6.83,654339,0
2017-03-06,6.78,6.8,6.52,6.54,1087601,0
2017-03-07,6.5,6.54,6.32,6.43,744087,0
2017-03-08,6.45,6.58,6.39,6.46,733753,0
2017-03-09,6.47,6.525,6.37,6.52,813120,0
2017-03-10,6.54,6.685,6.49,6.615,832185,0
2017-03-13,6.67,6.745,6.5701,6.66,1070866,0
2017-03-14,6.64,6.65,6.41,6.44,834466,0
2017-03-15,6.44,6.53,6.44,6.48,702397,0
2017-03-16,6.48,6.86,6.33,6.84,2933216,0
2017-03-17,6.78,7.1,6.78,7.06,1573126,0
2017-03-20,7.05,7.3,7.0009,7.12,1420328,0
2017-03-21,7.12,7.205,6.66,6.67,1303307,0
2017-03-22,6.66,6.68,6.45,6.51,835543,0
2017-03-23,6.54,6.74,6.48,6.64,693257,0
2017-03-24,6.67,6.94,6.62,6.93,765163,0
2017-03-27,6.88,7.04,6.71,7.01,667457,0
2017-03-28,6.99,7.11,6.91,7.08,892657,0
2017-03-29,7.08,7.19,6.99,7.065,696643,0
2017-03-30,7.07,7.12,6.92,7.12,708581,0
2017-03-31,7.13,7.44,7.08,7.24,1203288,0
2017-04-03,7.28,7.36,7.11,7.18,1109122,0
2017-04-04,7.14,7.18,6.62,6.66,1073427,0
2017-04-05,6.78,7.18,6.68,6.72,1553525,0
2017-04-06,6.75,6.78,6.49,6.76,1060095,0
2017-04-07,6.73,6.73,6.56,6.65,669709,0
2017-04-10,6.67,6.7,6.5,6.5,719118,0
2017-04-11,6.5,6.72,6.47,6.52,1617121,0
2017-04-12,6.52,6.61,6.32,6.36,1034143,0
2017-04-13,6.33,6.41,6.21,6.31,958221,0
2017-04-17,6.32,6.49,6.32,6.48,1629013,0
2017-04-18,6.46,6.54,6.26,6.46,1323603,0
2017-04-19,6.45,6.75,6.44,6.54,2415383,0
2017-04-20,6.58,6.81,6.51,6.8,1170575,0
2017-04-21,6.79,6.97,6.619,6.93,2015697,0
2017-04-24,6.97,7.09,6.89,6.96,1054922,0
2017-04-25,6.99,7.281,6.99,7.2,1459002,0
2017-04-26,7.2,7.48,7.12,7.39,2060347,0
2017-04-27,7.4,7.535,7.33,7.47,1175600,0
2017-04-28,7.48,7.52,7.37,7.49,656942,0
2017-05-01,7.49,7.66,7.39,7.59,1852402,0
2017-05-02,7.59,7.63,7.39,7.42,953786,0
2017-05-03,7.37,7.4,7.12,7.38,983728,0
2017-05-04,7.41,7.49,7.21,7.36,1091865,0
2017-05-05,7.58,7.65,7.28,7.47,3118080,0
2017-05-08,7.45,7.49,6.96,6.97,1562048,0
2017-05-09,6.95,7.21,6.84,7.205,1000208,0
2017-05-10,7.19,7.33,7.11,7.33,679097,0
2017-05-11,7.3,7.45,7.05,7.1,592123,0
2017-05-12,7.08,7.17,6.98,6.99,552466,0
2017-05-15,7.02,7.135,6.87,6.89,1452257,0
2017-05-16,6.86,6.92,6.71,6.8,1030304,0
2017-05-17,6.69,6.81,6.6,6.73,916061,0
2017-05-18,4.8,4.99,4.205,4.26,13888944,0
2017-05-19,4.32,4.505,4.255,4.43,4750154,0
2017-05-22,4.46,4.71,4.31,4.56,3405508,0
2017-05-23,4.62,4.83,4.55,4.8,3012642,0
2017-05-24,4.79,5.01,4.75,4.94,3729491,0
2017-05-25,4.99,5.05,4.74,4.78,1558613,0
2017-05-26,4.8,4.8,4.7,4.73,583608,0
2017-05-30,4.73,4.74,4.43,4.61,1629465,0
2017-05-31,4.64,4.84,4.6399,4.82,1337084,0
2017-06-01,4.79,5.12,4.65,5.01,2134006,0
2017-06-02,5.03,5.13,4.9,4.95,1569962,0
2017-06-05,4.97,5,4.56,4.67,1812032,0
2017-06-06,4.68,4.85,4.64,4.77,1081891,0
2017-06-07,4.78,4.88,4.64,4.72,914580,0
2017-06-08,4.7,4.97,4.67,4.95,636041,0
2017-06-09,4.95,5.02,4.809,4.87,713730,0
2017-06-12,4.88,5.01,4.83,5.01,1074019,0
2017-06-13,5.01,5.02,4.85,4.92,709593,0
2017-06-14,4.93,4.97,4.67,4.74,1495034,0
2017-06-15,4.72,4.83,4.6501,4.67,427609,0
2017-06-16,4.63,4.67,4.5507,4.64,1171648,0
2017-06-19,4.65,4.87,4.62,4.83,1007263,0
2017-06-20,4.84,4.84,4.62,4.62,505467,0
2017-06-21,4.64,4.795,4.63,4.68,891048,0
2017-06-22,4.69,4.81,4.69,4.74,627637,0
2017-06-23,4.73,4.79,4.68,4.74,700243,0
2017-06-26,4.76,5.05,4.75,5.03,952440,0
2017-06-27,5.01,5.45,5.01,5.1,1858300,0
2017-06-28,5.12,5.12,4.95,4.98,671666,0
2017-06-29,4.99,5.06,4.85,4.98,609845,0
2017-06-30,4.99,5.04,4.84,4.86,459520,0
2017-07-03,4.89,5.06,4.85,5.04,394119,0
2017-07-05,5.04,5.095,4.91,4.93,499609,0
2017-07-06,4.91,4.91,4.76,4.79,645312,0
2017-07-07,4.79,4.87,4.75,4.81,439180,0
2017-07-10,4.81,4.93,4.72,4.84,460011,0
2017-07-11,4.86,4.97,4.8,4.89,610267,0
2017-07-12,4.91,5.02,4.86,4.92,318389,0
2017-07-13,4.91,5.03,4.88,4.96,530170,0
2017-07-14,4.96,5.08,4.85,4.88,639616,0
2017-07-17,4.87,5.18,4.86,4.97,807254,0
2017-07-18,4.95,5.05,4.89,5.05,357105,0
2017-07-19,5.04,5.24,4.95,5.1,971780,0
2017-07-20,5.11,5.18,5.04,5.11,371798,0
2017-07-21,5.16,5.17,5.01,5.02,780422,0
2017-07-24,5.02,5.07,4.86,5.03,459549,0
2017-07-25,5.07,5.345,4.97,5.31,1018925,0
2017-07-26,5.3,5.37,5.14,5.16,503470,0
2017-07-27,5.18,5.32,4.95,4.99,406791,0
2017-07-28,4.99,5.105,4.9384,5.07,381627,0
2017-07-31,5.11,5.12,4.88,4.89,567847,0
2017-08-01,4.9,4.91,4.585,4.71,3093118,0
2017-08-02,4.7,4.89,4.63,4.86,1192230,0
2017-08-03,5.09,5.2,4.34,4.35,2638921,0
2017-08-04,4.4,4.43,4.17,4.175,2019164,0
2017-08-07,4.16,4.27,4.08,4.16,1388364,0
2017-08-08,4.25,4.34,4.13,4.31,1427123,0
2017-08-09,4.3,4.36,4.24,4.29,1142736,0
2017-08-10,4.25,4.31,4.14,4.17,515062,0
2017-08-11,4.17,4.3,4.11,4.28,680231,0
2017-08-14,4.3,4.335,4.19,4.28,716910,0
2017-08-15,4.28,4.38,4.23,4.305,739052,0
2017-08-16,4.3,4.42,4.3,4.37,688470,0
2017-08-17,4.37,4.43,4.24,4.26,420350,0
2017-08-18,4.22,4.31,4.16,4.26,715241,0
2017-08-21,4.25,4.335,4.175,4.205,548372,0
2017-08-22,4.2,4.26,4.17,4.205,552692,0
2017-08-23,4.2,4.28,4.1,4.23,653903,0
2017-08-24,4.24,4.31,4.195,4.28,359636,0
2017-08-25,4.29,4.3,4.15,4.22,970277,0
2017-08-28,4.22,4.34,4.15,4.33,651914,0
2017-08-29,4.3,4.4,4.19,4.275,635214,0
2017-08-30,4.27,4.29,4.15,4.17,546873,0
2017-08-31,4.19,4.27,4.18,4.23,498039,0
2017-09-01,4.25,4.34,4.19,4.31,803682,0
2017-09-05,4.3,4.64,4.3,4.51,1093614,0
2017-09-06,4.51,4.585,4.42,4.56,876931,0
2017-09-07,4.56,4.69,4.54,4.6,518849,0
2017-09-08,4.59,4.73,4.5112,4.57,452888,0
2017-09-11,4.61,4.69,4.5,4.54,458387,0
2017-09-12,4.57,4.57,4.34,4.37,518436,0
2017-09-13,4.39,4.52,4.38,4.45,454737,0
2017-09-14,4.42,4.47,4.39,4.45,261961,0
2017-09-15,4.45,4.5,4.4,4.5,800323,0
2017-09-18,4.5,4.56,4.44,4.49,362627,0
2017-09-19,4.6,4.6,4.44,4.44,361721,0
2017-09-20,4.42,4.44,4.24,4.29,586628,0
2017-09-21,4.38,4.413,4.15,4.22,1680972,0
2017-09-22,4.27,4.27,4.1,4.15,568663,0
2017-09-25,4.14,4.285,4.11,4.28,442342,0
2017-09-26,4.27,4.3,4.2,4.29,383627,0
2017-09-27,4.28,4.43,4.24,4.395,648045,0
2017-09-28,4.39,4.47,4.265,4.46,556751,0
2017-09-29,4.46,4.56,4.42,4.46,679208,0
2017-10-02,4.5,4.88,4.5,4.85,1107700,0
2017-10-03,4.9,5.925,4.8,5.85,2889873,0
2017-10-04,5.82,5.85,5.41,5.65,1776957,0
2017-10-05,5.67,5.84,5.59,5.7,829119,0
2017-10-06,6.5,6.5,5.63,5.73,1926109,0
2017-10-09,5.7,5.74,5.42,5.49,978671,0
2017-10-10,5.54,5.59,5.18,5.26,887596,0
2017-10-11,5.28,5.38,5.04,5.09,722052,0
2017-10-12,5.1,5.2,5.01,5.16,357266,0
2017-10-13,5.17,5.17,5.06,5.1,410612,0
2017-10-16,5.09,5.14,5.04,5.06,352964,0
2017-10-17,5.05,5.07,4.98,5,437477,0
2017-10-18,5.03,5.26,5.03,5.12,509529,0
2017-10-19,5.05,5.13,4.94,5.02,672153,0
2017-10-20,5.07,5.17,5.03,5.1,372699,0
2017-10-23,5.09,5.22,5.09,5.09,187119,0
2017-10-24,5.14,5.14,4.96,5,390981,0
2017-10-25,4.96,5.03,4.9,4.97,294659,0
2017-10-26,4.97,5.07,4.91,5.01,315288,0
2017-10-27,5.07,5.27,5.06,5.21,620590,0
2017-10-30,5.22,5.33,5.16,5.3,466248,0
2017-10-31,5.34,5.43,5.26,5.3,445909,0
2017-11-01,5.32,5.71,5.3,5.57,810554,0
2017-11-02,5.6,5.72,5.55,5.66,544953,0
2017-11-03,5.65,5.94,5.34,5.92,623180,0
2017-11-06,5.89,6.275,5.36,6.25,1301477,0
2017-11-07,6.2,6.2,5.66,5.76,1107948,0
2017-11-08,5.2,5.2,4.83,4.835,1916898,0
2017-11-09,4.85,5.1,4.7901,4.99,595098,0
2017-11-10,5.01,5.16,4.96,5.06,695269,0
