2016-01-04,9.1442,9.1538,8.9518,9.1249,4105617,0
2016-01-05,8.9999,9.0288,8.8941,8.923,3167807,0
2016-01-06,8.8076,8.8557,8.7595,8.798,2706502,0
2016-01-07,8.6441,8.7786,8.6152,8.7114,4398447,0
2016-01-08,8.846,8.8941,8.7403,8.7499,4416118,0
2016-01-11,8.846,8.8653,8.7499,8.8364,3966274,0
2016-01-12,8.9134,8.9614,8.7883,8.8845,4446809,0
2016-01-13,8.9326,8.9999,8.7451,8.7499,3345661,0
2016-01-14,8.7595,8.9277,8.6922,8.8653,3252501,0
2016-01-15,8.298,8.4038,8.2211,8.3557,10297101,0
2016-01-19,8.7403,8.7691,8.4711,8.5287,9687721,0
2016-01-20,8.423,8.5191,8.2884,8.4615,5193787,0
2016-01-21,8.2788,8.4903,8.2307,8.4422,3951854,0
2016-01-22,8.8941,9.0095,8.8653,8.9807,4744244,0
2016-01-25,8.9614,9.0384,8.9277,8.9662,4211186,0
2016-01-26,9.173,9.2691,9.1345,9.2403,5619564,0
2016-01-27,8.6537,8.7595,8.6056,8.6441,7357186,0
2016-01-28,8.4903,8.4999,8.3461,8.4134,5738075,0
2016-01-29,8.3749,8.5672,8.3557,8.5575,5401583,0
2016-02-01,8.3942,8.4519,8.3461,8.4422,6355449,0
2016-02-02,8.2788,8.3076,8.1826,8.2114,4668416,0
2016-02-03,8.4807,8.4903,8.298,8.4519,4366789,0
2016-02-04,8.4807,8.6201,8.4615,8.5768,2626232,0
2016-02-05,8.5383,8.5528,8.423,8.423,3529503,0
2016-02-08,8.3172,8.3412,8.173,8.2788,4305579,0
2016-02-09,8.1153,8.298,8.1057,8.2307,4540198,0
2016-02-10,8.298,8.3893,8.2788,8.2884,5295489,0
2016-02-11,8.2403,8.2691,8.1345,8.2114,3473655,0
2016-02-12,8.2499,8.3942,8.2403,8.3749,2563554,0
2016-02-16,8.6441,8.7403,8.5768,8.7114,4381052,0
2016-02-17,8.7018,8.8268,8.7018,8.8076,4786909,0
2016-02-18,8.9422,8.9518,8.846,8.9037,4308918,0
2016-02-19,8.8653,8.8845,8.8076,8.8749,3088764,0
2016-02-22,8.9711,9.0288,8.9518,8.9711,2359789,0
2016-02-23,8.9326,8.9422,8.8364,8.8653,2761901,0
2016-02-24,8.7114,8.8845,8.6922,8.8557,2371891,0
2016-02-25,8.846,8.9989,8.7884,8.9807,2837492,0
2016-02-26,8.9614,8.9614,8.8268,8.846,4615712,0
2016-02-29,8.8749,8.923,8.8172,8.822,1586761,0
2016-03-01,8.8557,9.0191,8.846,8.9807,3273780,0
2016-03-02,8.923,8.9518,8.8364,8.9422,2230815,0
2016-03-03,8.8653,8.9999,8.8653,8.9903,2489453,0
2016-03-04,8.9614,9.0288,8.8749,8.9711,3520132,0
2016-03-07,8.923,9.0191,8.9037,8.9999,1784411,0
2016-03-08,8.9422,8.9494,8.8605,8.8941,1753517,0
2016-03-09,8.923,8.9422,8.8557,8.8941,2240705,0
2016-03-10,8.8845,8.9711,8.7883,8.8268,2616170,0
2016-03-11,9.0288,9.0961,8.9999,9.0865,2203521,0
2016-03-14,9.0961,9.1442,9.048,9.1249,1915514,0
2016-03-15,9.1057,9.1634,9.0865,9.1489,2955268,0
2016-03-16,9.0672,9.2691,9.0576,9.2498,2078168,0
2016-03-17,9.2211,9.3605,9.2115,9.3075,2900362,0
2016-03-18,9.3075,9.4762,9.2883,9.4425,3124321,0
2016-03-21,9.3845,9.4425,9.3268,9.3749,2624862,0
2016-03-22,9.2787,9.4494,9.2691,9.4227,1819981,0
2016-03-23,9.3845,9.3941,9.2403,9.2595,1738301,0
2016-03-24,9.1538,9.1826,9.0384,9.173,2821785,0
2016-03-28,9.2211,9.2403,9.173,9.1922,3051861,0
2016-03-29,9.1634,9.3941,9.1538,9.3652,2579740,0
2016-03-30,9.663,9.707,9.62,9.663,4245421,0
2016-03-31,9.616,9.673,9.601,9.644,2773913,0
2016-04-01,9.539,9.673,9.529,9.663,6471062,0
2016-04-04,9.692,9.712,9.653,9.653,4433759,0
2016-04-05,9.3941,9.4613,9.3556,9.3749,6375899,0
2016-04-06,9.4227,9.577,9.4039,9.577,5272671,0
2016-04-07,9.548,9.567,9.4227,9.4425,2640870,0
2016-04-08,9.634,9.683,9.586,9.653,2985419,0
2016-04-11,9.721,9.779,9.644,9.663,1887745,0
2016-04-12,9.519,9.562,9.4425,9.519,2909423,0
2016-04-13,10.024,10.094,9.975,10.054,2574430,0
2016-04-14,9.638,9.663,9.594,9.629,4129674,0
2016-04-15,9.53,9.569,9.49,9.53,3165970,0
2016-04-18,9.49,9.549,9.4801,9.549,2774513,0
2016-04-19,9.698,9.708,9.629,9.668,2430060,0
2016-04-20,9.619,9.757,9.559,9.648,5706640,0
2016-04-21,8.4905,8.5004,8.1442,8.1838,14781661,0
2016-04-22,8.1838,8.2135,8.1442,8.2036,13288163,0
2016-04-25,8.1343,8.1343,8.0254,8.0452,8397457,0
2016-04-26,8.2135,8.2234,8.1145,8.1442,6505615,0
2016-04-27,8.1739,8.2234,8.1244,8.1838,7404963,0
2016-04-28,8.1244,8.2135,8.1096,8.1294,4031548,0
2016-04-29,8.1046,8.1541,7.9661,8.0057,4406419,0
2016-05-02,8.0254,8.0452,7.976,7.9958,3524875,0
2016-05-03,7.9067,7.9166,7.788,7.788,4620557,0
2016-05-04,7.788,7.788,7.6494,7.6692,2761421,0
2016-05-05,7.689,7.7286,7.6494,7.6791,3396401,0
2016-05-06,7.6296,7.6593,7.5702,7.6346,2975931,0
2016-05-09,7.7781,7.7978,7.6593,7.6692,4233935,0
2016-05-10,7.5603,7.6247,7.5257,7.5999,3610331,0
2016-05-11,7.5208,7.5603,7.4911,7.496,2296341,0
2016-05-12,7.5307,7.5406,7.3822,7.4119,2647508,0
2016-05-13,7.4614,7.5109,7.3624,7.3872,4172697,0
2016-05-16,7.4713,7.6098,7.4515,7.5702,4931866,0
2016-05-17,7.5801,7.595,7.4515,7.4614,4219793,0
2016-05-18,7.5208,7.595,7.4515,7.5059,4169337,0
2016-05-19,7.4515,7.4911,7.3822,7.4317,2459708,0
2016-05-20,7.4812,7.5406,7.4812,7.501,1813929,0
2016-05-23,7.5406,7.5752,7.5208,7.5208,1747387,0
2016-05-24,7.5801,7.6395,7.5702,7.62,1786651,0
2016-05-25,7.6395,7.6989,7.6197,7.6494,4713354,0
2016-05-26,7.7187,7.7286,7.6494,7.6791,2465759,0
2016-05-27,7.6098,7.689,7.5999,7.6593,3303536,0
2016-05-31,7.689,7.6989,7.6197,7.6494,3817598,0
2016-06-01,7.4812,7.4911,7.4416,7.4812,3783501,0
2016-06-02,7.4614,7.5307,7.4416,7.501,2916051,0
2016-06-03,7.6593,7.6729,7.5505,7.6346,3826581,0
2016-06-06,7.6395,7.6791,7.6098,7.6494,2104060,0
2016-06-07,7.6791,7.7236,7.6593,7.6989,3195583,0
2016-06-08,7.6791,7.6989,7.59,7.6098,4030751,0
2016-06-09,7.5406,7.5752,7.5109,7.5406,2514144,0
2016-06-10,7.3327,7.3723,7.2932,7.3229,4988812,0
2016-06-13,7.2734,7.3624,7.2536,7.2635,3947759,0
2016-06-14,7.1744,7.2239,7.1348,7.2041,3475994,0
2016-06-15,7.5307,7.7088,7.5208,7.6098,5757317,0
2016-06-16,7.4416,7.5999,7.402,7.59,3756276,0
2016-06-17,7.5307,7.6197,7.5109,7.59,5343966,0
2016-06-20,7.7682,7.788,7.7187,7.7484,2854115,0
2016-06-21,7.8473,7.8967,7.7781,7.8374,6122706,0
2016-06-22,7.877,7.8968,7.8077,7.8275,2985249,0
2016-06-23,7.9463,7.9562,7.8671,7.9562,2511504,0
2016-06-24,7.3624,7.5603,7.3031,7.3723,5447218,0
2016-06-27,7.115,7.1348,6.9567,7.0952,12399390,0
2016-06-28,7.2338,7.313,7.1942,7.3031,2793194,0
2016-06-29,7.3921,7.501,7.3921,7.4812,1985380,0
2016-06-30,7.4812,7.6049,7.4515,7.5999,2312361,0
2016-07-01,7.5801,7.6296,7.5801,7.5999,1639885,0
2016-07-05,7.4119,7.4416,7.3031,7.3327,3158422,0
2016-07-06,7.2833,7.3723,7.2239,7.3624,1984851,0
2016-07-07,7.3031,7.3525,7.2635,7.313,2842609,0
2016-07-08,7.4812,7.4911,7.4367,7.4812,1725403,0
2016-07-11,7.5999,7.6197,7.59,7.6197,1522800,0
2016-07-12,7.7088,7.7187,7.6593,7.6692,1437441,0
2016-07-13,7.7484,7.7583,7.689,7.7187,3405922,0
2016-07-14,7.7682,7.8028,7.7187,7.7385,1669160,0
2016-07-15,7.7385,7.7385,7.689,7.6939,2145995,0
2016-07-18,7.3525,7.496,7.3327,7.4614,8068938,0
2016-07-19,7.1051,7.1546,6.8874,7.0062,11978532,0
2016-07-20,7.115,7.2338,7.115,7.2338,4891176,0
2016-07-21,7.214,7.2734,7.214,7.2536,2529989,0
2016-07-22,7.2635,7.2932,7.2239,7.2833,5639041,0
2016-07-25,7.4218,7.4515,7.3327,7.3624,3903310,0
2016-07-26,7.313,7.3822,7.313,7.3723,2335190,0
2016-07-27,7.4119,7.4317,7.3229,7.402,2338312,0
2016-07-28,7.3327,7.3723,7.2932,7.3624,2141067,0
2016-07-29,7.3822,7.4119,7.3624,7.3921,2783541,0
2016-08-01,7.2833,7.3229,7.2536,7.2734,3858091,0
2016-08-02,7.2536,7.2536,7.1546,7.1843,1950593,0
2016-08-03,7.115,7.1348,7.0705,7.1249,2463898,0
2016-08-04,7.1051,7.1645,7.0756,7.1447,1605371,0
2016-08-05,7.1546,7.2536,7.1349,7.2239,3800946,0
2016-08-08,7.2041,7.2486,7.1744,7.2239,2987036,0
2016-08-09,7.214,7.2684,7.2041,7.2437,2293419,0
2016-08-10,7.2932,7.3193,7.2585,7.2734,1723280,0
2016-08-11,7.2635,7.2932,7.2338,7.2536,1108367,0
2016-08-12,7.2536,7.2536,7.1843,7.1942,1139535,0
2016-08-15,7.2338,7.313,7.2338,7.2932,2724708,0
2016-08-16,7.3327,7.3624,7.2882,7.313,4420065,0
2016-08-17,7.2437,7.2437,7.1744,7.214,2313333,0
2016-08-18,7.2437,7.3229,7.2239,7.3179,1949172,0
2016-08-19,7.2734,7.313,7.2338,7.3031,1325898,0
2016-08-22,7.3525,7.3822,7.3229,7.3624,2586707,0
2016-08-23,7.4515,7.4713,7.4317,7.4416,4105023,0
2016-08-24,7.402,7.4218,7.3674,7.3921,4101052,0
2016-08-25,7.3327,7.3426,7.2932,7.3229,5966361,0
2016-08-26,7.313,7.3723,7.2338,7.2833,7158553,0
2016-08-29,7.2536,7.2684,7.2041,7.2536,4626823,0
2016-08-30,7.2734,7.3031,7.214,7.2338,2497070,0
2016-08-31,7.1348,7.1447,7.026,7.0458,2993513,0
2016-09-01,7.0458,7.0804,7.0161,7.0656,1716026,0
2016-09-02,7.1051,7.1051,7.0161,7.0458,2355936,0
2016-09-06,6.9072,6.9468,6.8874,6.9369,5754542,0
2016-09-07,6.9567,7.0161,6.9468,6.9765,3304743,0
2016-09-08,6.9072,6.927,6.8775,6.927,3963068,0
2016-09-09,6.8874,6.8973,6.8083,6.8182,4088389,0
2016-09-12,6.7093,6.8281,6.6895,6.8132,5026604,0
2016-09-13,6.6994,6.7489,6.6796,6.7093,7797969,0
2016-09-14,6.6697,6.6895,6.6203,6.6499,3738972,0
2016-09-15,6.7192,6.7786,6.6598,6.7588,2824644,0
2016-09-16,6.6697,6.6895,6.64,6.6796,3046113,0
2016-09-19,6.6598,6.6994,6.6104,6.64,2342261,0
2016-09-20,6.6895,6.7044,6.64,6.6499,1990667,0
2016-09-21,6.6994,6.7588,6.6598,6.7489,2347566,0
2016-09-22,6.9567,6.9765,6.8874,6.927,4425248,0
2016-09-23,6.838,6.8775,6.8281,6.8676,1840035,0
2016-09-26,6.838,6.8578,6.8076,6.8281,2552202,0
2016-09-27,6.64,6.7489,6.6351,6.739,5322035,0
2016-09-28,6.7786,6.7786,6.6796,6.7489,3786884,0
2016-09-29,6.9369,7.0854,6.9192,7.026,8045990,0
2016-09-30,7.0952,7.1744,7.0755,7.1348,4068229,0
2016-10-03,7.1546,7.1645,7.0755,7.0952,3430624,0
2016-10-04,7.0952,7.1348,7.0755,7.0854,6012207,0
2016-10-05,7.0062,7.0606,6.9938,7.026,4437421,0
2016-10-06,6.9963,7.0458,6.9666,7.0458,2628995,0
2016-10-07,6.9567,7.0656,6.9468,7.0458,4417342,0
2016-10-10,7.026,7.1348,7.0161,7.115,2666091,0
2016-10-11,6.9963,7.026,6.9072,6.9369,3336001,0
2016-10-12,5.6901,5.7296,5.4822,5.4921,56674308,0
2016-10-13,5.5218,5.5416,5.2942,5.3932,32492022,0
2016-10-14,5.3932,5.4427,5.3635,5.3734,21489113,0
2016-10-17,5.3635,5.3833,5.3239,5.3734,9611124,0
2016-10-18,5.4229,5.4328,5.3735,5.413,5691811,0
2016-10-19,5.3734,5.3932,5.3338,5.3437,5743905,0
2016-10-20,5.314,5.3536,5.2843,5.314,8107520,0
2016-10-21,5.0963,5.0963,4.9677,5.0468,19195956,0
2016-10-24,5.0072,5.0468,4.9974,5.0468,13075710,0
2016-10-25,4.9479,4.9875,4.933,4.9677,12884946,0
2016-10-26,4.9182,5.0072,4.8885,4.9875,12220672,0
2016-10-27,4.8588,4.9174,4.8391,4.8885,12205648,0
2016-10-28,4.7796,4.839,4.7796,4.8192,8892180,0
2016-10-31,4.8588,4.8786,4.7895,4.8192,8445919,0
2016-11-01,4.8885,4.8885,4.7796,4.7994,7130104,0
2016-11-02,4.9479,4.9974,4.8786,4.8984,10312138,0
2016-11-03,4.9083,4.9083,4.8093,4.8192,8445877,0
2016-11-04,4.8588,4.8588,4.7994,4.8093,8718866,0
2016-11-07,4.8687,4.9182,4.8489,4.8885,6274168,0
2016-11-08,4.938,4.9677,4.9083,4.938,3787841,0
2016-11-09,4.8489,4.9281,4.839,4.8984,4158531,0
2016-11-10,4.9776,5.0864,4.9776,5.0468,6716630,0
2016-11-11,5.0072,5.0171,4.9479,4.9875,4166048,0
2016-11-14,4.9578,5.0171,4.9578,4.9974,4906940,0
2016-11-15,4.9479,5.0765,4.938,5.0666,10519905,0
2016-11-16,5.0369,5.0963,5.0122,5.0567,5222558,0
2016-11-17,5.1161,5.1359,5.0963,5.1062,5806132,0
2016-11-18,5.0963,5.126,5.0864,5.0963,4105542,0
2016-11-21,5.0963,5.1359,5.0864,5.1359,3385112,0
2016-11-22,5.126,5.1458,5.1161,5.1161,4221536,0
2016-11-23,5.0468,5.1161,5.0369,5.1161,5868803,0
2016-11-25,5.1359,5.1359,5.126,5.126,1119073,0
2016-11-28,5.0666,5.0963,5.0567,5.0765,2872460,0
2016-11-29,5.0567,5.0963,5.0567,5.0666,5075561,0
2016-11-30,5.0864,5.1062,5.0567,5.0666,2082164,0
2016-12-01,5.0963,5.1062,5.0468,5.0567,4019919,0
2016-12-02,5.1161,5.1656,5.0765,5.1062,4501184,0
2016-12-05,5.2151,5.2546,5.2052,5.2447,3315225,0
2016-12-06,5.3437,5.4278,5.314,5.4031,4490303,0
2016-12-07,5.4427,5.5119,5.4328,5.4921,4366962,0
2016-12-08,5.4328,5.4526,5.3833,5.4031,4181620,0
2016-12-09,5.502,5.5614,5.4921,5.5317,3803810,0
2016-12-12,5.5515,5.6059,5.5416,5.5713,3854498,0
2016-12-13,5.6406,5.6802,5.6307,5.6307,4596070,0
2016-12-14,5.7098,5.7841,5.6703,5.6703,7046567,0
2016-12-15,5.789,5.8434,5.7692,5.7989,6908409,0
2016-12-16,5.9078,5.9177,5.8484,5.8682,6736394,0
2016-12-19,5.9276,5.9572,5.8731,5.888,3901178,0
2016-12-20,5.7395,5.7593,5.6999,5.7494,4325924,0
2016-12-21,5.7593,5.7791,5.6999,5.7197,3827066,0
2016-12-22,5.7098,5.7098,5.6208,5.6406,4691753,0
2016-12-23,5.7395,5.7691,5.6999,5.7197,4952882,0
2016-12-27,5.7593,5.7989,5.7296,5.7395,3619636,0
2016-12-28,5.7692,5.7742,5.6901,5.7197,2886909,0
2016-12-29,5.7197,5.7593,5.6802,5.6999,4072019,0
2016-12-30,5.8286,5.8385,5.7494,5.7692,3179243,0
2017-01-03,5.7197,5.7494,5.6901,5.7197,2954153,0
2017-01-04,5.8088,5.8385,5.789,5.8286,3756699,0
2017-01-05,5.8385,5.8583,5.8088,5.8088,2115048,0
2017-01-06,5.8187,5.8385,5.7692,5.8137,2746746,0
2017-01-09,5.7593,5.8484,5.7494,5.8088,3915171,0
2017-01-10,5.8583,5.8781,5.7841,5.8187,4170049,0
2017-01-11,5.789,5.8385,5.7593,5.8187,5454073,0
2017-01-12,5.8088,5.8385,5.7692,5.8187,3656152,0
2017-01-13,5.8484,5.8781,5.8286,5.8583,2419465,0
2017-01-17,5.9374,5.9473,5.8979,5.9473,4505706,0
2017-01-18,5.8484,5.888,5.8286,5.8484,3100128,0
2017-01-19,5.7692,5.7989,5.7098,5.7593,2072550,0
2017-01-20,5.7692,5.8187,5.7593,5.8088,2882958,0
2017-01-23,5.7494,5.7692,5.6901,5.7494,3265831,0
2017-01-24,5.789,5.8781,5.7692,5.8484,3538316,0
2017-01-25,5.8088,5.8378,5.7692,5.8286,3511536,0
2017-01-26,5.8682,6.0265,5.8187,6.0067,10428425,0
2017-01-27,5.8385,5.888,5.8187,5.8583,6663174,0
2017-01-30,5.789,5.789,5.7445,5.7593,3832742,0
2017-01-31,5.8583,5.8682,5.7791,5.8286,3821531,0
2017-02-01,5.8088,5.8187,5.7395,5.7989,3113036,0
2017-02-02,5.8385,5.8583,5.789,5.8088,4733902,0
2017-02-03,5.7791,5.789,5.7296,5.7395,2511664,0
2017-02-06,5.6208,5.6406,5.5861,5.6208,3259080,0
2017-02-07,5.6109,5.6208,5.5515,5.5614,2454498,0
2017-02-08,5.601,5.6505,5.5713,5.6505,3149100,0
2017-02-09,5.6901,5.7296,5.6802,5.7098,1518165,0
2017-02-10,5.6406,5.6604,5.6208,5.6406,1331356,0
2017-02-13,5.6505,5.6802,5.6208,5.6604,1933601,0
2017-02-14,5.6703,5.7197,5.6703,5.7197,2199847,0
2017-02-15,5.6999,5.8484,5.6901,5.8335,8322466,0
2017-02-16,6.0166,6.0859,6.0166,6.0661,6550822,0
2017-02-17,5.8682,5.9325,5.8484,5.8979,3236031,0
2017-02-21,6.1156,6.1848,6.0859,6.1453,5411975,0
2017-02-22,6.264,6.3531,6.2343,6.3432,10929202,0
2017-02-23,6.5807,6.5807,6.4619,6.4669,5413855,0
2017-02-24,6.4025,6.4223,6.363,6.3828,11299104,0
2017-02-27,6.3333,6.3927,6.3135,6.3828,2468379,0
2017-02-28,6.363,6.4519,6.363,6.3729,4291361,0
2017-03-01,6.5114,6.5312,6.452,6.5114,3925778,0
2017-03-02,6.5114,6.5213,6.4322,6.4619,2623795,0
2017-03-03,6.5213,6.5411,6.4817,6.5312,2944385,0
2017-03-06,6.5015,6.5015,6.4025,6.4223,4879628,0
2017-03-07,6.3729,6.4124,6.3432,6.3531,2183427,0
2017-03-08,6.3234,6.3333,6.2937,6.3135,2291183,0
2017-03-09,6.4916,6.5213,6.4619,6.5213,4611378,0
2017-03-10,6.5213,6.5708,6.4817,6.551,2847697,0
2017-03-13,6.5609,6.5906,6.5312,6.5708,3317965,0
2017-03-14,6.4916,6.5213,6.4619,6.4718,1877799,0
2017-03-15,6.3927,6.4817,6.363,6.4817,2723118,0
2017-03-16,6.5114,6.5708,6.4916,6.5708,2600301,0
2017-03-17,6.5906,6.6104,6.551,6.5906,5788852,0
2017-03-20,6.551,6.5906,6.5312,6.5411,3357259,0
2017-03-21,6.5609,6.5807,6.4124,6.4124,5152552,0
2017-03-22,6.363,6.4322,6.3531,6.4223,2645326,0
2017-03-23,6.3828,6.452,6.3531,6.3927,2750310,0
2017-03-24,6.4619,6.5312,6.452,6.4817,2101976,0
2017-03-27,6.5708,6.6895,6.5609,6.6203,5143234,0
2017-03-28,6.5114,6.5708,6.3729,6.3828,7237291,0
2017-03-29,6.4124,6.4718,6.2986,6.4619,5362051,0
2017-03-30,6.47,6.58,6.465,6.56,5231250,0
2017-03-31,6.62,6.71,6.62,6.64,6263635,0
2017-04-03,6.68,6.7,6.52,6.55,3372387,0
2017-04-04,6.47,6.595,6.47,6.54,4991742,0
2017-04-05,6.43,6.44,6.34,6.38,5804684,0
2017-04-06,6.44,6.495,6.43,6.45,4223846,0
2017-04-07,6.41,6.5,6.41,6.47,3294107,0
2017-04-10,6.43,6.485,6.42,6.46,4337191,0
2017-04-11,6.37,6.39,6.285,6.33,8340141,0
2017-04-12,6.46,6.46,6.38,6.42,3866752,0
2017-04-13,6.36,6.41,6.32,6.36,3083364,0
2017-04-17,6.37,6.42,6.35,6.4,2211620,0
2017-04-18,6.37,6.37,6.3,6.34,2689208,0
2017-04-19,6.33,6.37,6.29,6.3,3161538,0
2017-04-20,6.35,6.385,6.32,6.33,2696234,0
2017-04-21,6.31,6.315,6.23,6.23,2521137,0
2017-04-24,6.47,6.5109,6.36,6.36,5667178,0
2017-04-25,6.21,6.335,6.2,6.25,8691169,0
2017-04-26,6.26,6.42,6.26,6.38,6427530,0
2017-04-27,6.35,6.47,6.335,6.465,7509375,0
2017-04-28,6.465,6.5,6.4,6.49,4946287,0
2017-05-01,6.51,6.51,6.44,6.46,3641280,0
2017-05-02,6.6,6.63,6.59,6.61,4120385,0
2017-05-03,6.5,6.53,6.48,6.51,2014964,0
2017-05-04,6.55,6.6,6.55,6.6,3483405,0
2017-05-05,6.62,6.64,6.585,6.62,7435516,0
2017-05-08,6.59,6.61,6.55,6.58,4358695,0
2017-05-09,6.57,6.615,6.55,6.61,5185719,0
2017-05-10,6.53,6.54,6.48,6.49,2748776,0
2017-05-11,6.46,6.47,6.4,6.44,2876178,0
2017-05-12,6.51,6.52,6.455,6.48,9429328,0
2017-05-15,6.57,6.69,6.57,6.66,3056757,0
2017-05-16,6.73,6.77,6.68,6.76,6910808,0
2017-05-17,6.665,6.7,6.57,6.58,3759736,0
2017-05-18,6.52,6.55,6.47,6.49,4701528,0
2017-05-19,6.59,6.63,6.57,6.59,2908717,0
2017-05-22,6.65,6.69,6.64,6.67,2156682,0
2017-05-23,6.935,7.015,6.93,6.99,7884572,0
2017-05-24,7.06,7.11,6.975,6.99,9114071,0
2017-05-25,7.03,7.1,6.98,7.05,8732736,0
2017-05-26,6.92,7.05,6.91,6.99,6022170,0
2017-05-30,6.9,7.21,6.86,7.19,15877192,0
2017-05-31,7.33,7.34,7.2,7.24,14349409,0
2017-06-01,7.31,7.34,7.29,7.34,3833156,0
2017-06-02,7.42,7.43,7.36,7.4,4129298,0
2017-06-05,7.275,7.32,7.26,7.31,2783695,0
2017-06-06,7.27,7.305,7.21,7.24,2267857,0
2017-06-07,7.24,7.255,7.15,7.205,2590278,0
2017-06-08,7.26,7.29,7.24,7.27,4246717,0
2017-06-09,7.25,7.265,7.07,7.14,6219937,0
2017-06-12,7.13,7.185,7.1,7.17,4550901,0
2017-06-13,7.23,7.265,7.17,7.23,4080482,0
2017-06-14,7.24,7.25,7.06,7.1,5102885,0
2017-06-15,6.93,6.965,6.89,6.95,4245748,0
2017-06-16,6.98,6.99,6.93,6.98,7597096,0
2017-06-19,7.03,7.075,7.02,7.06,2852478,0
2017-06-20,7.05,7.07,6.985,7.02,5326545,0
2017-06-21,7.04,7.15,7.03,7.13,6071967,0
2017-06-22,7.25,7.27,7.21,7.25,3540583,0
2017-06-23,7.25,7.31,7.19,7.25,2547704,0
2017-06-26,7.29,7.3,7.21,7.24,3661447,0
2017-06-27,7.23,7.23,7.15,7.18,3381682,0
2017-06-28,7.15,7.31,7.15,7.29,3963095,0
2017-06-29,7.24,7.245,7.09,7.13,3276505,0
2017-06-30,7.17,7.2,7.08,7.17,4842140,0
2017-07-03,7.17,7.2,7.13,7.13,895368,0
2017-07-05,7.25,7.26,7.1941,7.23,5703357,0
2017-07-06,7.09,7.16,7.06,7.125,3280020,0
2017-07-07,7.165,7.23,7.15,7.23,1596836,0
2017-07-10,7.22,7.29,7.21,7.28,3671279,0
2017-07-11,7.3,7.37,7.28,7.35,3539185,0
2017-07-12,7.4,7.47,7.4,7.46,2227208,0
2017-07-13,7.35,7.4,7.28,7.39,4797127,0
2017-07-14,7.44,7.46,7.395,7.43,3047859,0
2017-07-17,7.3,7.33,7.24,7.28,5775291,0
2017-07-18,6.29,6.31,6.04,6.06,22174994,0
2017-07-19,6.15,6.2,6.11,6.14,12565059,0
2017-07-20,6.26,6.35,6.24,6.29,24371963,0
2017-07-21,6.27,6.31,6.25,6.29,10620007,0
2017-07-24,6.35,6.4,6.3,6.32,7335461,0
2017-07-25,6.39,6.42,6.34,6.35,4640841,0
2017-07-26,6.3,6.33,6.27,6.3,2692903,0
2017-07-27,6.29,6.3,6.18,6.24,2891042,0
2017-07-28,6.28,6.35,6.275,6.34,4970487,0
2017-07-31,6.37,6.475,6.365,6.42,5462913,0
2017-08-01,6.39,6.395,6.32,6.34,2210363,0
2017-08-02,6.35,6.365,6.29,6.33,3969073,0
2017-08-03,6.35,6.3564,6.27,6.28,2129598,0
2017-08-04,6.31,6.32,6.24,6.265,2095181,0
2017-08-07,6.19,6.24,6.18,6.23,2471015,0
2017-08-08,6.21,6.22,6.13,6.16,2606428,0
2017-08-09,6.08,6.13,6.055,6.11,2377739,0
2017-08-10,6.04,6.09,6,6.02,3605086,0
2017-08-11,5.98,6.02,5.95,6,2039037,0
2017-08-14,6.06,6.145,6.05,6.1,2009452,0
2017-08-15,6.12,6.125,6.08,6.1,1633327,0
2017-08-16,6.06,6.11,6.05,6.1,2370662,0
2017-08-17,6.09,6.11,5.99,5.995,2528825,0
2017-08-18,5.995,6.03,5.97,6.005,1920175,0
2017-08-21,5.94,5.97,5.9,5.92,2996434,0
2017-08-22,5.9,5.92,5.86,5.92,3209322,0
2017-08-23,5.95,5.99,5.9123,5.97,1785683,0
2017-08-24,5.89,5.92,5.88,5.91,1908131,0
2017-08-25,5.91,5.95,5.895,5.93,1996988,0
2017-08-28,5.89,5.94,5.88,5.935,2145803,0
2017-08-29,5.76,5.85,5.75,5.85,3617627,0
2017-08-30,5.865,5.9,5.85,5.9,1584003,0
2017-08-31,5.785,5.84,5.78,5.83,1972717,0
2017-09-01,5.82,5.83,5.77,5.81,2364495,0
2017-09-05,5.8,5.81,5.73,5.75,3091571,0
2017-09-06,5.705,5.75,5.7,5.73,2322802,0
2017-09-07,5.79,5.81,5.76,5.8,1813576,0
2017-09-08,5.77,5.77,5.72,5.72,1385277,0
2017-09-11,5.775,5.79,5.75,5.75,2045814,0
2017-09-12,5.76,5.8775,5.76,5.82,1751857,0
2017-09-13,5.72,5.74,5.695,5.73,4864161,0
2017-09-14,5.66,5.73,5.65,5.7,3025660,0
2017-09-15,5.72,5.77,5.72,5.76,4248725,0
2017-09-18,5.76,5.78,5.71,5.72,2458315,0
2017-09-19,5.7,5.72,5.66,5.68,3756172,0
2017-09-20,5.63,5.64,5.535,5.6,7635654,0
2017-09-21,5.53,5.71,5.52,5.68,8792357,0
2017-09-22,5.63,5.71,5.61,5.68,12067018,0
2017-09-25,5.65,5.72,5.64,5.7,16856761,0
2017-09-26,5.68,5.74,5.67,5.72,17864775,0
2017-09-27,5.68,5.7,5.63,5.66,15100627,0
2017-09-28,5.675,5.755,5.665,5.74,18105136,0
2017-09-29,5.77,5.77,5.7,5.75,3163189,0
2017-10-02,5.73,5.77,5.71,5.76,3918219,0
2017-10-03,5.64,5.65,5.6,5.63,11759574,0
2017-10-04,5.58,5.62,5.56,5.6,6517502,0
2017-10-05,5.66,5.72,5.66,5.68,11938273,0
2017-10-06,5.68,5.74,5.68,5.73,3606742,0
2017-10-09,5.91,5.93,5.88,5.89,5246608,0
2017-10-10,5.91,5.92,5.79,5.81,2792890,0
2017-10-11,5.76,5.79,5.75,5.76,1969906,0
2017-10-12,5.75,5.79,5.74,5.75,2500283,0
2017-10-13,5.99,5.99,5.94,5.95,3527938,0
2017-10-16,5.96,5.96,5.9,5.91,3255631,0
2017-10-17,5.9,5.91,5.86,5.9,3624578,0
2017-10-18,6.03,6.07,5.96,5.98,4422758,0
2017-10-19,5.91,5.97,5.88,5.9,10438135,0
2017-10-20,6.37,6.49,6.35,6.45,14032639,0
2017-10-23,6.38,6.49,6.38,6.44,7964605,0
2017-10-24,6.47,6.55,6.47,6.52,6307861,0
2017-10-25,6.59,6.61,6.53,6.58,3664339,0
2017-10-26,6.13,6.2,6.1,6.12,6809553,0
2017-10-27,6.18,6.21,6.12,6.2,5862399,0
2017-10-30,6.1598,6.185,6.15,6.18,4261768,0
2017-10-31,6.29,6.3,6.24,6.25,2787685,0
2017-11-01,6.28,6.31,6.26,6.28,1914256,0
2017-11-02,6.3,6.34,6.3,6.33,2189579,0
2017-11-03,6.37,6.37,6.28,6.33,3598084,0
2017-11-06,6.45,6.56,6.43,6.51,5670340,0
2017-11-07,6.46,6.49,6.44,6.48,6532789,0
2017-11-08,6.38,6.38,6.215,6.28,7897449,0
2017-11-09,6.05,6.07,5.98,5.99,15998914,0
2017-11-10,5.995,6.02,5.97,6.01,2545522,0
