2016-01-04,35.3,35.3,34.686,34.796,135274,0
2016-01-05,34.924,35.116,34.527,34.587,171226,0
2016-01-06,34.142,34.479,34.004,34.182,118477,0
2016-01-07,33.588,33.816,33.094,33.212,110189,0
2016-01-08,33.381,33.441,32.333,32.423,111333,0
2016-01-11,32.501,32.728,32.075,32.472,129308,0
2016-01-12,32.758,32.793,32.104,32.648,234149,0
2016-01-13,32.777,33.113,32.264,32.373,89089,0
2016-01-14,32.588,33.153,32.109,32.807,59265,0
2016-01-15,32.027,32.579,31.808,32.383,97422,0
2016-01-19,32.588,32.688,31.67,31.918,128140,0
2016-01-20,31.581,32.718,31.145,32.463,372243,0
2016-01-21,32.492,32.492,31.621,31.927,212911,0
2016-01-22,32.234,32.54,31.908,32.224,211575,0
2016-01-25,32.007,32.658,31.828,32.492,162462,0
2016-01-26,32.648,33.461,32.55,33.045,132786,0
2016-01-27,32.887,33.055,32.482,32.728,78583,0
2016-01-28,33.025,33.411,32.862,33.212,91035,0
2016-01-29,33.401,34.082,33.401,34.043,113516,0
2016-02-01,33.747,33.945,33.371,33.411,94738,0
2016-02-02,33.311,33.489,33.055,33.311,68706,0
2016-02-03,33.628,34.162,33.222,33.915,112609,0
2016-02-04,34.152,35.001,34.034,34.38,200383,0
2016-02-05,34.211,34.479,33.935,34.36,134076,0
2016-02-08,33.994,34.884,33.861,34.736,97923,0
2016-02-09,34.3,34.962,33.717,34.024,81484,0
2016-02-10,35.834,36.752,33.856,33.974,186138,0
2016-02-11,33.628,34.587,33.192,33.509,145369,0
2016-02-12,33.776,35.011,33.747,34.706,137329,0
2016-02-16,35.011,35.595,34.716,35.111,114231,0
2016-02-17,35.3,35.467,35.061,35.161,76776,0
2016-02-18,35.211,35.28,34.557,34.992,93632,0
2016-02-19,34.962,35.201,34.696,34.874,94384,0
2016-02-22,35.161,35.191,34.607,34.666,89223,0
2016-02-23,34.756,35.161,34.597,34.656,114971,0
2016-02-24,34.31,34.904,34.182,34.766,79521,0
2016-02-25,34.557,35.221,34.305,35.211,59466,0
2016-02-26,35.349,35.349,34.796,34.932,98037,0
2016-02-29,34.884,35.585,34.577,35.29,147900,0
2016-03-01,35.506,35.874,35.398,35.664,82230,0
2016-03-02,35.555,36.059,35.546,35.844,100372,0
2016-03-03,35.804,36.386,35.635,36.289,112272,0
2016-03-04,36.199,36.604,36.02,36.406,140643,0
2016-03-07,36.159,36.743,36.159,36.723,89144,0
2016-03-08,36.436,36.564,36.02,36.269,106247,0
2016-03-09,36.386,36.574,36.119,36.436,43326,0
2016-03-10,36.149,36.534,35.991,36.308,72201,0
2016-03-11,36.525,36.955,36.259,36.534,66367,0
2016-03-14,36.416,36.852,36.219,36.515,67817,0
2016-03-15,36.338,36.762,35.952,36.089,53120,0
2016-03-16,36.089,36.416,35.893,36.318,45408,0
2016-03-17,36.396,38.068,36.396,37.879,128654,0
2016-03-18,38.038,38.641,37.983,38.581,178741,0
2016-03-21,38.443,38.897,38.393,38.611,102418,0
2016-03-22,38.561,38.671,38.236,38.532,112167,0
2016-03-23,38.403,38.651,37.732,38.383,110456,0
2016-03-24,38.187,38.275,37.553,38.128,65159,0
2016-03-28,38.158,38.403,37.712,37.81,155639,0
2016-03-29,37.772,38.976,37.722,38.946,162271,0
2016-03-30,39.146,39.146,38.581,38.621,44112,0
2016-03-31,38.571,38.8,38.147,38.621,70950,0
2016-04-01,38.313,38.908,37.842,38.771,69285,0
2016-04-04,38.8,38.8,37.809,38.077,89425,0
2016-04-05,37.837,38.097,37.531,37.809,52395,0
2016-04-06,36.977,37.997,36.977,37.71,54276,0
2016-04-07,37.581,37.818,37.154,37.809,126045,0
2016-04-08,38.077,38.177,37.367,37.591,87180,0
2016-04-11,37.71,37.972,37.486,37.581,39449,0
2016-04-12,37.551,37.897,37.423,37.571,97941,0
2016-04-13,37.174,38.027,36.848,38.027,160562,0
2016-04-14,38.067,38.142,37.837,37.957,52948,0
2016-04-15,37.837,38.132,37.837,38.017,56448,0
2016-04-18,37.827,38.167,37.827,38.037,67030,0
2016-04-19,38.167,38.561,38.017,38.473,35848,0
2016-04-20,38.513,38.551,38.196,38.215,34954,0
2016-04-21,38.264,38.541,37.927,38.037,36192,0
2016-04-22,37.967,38.561,37.857,38.443,66311,0
2016-04-25,38.303,38.493,37.433,37.937,79149,0
2016-04-26,38.889,38.889,38.017,38.661,60213,0
2016-04-27,38.611,39.017,38.433,38.8,52225,0
2016-04-28,38.681,38.681,37.927,38.037,35165,0
2016-04-29,37.967,38.284,37.867,38.127,85280,0
2016-05-02,38.196,38.513,37.987,38.303,63745,0
2016-05-03,38.137,38.294,37.433,37.947,114315,0
2016-05-04,37.571,38.067,36.977,37.887,150891,0
2016-05-05,37.957,38.294,37.433,37.71,88212,0
2016-05-06,37.651,38.264,37.144,38.264,128432,0
2016-05-09,38.127,38.284,37.72,38.157,95341,0
2016-05-10,38.363,38.761,38.167,38.601,59614,0
2016-05-11,38.641,38.952,38.323,38.601,61111,0
2016-05-12,38.601,38.987,38.541,38.869,82686,0
2016-05-13,38.721,38.755,37.79,38.383,121345,0
2016-05-16,38.443,38.967,38.443,38.551,45705,0
2016-05-17,38.245,38.601,37.561,37.79,161102,0
2016-05-18,37.471,38.157,37.334,37.77,62515,0
2016-05-19,37.501,38.047,37.324,37.75,56788,0
2016-05-20,37.937,38.373,37.818,38.215,69108,0
2016-05-23,38.245,38.711,38.087,38.264,63990,0
2016-05-24,38.513,39.017,38.212,38.889,103833,0
2016-05-25,38.957,39.187,38.711,39.067,122237,0
2016-05-26,39.077,39.304,38.918,39.097,45984,0
2016-05-27,39.147,39.453,39.107,39.423,59754,0
2016-05-31,39.632,40.047,39.443,39.9,107187,0
2016-06-01,39.622,40.227,39.413,40.217,64328,0
2016-06-02,40.187,40.251,39.9,40.147,67234,0
2016-06-03,40.177,40.598,39.8,40.335,92386,0
2016-06-06,40.395,40.92,40.296,40.81,134663,0
2016-06-07,40.82,40.94,40.534,40.603,116842,0
2016-06-08,40.613,41.226,40.187,41.138,52057,0
2016-06-09,41.01,41.296,40.335,41.059,92812,0
2016-06-10,40.643,40.87,40.296,40.385,97800,0
2016-06-13,40.375,40.464,39.82,39.94,51789,0
2016-06-14,39.85,40.256,39.682,40.047,46849,0
2016-06-15,40.217,40.474,39.97,40.187,87554,0
2016-06-16,39.87,40.335,39.354,40.256,74716,0
2016-06-17,40.355,40.355,39.76,40.018,170948,0
2016-06-20,40.375,40.94,40.375,40.425,45638,0
2016-06-21,40.405,40.474,39.82,39.988,76722,0
2016-06-22,39.978,40.311,39.76,40.137,91522,0
2016-06-23,40.454,40.98,40.444,40.98,68711,0
2016-06-24,39.612,40.276,39.037,39.067,142449,0
2016-06-27,38.591,38.751,38.007,38.473,89685,0
2016-06-28,38.741,39.177,38.215,38.254,125189,0
2016-06-29,38.701,38.8,38.353,38.541,102567,0
2016-06-30,38.571,39.664,38.571,39.654,185457,0
2016-07-01,39.545,40.21,38.855,39.813,94662,0
2016-07-05,39.535,40.25,39.475,39.933,103038,0
2016-07-06,39.823,39.873,39.455,39.545,89474,0
2016-07-07,39.535,40.055,39.505,39.793,103019,0
2016-07-08,40.15,40.945,40.1,40.875,79522,0
2016-07-11,40.825,41.451,40.825,41.411,76362,0
2016-07-12,41.481,42.196,41.481,41.927,63677,0
2016-07-13,42.136,42.324,41.818,42.007,66808,0
2016-07-14,42.136,42.314,41.868,41.898,55788,0
2016-07-15,42.206,42.424,41.73,42.284,56105,0
2016-07-18,42.216,42.434,41.957,42.146,59455,0
2016-07-19,42.117,42.344,41.868,41.927,44201,0
2016-07-20,42.007,42.424,41.888,42.196,42166,0
2016-07-21,41.997,42.493,41.719,41.888,72109,0
2016-07-22,41.798,42.294,41.778,42.127,56691,0
2016-07-25,42.007,42.414,41.69,41.858,49175,0
2016-07-26,41.997,42.334,41.714,42.156,42585,0
2016-07-27,42.127,42.583,42.037,42.533,56557,0
2016-07-28,42.324,42.692,42.146,42.643,91055,0
2016-07-29,42.533,42.533,41.878,42.047,117869,0
2016-08-01,42.166,42.97,41.868,42.702,81162,0
2016-08-02,42.513,43.099,42.384,42.563,132323,0
2016-08-03,42.92,43.099,41.868,42.662,140964,0
2016-08-04,42.623,43.208,42.434,42.553,79210,0
2016-08-05,42.633,43.546,42.633,43.069,98390,0
2016-08-08,43.169,43.231,42.959,43.129,67413,0
2016-08-09,43.288,43.298,42.94,43.039,52374,0
2016-08-10,43.159,43.208,42.662,43.109,52544,0
2016-08-11,43.218,43.854,43.218,43.685,113218,0
2016-08-12,43.645,44.032,43.516,43.893,53950,0
2016-08-15,44.052,44.627,44.012,44.588,48909,0
2016-08-16,44.5,44.579,44.281,44.43,50268,0
2016-08-17,44.221,44.627,44.092,44.41,60227,0
2016-08-18,44.42,44.657,44.151,44.598,59859,0
2016-08-19,44.4,45.184,44.171,44.539,66046,0
2016-08-22,44.251,44.647,44.161,44.569,57107,0
2016-08-23,44.797,45.254,44.627,45.006,93154,0
2016-08-24,44.996,45.274,44.767,44.876,52563,0
2016-08-25,44.847,45.194,44.677,45.164,52155,0
2016-08-26,45.204,45.572,44.677,44.886,55315,0
2016-08-29,44.777,45.342,44.647,45.184,55938,0
2016-08-30,45.214,45.442,44.916,45.115,73893,0
2016-08-31,45.025,45.184,44.311,44.797,88226,0
2016-09-01,44.867,45.224,44.236,45.085,104359,0
2016-09-02,45.442,45.691,44.916,45.641,100041,0
2016-09-06,45.849,45.889,45.392,45.731,67787,0
2016-09-07,46.067,46.177,45.698,46.157,65698,0
2016-09-08,46.097,46.177,45.711,45.909,67127,0
2016-09-09,45.452,45.462,44.757,44.767,86389,0
2016-09-12,44.549,45.462,44.502,45.303,78929,0
2016-09-13,44.876,45.352,44.52,44.807,84136,0
2016-09-14,45.025,45.025,44.32,44.52,62538,0
2016-09-15,44.637,45.174,44.201,45.164,43845,0
2016-09-16,45.214,45.214,44.737,44.956,145788,0
2016-09-19,45.274,45.969,45.249,45.602,51402,0
2016-09-20,45.899,46.047,45.422,45.769,240410,0
2016-09-21,46.107,46.534,46.009,46.484,82133,0
2016-09-22,46.911,47.051,46.614,46.714,176774,0
2016-09-23,46.714,46.714,46.047,46.057,179333,0
2016-09-26,45.769,45.949,45.174,45.392,134526,0
2016-09-27,45.522,45.721,45.274,45.621,91099,0
2016-09-28,45.641,46.077,45.631,46.019,102585,0
2016-09-29,45.889,46.027,45.62,45.69,52933,0
2016-09-30,45.949,46.505,45.854,46.167,102852,0
2016-10-03,46.037,46.187,45.72,45.819,83530,0
2016-10-04,45.809,46.117,45.586,45.779,52048,0
2016-10-05,46.087,46.366,45.824,46.307,57018,0
2016-10-06,46.197,46.337,45.849,46.197,53797,0
2016-10-07,46.237,46.257,45.292,45.312,89461,0
2016-10-10,45.69,45.889,45.451,45.541,42810,0
2016-10-11,45.312,46.147,44.625,44.825,76361,0
2016-10-12,44.755,45.391,44.755,44.984,122797,0
2016-10-13,44.566,45.193,44.307,44.855,61370,0
2016-10-14,45.203,45.331,44.875,44.875,45029,0
2016-10-17,44.855,45.153,44.059,44.605,40596,0
2016-10-18,44.954,44.954,44.605,44.655,46454,0
2016-10-19,44.705,44.78,44.556,44.556,140569,0
2016-10-20,44.407,44.805,44.357,44.556,60517,0
2016-10-21,44.109,44.605,44.109,44.158,115270,0
2016-10-24,44.605,44.954,44.258,44.407,83215,0
2016-10-25,44.258,44.556,43.661,44.208,59704,0
2016-10-26,44.009,44.507,43.909,43.909,48894,0
2016-10-27,44.009,44.158,43.611,43.81,89802,0
2016-10-28,43.86,44.158,43.263,43.313,107107,0
2016-10-31,43.562,44.307,43.114,44.307,153434,0
2016-11-01,44.258,44.407,43.611,43.711,112213,0
2016-11-02,43.711,43.761,43.064,43.064,72273,0
2016-11-03,43.213,43.313,42.915,42.915,89575,0
2016-11-04,42.915,43.213,42.716,42.965,130623,0
2016-11-07,43.611,43.711,43.337,43.462,138144,0
2016-11-08,43.562,45.749,43.562,45.153,85358,0
2016-11-09,44.605,46.893,44.605,46.446,126560,0
2016-11-10,46.695,48.633,46.595,48.335,153253,0
2016-11-11,48.285,50.324,48.236,50.125,191223,0
2016-11-14,50.773,51.021,49.877,50.275,118560,0
2016-11-15,51.419,53.358,50.821,52.911,144891,0
2016-11-16,52.861,54.502,52.811,54.303,144226,0
2016-11-17,53.904,55.098,53.855,54.402,145937,0
2016-11-18,54.452,55.248,54.154,54.9,148614,0
2016-11-21,54.7,55.596,54.353,55.346,78976,0
2016-11-22,55.346,56.442,55.297,56.392,80571,0
2016-11-23,56.142,56.888,55.994,56.192,92046,0
2016-11-25,56.192,56.331,56.042,56.192,46381,0
2016-11-28,56.142,56.142,55.596,55.844,96928,0
2016-11-29,55.795,55.944,55.248,55.396,90663,0
2016-11-30,55.496,56.68,55.148,55.596,109907,0
2016-12-01,55.546,56.092,54.6,55.944,129404,0
2016-12-02,55.795,56,54.8,54.95,52516,0
2016-12-05,55.049,55.746,55.049,55.646,115756,0
2016-12-06,56.042,57.138,54.755,56.838,98186,0
2016-12-07,56.739,57.436,56.292,57.238,80642,0
2016-12-08,57.436,57.934,56.69,57.784,91557,0
2016-12-09,57.734,58.032,56.938,57.684,85604,0
2016-12-12,57.336,57.684,56.442,57.238,104178,0
2016-12-13,57.286,57.834,56.392,56.938,71632,0
2016-12-14,56.54,57.386,55.198,56.492,60037,0
2016-12-15,56.442,57.386,55.844,57.088,110856,0
2016-12-16,57.188,58.032,55.844,56.788,522669,0
2016-12-19,56.54,58.181,56.54,57.584,124080,0
2016-12-20,57.784,58.082,56.69,57.784,91578,0
2016-12-21,57.834,58.152,57.336,57.386,111274,0
2016-12-22,57.188,57.834,56.788,56.938,66831,0
2016-12-23,57.088,57.784,57.038,57.784,46912,0
2016-12-27,57.934,58.43,57.038,57.436,77561,0
2016-12-28,57.584,58.201,56.59,56.739,59038,0
2016-12-29,56.988,57.436,56.54,57.088,58589,0
2016-12-30,57.068,57.068,56.221,56.421,66417,0
2017-01-03,57.118,57.765,56.471,57.118,129915,0
2017-01-04,57.416,57.79,57.168,57.515,102632,0
2017-01-05,57.366,57.765,56.371,56.471,67181,0
2017-01-06,56.52,56.52,55.729,56.021,79773,0
2017-01-09,56.021,56.021,55.225,55.773,142455,0
2017-01-10,56.021,57.168,55.424,56.968,123987,0
2017-01-11,57.218,57.865,56.719,57.815,75411,0
2017-01-12,57.865,57.865,56.271,57.118,55487,0
2017-01-13,57.466,58.412,57.466,58.213,67431,0
2017-01-17,58.063,58.063,56.669,56.768,60078,0
2017-01-18,57.018,57.565,56.768,57.218,56183,0
2017-01-19,57.316,57.615,56.171,56.271,83135,0
2017-01-20,56.271,57.018,55.872,56.171,83923,0
2017-01-23,56.271,56.52,55.274,55.674,55226,0
2017-01-24,55.724,56.471,55.724,56.371,109314,0
2017-01-25,56.619,56.918,56.471,56.669,81509,0
2017-01-26,56.768,56.868,55.872,56.52,89646,0
2017-01-27,56.619,57.366,56.471,57.266,117555,0
2017-01-30,57.018,57.143,56.146,56.818,84865,0
2017-01-31,56.619,58.013,56.221,57.965,75296,0
2017-02-01,58.312,58.711,57.168,57.915,88554,0
2017-02-02,57.765,58.412,57.168,57.266,51004,0
2017-02-03,57.915,58.213,57.366,57.715,62799,0
2017-02-06,57.515,57.665,56.619,57.018,53881,0
2017-02-07,57.018,57.316,57.018,57.168,72609,0
2017-02-08,56.071,56.071,51.589,52.636,305737,0
2017-02-09,52.785,53.93,52.686,53.83,111959,0
2017-02-10,54.18,54.478,53.632,54.378,89806,0
2017-02-13,54.627,55.624,54.23,54.627,99871,0
2017-02-14,54.23,54.428,53.93,54.18,116470,0
2017-02-15,53.88,55.225,53.16,54.877,98577,0
2017-02-16,54.927,55.374,54.527,55.076,74099,0
2017-02-17,55.026,55.324,54.627,54.927,132862,0
2017-02-21,55.026,55.674,54.877,55.574,44365,0
2017-02-22,55.324,55.424,54.977,55.225,49467,0
2017-02-23,55.474,55.474,54.478,54.927,61142,0
2017-02-24,54.279,55.274,54.235,55.274,54884,0
2017-02-27,55.175,55.424,54.727,55.324,103871,0
2017-02-28,55.175,55.175,53.83,53.98,59130,0
2017-03-01,54.577,55.434,54.527,54.877,73864,0
2017-03-02,54.677,54.877,53.731,53.731,50491,0
2017-03-03,53.93,54.527,52.686,54.478,108883,0
2017-03-06,54.23,54.827,53.98,54.727,74003,0
2017-03-07,54.727,54.727,53.681,53.731,62278,0
2017-03-08,53.78,53.78,52.686,52.785,62500,0
2017-03-09,52.636,53.383,52.386,53.383,106591,0
2017-03-10,53.88,54.329,53.532,54.03,56863,0
2017-03-13,54.08,55.274,53.93,54.18,38563,0
2017-03-14,53.83,54.777,53.582,54.478,51748,0
2017-03-15,54.827,56.421,54.727,56.171,95140,0
2017-03-16,56.421,56.619,55.674,56.52,79313,0
2017-03-17,56.619,58.163,56.52,57.965,279175,0
2017-03-20,57.965,57.965,56.669,56.768,69795,0
2017-03-21,57.068,57.068,55.574,55.773,126601,0
2017-03-22,55.574,56.071,54.378,55.424,67176,0
2017-03-23,55.324,56.569,55.225,56.471,79869,0
2017-03-24,56.619,56.818,56.121,56.768,95751,0
2017-03-27,56.171,56.868,55.474,56.619,76812,0
2017-03-28,56.471,56.968,55.773,56.868,80547,0
2017-03-29,56.768,57.715,56.399,57.615,73022,0
2017-03-30,57.695,58.144,57.495,57.795,84492,0
2017-03-31,57.845,58.643,57.495,57.945,124313,0
2017-04-03,58.044,58.044,56.349,56.947,122979,0
2017-04-04,56.797,57.495,56.349,57.446,68466,0
2017-04-05,57.695,58.094,57.247,57.595,138586,0
2017-04-06,57.545,58.044,57.247,57.595,88731,0
2017-04-07,57.446,58.094,57.346,57.745,109745,0
2017-04-10,57.795,58.343,57.446,57.845,76714,0
2017-04-11,57.695,58.593,57.545,58.393,73275,0
2017-04-12,58.393,58.393,56.897,57.545,73558,0
2017-04-13,57.545,57.545,56.449,56.548,70100,0
2017-04-17,56.648,56.648,55.85,56.449,96719,0
2017-04-18,56,56.474,55.701,56.399,50793,0
2017-04-19,56.598,56.997,56.349,56.648,61345,0
2017-04-20,56.997,57.87,56.499,57.495,82815,0
2017-04-21,57.495,58.293,57.396,57.695,94866,0
2017-04-24,58.543,58.643,57.845,58.443,104381,0
2017-04-25,58.842,59.69,58.842,59.241,147492,0
2017-04-26,59.041,60.438,59.041,60.288,138970,0
2017-04-27,60.288,60.787,59.839,60.139,91033,0
2017-04-28,60.089,60.189,58.543,58.693,67878,0
2017-05-01,58.991,59.341,58.364,59.191,77262,0
2017-05-02,59.391,60.189,58.743,58.842,66868,0
2017-05-03,58.543,58.792,58.144,58.493,59914,0
2017-05-04,58.443,58.743,57.845,58.593,68103,0
2017-05-05,57.995,57.995,56.049,57.197,124656,0
2017-05-08,57.247,57.52,56.598,57.346,161611,0
2017-05-09,57.446,58.194,56.947,57.446,80399,0
2017-05-10,57.247,57.745,56.897,57.695,82755,0
2017-05-11,57.396,58.194,56.897,57.396,62805,0
2017-05-12,57.346,57.346,56.897,56.997,44976,0
2017-05-15,57.247,57.446,56.648,56.747,79118,0
2017-05-16,56.648,57.042,56.399,56.897,156773,0
2017-05-17,56,56.299,55.401,55.551,133894,0
2017-05-18,55.451,56.499,55.003,55.751,104161,0
2017-05-19,56,56.048,55.202,55.601,134157,0
2017-05-22,55.651,56.299,55.551,56.249,51924,0
2017-05-23,56.499,56.997,55.85,56.997,72417,0
2017-05-24,56.947,58.044,56.698,57.695,76506,0
2017-05-25,57.645,58.343,57.247,57.446,40019,0
2017-05-26,57.446,57.945,56.847,57.695,44049,0
2017-05-30,57.446,57.617,56.648,56.847,35594,0
2017-05-31,56.897,57.495,56.099,57.446,62354,0
2017-06-01,57.495,58.343,57.346,58.293,70383,0
2017-06-02,58.393,59.64,58.393,58.842,71654,0
2017-06-05,58.743,59.041,58.293,58.393,62371,0
2017-06-06,58.044,58.293,57.396,57.495,32946,0
2017-06-07,57.645,58.094,57.247,57.995,47262,0
2017-06-08,58.094,59.391,57.545,59.341,82678,0
2017-06-09,59.291,61.086,59.291,60.737,122065,0
2017-06-12,60.687,60.987,58.842,59.141,62120,0
2017-06-13,59.989,61.235,59.191,60.239,60432,0
2017-06-14,60.388,61.086,59.091,59.54,45445,0
2017-06-15,58.892,59.989,58.892,59.839,38270,0
2017-06-16,59.241,59.789,59.241,59.59,130136,0
2017-06-19,59.739,60.288,59.341,60.039,49892,0
2017-06-20,59.989,60.039,59.291,59.441,34472,0
2017-06-21,59.739,59.739,58.343,58.493,62473,0
2017-06-22,58.343,59.141,57.845,58.743,74797,0
2017-06-23,58.892,59.64,58.792,59.491,95491,0
2017-06-26,59.64,59.739,59.041,59.341,59977,0
2017-06-27,59.191,59.939,58.743,58.842,40261,0
2017-06-28,59.191,59.939,58.991,59.839,70277,0
2017-06-29,59.839,60.039,58.991,59.341,70725,0
2017-06-30,59.57,60.07,59.271,59.57,38065,0
2017-07-03,59.82,60.419,58.572,60.02,27107,0
2017-07-05,59.92,61.268,59.62,60.02,168689,0
2017-07-06,59.471,59.97,58.722,59.071,55330,0
2017-07-07,59.371,59.97,59.021,59.92,38191,0
2017-07-10,59.77,60.02,59.321,59.57,50737,0
2017-07-11,59.421,60.719,58.372,59.92,109859,0
2017-07-12,60.269,60.869,59.87,59.87,131881,0
2017-07-13,59.92,60.22,59.296,60.22,192623,0
2017-07-14,60.17,60.569,59.77,60.269,155863,0
2017-07-17,60.07,61.018,60.02,61.018,72543,0
2017-07-18,60.819,61.668,60.769,61.168,76239,0
2017-07-19,61.418,62.566,61.218,62.516,56632,0
2017-07-20,62.467,63.166,62.017,63.066,42749,0
2017-07-21,63.415,63.715,62.417,62.716,100299,0
2017-07-24,62.716,63.381,61.668,62.417,66994,0
2017-07-25,62.616,62.866,62.117,62.367,57631,0
2017-07-26,62.367,62.516,61.368,61.418,43694,0
2017-07-27,61.568,62.287,60.869,61.468,35596,0
2017-07-28,61.518,62.217,61.318,62.067,40559,0
2017-07-31,62.217,62.267,61.168,61.618,70991,0
2017-08-01,61.917,61.917,61.068,61.368,34593,0
2017-08-02,61.268,61.468,60.469,61.018,31728,0
2017-08-03,60.969,61.368,60.669,61.068,64196,0
2017-08-04,60.719,61.318,60.719,61.168,96504,0
2017-08-07,61.168,61.243,60.769,61.118,76656,0
2017-08-08,60.919,61.393,60.419,61.118,131593,0
2017-08-09,60.469,60.469,53.279,53.379,253768,0
2017-08-10,53.229,53.828,52.43,53.279,123046,0
2017-08-11,51.881,53.179,50.233,51.331,184372,0
2017-08-14,51.881,53.828,51.381,53.678,161166,0
2017-08-15,53.628,54.128,53.429,53.828,124200,0
2017-08-16,53.978,54.078,53.379,54.078,86424,0
2017-08-17,53.778,54.178,53.429,53.628,168084,0
2017-08-18,53.179,54.277,53.079,53.878,173463,0
2017-08-21,53.928,53.928,53.229,53.678,72198,0
2017-08-22,53.828,53.978,53.628,53.878,63356,0
2017-08-23,53.628,53.878,53.379,53.429,67607,0
2017-08-24,53.678,53.678,52.979,53.279,65196,0
2017-08-25,53.479,53.828,53.029,53.479,61474,0
2017-08-28,53.628,53.678,53.329,53.528,66908,0
2017-08-29,53.229,54.128,52.979,53.928,50008,0
2017-08-30,53.878,53.878,52.779,53.878,51192,0
2017-08-31,54.078,54.677,53.978,54.377,57671,0
2017-09-01,54.427,54.977,54.277,54.827,59109,0
2017-09-05,54.627,55.476,53.978,54.178,67557,0
2017-09-06,54.377,55.026,53.978,54.627,76057,0
2017-09-07,54.727,54.777,54.078,54.477,42052,0
2017-09-08,54.527,55.226,54.427,54.727,60891,0
2017-09-11,55.176,55.476,54.677,54.877,67054,0
2017-09-12,54.877,55.975,54.877,55.376,61852,0
2017-09-13,55.226,55.975,55.126,55.925,33617,0
2017-09-14,55.476,56.225,55.426,55.726,40110,0
2017-09-15,55.825,56.325,55.226,56.075,181916,0
2017-09-18,56.175,57.174,56.025,57.074,61468,0
2017-09-19,57.074,57.823,57.074,57.773,46776,0
2017-09-20,57.723,58.622,57.423,58.272,92167,0
2017-09-21,58.322,58.672,57.124,57.124,102450,0
2017-09-22,57.024,58.022,57.024,57.773,56757,0
2017-09-25,57.623,58.172,57.523,58.122,62866,0
2017-09-26,58.222,59.071,58.122,58.422,72100,0
2017-09-27,58.522,60.969,58.372,60.269,116412,0
2017-09-28,60.07,60.669,59.57,60.369,38757,0
2017-09-29,60.319,60.519,59.72,59.87,66498,0
2017-10-02,59.95,61.15,59.6,61.1,70970,0
2017-10-03,61.25,62.05,60.6,62,94583,0
2017-10-04,62,62,60.65,60.85,81929,0
2017-10-05,60.95,61.15,60.5,60.7,47684,0
2017-10-06,60.25,61.65,60.25,61.6,69339,0
2017-10-09,61.55,61.8,60.15,60.5,67335,0
2017-10-10,60.8,61,60.35,60.6,59794,0
2017-10-11,60.6,61.05,60.45,60.5,52982,0
2017-10-12,60.3,60.9,60.05,60.5,89886,0
2017-10-13,60.9,61.05,60.4,61,77917,0
2017-10-16,61.15,61.6,60.25,61.15,25632,0
2017-10-17,60.75,61,59.95,60.1,62121,0
2017-10-18,60.3,60.95,60.1,60.2,47553,0
2017-10-19,59.85,60.1,59.45,59.9,64434,0
2017-10-20,60.4,60.4,59.95,60.1,59524,0
2017-10-23,60.25,60.3,59.4,59.5,52752,0
2017-10-24,59.5,60.2,59.05,60,64124,0
2017-10-25,59.9,59.95,58.75,59.45,64797,0
2017-10-26,59.6,59.95,59.425,59.55,43795,0
2017-10-27,59.65,59.95,59.25,59.75,89504,0
2017-10-30,59.5,59.6,57.8,57.95,89641,0
2017-10-31,58.15,58.75,57.8,57.95,176128,0
2017-11-01,58.35,59.35,58.05,59.05,99591,0
2017-11-02,59.2,60.4,58.85,59.5,81928,0
2017-11-03,59.25,59.7,59,59.15,51703,0
2017-11-06,59.3,59.6324,58.6583,59.05,52713,0
2017-11-07,58.95,59.25,57.85,58.05,55599,0
2017-11-08,57.8,58.6,56.9,57.2,83559,0
2017-11-09,56.95,57.45,55.9,56.65,113526,0
2017-11-10,56.5,58.15,56.35,57.55,121136,0
