2016-01-04,17.172,17.378,17.11,17.378,53635,0
2016-01-05,17.431,17.553,17.358,17.535,55500,0
2016-01-06,17.606,17.646,17.486,17.515,80438,0
2016-01-07,17.581,17.616,17.416,17.416,53556,0
2016-01-08,17.486,17.486,17.348,17.44,74766,0
2016-01-11,17.458,17.476,17.297,17.378,28700,0
2016-01-12,17.358,17.378,17.277,17.378,56475,0
2016-01-13,17.425,17.452,17.287,17.287,29214,0
2016-01-14,17.358,17.358,17.218,17.311,37074,0
2016-01-15,17.311,17.388,17.258,17.388,67907,0
2016-01-19,17.45,17.45,17.293,17.339,23563,0
2016-01-20,17.408,17.408,17.145,17.34,65296,0
2016-01-21,17.359,17.487,17.303,17.487,39508,0
2016-01-22,17.527,17.608,17.399,17.517,25569,0
2016-01-25,17.599,17.599,17.417,17.441,48917,0
2016-01-26,17.408,17.517,17.369,17.441,37873,0
2016-01-27,17.468,17.507,17.278,17.303,55767,0
2016-01-28,17.369,17.497,17.33,17.497,26963,0
2016-01-29,17.555,17.618,17.546,17.618,30581,0
2016-02-01,17.555,17.677,17.555,17.628,29317,0
2016-02-02,17.555,17.786,17.555,17.687,29771,0
2016-02-03,17.776,17.992,17.705,17.927,107747,0
2016-02-04,17.877,17.965,17.861,17.897,83727,0
2016-02-05,17.974,17.974,17.823,17.897,54559,0
2016-02-08,17.877,17.965,17.859,17.956,18994,0
2016-02-09,17.956,18.176,17.946,18.139,62298,0
2016-02-10,18.195,18.195,17.982,18,37387,0
2016-02-11,18.018,18.036,17.877,17.992,52592,0
2016-02-12,17.936,18.018,17.927,17.956,20054,0
2016-02-16,17.974,17.974,17.887,17.89,37905,0
2016-02-17,17.877,17.965,17.833,17.877,56642,0
2016-02-18,17.898,17.957,17.888,17.957,25793,0
2016-02-19,17.957,18.009,17.918,18.009,32870,0
2016-02-22,17.975,18.15,17.908,18.15,98408,0
2016-02-23,18.123,18.281,18.056,18.281,48792,0
2016-02-24,18.281,18.354,18.24,18.326,69822,0
2016-02-25,18.326,18.345,18.254,18.254,51218,0
2016-02-26,18.244,18.254,18.104,18.104,54550,0
2016-02-29,18.178,18.178,18.102,18.15,32017,0
2016-03-01,18.15,18.168,18.046,18.131,81338,0
2016-03-02,18.168,18.178,17.965,17.965,38594,0
2016-03-03,18.056,18.056,17.937,17.947,31561,0
2016-03-04,17.993,18.244,17.947,18.076,46525,0
2016-03-07,18.131,18.141,18.028,18.094,24477,0
2016-03-08,18.141,18.178,18.009,18.056,40949,0
2016-03-09,18.141,18.244,18.104,18.178,66206,0
2016-03-10,18.141,18.166,18.037,18.066,82365,0
2016-03-11,18.178,18.207,18.076,18.094,45807,0
2016-03-14,18.15,18.168,18.084,18.15,21272,0
2016-03-15,18.114,18.212,18.094,18.104,30539,0
2016-03-16,18.168,18.272,18.104,18.244,25738,0
2016-03-17,18.226,18.226,18.066,18.141,59888,0
2016-03-18,18.178,18.217,18.056,18.114,45621,0
2016-03-21,18.114,18.141,18.018,18.046,55357,0
2016-03-22,18.095,18.184,18.067,18.156,31711,0
2016-03-23,18.16,18.179,18.067,18.095,74867,0
2016-03-24,18.142,18.16,18.067,18.105,49866,0
2016-03-28,18.189,18.198,18.085,18.095,25686,0
2016-03-29,18.198,18.237,18.151,18.151,38270,0
2016-03-30,18.208,18.293,18.179,18.228,41395,0
2016-03-31,18.31,18.507,18.295,18.479,45578,0
2016-04-01,18.517,18.75,18.507,18.75,24820,0
2016-04-04,18.778,18.778,18.556,18.556,36659,0
2016-04-05,18.655,18.731,18.646,18.704,43999,0
2016-04-06,18.807,19.118,18.646,18.694,76664,0
2016-04-07,18.646,18.769,18.646,18.704,43202,0
2016-04-08,18.846,18.846,18.564,18.564,39308,0
2016-04-11,18.601,18.713,18.601,18.713,36482,0
2016-04-12,18.741,18.846,18.713,18.741,43012,0
2016-04-13,18.721,18.807,18.655,18.797,54789,0
2016-04-14,18.846,18.955,18.76,18.797,25587,0
2016-04-15,18.865,18.993,18.769,18.778,37167,0
2016-04-18,18.926,19.022,18.855,18.926,29326,0
2016-04-19,18.984,18.984,18.855,18.88,18721,0
2016-04-20,18.985,19.12,18.721,18.741,50861,0
2016-04-21,18.828,18.856,18.655,18.694,71439,0
2016-04-22,18.798,18.818,18.713,18.713,44828,0
2016-04-25,18.694,18.721,18.637,18.655,42419,0
2016-04-26,18.721,18.721,18.574,18.583,34180,0
2016-04-27,18.684,18.684,18.591,18.655,47779,0
2016-04-28,18.637,18.694,18.61,18.627,42414,0
2016-04-29,18.675,18.713,18.583,18.617,47198,0
2016-05-02,18.617,18.665,18.583,18.583,45071,0
2016-05-03,18.665,18.769,18.637,18.76,42471,0
2016-05-04,18.769,18.778,18.704,18.75,40125,0
2016-05-05,18.704,18.873,18.704,18.808,51009,0
2016-05-06,18.901,18.901,18.782,18.828,40871,0
2016-05-09,18.798,18.891,18.798,18.881,42088,0
2016-05-10,18.917,19.013,18.873,18.976,24324,0
2016-05-11,19.04,19.08,18.985,19.05,21119,0
2016-05-12,18.985,19.191,18.985,19.137,84243,0
2016-05-13,19.219,19.267,19.163,19.209,44393,0
2016-05-16,19.372,19.427,19.219,19.285,41779,0
2016-05-17,19.332,19.332,19.209,19.247,51414,0
2016-05-18,19.304,19.342,19.08,19.1,63988,0
2016-05-19,19.023,19.08,18.694,18.694,86899,0
2016-05-20,18.799,18.829,18.601,18.628,115452,0
2016-05-23,18.732,18.847,18.722,18.809,27048,0
2016-05-24,18.883,18.883,18.809,18.847,24746,0
2016-05-25,18.847,18.968,18.847,18.968,44915,0
2016-05-26,18.977,19.025,18.794,18.847,115788,0
2016-05-27,18.857,18.929,18.618,18.638,132260,0
2016-05-31,18.646,18.732,18.611,18.732,69140,0
2016-06-01,18.779,18.867,18.751,18.857,31741,0
2016-06-02,18.903,19.092,18.839,19.092,124442,0
2016-06-03,19.203,19.358,19.189,19.288,63413,0
2016-06-06,19.24,19.395,19.24,19.325,19616,0
2016-06-07,19.414,19.414,19.306,19.375,12348,0
2016-06-08,19.477,19.513,19.316,19.356,55169,0
2016-06-09,19.422,19.467,19.4,19.414,66889,0
2016-06-10,19.375,19.496,19.345,19.467,52505,0
2016-06-13,19.467,19.553,19.395,19.477,47563,0
2016-06-14,19.57,19.579,19.505,19.523,29688,0
2016-06-15,19.505,19.543,19.486,19.543,24027,0
2016-06-16,19.543,19.787,19.533,19.74,70335,0
2016-06-17,19.787,19.852,19.677,19.687,34643,0
2016-06-20,19.722,19.722,19.553,19.599,47088,0
2016-06-21,19.697,19.713,19.61,19.697,43262,0
2016-06-22,19.619,19.761,19.571,19.678,53300,0
2016-06-23,19.751,19.751,19.571,19.619,41115,0
2016-06-24,19.534,19.942,19.534,19.884,65327,0
2016-06-27,19.904,20.073,19.61,19.997,101529,0
2016-06-28,20.073,20.083,19.818,20.083,75412,0
2016-06-29,20.083,20.31,19.988,20.178,57052,0
2016-06-30,20.264,20.347,20.034,20.083,36021,0
2016-07-01,20.102,20.188,19.904,19.997,73012,0
2016-07-05,19.988,20.178,19.854,20.054,91410,0
2016-07-06,20.148,20.259,20.128,20.197,75481,0
2016-07-07,20.138,20.318,20.102,20.318,73932,0
2016-07-08,20.489,20.489,20.31,20.31,57691,0
2016-07-11,20.422,20.422,20.148,20.158,38551,0
2016-07-12,19.997,20.11,19.775,19.799,84102,0
2016-07-13,19.741,19.837,19.448,19.477,88507,0
2016-07-14,19.505,19.639,19.457,19.58,151927,0
2016-07-15,19.524,19.845,19.448,19.514,92120,0
2016-07-18,19.629,19.779,19.562,19.751,33795,0
2016-07-19,19.837,19.923,19.799,19.923,45573,0
2016-07-20,19.971,20.018,19.896,19.981,28444,0
2016-07-21,20.064,20.074,19.905,19.948,30691,0
2016-07-22,19.934,19.997,19.895,19.924,21673,0
2016-07-25,19.924,19.952,19.914,19.924,20229,0
2016-07-26,20.008,20.008,19.895,20.008,29696,0
2016-07-27,20.045,20.13,19.924,19.971,39793,0
2016-07-28,20.035,20.035,19.924,19.952,34673,0
2016-07-29,20.008,20.035,19.998,20.017,22159,0
2016-08-01,19.952,19.998,19.895,19.924,21066,0
2016-08-02,19.808,19.934,19.77,19.924,34794,0
2016-08-03,19.934,20.008,19.895,19.952,42840,0
2016-08-04,19.934,20.074,19.934,20.025,37120,0
2016-08-05,20.074,20.198,20.025,20.121,41127,0
2016-08-08,20.19,20.34,20.15,20.34,22772,0
2016-08-09,20.358,20.358,20.274,20.274,40073,0
2016-08-10,20.397,20.397,20.217,20.284,26380,0
2016-08-11,20.377,20.387,20.253,20.358,68993,0
2016-08-12,20.377,20.425,20.311,20.406,26850,0
2016-08-15,20.358,20.473,20.311,20.415,63850,0
2016-08-16,20.483,20.483,20.311,20.32,34191,0
2016-08-17,20.387,20.568,20.32,20.501,49289,0
2016-08-18,20.464,20.511,20.415,20.492,74792,0
2016-08-19,20.406,20.473,20.397,20.406,26391,0
2016-08-22,20.532,20.549,20.465,20.549,47237,0
2016-08-23,20.493,20.549,20.493,20.493,24968,0
2016-08-24,20.474,20.512,20.35,20.359,61960,0
2016-08-25,20.388,20.388,20.256,20.265,53652,0
2016-08-26,20.16,20.274,20.074,20.074,49991,0
2016-08-29,20.18,20.19,20.074,20.13,37220,0
2016-08-30,20.18,20.18,19.988,20.007,37398,0
2016-08-31,20.084,20.084,19.836,19.904,44865,0
2016-09-01,19.836,19.951,19.836,19.894,49581,0
2016-09-02,19.951,19.951,19.826,19.845,33555,0
2016-09-06,19.923,20.246,19.837,20.217,86197,0
2016-09-07,20.265,20.274,20.18,20.261,38307,0
2016-09-08,20.292,20.292,20.217,20.274,32110,0
2016-09-09,20.18,20.214,20.017,20.103,84532,0
2016-09-12,20.045,20.15,19.988,20.121,24025,0
2016-09-13,20.15,20.15,19.905,19.926,45079,0
2016-09-14,19.904,20.064,19.904,19.98,16144,0
2016-09-15,20.045,20.045,19.933,19.951,19073,0
2016-09-16,19.904,20.025,19.864,20.017,32281,0
2016-09-19,20.064,20.084,19.908,19.971,19643,0
2016-09-20,20.007,20.035,19.884,19.942,23600,0
2016-09-21,20.046,20.046,19.948,20.046,24034,0
2016-09-22,20.122,20.323,20.122,20.248,27677,0
2016-09-23,20.294,20.294,20.162,20.238,16328,0
2016-09-26,20.294,20.294,20.21,20.258,14328,0
2016-09-27,20.266,20.323,20.2,20.219,24932,0
2016-09-28,20.219,20.429,20.219,20.429,37089,0
2016-09-29,20.429,20.429,20.304,20.333,15854,0
2016-09-30,20.304,20.39,20.192,20.229,25309,0
2016-10-03,20.323,20.323,19.998,20.085,29332,0
2016-10-04,20.018,20.018,19.578,19.677,35854,0
2016-10-05,19.778,19.979,19.501,19.647,21319,0
2016-10-06,19.608,19.75,19.554,19.695,26519,0
2016-10-07,19.647,19.817,19.647,19.798,28875,0
2016-10-10,19.826,19.845,19.728,19.75,24688,0
2016-10-11,19.778,19.816,19.667,19.704,32545,0
2016-10-12,19.695,19.711,19.588,19.598,16554,0
2016-10-13,19.598,19.598,19.302,19.302,18780,0
2016-10-14,19.186,19.219,18.957,18.986,31212,0
2016-10-17,18.891,18.909,18.67,18.67,46840,0
2016-10-18,18.758,18.767,18.577,18.642,99610,0
2016-10-19,18.71,18.854,18.622,18.7,139784,0
2016-10-20,18.837,18.911,18.671,18.72,55199,0
2016-10-21,18.817,19.008,18.817,18.87,57740,0
2016-10-24,18.893,18.893,18.777,18.797,45385,0
2016-10-25,18.787,18.903,18.764,18.797,73131,0
2016-10-26,18.797,18.817,18.701,18.711,61245,0
2016-10-27,18.529,18.633,18.529,18.529,28926,0
2016-10-28,18.519,18.623,18.5,18.539,58981,0
2016-10-31,18.661,18.661,18.549,18.642,57862,0
2016-11-01,18.73,18.73,18.5,18.651,51882,0
2016-11-02,18.701,18.72,18.605,18.691,50378,0
2016-11-03,18.73,18.777,18.644,18.73,38343,0
2016-11-04,18.846,18.855,18.787,18.846,24645,0
2016-11-07,18.855,18.893,18.78,18.883,20205,0
2016-11-08,18.929,18.969,18.873,18.949,22344,0
2016-11-09,18.671,18.887,18.671,18.787,55759,0
2016-11-10,18.691,18.691,18.355,18.355,48877,0
2016-11-11,18.213,18.345,18.067,18.308,35922,0
2016-11-14,18.213,18.213,17.868,18.117,96111,0
2016-11-15,18.117,18.213,18.019,18.213,107154,0
2016-11-16,18.213,18.355,18.193,18.345,48976,0
2016-11-17,18.326,18.355,18.261,18.27,77025,0
2016-11-18,18.213,18.622,18.213,18.471,45942,0
2016-11-21,18.424,18.578,18.424,18.482,49006,0
2016-11-22,18.51,18.522,18.424,18.434,43225,0
2016-11-23,18.384,18.424,18.116,18.355,43441,0
2016-11-25,18.223,18.587,18.223,18.462,4933,0
2016-11-28,18.472,18.578,18.453,18.55,27378,0
2016-11-29,18.568,18.568,18.462,18.51,27289,0
2016-11-30,18.444,18.653,18.375,18.578,33389,0
2016-12-01,18.394,18.404,18.203,18.213,56707,0
2016-12-02,18.135,18.414,18.135,18.335,35831,0
2016-12-05,18.241,18.624,18.223,18.55,41707,0
2016-12-06,18.462,18.559,18.462,18.52,49326,0
2016-12-07,18.51,18.602,18.51,18.578,83458,0
2016-12-08,18.53,18.606,18.482,18.587,27931,0
2016-12-09,18.472,18.606,18.472,18.578,36332,0
2016-12-12,18.501,18.634,18.472,18.52,54667,0
2016-12-13,18.55,18.55,18.472,18.51,27846,0
2016-12-14,18.52,18.693,18.52,18.644,36524,0
2016-12-15,18.587,18.596,18.52,18.587,35439,0
2016-12-16,18.54,18.596,18.54,18.55,25725,0
2016-12-19,18.596,18.653,18.55,18.606,73624,0
2016-12-20,18.644,18.644,18.501,18.559,35878,0
2016-12-21,18.674,18.724,18.569,18.674,30423,0
2016-12-22,18.635,18.67,18.588,18.635,95682,0
2016-12-23,18.753,18.753,18.588,18.615,22930,0
2016-12-27,18.404,18.684,18.404,18.625,42829,0
2016-12-28,18.569,18.653,18.511,18.541,29137,0
2016-12-29,18.674,19.121,18.615,19.024,39430,0
2016-12-30,18.924,19.035,18.914,18.934,29557,0
2017-01-03,18.841,19.131,18.841,19.121,12708,0
2017-01-04,19.071,19.071,18.914,19.004,49819,0
2017-01-05,18.877,18.963,18.734,18.877,54988,0
2017-01-06,18.859,18.921,18.811,18.811,35384,0
2017-01-09,18.811,18.984,18.811,18.944,29473,0
2017-01-10,18.897,18.974,18.897,18.923,42721,0
2017-01-11,18.877,18.983,18.831,18.914,36184,0
2017-01-12,18.914,19.014,18.914,18.934,27430,0
2017-01-13,18.914,18.954,18.897,18.897,34157,0
2017-01-17,18.994,18.994,18.914,18.924,21893,0
2017-01-18,18.974,18.986,18.859,18.934,24104,0
2017-01-19,18.841,18.887,18.772,18.868,33276,0
2017-01-20,18.773,18.832,18.743,18.773,22351,0
2017-01-23,18.743,18.86,18.743,18.812,36868,0
2017-01-24,18.734,18.85,18.694,18.694,40373,0
2017-01-25,18.714,18.714,18.597,18.645,56336,0
2017-01-26,18.654,18.674,18.607,18.654,21738,0
2017-01-27,18.674,18.734,18.654,18.724,26216,0
2017-01-30,18.743,18.842,18.664,18.842,29082,0
2017-01-31,18.85,18.975,18.842,18.975,32371,0
2017-02-01,18.898,18.977,18.869,18.977,14405,0
2017-02-02,18.985,19.063,18.985,19.015,23230,0
2017-02-03,19.053,19.073,18.995,19.015,41670,0
2017-02-06,19.034,19.103,19.034,19.083,15288,0
2017-02-07,19.073,19.178,19.073,19.16,22627,0
2017-02-08,19.16,19.266,19.16,19.226,32897,0
2017-02-09,19.169,19.188,19.132,19.132,14845,0
2017-02-10,19.103,19.16,19.093,19.093,11297,0
2017-02-13,19.083,19.132,19.083,19.084,14985,0
2017-02-14,19.083,19.083,18.985,18.99,27515,0
2017-02-15,18.888,19.025,18.878,18.878,26849,0
2017-02-16,18.899,19.016,18.861,18.889,27144,0
2017-02-17,18.908,19.085,18.851,19.075,34192,0
2017-02-21,18.976,19.045,18.861,18.87,28321,0
2017-02-22,18.87,18.956,18.851,18.899,25167,0
2017-02-23,18.956,18.976,18.87,18.899,25301,0
2017-02-24,18.916,19.035,18.916,19.006,17369,0
2017-02-27,18.966,18.986,18.879,18.916,21483,0
2017-02-28,18.889,18.976,18.889,18.956,29482,0
2017-03-01,18.908,18.908,18.753,18.773,41236,0
2017-03-02,18.684,18.773,18.684,18.753,25538,0
2017-03-03,18.674,18.684,18.56,18.645,43296,0
2017-03-06,18.645,18.654,18.579,18.654,30027,0
2017-03-07,18.615,18.625,18.579,18.58,38672,0
2017-03-08,18.521,18.635,18.475,18.541,35220,0
2017-03-09,18.491,18.491,18.32,18.353,49771,0
2017-03-10,18.373,18.412,18.179,18.287,29119,0
2017-03-13,18.269,18.315,18.199,18.315,24704,0
2017-03-14,18.239,18.297,18.229,18.287,28489,0
2017-03-15,18.239,18.511,18.239,18.501,27175,0
2017-03-16,18.392,18.56,18.269,18.551,59917,0
2017-03-17,18.461,18.569,18.461,18.556,18319,0
2017-03-20,18.551,18.654,18.531,18.634,19439,0
2017-03-21,18.635,18.813,18.625,18.753,18762,0
2017-03-22,18.774,18.844,18.774,18.844,18551,0
2017-03-23,18.844,18.88,18.784,18.88,14701,0
2017-03-24,18.834,19.077,18.834,18.9,66003,0
2017-03-27,18.948,19.057,18.918,18.998,22254,0
2017-03-28,19.028,19.095,19.028,19.037,8446,0
2017-03-29,19.067,19.1,19.028,19.037,39453,0
2017-03-30,19.057,19.107,18.968,19.067,35583,0
2017-03-31,19.087,19.154,18.958,19.107,44811,0
2017-04-03,19.145,19.145,19.028,19.037,47282,0
2017-04-04,19.087,19.116,19.037,19.067,60084,0
2017-04-05,19.008,19.117,19.008,19.067,21338,0
2017-04-06,19.057,19.173,19.057,19.163,18290,0
2017-04-07,19.173,19.37,19.173,19.34,36152,0
2017-04-10,19.37,19.574,19.363,19.574,92947,0
2017-04-11,19.594,19.633,19.514,19.594,47179,0
2017-04-12,19.584,19.952,19.584,19.788,55943,0
2017-04-13,19.739,20.315,19.739,19.817,64354,0
2017-04-17,19.946,19.946,19.769,19.778,68905,0
2017-04-18,19.857,19.867,19.769,19.817,30407,0
2017-04-19,19.838,20.015,19.789,19.799,29402,0
2017-04-20,19.789,19.888,19.789,19.848,32081,0
2017-04-21,20.015,20.015,19.74,19.74,26841,0
2017-04-24,19.74,19.789,19.673,19.673,32942,0
2017-04-25,19.653,19.808,19.604,19.731,22841,0
2017-04-26,19.721,19.937,19.721,19.799,37520,0
2017-04-27,19.799,19.888,19.702,19.711,34239,0
2017-04-28,19.683,19.868,19.643,19.841,45610,0
2017-05-01,19.75,19.967,19.75,19.957,20158,0
2017-05-02,19.888,19.888,19.818,19.818,27542,0
2017-05-03,19.828,20.124,19.789,20.025,31970,0
2017-05-04,20.015,20.015,19.898,19.907,14358,0
2017-05-05,19.898,20.005,19.868,19.967,38347,0
2017-05-08,19.927,19.927,19.623,19.653,51273,0
2017-05-09,19.604,19.687,19.594,19.594,44889,0
2017-05-10,19.693,19.693,19.574,19.574,14218,0
2017-05-11,19.574,19.653,19.574,19.594,24377,0
2017-05-12,19.604,19.866,19.604,19.858,23400,0
2017-05-15,19.808,19.937,19.808,19.937,7484,0
2017-05-16,19.848,20.005,19.848,19.996,21237,0
2017-05-17,20.015,20.044,19.888,20.015,15931,0
2017-05-18,20.005,20.073,19.967,20.044,10689,0
2017-05-19,20.015,20.162,20.015,20.093,12085,0
2017-05-22,20.153,20.222,20.045,20.222,35359,0
2017-05-23,20.272,20.408,20.247,20.408,21907,0
2017-05-24,20.527,20.527,20.282,20.34,6686,0
2017-05-25,20.272,20.389,20.113,20.123,35815,0
2017-05-26,20.074,20.193,20.055,20.113,24518,0
2017-05-30,20.291,20.291,20.156,20.178,10783,0
2017-05-31,20.153,20.282,20.153,20.232,9156,0
2017-06-01,20.33,20.369,20.272,20.305,20631,0
2017-06-02,20.349,20.369,20.143,20.202,42766,0
2017-06-05,20.163,20.236,20.163,20.232,8090,0
2017-06-06,20.252,20.291,20.232,20.252,10130,0
2017-06-07,20.252,20.379,20.252,20.33,20505,0
2017-06-08,20.32,20.379,20.32,20.33,11060,0
2017-06-09,20.33,20.379,20.282,20.33,8669,0
2017-06-12,20.252,20.3,20.222,20.232,26882,0
2017-06-13,20.232,20.311,20.222,20.311,20409,0
2017-06-14,20.33,20.478,20.313,20.428,36105,0
2017-06-15,20.507,20.507,20.428,20.507,16803,0
2017-06-16,20.497,20.537,20.173,20.173,41216,0
2017-06-19,20.222,20.34,20.222,20.32,10971,0
2017-06-20,20.262,20.438,20.242,20.428,30226,0
2017-06-21,20.419,20.449,20.35,20.37,14367,0
2017-06-22,20.4,20.538,20.4,20.528,14523,0
2017-06-23,20.488,20.587,20.479,20.518,5820,0
2017-06-26,20.548,20.568,20.449,20.498,8651,0
2017-06-27,20.498,20.498,20.311,20.36,21224,0
2017-06-28,20.36,20.37,20.232,20.232,21832,0
2017-06-29,20.272,20.272,19.946,19.971,40989,0
2017-06-30,20.015,20.015,19.807,19.807,32330,0
2017-07-03,19.837,19.926,19.837,19.896,13760,0
2017-07-05,19.807,19.936,19.778,19.817,28286,0
2017-07-06,19.778,19.838,19.729,19.827,22016,0
2017-07-07,19.857,19.936,19.759,19.936,22586,0
2017-07-10,19.847,20.084,19.847,20.015,26957,0
2017-07-11,20.005,20.134,20.005,20.055,17330,0
2017-07-12,20.074,20.103,20.055,20.055,31100,0
2017-07-13,20.045,20.133,20.045,20.084,22156,0
2017-07-14,20.222,20.242,20.123,20.222,28576,0
2017-07-17,20.202,20.262,20.163,20.173,11734,0
2017-07-18,20.153,20.222,20.064,20.212,10022,0
2017-07-19,20.133,20.242,20.094,20.202,10503,0
2017-07-20,20.202,20.43,20.173,20.311,31298,0
2017-07-21,20.321,20.341,20.252,20.301,22042,0
2017-07-24,20.232,20.321,20.202,20.28,29323,0
2017-07-25,20.173,20.248,20.153,20.153,14369,0
2017-07-26,20.143,20.242,20.123,20.163,29211,0
2017-07-27,20.163,20.202,20.113,20.193,20557,0
2017-07-28,20.143,20.351,20.113,20.351,10040,0
2017-07-31,20.361,20.44,20.311,20.41,34842,0
2017-08-01,20.401,20.499,20.401,20.47,10781,0
2017-08-02,20.47,20.549,20.47,20.549,15507,0
2017-08-03,20.549,20.549,20.509,20.539,4932,0
2017-08-04,20.504,20.506,20.42,20.42,8040,0
2017-08-07,20.519,20.529,20.401,20.47,21889,0
2017-08-08,20.391,20.41,20.272,20.272,19077,0
2017-08-09,20.291,20.349,20.212,20.232,14879,0
2017-08-10,20.232,20.391,20.212,20.282,49678,0
2017-08-11,20.212,20.331,20.113,20.232,25645,0
2017-08-14,20.202,20.314,20.173,20.183,17245,0
2017-08-15,20.153,20.181,20.083,20.103,12076,0
2017-08-16,20.113,20.183,20.113,20.183,6239,0
2017-08-17,20.173,20.272,20.104,20.272,19842,0
2017-08-18,20.252,20.349,20.209,20.291,11854,0
2017-08-21,20.333,20.381,20.291,20.341,9342,0
2017-08-22,20.381,20.44,20.351,20.44,15056,0
2017-08-23,20.42,20.51,20.42,20.51,12936,0
2017-08-24,20.47,20.53,20.45,20.49,9728,0
2017-08-25,20.48,20.516,20.44,20.45,5624,0
2017-08-28,20.44,20.49,20.42,20.49,8064,0
2017-08-29,20.42,20.589,20.42,20.56,8926,0
2017-08-30,20.55,20.599,20.53,20.53,8466,0
2017-08-31,20.55,20.591,20.5,20.53,11814,0
2017-09-01,20.53,20.548,20.46,20.46,18094,0
2017-09-05,20.51,20.529,20.439,20.45,13442,0
2017-09-06,20.41,20.509,20.401,20.401,20557,0
2017-09-07,20.43,20.5,20.43,20.48,16339,0
2017-09-08,20.48,20.659,20.462,20.599,26332,0
2017-09-11,20.589,20.708,20.589,20.708,16807,0
2017-09-12,20.639,20.708,20.599,20.649,18526,0
2017-09-13,20.718,20.758,20.679,20.758,10271,0
2017-09-14,20.649,20.758,20.649,20.718,20494,0
2017-09-15,20.877,21.026,20.877,20.877,33218,0
2017-09-18,20.877,20.947,20.848,20.858,10278,0
2017-09-19,20.828,20.937,20.822,20.828,22712,0
2017-09-20,20.858,20.927,20.778,20.848,18653,0
2017-09-21,20.818,20.818,20.569,20.578,31402,0
2017-09-22,20.559,20.723,20.559,20.608,20560,0
2017-09-25,20.539,20.708,20.519,20.698,27850,0
2017-09-26,20.738,20.738,20.539,20.569,26716,0
2017-09-27,20.539,20.539,20.349,20.409,49577,0
2017-09-28,20.359,20.429,20.24,20.339,39719,0
2017-09-29,20.489,20.489,20.359,20.399,28883,0
2017-10-02,20.409,20.529,20.289,20.289,35411,0
2017-10-03,20.359,20.359,20.16,20.19,32991,0
2017-10-04,20.13,20.289,20.1,20.289,41902,0
2017-10-05,20.275,20.289,20.03,20.19,60845,0
2017-10-06,20.2,20.2,20.08,20.13,21406,0
2017-10-09,20.18,20.28,20.05,20.28,18618,0
2017-10-10,20.28,20.28,20.17,20.2,11239,0
2017-10-11,20.289,20.289,20.201,20.289,19192,0
2017-10-12,20.24,20.28,20.23,20.24,7570,0
2017-10-13,20.26,20.28,20.26,20.27,7446,0
2017-10-16,20.23,20.299,20.23,20.289,19165,0
2017-10-17,20.28,20.284,20.25,20.25,23054,0
2017-10-18,20.26,20.276,20.08,20.115,23701,0
2017-10-19,20.15,20.26,20.15,20.26,24619,0
2017-10-20,20.23,20.24,20.1,20.14,13007,0
2017-10-23,20.19,20.24,20.1283,20.17,20133,0
2017-10-24,20.18,20.24,20.07,20.17,18888,0
2017-10-25,20.07,20.17,20,20.13,26741,0
2017-10-26,20.05,20.12,19.9339,19.98,41262,0
2017-10-27,20.05,20.05,19.891,19.99,14507,0
2017-10-30,20.07,20.07,19.9799,20.05,19734,0
2017-10-31,20.05,20.1,20.05,20.06,18162,0
2017-11-01,20.088,20.13,20.05,20.091,20926,0
2017-11-02,20.05,20.17,20.05,20.14,9827,0
2017-11-03,20.18,20.18,19.98,20.01,25136,0
2017-11-06,20.01,20.06,19.91,19.93,36775,0
2017-11-07,19.94,20.1,19.94,20.1,14158,0
2017-11-08,20.05,20.19,20.05,20.19,19114,0
2017-11-09,20.18,20.18,20.01,20.05,32064,0
2017-11-10,19.95,20.08,19.93,19.94,31186,0
