2016-01-04,50.377,51.175,50.068,50.916,506251,0
2016-01-05,51.05,51.213,50.471,50.635,301980,0
2016-01-06,49.953,50.664,48.817,49.269,306499,0
2016-01-07,48.42,48.662,47.246,47.448,443084,0
2016-01-08,47.41,48.006,46.466,46.506,469677,0
2016-01-11,46.486,46.929,45.175,45.746,665683,0
2016-01-12,46.919,47.573,46.168,47.217,661492,0
2016-01-13,47.478,47.94,44.714,44.888,750588,0
2016-01-14,45.293,45.581,43.444,44.734,637400,0
2016-01-15,43.154,43.666,42.308,43.03,720820,0
2016-01-19,43.973,44.821,42.212,42.645,372856,0
2016-01-20,41.787,41.884,40.025,41.086,1134548,0
2016-01-21,41.325,42.192,40.921,40.968,461520,0
2016-01-22,41.96,43.145,41.844,42.924,471958,0
2016-01-25,42.519,42.586,41.113,41.161,358329,0
2016-01-26,41.469,42.384,41.305,42.153,525176,0
2016-01-27,42.133,42.951,41.864,42.202,469410,0
2016-01-28,43.097,43.097,41.884,42.133,330494,0
2016-01-29,42.501,43.568,42.254,43.493,518502,0
2016-02-01,43.107,43.52,42.501,43.3,320570,0
2016-02-02,42.539,42.539,41.021,41.577,421684,0
2016-02-03,44.088,44.377,41.951,43.374,914087,0
2016-02-04,42.713,45.081,42.625,44.694,794821,0
2016-02-05,44.665,45.368,44.137,44.32,599411,0
2016-02-08,43.154,43.666,42.355,43.27,755054,0
2016-02-09,41.807,44.157,41.401,43.666,497169,0
2016-02-10,44.339,45.388,43.943,43.973,613469,0
2016-02-11,42.605,43.676,42.346,43.154,410487,0
2016-02-12,43.896,44.521,43.097,43.953,415597,0
2016-02-16,44.714,45.349,44.012,45.147,438919,0
2016-02-17,45.303,46.197,45.175,45.647,490653,0
2016-02-18,45.687,45.87,44.714,44.974,258023,0
2016-02-19,44.58,44.936,43.943,44.821,360039,0
2016-02-22,45.657,45.966,44.249,44.694,332924,0
2016-02-23,44.59,44.694,43.374,43.424,338047,0
2016-02-24,42.843,43.87,41.96,43.668,448681,0
2016-02-25,43.182,45.108,42.911,44.947,593461,0
2016-02-26,45.576,45.897,45.277,45.372,628438,0
2016-02-29,45.033,45.807,44.762,45.247,432336,0
2016-03-01,45.897,47.467,45.624,47.467,398858,0
2016-03-02,47.234,47.865,47.157,47.845,364862,0
2016-03-03,47.806,48.825,47.554,48.806,235936,0
2016-03-04,48.931,49.367,48.369,48.678,321776,0
2016-03-07,48.369,49.241,48.107,49.203,265105,0
2016-03-08,48.417,49.851,48.117,48.117,437535,0
2016-03-09,48.446,48.697,47.884,48.36,434298,0
2016-03-10,48.757,48.806,47.592,48.33,394108,0
2016-03-11,49,49.911,48.611,49.891,252194,0
2016-03-14,49.628,49.707,48.835,49.212,167005,0
2016-03-15,48.417,48.456,46.924,48.195,454492,0
2016-03-16,47.487,48.553,47.298,47.962,293483,0
2016-03-17,47.932,49.619,47.408,49.454,289245,0
2016-03-18,49.737,50.589,49.591,50.414,490443,0
2016-03-21,50.491,51.471,50.182,50.773,269915,0
2016-03-22,50.163,50.85,49.581,50.491,199262,0
2016-03-23,50.481,50.705,49.513,49.522,195241,0
2016-03-24,49.134,49.261,48.127,49.203,208192,0
2016-03-28,49.203,49.737,48.707,49.522,158492,0
2016-03-29,49.222,50.443,48.602,50.414,233724,0
2016-03-30,50.782,51.394,50.075,50.792,328142,0
2016-03-31,50.656,51.122,50.065,50.173,241048,0
2016-04-01,49.687,50.754,49.057,50.636,205771,0
2016-04-04,50.686,50.782,49.756,49.774,149817,0
2016-04-05,49.173,49.173,46.934,47.224,529843,0
2016-04-06,46.885,48.772,46.885,47.922,353690,0
2016-04-07,47.234,47.507,45.158,45.402,455641,0
2016-04-08,45.781,46.061,44.733,44.984,525586,0
2016-04-11,45.198,45.969,44.898,45.761,659200,0
2016-04-12,45.974,47.118,45.743,46.867,423544,0
2016-04-13,47.487,49.067,47.001,48.97,336265,0
2016-04-14,48.767,49.648,48.583,49.241,256250,0
2016-04-15,49.271,49.513,48.611,48.797,173033,0
2016-04-18,48.593,49.347,48.195,49.173,211371,0
2016-04-19,49.203,49.737,48.737,49.318,234988,0
2016-04-20,49.464,50.173,48.621,49.387,352031,0
2016-04-21,49.164,49.881,48.777,49.727,379809,0
2016-04-22,49.841,50.86,49.474,50.773,384217,0
2016-04-25,50.288,50.812,49.741,50.297,235583,0
2016-04-26,50.278,50.86,49.911,50.521,289888,0
2016-04-27,50.239,50.87,48.514,49.628,603134,0
2016-04-28,48.583,50.405,48.583,49.203,713902,0
2016-04-29,49.271,50.656,48.966,50.065,747848,0
2016-05-02,50.114,50.86,49.727,50.377,361949,0
2016-05-03,49.648,49.737,48.34,48.573,588966,0
2016-05-04,48.195,48.931,47.826,48.573,415732,0
2016-05-05,48.668,48.777,47.836,48.202,354654,0
2016-05-06,48,48.727,47.748,48.593,490746,0
2016-05-09,48.446,48.891,48.262,48.35,290016,0
2016-05-10,48.806,49.367,48.64,48.871,409026,0
2016-05-11,48.611,48.881,47.787,47.816,388936,0
2016-05-12,48.35,48.649,47.313,47.981,398810,0
2016-05-13,47.894,48.417,46.934,47.303,343431,0
2016-05-16,47.283,47.748,46.867,46.924,275631,0
2016-05-17,46.537,47.37,46.313,47.041,385499,0
2016-05-18,46.973,48.844,46.973,48.466,380875,0
2016-05-19,48.029,48.687,47.38,47.903,297154,0
2016-05-20,48.195,48.871,47.836,48.593,217040,0
2016-05-23,48.475,49.09,48.301,48.649,311235,0
2016-05-24,49.057,49.95,49.008,49.687,242613,0
2016-05-25,49.687,50.438,49.55,50.252,255916,0
2016-05-26,50.195,50.224,49.61,50.117,312407,0
2016-05-27,50.057,50.561,49.785,50.331,233177,0
2016-05-31,50.585,50.897,50.311,50.721,295570,0
2016-06-01,50.341,50.999,49.805,50.779,208069,0
2016-06-02,50.506,50.799,50.282,50.789,152300,0
2016-06-03,49.756,50.262,48.996,50.204,249145,0
2016-06-06,50.252,51.199,50.062,50.897,184874,0
2016-06-07,51.024,51.179,50.282,50.311,198474,0
2016-06-08,50.156,50.799,50.127,50.516,135997,0
2016-06-09,50.057,50.117,49.268,49.785,177712,0
2016-06-10,49.053,49.408,48.39,48.711,176739,0
2016-06-13,48.312,49.151,48.107,48.312,218810,0
2016-06-14,48.146,48.38,47.219,47.376,333315,0
2016-06-15,47.726,47.99,47.346,47.844,315630,0
2016-06-16,47.238,48.253,46.799,48.223,237727,0
2016-06-17,48.352,49.053,47.902,48.097,244435,0
2016-06-20,49.17,49.737,48.38,49.111,250341,0
2016-06-21,49.219,49.55,48.203,48.38,264611,0
2016-06-22,48.477,49.727,48.477,49.648,326614,0
2016-06-23,50.546,51.735,50.546,51.725,357994,0
2016-06-24,48.292,49.053,44.771,45.503,1743473,0
2016-06-27,45.064,45.064,39.362,39.612,2296531,0
2016-06-28,40.88,41.494,39.592,40.098,1503483,0
2016-06-29,40.508,41.387,39.817,41.123,1581661,0
2016-06-30,41.435,43.211,40.723,43.104,1035726,0
2016-07-01,42.89,43.893,42.518,42.546,516633,0
2016-07-05,42.07,42.61,41.689,42.401,516758,0
2016-07-06,41.854,43.025,41.708,42.665,488818,0
2016-07-07,42.86,44.235,42.86,43.864,440124,0
2016-07-08,44.692,45.308,44.235,44.468,391567,0
2016-07-11,45.015,46.352,44.84,45.229,407998,0
2016-07-12,45.786,47.238,45.748,46.604,624942,0
2016-07-13,46.77,47.102,46,47.024,336469,0
2016-07-14,47.589,48.507,47.589,48.137,357645,0
2016-07-15,48.596,48.761,48.048,48.371,310497,0
2016-07-18,48.409,48.82,48.088,48.292,291285,0
2016-07-19,47.814,48.166,47.619,47.794,314561,0
2016-07-20,48.526,48.526,47.659,48.196,420992,0
2016-07-21,48.332,48.428,47.814,47.902,260556,0
2016-07-22,48.078,48.896,48.019,48.81,476768,0
2016-07-25,48.711,48.996,48.238,48.711,448807,0
2016-07-26,48.721,49.59,48.438,49.57,404749,0
2016-07-27,50.576,50.711,48.682,49.044,549046,0
2016-07-28,47.064,49.922,46.147,49.677,809782,0
2016-07-29,49.61,49.61,48.624,49.424,297581,0
2016-08-01,49.111,49.648,48.886,49.081,259829,0
2016-08-02,49.081,49.258,47.551,47.921,393127,0
2016-08-03,48.039,49.756,47.875,49.298,341337,0
2016-08-04,49.512,49.707,49.131,49.278,348639,0
2016-08-05,49.98,50.615,49.795,50.214,492439,0
2016-08-08,50.262,50.692,50.185,50.331,210011,0
2016-08-09,50.224,50.77,50.224,50.761,307227,0
2016-08-10,50.741,51.043,50.486,50.847,555901,0
2016-08-11,50.907,51.223,50.166,50.331,364698,0
2016-08-12,49.775,50.371,49.628,50.136,394058,0
2016-08-15,50.117,50.779,50.117,50.711,326081,0
2016-08-16,50.632,50.917,50.272,50.311,379641,0
2016-08-17,50.457,50.467,49.545,49.61,316146,0
2016-08-18,49.6,49.805,49.473,49.785,232637,0
2016-08-19,49.59,50.438,49.385,50.195,302726,0
2016-08-22,49.971,50.301,49.443,49.961,169909,0
2016-08-23,50.399,50.761,49.667,49.892,578298,0
2016-08-24,50.019,50.244,49.686,50.138,439402,0
2016-08-25,49.862,50.314,49.862,50.158,218021,0
2016-08-26,50.451,50.971,50.138,50.647,354774,0
2016-08-29,50.108,50.815,49.981,50.128,423678,0
2016-08-30,50.51,50.736,50.058,50.53,309050,0
2016-08-31,50.579,50.923,49.568,50.284,426169,0
2016-09-01,50.393,50.475,49.225,49.774,175153,0
2016-09-02,50.019,50.56,49.578,50.55,243271,0
2016-09-06,50.805,51.021,49.765,49.971,272987,0
2016-09-07,49.755,51.031,49.755,51.001,234102,0
2016-09-08,50.933,51.57,50.853,51.482,332015,0
2016-09-09,51.079,51.413,50.599,50.599,416043,0
2016-09-12,50.118,51.227,49.631,51.099,306822,0
2016-09-13,50.48,50.923,49.608,49.892,175308,0
2016-09-14,49.666,50.264,49.372,49.696,190307,0
2016-09-15,49.794,51.001,49.794,50.853,187500,0
2016-09-16,50.628,50.628,50.009,50.098,505231,0
2016-09-19,50.284,51.031,49.912,50.088,183757,0
2016-09-20,50.54,50.54,50.108,50.148,347544,0
2016-09-21,50.216,51.531,50.138,51.403,601913,0
2016-09-22,51.61,51.972,51.237,51.786,261945,0
2016-09-23,51.521,51.766,50.923,51.059,159433,0
2016-09-26,50.47,50.628,49.206,49.225,269407,0
2016-09-27,48.96,49.646,48.548,49.51,464962,0
2016-09-28,49.862,49.952,48.985,49.952,612891,0
2016-09-29,49.726,50.187,48.9,49.303,327533,0
2016-09-30,49.765,50.775,49.578,50.55,499736,0
2016-10-03,49.991,50.647,49.636,49.942,334510,0
2016-10-04,50.196,50.843,49.971,50.47,267559,0
2016-10-05,50.677,51.756,50.5,51.726,278908,0
2016-10-06,51.63,51.914,51.149,51.766,143970,0
2016-10-07,51.61,51.982,51.188,51.874,251128,0
2016-10-10,52.032,52.6,51.874,52.218,169031,0
2016-10-11,52.335,52.562,51.021,51.227,241008,0
2016-10-12,51.305,52.081,51.207,51.57,221180,0
2016-10-13,50.853,50.863,49.598,50.637,277348,0
2016-10-14,51.217,51.59,50.766,51.109,218912,0
2016-10-17,51.129,51.129,50.49,50.785,199866,0
2016-10-18,52.061,52.061,50.687,51.031,178295,0
2016-10-19,51.423,51.816,50.933,51.57,139090,0
2016-10-20,51.325,51.57,50.736,50.834,173133,0
2016-10-21,50.589,52.257,50.589,52.208,212139,0
2016-10-24,52.65,53.386,52.257,52.894,398277,0
2016-10-25,52.846,53.532,52.306,53.386,513613,0
2016-10-26,54.612,56.036,52.994,53.582,599812,0
2016-10-27,54.367,54.906,51.865,52.306,786045,0
2016-10-28,53.14,54.956,52.994,54.367,794427,0
2016-10-31,54.76,54.956,52.6,52.748,463740,0
2016-11-01,53.09,53.974,52.257,53.09,349903,0
2016-11-02,52.798,52.798,51.668,52.109,356667,0
2016-11-03,52.355,53.386,52.306,53.336,431735,0
2016-11-04,53.19,54.612,52.503,53.828,489358,0
2016-11-07,54.71,55.839,53.925,54.906,663462,0
2016-11-08,54.71,55.643,54.318,55.152,412225,0
2016-11-09,55.643,57.459,54.906,57.164,648144,0
2016-11-10,58.096,59.968,57.606,59.224,848515,0
2016-11-11,59.224,60.5,58.881,60.304,682841,0
2016-11-14,60.844,63.101,60.403,62.562,1471562,0
2016-11-15,62.022,63.248,61.286,63.15,682633,0
2016-11-16,62.659,63.788,62.562,63.395,602223,0
2016-11-17,63.004,64.769,62.954,64.278,495652,0
2016-11-18,63.64,64.819,63.494,64.328,347114,0
2016-11-21,64.573,65.358,63.543,65.015,524921,0
2016-11-22,65.153,65.695,64.857,65.646,473983,0
2016-11-23,65.547,66.287,65.005,66.189,587895,0
2016-11-25,66.189,66.386,65.572,66.287,141223,0
2016-11-28,65.982,66.287,65.005,65.35,626109,0
2016-11-29,65.301,66.041,64.66,65.844,444304,0
2016-11-30,66.878,67.076,65.844,66.484,528406,0
2016-12-01,66.878,69.494,66.83,69.296,845460,0
2016-12-02,69,69,67.322,67.669,414839,0
2016-12-05,68.063,69.691,67.816,69.542,702123,0
2016-12-06,69.986,70.283,69.098,70.134,263318,0
2016-12-07,70.036,70.036,69.198,69.739,446945,0
2016-12-08,70.036,70.988,69.394,70.528,330573,0
2016-12-09,70.43,70.43,68.95,69.197,389741,0
2016-12-12,69.247,69.838,68.309,68.359,376560,0
2016-12-13,68.556,68.9,66.928,68.556,377483,0
2016-12-14,67.718,69,67.175,67.669,428313,0
2016-12-15,67.766,68.457,66.878,67.669,620418,0
2016-12-16,67.569,67.963,66.189,66.781,696576,0
2016-12-19,67.076,67.766,66.633,67.718,463897,0
2016-12-20,68.457,70.627,68.457,70.578,524206,0
2016-12-21,70.283,70.48,69.591,69.591,232050,0
2016-12-22,69.591,69.789,68.457,69.345,241390,0
2016-12-23,69.247,69.501,68.457,69.247,326777,0
2016-12-27,69.247,70.036,68.803,69.098,136973,0
2016-12-28,69.296,69.717,67.816,68.013,235677,0
2016-12-29,68.063,68.753,67.619,67.915,213010,0
2016-12-30,68.013,68.112,67.372,67.766,134200,0
2017-01-03,69,69.296,67.619,68.703,321014,0
2017-01-04,69,70.48,68.654,70.233,296798,0
2017-01-05,70.134,70.677,69.074,70.43,389620,0
2017-01-06,70.726,71.667,70.134,71.022,307225,0
2017-01-09,70.775,71.268,69.838,70.924,625085,0
2017-01-10,70.578,71.861,70.48,71.515,348243,0
2017-01-11,71.367,71.861,70.48,71.614,332863,0
2017-01-12,71.318,71.664,70.38,71.466,406837,0
2017-01-13,71.958,73.093,71.811,72.452,366138,0
2017-01-17,72.058,72.557,70.924,71.466,347569,0
2017-01-18,71.564,72.108,70.528,72.058,328522,0
2017-01-19,72.008,72.354,71.071,71.268,459158,0
2017-01-20,71.417,71.958,71.219,71.911,295875,0
2017-01-23,71.466,73.044,71.466,73.044,349078,0
2017-01-24,73.389,74.697,73.093,74.277,323310,0
2017-01-25,74.968,75.757,74.425,75.51,381760,0
2017-01-26,75.904,76.3,75.116,76.102,430610,0
2017-01-27,75.954,76.546,75.388,76.447,291320,0
2017-01-30,75.954,76.348,74.968,75.856,340644,0
2017-01-31,75.363,76.497,75.166,76.398,660028,0
2017-02-01,77.877,79.111,76.348,76.595,1050084,0
2017-02-02,76.053,76.793,74.673,76.644,933867,0
2017-02-03,76.891,78.913,76.793,78.913,629274,0
2017-02-06,77.73,80.64,77.634,80.048,713285,0
2017-02-07,78.421,78.913,77.236,77.828,916349,0
2017-02-08,77.385,77.385,73.735,76.447,652942,0
2017-02-09,76.398,77.927,76.348,77.927,429048,0
2017-02-10,77.877,78.174,76.841,77.483,403053,0
2017-02-13,77.532,77.828,76.595,77.039,298644,0
2017-02-14,77.088,78.074,76.744,77.68,296198,0
2017-02-15,77.828,78.568,77.73,77.977,271679,0
2017-02-16,78.864,79.505,78.272,79.061,614802,0
2017-02-17,78.321,79.505,77.927,79.358,468020,0
2017-02-21,79.702,80.196,79.111,79.258,507314,0
2017-02-22,79.05,80.24,78.902,79.794,432742,0
2017-02-23,79.744,79.794,78.258,79.694,404677,0
2017-02-24,78.456,79.15,77.961,78.902,360429,0
2017-02-27,78.654,79.992,78.654,79.05,592503,0
2017-02-28,78.654,78.902,77.763,78.803,302606,0
2017-03-01,80.24,81.512,79.992,80.834,587401,0
2017-03-02,81.081,81.081,79.001,79.248,459338,0
2017-03-03,79.397,80.611,79.248,80.388,334174,0
2017-03-06,79.992,80.932,79.348,80.586,328297,0
2017-03-07,80.486,81.131,79.992,80.24,381438,0
2017-03-08,80.834,81.676,79.892,79.942,194896,0
2017-03-09,80.388,81.081,79.992,80.586,396188,0
2017-03-10,81.527,81.527,80.586,81.032,429668,0
2017-03-13,81.032,82.072,80.636,81.527,323032,0
2017-03-14,81.23,81.23,79.942,80.486,383144,0
2017-03-15,80.982,81.923,80.486,80.982,372006,0
2017-03-16,81.527,82.517,80.982,81.923,341358,0
2017-03-17,82.022,82.221,80.486,81.131,644972,0
2017-03-20,81.378,81.378,79.645,79.843,461474,0
2017-03-21,80.586,80.586,76.079,76.277,606208,0
2017-03-22,75.93,76.698,74.84,76.673,444104,0
2017-03-23,76.723,77.663,75.999,76.821,226996,0
2017-03-24,76.97,77.861,76.277,76.574,210098,0
2017-03-27,75.088,75.286,73.057,74.89,375090,0
2017-03-28,74.742,76.871,74.52,76.425,314569,0
2017-03-29,76.227,76.326,75.509,75.98,222240,0
2017-03-30,76.079,77.367,75.98,76.97,289703,0
2017-03-31,76.97,77.565,76.425,77.169,314036,0
2017-04-03,77.169,77.515,74.592,75.187,240937,0
2017-04-04,74.692,75.782,74.504,75.236,589736,0
2017-04-05,76.128,76.425,73.751,73.85,416757,0
2017-04-06,74.296,75.98,73.305,75.484,358756,0
2017-04-07,74.692,76.029,74.544,74.692,581446,0
2017-04-10,74.94,75.386,74.048,74.89,538501,0
2017-04-11,74.444,75.286,73.652,75.138,512440,0
2017-04-12,75.187,75.187,73.602,74.296,509453,0
2017-04-13,74.196,75.187,73.032,73.107,540143,0
2017-04-17,73.255,74.592,72.761,74.592,239662,0
2017-04-18,73.553,75.038,73.355,74.79,415342,0
2017-04-19,75.484,76.425,75.138,75.336,485152,0
2017-04-20,75.732,76.921,75.138,76.673,358586,0
2017-04-21,76.723,77.217,76.076,76.178,369028,0
2017-04-24,77.961,78.307,77.416,77.615,314161,0
2017-04-25,78.159,78.555,77.267,78.06,830209,0
2017-04-26,78.06,78.258,74.296,74.89,1181567,0
2017-04-27,75.187,75.682,72.711,72.859,788243,0
2017-04-28,73.255,74.361,72.809,73.057,611694,0
2017-05-01,73.404,74.444,72.711,73.652,598174,0
2017-05-02,73.751,73.998,72.809,73.899,611609,0
2017-05-03,73.453,74.667,73.305,74.544,466109,0
2017-05-04,74.94,75.187,73.355,74.296,417666,0
2017-05-05,74.394,74.394,73.404,73.998,407879,0
2017-05-08,74.048,74.444,72.909,73.107,504106,0
2017-05-09,73.156,74.048,73.057,73.255,433265,0
2017-05-10,72.76,73.255,72.463,72.809,674367,0
2017-05-11,72.265,72.659,70.605,71.126,568077,0
2017-05-12,70.531,71.027,70.086,70.63,402841,0
2017-05-15,70.729,71.967,70.729,71.671,264221,0
2017-05-16,71.819,72.117,70.878,71.126,305763,0
2017-05-17,69.69,69.937,67.461,67.659,485498,0
2017-05-18,67.411,69.64,67.371,69.144,826247,0
2017-05-19,69.046,70.086,69.046,69.64,393186,0
2017-05-22,70.135,70.531,69.788,70.234,417131,0
2017-05-23,68.946,69.888,67.757,68.996,596734,0
2017-05-24,68.787,69.782,68.787,69.732,438869,0
2017-05-25,70.031,71.176,69.533,69.782,506826,0
2017-05-26,69.484,71.027,69.34,70.628,346269,0
2017-05-30,70.23,70.33,68.637,68.787,483937,0
2017-05-31,68.687,68.687,66.497,67.493,617714,0
2017-06-01,67.692,70.18,67.393,69.882,501919,0
2017-06-02,69.533,70.131,68.986,69.235,478468,0
2017-06-05,69.235,69.882,68.637,68.737,374314,0
2017-06-06,67.99,69.732,67.493,69.384,553944,0
2017-06-07,69.533,69.782,68.04,68.189,536551,0
2017-06-08,68.189,69.782,67.941,69.434,541899,0
2017-06-09,69.832,71.674,69.614,71.425,490054,0
2017-06-12,71.823,72.47,70.778,71.624,491207,0
2017-06-13,71.823,72.619,71.674,72.221,290313,0
2017-06-14,71.823,71.823,70.529,70.927,548087,0
2017-06-15,70.33,71.019,69.932,70.479,337118,0
2017-06-16,69.882,71.922,69.882,71.574,837646,0
2017-06-19,72.42,72.719,71.873,72.221,259949,0
2017-06-20,71.723,72.271,71.325,72.171,272472,0
2017-06-21,72.271,72.669,71.475,71.773,336618,0
2017-06-22,71.873,72.022,71.027,71.574,195116,0
2017-06-23,71.922,71.922,70.529,70.728,385819,0
2017-06-26,70.877,71.176,69.782,70.927,428767,0
2017-06-27,71.375,72.072,70.977,71.475,239446,0
2017-06-28,71.524,71.898,70.379,70.977,395542,0
2017-06-29,71.922,71.922,69.284,70.379,412993,0
2017-06-30,70.678,70.678,69.732,70.18,450734,0
2017-07-03,70.529,71.176,70.28,71.126,303110,0
2017-07-05,71.176,71.375,70.056,70.18,427814,0
2017-07-06,70.18,71.45,69.882,70.927,422093,0
2017-07-07,70.927,71.624,70.131,71.275,290864,0
2017-07-10,70.927,72.57,70.479,71.375,545698,0
2017-07-11,71.475,71.674,70.33,71.325,353179,0
2017-07-12,71.076,72.321,71.076,71.624,345350,0
2017-07-13,71.624,72.022,70.877,71.624,391425,0
2017-07-14,71.076,71.823,70.827,71.674,308207,0
2017-07-17,71.674,71.674,70.832,71.375,316732,0
2017-07-18,70.927,72.47,70.877,72.47,469310,0
2017-07-19,72.818,73.615,72.47,73.366,524144,0
2017-07-20,73.465,74.312,73.167,73.864,383507,0
2017-07-21,74.56,74.56,73.291,74.361,359372,0
2017-07-24,74.312,75.232,73.913,75.208,451940,0
2017-07-25,76.402,77.597,76.228,77.547,634279,0
2017-07-26,78.045,78.592,77.248,78.244,659663,0
2017-07-27,79.189,80.981,77.696,78.841,847156,0
2017-07-28,78.99,79.214,76.303,77.049,538148,0
2017-07-31,77.547,78.393,77.248,78.293,368729,0
2017-08-01,78.592,79.015,77.97,78.542,402334,0
2017-08-02,78.692,78.741,77.398,78.094,295164,0
2017-08-03,77.945,78.194,76.85,77.597,450743,0
2017-08-04,78.194,78.244,77.447,77.497,248318,0
2017-08-07,77.547,77.895,76.95,77.447,350469,0
2017-08-08,77.348,78.144,76.9,76.95,296147,0
2017-08-09,76.103,77.447,75.168,77.348,290309,0
2017-08-10,76.85,77.597,76.253,76.253,406405,0
2017-08-11,76.004,76.999,75.904,76.004,282646,0
2017-08-14,76.9,78.293,76.601,77.298,344290,0
2017-08-15,77.746,78.726,76.85,76.85,246977,0
2017-08-16,77.049,77.298,76.103,76.303,263150,0
2017-08-17,75.904,76.352,74.312,74.312,331255,0
2017-08-18,73.764,74.909,73.615,74.262,411553,0
2017-08-21,74.262,74.461,73.515,74.361,247761,0
2017-08-22,74.66,75.506,74.312,74.66,251323,0
2017-08-23,74.3,75.3,74.3,75.05,245809,0
2017-08-24,75.5,75.6,74.85,75.25,308553,0
2017-08-25,75.35,75.4,74.85,75.1,249881,0
2017-08-28,75.45,75.75,74.85,75.7,282531,0
2017-08-29,74.85,75.3,74.3,74.95,295977,0
2017-08-30,75.05,75.55,74.8,75,154838,0
2017-08-31,75.5,75.7,74.85,75.45,207188,0
2017-09-01,75.65,76.1,75.2,75.65,184659,0
2017-09-05,75.1,75.1,71.95,72.05,405334,0
2017-09-06,72.55,72.8,71.2,71.65,385485,0
2017-09-07,71.6,71.6,69.55,70.35,474105,0
2017-09-08,70.4,70.95,70,70.35,242282,0
2017-09-11,71.05,71.8,70.6,71.55,388148,0
2017-09-12,72,73.1,71.7,72.4,295073,0
2017-09-13,72.15,72.7,71.75,72.4,268691,0
2017-09-14,72.4,73.4,72.35,72.7,243487,0
2017-09-15,72.8,74.65,72.5,73.75,895158,0
2017-09-18,74.05,76.15,73.55,76.05,484423,0
2017-09-19,76.1,76.575,75.85,76.4,332522,0
2017-09-20,76.35,77.35,76.0501,76.85,269730,0
2017-09-21,76.95,77.351,76.55,77.35,238146,0
2017-09-22,77.25,77.4,76.65,76.9,254536,0
2017-09-25,76.7,77.1,76.45,76.9,236906,0
2017-09-26,77.5,77.95,77.05,77.8,295898,0
2017-09-27,79.1,81,78.9,80.8,421807,0
2017-09-28,80.95,80.95,79.95,80.25,421256,0
2017-09-29,80.55,81.5,80.2,80.25,344855,0
2017-10-02,80.55,81.55,79.8,81.4,415167,0
2017-10-03,81.5,82.1,80.8,81.2,413274,0
2017-10-04,81.1,81.3,79.75,80.35,417986,0
2017-10-05,80.65,80.95,80.1,80.8,360219,0
2017-10-06,80.5,81,78.5,79,351851,0
2017-10-09,79.2,79.2,77.65,77.75,250354,0
2017-10-10,78.05,78.05,77.225,77.5,387252,0
2017-10-11,77.3,77.5,75.55,76.5,533004,0
2017-10-12,76.65,77.05,75.95,76.1,224538,0
2017-10-13,75.85,76.4,75.25,76,318639,0
2017-10-16,76.05,76.5,75.35,75.9,180195,0
2017-10-17,76.5,76.65,75.75,75.9,579218,0
2017-10-18,76.45,77.7,76.4,77.25,293859,0
2017-10-19,76.35,77.55,76,77.45,295969,0
2017-10-20,78.5,78.8,77.5,78.55,289588,0
2017-10-23,78.65,78.65,77.35,77.45,447083,0
2017-10-24,78.2,78.7,77.4,78.3,362931,0
2017-10-25,78.55,78.55,76.5,77.6,437207,0
2017-10-26,77.85,79.7,76.65,77.2,727984,0
2017-10-27,76.9,79.75,76.8463,79.4,487248,0
2017-10-30,78.35,80.2,78.35,80.1,390905,0
2017-10-31,80.05,80.85,79.8,80.1,405906,0
2017-11-01,80.6,80.95,78.15,78.4,294797,0
2017-11-02,78.25,79.75,77.6,79.65,453747,0
2017-11-03,78.85,79.6,76.85,78.4,453282,0
2017-11-06,78.25,79,77.85,78.45,209978,0
2017-11-07,78.5,78.5,76.6,76.9,270583,0
2017-11-08,76.9,79.95,76.6,79.6,505730,0
2017-11-09,78.8,80.75,78.65,80.35,530210,0
2017-11-10,80.5,81.6,79.25,80.8,421090,0
