2016-01-04,44.41,44.47,43.14,43.37,146128,0
2016-01-05,43.61,44.5,43.3273,43.99,179195,0
2016-01-06,43.24,44.15,43.24,43.84,149735,0
2016-01-07,43.05,43.63,42.31,42.52,219459,0
2016-01-08,42.27,42.94,40.8,42.18,257364,0
2016-01-11,42.37,42.98,42.28,42.47,228826,0
2016-01-12,42.9,43.06,42.24,43.05,210394,0
2016-01-13,43.24,43.38,41.05,41.42,248921,0
2016-01-14,41.77,42.86,41.18,42.61,215105,0
2016-01-15,41.43,42.69,41.14,42.69,286350,0
2016-01-19,43.2,43.31,42.26,43.25,280200,0
2016-01-20,42.58,43.405,42.17,43.18,523791,0
2016-01-21,43.2,44.01,42.69,43.13,249320,0
2016-01-22,43.99,44.105,43.48,43.77,236350,0
2016-01-25,43.49,44.22,42.61,42.8,97605,0
2016-01-26,43.06,43.52,42.77,43.34,139212,0
2016-01-27,43.1,43.51,42.01,42.23,119630,0
2016-01-28,42.68,43.11,42.05,42.39,73172,0
2016-01-29,42.66,43.75,42.66,43.66,160246,0
2016-02-01,43.44,44.45,43.145,44.24,351062,0
2016-02-02,43.77,44.9,43.1,44.18,202644,0
2016-02-03,44.77,44.94,43.81,44.89,252153,0
2016-02-04,44.73,45.41,43.595,45,203702,0
2016-02-05,44.8,45.51,44.01,44.49,231104,0
2016-02-08,43.82,44.21,42.204,44.11,611591,0
2016-02-09,43.38,44.39,42.57,43.88,282221,0
2016-02-10,44.08,44.65,42.9,43.96,202865,0
2016-02-11,43.3,44.03,42.485,43.86,199331,0
2016-02-12,44.21,44.42,43.39,43.78,210993,0
2016-02-16,44.27,45.05,44.07,44.97,392455,0
2016-02-17,45.17,45.17,44.36,44.8,201030,0
2016-02-18,44.81,44.8489,43.245,44.07,207984,0
2016-02-19,44.39,44.94,43.2,44.18,277722,0
2016-02-22,44.68,45.425,44.49,45.18,220597,0
2016-02-23,44.72,49.12,44.575,48.57,689612,0
2016-02-24,48.7,49.06,46.79,47.64,632754,0
2016-02-25,47.92,48.04,47.155,47.92,262158,0
2016-02-26,47.77,48.56,47.39,47.48,150339,0
2016-02-29,47.67,47.78,47.04,47.09,178822,0
2016-03-01,47.3,47.97,47.2,47.66,395705,0
2016-03-02,47.43,49.21,47.03,48.97,342634,0
2016-03-03,48.98,49.075,48.01,48.47,187208,0
2016-03-04,48.51,49.05,47.37,47.46,169613,0
2016-03-07,47.42,49.55,46.85,49.17,520898,0
2016-03-08,49.03,49.17,48.24,48.49,137629,0
2016-03-09,48.66,48.92,48.22,48.76,138772,0
2016-03-10,48.86,49.25,47.5,47.85,164968,0
2016-03-11,48.17,48.59,47.64,48.36,78390,0
2016-03-14,48.33,48.82,48.0001,48.39,112814,0
2016-03-15,48.29,48.9899,48.07,48.16,125064,0
2016-03-16,48.06,49.07,48.06,48.83,137968,0
2016-03-17,48.68,49.53,48.42,49.45,167296,0
2016-03-18,49.65,50,49.06,49.47,196786,0
2016-03-21,49.5,49.57,48.249,49.47,131693,0
2016-03-22,49.14,49.79,49.14,49.57,139042,0
2016-03-23,49.36,49.8,49.25,49.6,154005,0
2016-03-24,49.55,49.62,49.295,49.55,141163,0
2016-03-28,49.88,50.64,49.22,50.18,117532,0
2016-03-29,50.25,52.29,49.88,52.17,368862,0
2016-03-30,52.6,52.92,51.89,52.12,268995,0
2016-03-31,52.27,52.44,51.64,51.8,144782,0
2016-04-01,51.44,52.68,51.02,52.55,131218,0
2016-04-04,52.43,52.9088,51.45,51.9,111807,0
2016-04-05,51.63,52.09,51.25,51.39,181942,0
2016-04-06,51.54,52.875,51.2843,52.63,332387,0
2016-04-07,52.32,52.32,51,51.29,127015,0
2016-04-08,51.63,51.79,50.85,51.1,95017,0
2016-04-11,51.22,51.26,50.67,50.75,130512,0
2016-04-12,50.93,51.57,50.72,51.25,135519,0
2016-04-13,51.5,52.3,50.915,51.3,119079,0
2016-04-14,51.51,52.08,51.12,51.65,75962,0
2016-04-15,51.41,52.26,51.41,52.16,70241,0
2016-04-18,51.76,52.41,51.7,52.04,128697,0
2016-04-19,52.24,52.55,51.56,51.65,120442,0
2016-04-20,51.59,51.77,50.84,51.39,169359,0
2016-04-21,51.28,51.28,50.02,50.3,244612,0
2016-04-22,50.25,51.64,50.25,51.22,169954,0
2016-04-25,51.04,51.183,50.1,50.49,110296,0
2016-04-26,50.43,51.73,50.43,51.14,159958,0
2016-04-27,50.97,51.7,50.88,51.49,74795,0
2016-04-28,51.13,51.8199,49.82,50,217179,0
2016-04-29,48.1,49.98,48,48.39,296362,0
2016-05-02,48.33,49.67,48.03,48.25,262685,0
2016-05-03,48.04,48.98,46.9,47.31,268655,0
2016-05-04,47.03,47.8,46.2401,47.38,183326,0
2016-05-05,47.62,48.39,47.3,48.25,251095,0
2016-05-06,47.93,49.3,47.93,49.23,240901,0
2016-05-09,48.7,49.64,48.5,48.75,151385,0
2016-05-10,48.97,48.995,48.33,48.66,60529,0
2016-05-11,48.56,48.94,48.25,48.31,104053,0
2016-05-12,48.26,49.22,48.1975,49.1,167906,0
2016-05-13,48.97,49.4,48.44,48.67,68528,0
2016-05-16,48.82,50.15,48.54,48.95,113060,0
2016-05-17,48.67,48.99,47.495,47.66,160993,0
2016-05-18,47.47,48.62,47.08,48.24,116748,0
2016-05-19,48.07,48.625,47.29,48.06,87065,0
2016-05-20,48.3,49.14,48.3,49.12,124217,0
2016-05-23,49.13,49.38,48.61,49.1,207051,0
2016-05-24,49.24,50.85,48.99,50.78,155989,0
2016-05-25,50.78,51.26,50.32,50.94,321492,0
2016-05-26,50.97,51.4,50.25,51.2,161263,0
2016-05-27,51.4,52.23,51.31,51.75,118212,0
2016-05-31,51.86,52.17,51.31,51.8,188012,0
2016-06-01,51.85,52.05,51.49,51.94,182695,0
2016-06-02,51.46,52.2099,51.44,51.98,147886,0
2016-06-03,51.91,52.57,51.365,52.28,141476,0
2016-06-06,52.3,52.51,51.78,52.41,122868,0
2016-06-07,52.31,52.51,51.85,52.28,74235,0
2016-06-08,52.32,52.83,51.7,52.6,194627,0
2016-06-09,52.08,52.7,51.88,52.29,205738,0
2016-06-10,51.83,52.505,51.01,51.29,125000,0
2016-06-13,51.01,51.43,50.84,51.3,125742,0
2016-06-14,51.16,51.87,51.1,51.7,99657,0
2016-06-15,51.81,51.99,51.07,51.22,51124,0
2016-06-16,50.86,51.56,50.79,51.4,55947,0
2016-06-17,51.51,51.8,50.38,50.44,203150,0
2016-06-20,51.09,52.17,50.53,51.98,187949,0
2016-06-21,52.15,52.5,51.48,51.87,59770,0
2016-06-22,51.96,52.31,51.7,51.97,111176,0
2016-06-23,52.6,52.88,51.6139,52.6,117695,0
2016-06-24,50.44,52.41,50.02,52.15,369882,0
2016-06-27,51.47,51.5,49.185,49.22,239841,0
2016-06-28,49.67,50.03,49.23,49.41,104923,0
2016-06-29,50.01,50.84,49.63,50.77,208121,0
2016-06-30,50.78,52.49,50.35,52.47,132171,0
2016-07-01,52.24,52.81,51.4401,51.8,142053,0
2016-07-05,51.51,53,51.51,51.79,62826,0
2016-07-06,51.65,52.62,51.65,51.99,107722,0
2016-07-07,52,52.47,51.75,52.11,88799,0
2016-07-08,52.31,53.92,52.31,53.86,149838,0
2016-07-11,54,54,53.68,53.74,117039,0
2016-07-12,54,54.43,53.4633,53.8,264504,0
2016-07-13,53.59,54.78,53.5101,54.23,216628,0
2016-07-14,54.4,54.6,53.92,53.95,99025,0
2016-07-15,54,54,52.87,52.94,403844,0
2016-07-18,53.11,53.31,52.29,52.32,181720,0
2016-07-19,52.35,52.5,51.93,52.01,117912,0
2016-07-20,52.3,52.37,51.9,52.15,148091,0
2016-07-21,51.91,52.15,50.38,50.75,255365,0
2016-07-22,50.55,50.66,49.48,50.63,354474,0
2016-07-25,50.55,51.11,50.2,50.29,202678,0
2016-07-26,50.28,50.85,50.136,50.81,105501,0
2016-07-27,50.92,51.11,50.2,51.03,209746,0
2016-07-28,51.03,52.39,48.51,48.69,251909,0
2016-07-29,48.54,49.89,47.7831,49.51,405333,0
2016-08-01,49.85,51.33,49.37,51.31,311193,0
2016-08-02,51.25,51.69,50.5,51.62,380286,0
2016-08-03,51.46,51.58,50.33,50.78,146227,0
2016-08-04,50.58,51.2,50.42,51.14,149192,0
2016-08-05,51.46,51.95,51.14,51.17,117820,0
2016-08-08,51.1,51.468,49.9,50.31,97424,0
2016-08-09,50.15,50.94,49.71,49.73,210052,0
2016-08-10,49.9,50.07,49.39,49.55,199662,0
2016-08-11,49.52,49.75,49.2,49.3,315196,0
2016-08-12,49.35,49.64,48.81,48.91,118250,0
2016-08-15,48.89,49.54,48.36,49.21,426076,0
2016-08-16,49.18,50.2,48.27,49.25,244541,0
2016-08-17,49.24,49.38,48.5,48.74,131484,0
2016-08-18,48.83,49.7999,48.6,49.64,172293,0
2016-08-19,49.43,49.4862,48.07,48.29,312618,0
2016-08-22,48.26,49.67,47.79,49.375,239617,0
2016-08-23,49.71,50.37,49.58,49.88,131619,0
2016-08-24,49.81,50.41,49.53,49.89,133065,0
2016-08-25,49.84,50.36,49.65,50.26,113996,0
2016-08-26,50.18,50.56,49.57,50.23,129296,0
2016-08-29,50.17,50.85,50.17,50.64,103545,0
2016-08-30,50.74,51.26,50.46,51.02,133459,0
2016-08-31,51.06,51.36,50.5,51.18,164266,0
2016-09-01,51.39,51.55,51,51.45,65201,0
2016-09-02,51.52,51.92,51.42,51.92,83194,0
2016-09-06,51.92,52.16,51.05,52.14,100389,0
2016-09-07,52.21,52.68,52,52.68,77380,0
2016-09-08,52.27,52.62,52.03,52.57,162033,0
2016-09-09,52.17,52.27,51.64,51.7,331248,0
2016-09-12,51.4,51.74,50.79,51.39,171689,0
2016-09-13,50.95,51.22,50,50.14,212533,0
2016-09-14,50.25,50.58,49.6,49.72,204841,0
2016-09-15,49.81,50.01,49.4,49.72,140311,0
2016-09-16,48.91,49.45,47.52,49.05,287438,0
2016-09-19,49.25,50.48,49.13,50.28,152462,0
2016-09-20,50.36,50.79,50.22,50.24,234171,0
2016-09-21,50.49,51.17,50.27,50.61,234203,0
2016-09-22,50.75,50.77,50.27,50.51,307448,0
2016-09-23,50.21,50.66,48.02,49.57,206923,0
2016-09-26,49.48,50.5,49.25,50.05,174416,0
2016-09-27,50.04,50.31,49.79,49.865,106365,0
2016-09-28,49.73,50.2468,49.65,50.14,98321,0
2016-09-29,49.83,50.34,49.53,49.81,94443,0
2016-09-30,49.9,50.645,49.67,49.84,119382,0
2016-10-03,49.82,50.18,49.54,49.97,116032,0
2016-10-04,49.9,50.19,49.53,49.64,91984,0
2016-10-05,49.77,50.13,49.56,49.65,86782,0
2016-10-06,49.5,49.85,48.84,49.64,195587,0
2016-10-07,49.49,49.67,48.74,49.41,120466,0
2016-10-10,49.71,50.12,49.58,49.79,54624,0
2016-10-11,49.53,49.53,48.6,49.1,104453,0
2016-10-12,49,49.69,48.8608,49.61,94643,0
2016-10-13,49.28,49.41,48.85,49.05,116216,0
2016-10-14,49.25,49.5,48.64,48.65,113129,0
2016-10-17,48.74,48.84,48.43,48.45,65418,0
2016-10-18,48.87,49.04,48.56,48.58,214724,0
2016-10-19,48.57,48.91,48.3,48.53,113420,0
2016-10-20,48.43,48.67,47.68,47.89,84224,0
2016-10-21,47.71,47.75,47.33,47.6,92206,0
2016-10-24,47.92,48.6,47.92,48.11,130153,0
2016-10-25,48.05,48.1962,47.85,47.98,143080,0
2016-10-26,47.66,48.09,46.71,46.81,223882,0
2016-10-27,47.22,47.22,42,44.72,371116,0
2016-10-28,44.17,45.27,42.017,44.44,220973,0
2016-10-31,44.35,44.48,43.57,44.03,167831,0
2016-11-01,44.03,44.19,43.57,43.67,259043,0
2016-11-02,43.78,44.77,43.76,44.53,199499,0
2016-11-03,44.4,44.71,44.05,44.11,103440,0
2016-11-04,44.01,44.58,43.67,43.68,120695,0
2016-11-07,44.1,44.19,43.72,43.99,234162,0
2016-11-08,43.8,44.19,43.76,44.03,158546,0
2016-11-09,43.65,43.84,42.695,43.31,258498,0
2016-11-10,43.68,43.85,42.82,43.41,230272,0
2016-11-11,43.41,45.14,42.96,44.68,275773,0
2016-11-14,45.08,45.44,43.5311,45.01,219231,0
2016-11-15,45.07,45.71,45.04,45.25,299413,0
2016-11-16,45.25,46.1,45.19,45.61,180088,0
2016-11-17,45.8,46.32,45.7,46.09,124052,0
2016-11-18,46.16,46.955,46.03,46.63,298107,0
2016-11-21,46.85,47.47,46.44,46.75,127586,0
2016-11-22,46.69,47,46.54,46.83,157443,0
2016-11-23,46.9,47.39,46.54,47.24,186530,0
2016-11-25,47.32,47.75,47.24,47.58,39032,0
2016-11-28,47.64,48.39,47.24,47.69,131479,0
2016-11-29,47.77,48.17,47.7,48.01,100327,0
2016-11-30,48.06,48.1,47.02,47.56,306264,0
2016-12-01,47.52,47.96,47.21,47.44,234931,0
2016-12-02,47.6,47.78,47.27,47.76,174595,0
2016-12-05,48.03,48.55,47.82,48.11,136990,0
2016-12-06,48.36,48.36,47.26,48.11,201998,0
2016-12-07,48,48.63,47.86,48.01,717975,0
2016-12-08,48.01,50.3099,47.56,49.83,306291,0
2016-12-09,50.12,50.56,49.53,49.77,242084,0
2016-12-12,49.6,50.21,48.96,49.82,123657,0
2016-12-13,49.5,50.52,49.5,50.51,150153,0
2016-12-14,50.68,51.38,49.96,50.44,448685,0
2016-12-15,50.6,50.99,50.12,50.37,315292,0
2016-12-16,50.57,51.18,49.78,50.79,351766,0
2016-12-19,50.58,51.22,50.3,50.79,173744,0
2016-12-20,50.99,51.23,50.29,51.12,159567,0
2016-12-21,51.3,51.3,50.41,50.52,272670,0
2016-12-22,50.68,50.68,49.77,49.98,144311,0
2016-12-23,49.82,50.65,49.7125,50.14,159137,0
2016-12-27,50.43,50.71,48.73,50.14,256285,0
2016-12-28,49.92,50.46,49.78,50.21,150597,0
2016-12-29,50.44,50.73,49.98,50.46,128376,0
2016-12-30,50.53,50.5897,49.97,50.44,121647,0
2017-01-03,50.62,51.1542,49.96,50.25,167229,0
2017-01-04,50.51,51.08,50.51,50.87,159371,0
2017-01-05,51.05,51.29,50.42,50.63,181442,0
2017-01-06,50.9,50.9,50.3,50.36,123299,0
2017-01-09,50.18,50.73,50.02,50.06,151151,0
2017-01-10,49.87,50.28,49.67,49.8,200749,0
2017-01-11,49.76,50.06,49.52,49.63,131045,0
2017-01-12,49.53,49.53,48.88,49.19,254782,0
2017-01-13,49.33,49.88,48.92,49.58,141521,0
2017-01-17,49.43,49.43,48.61,48.67,297190,0
2017-01-18,48.82,49.79,48.39,48.43,195877,0
2017-01-19,48.45,48.53,47.81,47.88,134084,0
2017-01-20,47.85,48.41,47.26,47.49,153735,0
2017-01-23,47.48,47.91,46.61,46.65,146698,0
2017-01-24,46.5,47,46.5,46.8,206405,0
2017-01-25,47.14,47.42,46.82,46.9,251176,0
2017-01-26,46.93,46.93,46.15,46.53,162849,0
2017-01-27,46.58,46.61,46.28,46.48,110731,0
2017-01-30,46.15,47.04,45.89,46.24,152661,0
2017-01-31,46.04,46.21,45.69,45.95,142078,0
2017-02-01,45.98,46.19,45.23,45.37,192878,0
2017-02-02,45.36,45.43,44.27,44.64,242927,0
2017-02-03,44.71,45.26,44.71,44.94,197959,0
2017-02-06,44.7,44.92,44.31,44.33,112854,0
2017-02-07,44.39,45.36,44.25,45.25,257801,0
2017-02-08,45.21,45.53,44.95,45.26,150752,0
2017-02-09,45.24,46.45,45.24,46.29,117759,0
2017-02-10,46.21,46.55,45.83,46.2,182432,0
2017-02-13,46.32,46.555,45.5,46.37,111367,0
2017-02-14,46.15,46.8,46.061,46.63,138478,0
2017-02-15,46.6,47.1,46.5,46.95,128256,0
2017-02-16,46.9,47.26,46.55,46.77,105955,0
2017-02-17,46.86,47.31,46.86,47.2,146243,0
2017-02-21,47.29,47.62,46.78,47.55,234430,0
2017-02-22,47.61,47.83,47.34,47.73,156215,0
2017-02-23,47.81,47.94,47.42,47.92,130550,0
2017-02-24,47.53,47.75,47.42,47.56,97311,0
2017-02-27,47.56,47.91,46.631,47.71,193547,0
2017-02-28,48.91,48.91,44.61,44.66,328951,0
2017-03-01,44.83,47.19,44.77,46.99,318926,0
2017-03-02,46.74,46.87,46.025,46.45,144497,0
2017-03-03,46.36,46.7,46.11,46.21,76605,0
2017-03-06,45.83,46,45.025,45.64,116567,0
2017-03-07,45.77,45.99,45.47,45.75,141101,0
2017-03-08,45.79,46.19,45.75,45.77,95890,0
2017-03-09,45.85,46.1,45.45,45.53,101994,0
2017-03-10,46,46.05,45.24,45.58,125298,0
2017-03-13,45.81,45.95,45.1501,45.44,133125,0
2017-03-14,45.24,45.54,45.122,45.16,122569,0
2017-03-15,45.26,45.31,44.81,45.16,189803,0
2017-03-16,45.07,45.37,44.82,45.24,143456,0
2017-03-17,44.99,46.09,44.88,45.96,344006,0
2017-03-20,45.93,46.69,45.5,46,153991,0
2017-03-21,46.35,46.4,45.64,45.83,296436,0
2017-03-22,45.96,46.31,45.47,45.98,186078,0
2017-03-23,45.87,46.375,45.77,46.32,139433,0
2017-03-24,46.36,46.67,46.08,46.31,174557,0
2017-03-27,45.87,46.59,45.87,46.34,137371,0
2017-03-28,46.15,46.66,45.98,46.66,138484,0
2017-03-29,46.55,46.945,46.5,46.78,142195,0
2017-03-30,46.9,47.17,46.76,47.16,117924,0
2017-03-31,47.1,48,47.04,47.36,156612,0
2017-04-03,47.44,47.57,45.91,45.96,197396,0
2017-04-04,45.87,46.08,45.46,46.06,138748,0
2017-04-05,46.24,46.39,45.53,45.55,153812,0
2017-04-06,45.46,45.79,45.4,45.78,135723,0
2017-04-07,45.72,46.22,45.05,45.71,203814,0
2017-04-10,45.81,46.28,45.65,45.98,143341,0
2017-04-11,45.78,46.5,45.78,46.45,120016,0
2017-04-12,46.53,46.92,45.7401,46.49,181240,0
2017-04-13,46.35,46.35,45.5,45.7,353072,0
2017-04-17,45.66,46.2,45.59,46.11,139670,0
2017-04-18,46,46.21,45.86,46.16,131474,0
2017-04-19,46.22,46.555,45.9,46.48,214032,0
2017-04-20,46.58,46.79,46.22,46.6,168165,0
2017-04-21,46.61,46.9,46.4526,46.53,133459,0
2017-04-24,46.9,47.39,46.69,47.33,232581,0
2017-04-25,47.45,47.91,47,47.7,219403,0
2017-04-26,47.81,48.52,47.585,47.96,155821,0
2017-04-27,47.9,48.63,47.82,48.08,143381,0
2017-04-28,48.02,48.7,47.7,47.71,189728,0
2017-05-01,47.8,48.07,47.28,47.81,159940,0
2017-05-02,48.88,49.06,47.1876,48.64,168199,0
2017-05-03,48.86,49.4,48.73,49.08,167993,0
2017-05-04,48.75,49.76,48.75,49.48,182447,0
2017-05-05,49.3,49.795,49.195,49.68,178132,0
2017-05-08,49.75,50.8,49.65,50.5,155948,0
2017-05-09,50.6,50.88,50.4,50.66,92996,0
2017-05-10,50.35,50.82,46.56,50.48,136739,0
2017-05-11,50.38,50.56,49.92,49.94,100735,0
2017-05-12,49.9,50.17,49.68,49.92,116977,0
2017-05-15,49.91,50.41,49.71,50.4,107734,0
2017-05-16,50.54,50.54,50.095,50.38,80136,0
2017-05-17,49.69,50.02,49.18,49.67,143127,0
2017-05-18,49.69,49.99,49.31,49.38,105195,0
2017-05-19,49.46,50.33,49.46,50.11,144094,0
2017-05-22,50.22,51.09,50.22,51,123317,0
2017-05-23,51,51.65,50.77,51.52,156353,0
2017-05-24,51.63,52.05,51.37,51.75,145871,0
2017-05-25,52,52.13,51.74,51.87,73087,0
2017-05-26,51.84,51.91,51.17,51.79,142401,0
2017-05-30,51.85,52.44,51.7,52.06,123254,0
2017-05-31,52.27,52.65,51.89,52.37,128475,0
2017-06-01,52.46,53.06,52.11,53,176920,0
2017-06-02,52.98,53.51,52.785,53.27,194975,0
2017-06-05,53.24,54,53.24,53.31,109185,0
2017-06-06,53.2,53.2,52.4001,53.01,184617,0
2017-06-07,53.08,53.7075,52.36,53.04,115132,0
2017-06-08,53.07,53.28,52.6399,53.08,116211,0
2017-06-09,53.32,54.03,52.87,53,183739,0
2017-06-12,52.82,53.43,52.17,52.57,127982,0
2017-06-13,52.64,52.99,52.12,52.51,187251,0
2017-06-14,52.45,52.78,52.11,52.56,161188,0
2017-06-15,51.97,52.59,51.89,52.56,201170,0
2017-06-16,52.26,52.68,51.96,52.6,279713,0
2017-06-19,52.8,53.31,52.76,53.21,131582,0
2017-06-20,53.05,53.59,52.78,53.39,138002,0
2017-06-21,53.75,54.22,53.17,53.95,210199,0
2017-06-22,53.68,54.95,53.44,54.9,176087,0
2017-06-23,54.9,55.38,54.69,55.05,325550,0
2017-06-26,55.16,56.29,55.16,56.1,270685,0
2017-06-27,56.1,56.325,55.77,55.8,179265,0
2017-06-28,56.04,56.64,55.515,56.56,142675,0
2017-06-29,56.64,56.66,55.59,56.1,255756,0
2017-06-30,56.06,56.23,54.46,55.58,230303,0
2017-07-03,55.63,56.26,55.21,55.49,89844,0
2017-07-05,55.72,55.72,54.79,55.18,131786,0
2017-07-06,54.89,54.895,53.82,54.44,113455,0
2017-07-07,54.73,55.31,54.73,54.88,113487,0
2017-07-10,54.87,55.12,54.55,54.84,139158,0
2017-07-11,54.84,55.465,54.49,54.97,147551,0
2017-07-12,55.3,55.57,55,55.33,76141,0
2017-07-13,55.14,55.225,54.87,55.01,130300,0
2017-07-14,55,55.32,54.79,55.17,82365,0
2017-07-17,55.18,55.51,54.482,55.17,116612,0
2017-07-18,54.11,55.3,52.5,54.61,161686,0
2017-07-19,54.68,55.35,54.68,55.34,93355,0
2017-07-20,55.33,55.61,54.98,55,133388,0
2017-07-21,55.3,55.425,54.84,54.97,155654,0
2017-07-24,54.96,55,54.41,54.79,134344,0
2017-07-25,54.86,56.16,54.145,55.85,237488,0
2017-07-26,55.89,55.94,54.985,55.64,122409,0
2017-07-27,58.48,58.52,56.07,56.31,180954,0
2017-07-28,56.49,59.84,56.49,57.6,168109,0
2017-07-31,57.71,58.29,57.25,57.55,166156,0
2017-08-01,57.61,58.495,57.262,58.36,159011,0
2017-08-02,58.37,58.47,56.9,57.51,113673,0
2017-08-03,57.63,58.545,57.17,57.35,92430,0
2017-08-04,56.215,57.51,56.215,56.77,95777,0
2017-08-07,56.78,56.82,54.34,56.75,81757,0
2017-08-08,56.69,57.48,56.54,56.71,97476,0
2017-08-09,54.44,56.39,53.78,55.69,159174,0
2017-08-10,55.44,56.14,55.13,55.47,189924,0
2017-08-11,55.68,56.09,55.24,55.95,162218,0
2017-08-14,56.35,57.05,56.17,56.94,123732,0
2017-08-15,57,57.01,55.31,55.35,133910,0
2017-08-16,55.62,56.36,55.37,55.86,152938,0
2017-08-17,55.87,56.25,55.25,55.6,125194,0
2017-08-18,55.16,55.66,54.35,55.46,172759,0
2017-08-21,55.41,55.73,55.02,55.45,121757,0
2017-08-22,55.55,55.9,55.07,55.22,150867,0
2017-08-23,55.01,55.29,54.585,54.88,233591,0
2017-08-24,54.83,55.25,54.83,55.22,98394,0
2017-08-25,55.5,55.88,55.254,55.41,108359,0
2017-08-28,55.49,55.79,55.25,55.59,85097,0
2017-08-29,55.37,55.91,55.25,55.82,96441,0
2017-08-30,55.83,56,55.725,55.89,59210,0
2017-08-31,55.89,56.5399,55.88,56.3,97660,0
2017-09-01,56.34,56.62,56.18,56.48,49855,0
2017-09-05,56.37,56.51,55.73,55.96,69843,0
2017-09-06,56.08,56.15,54.91,55.56,524858,0
2017-09-07,55.63,56.44,55.44,55.77,310506,0
2017-09-08,55.67,55.9897,55.32,55.59,155043,0
2017-09-11,55.85,56.605,55.72,56.4,181909,0
2017-09-12,56.54,56.82,56.34,56.74,170434,0
2017-09-13,56.69,56.925,56.255,56.38,105506,0
2017-09-14,56.35,56.44,55.82,55.95,112952,0
2017-09-15,56.04,56.455,55.68,55.98,360189,0
2017-09-18,55.81,56.3594,55.24,55.76,167123,0
2017-09-19,55.63,55.91,55.5,55.84,210493,0
2017-09-20,55.85,56.74,55.85,56.57,125082,0
2017-09-21,56.55,57.05,56.37,56.57,152469,0
2017-09-22,56.44,57.5,56.3,57.4,216701,0
2017-09-25,57.5,57.69,56.861,57.53,156204,0
2017-09-26,57.59,57.86,57.16,57.53,140463,0
2017-09-27,57.55,58.12,57.3,57.74,207100,0
2017-09-28,57.71,58.31,57.58,58.03,90618,0
2017-09-29,58.19,58.43,57.81,58.32,197151,0
2017-10-02,58.58,59.25,58.105,59.229,227411,0
2017-10-03,59.23,59.43,58.38,59.11,167666,0
2017-10-04,58.96,59.23,58.41,59.21,149181,0
2017-10-05,59.23,59.28,58.67,59.2,84342,0
2017-10-06,59.17,59.48,58.75,59.26,158645,0
2017-10-09,59.26,59.55,58.99,59.4,82335,0
2017-10-10,59.51,59.77,59.2,59.63,254119,0
2017-10-11,59.6,60.19,59.34,60.04,151904,0
2017-10-12,60.21,60.6,59.77,60.41,133349,0
2017-10-13,60.7,60.925,60.48,60.68,98361,0
2017-10-16,60.82,60.91,60.37,60.79,72086,0
2017-10-17,60.82,61.42,60.34,60.75,95072,0
2017-10-18,60.81,61.26,60.085,60.77,112830,0
2017-10-19,60.61,60.92,60.16,60.9,82689,0
2017-10-20,61.36,61.89,61.03,61.2,156799,0
2017-10-23,61.54,61.54,60.69,60.78,88351,0
2017-10-24,60.92,60.97,60.5001,60.56,161861,0
2017-10-25,60.57,60.885,59.79,60.58,138744,0
2017-10-26,60.69,62.92,57.8942,62.6,271677,0
2017-10-27,62.32,62.82,62.3109,62.44,208794,0
2017-10-30,61.97,62.5,60.91,60.96,128229,0
2017-10-31,61.25,62.49,61.24,62.42,182733,0
2017-11-01,62.01,62.26,61.045,61.76,132266,0
2017-11-02,61.53,62.67,60.85,62.35,139139,0
2017-11-03,62.25,62.5,61.64,62.29,104878,0
2017-11-06,62.4,62.77,61.86,62.56,52716,0
2017-11-07,62.63,62.88,62.3,62.32,102416,0
2017-11-08,62.18,62.65,61.95,62.38,119149,0
2017-11-09,61.82,62.32,61.41,61.63,90935,0
2017-11-10,61.5,62.21,59.92,61.3,93449,0
