2016-01-04,12.035,12.091,11.837,11.837,1701,0
2016-01-05,11.997,12.448,11.997,12.232,7335,0
2016-01-06,12.165,12.736,11.95,12.477,6899,0
2016-01-07,11.903,12.222,11.903,12.222,27996,0
2016-01-08,12.091,12.091,11.96,11.96,1564,0
2016-01-11,11.912,12.222,11.78,11.903,24131,0
2016-01-12,12.37,12.37,11.975,12.053,63515,0
2016-01-13,12.181,12.211,12.063,12.063,5992,0
2016-01-14,12.053,12.073,12.043,12.043,1721,0
2016-01-15,12.053,12.053,11.707,11.747,4826,0
2016-01-19,11.856,11.856,11.747,11.747,2834,0
2016-01-20,11.717,11.729,11.678,11.678,3745,0
2016-01-21,11.668,11.677,11.648,11.653,7155,0
2016-01-22,11.54,11.658,11.54,11.62,3968,0
2016-01-25,11.52,11.62,11.371,11.371,2142,0
2016-01-26,11.51,11.61,11.51,11.61,7794,0
2016-01-27,11.62,11.668,11.62,11.629,2480,0
2016-01-28,11.733,11.766,11.733,11.766,984,0
2016-01-29,11.757,12.103,11.651,11.994,13091,0
2016-02-01,11.945,12.088,11.672,11.955,1215,0
2016-02-02,11.796,11.796,11.144,11.343,37255,0
2016-02-03,11.254,11.46,11.204,11.44,3352,0
2016-02-04,11.45,11.5,11.45,11.5,5938,0
2016-02-05,11.497,11.668,11.45,11.48,9578,0
2016-02-08,11.45,11.451,11.45,11.451,3643,0
2016-02-09,11.726,11.726,11.45,11.47,11540,0
2016-02-10,11.6,11.6,11.6,11.6,102,0
2016-02-11,11.381,11.45,11.381,11.391,4098,0
2016-02-12,11.264,11.43,11.134,11.43,16199,0
2016-02-16,11.264,11.5,11.264,11.49,1163,0
2016-02-17,11.498,11.498,11.41,11.47,6461,0
2016-02-18,11.56,11.56,11.464,11.464,509,0
2016-02-19,11.45,11.51,11.45,11.46,1253,0
2016-02-22,11.61,11.61,11.46,11.59,10913,0
2016-02-23,11.46,11.61,11.46,11.601,1875,0
2016-02-24,11.361,11.47,11.361,11.45,1800,0
2016-02-25,11.45,12.351,11.391,11.46,4678,0
2016-02-26,11.45,11.525,11.45,11.47,4127,0
2016-02-29,11.44,11.786,11.44,11.45,1586,0
2016-03-01,11.46,11.545,11.455,11.455,1157,0
2016-03-02,11.62,11.856,11.44,11.846,21794,0
2016-03-03,11.836,11.846,11.658,11.707,1439,0
2016-03-04,11.728,11.786,11.636,11.648,1295,0
2016-03-07,11.766,12.804,11.707,12.587,30559,0
2016-03-08,12.471,12.597,12.152,12.281,13390,0
2016-03-09,12.448,12.794,12.301,12.547,8270,0
2016-03-10,12.687,12.696,12.211,12.647,23479,0
2016-03-11,12.637,13.081,12.637,12.873,17456,0
2016-03-14,12.992,13.14,12.527,12.637,22603,0
2016-03-15,12.834,12.834,12.37,12.794,8857,0
2016-03-16,12.744,12.744,12.351,12.37,10624,0
2016-03-17,12.448,12.647,11.955,12.034,22194,0
2016-03-18,12.341,12.527,11.856,12.527,120775,0
2016-03-21,12.428,12.657,12.161,12.567,4006,0
2016-03-22,12.567,12.804,12.458,12.597,9282,0
2016-03-23,12.715,12.744,12.093,12.735,2955,0
2016-03-24,12.399,12.744,12.399,12.744,4859,0
2016-03-28,12.657,12.706,12.449,12.696,10283,0
2016-03-29,12.577,12.627,12.567,12.597,1631,0
2016-03-30,12.577,12.696,12.557,12.696,2885,0
2016-03-31,12.517,12.617,12.341,12.507,2738,0
2016-04-01,12.507,12.696,12.399,12.419,7726,0
2016-04-04,12.321,12.687,12.251,12.487,18905,0
2016-04-05,12.517,12.647,12.478,12.647,3139,0
2016-04-06,12.607,12.647,11.935,12.587,2610,0
2016-04-07,12.458,12.677,12.132,12.627,3451,0
2016-04-08,12.547,12.647,12.301,12.597,14635,0
2016-04-11,12.487,12.537,12.251,12.36,5805,0
2016-04-12,12.36,12.36,12.055,12.251,2243,0
2016-04-13,12.191,12.271,12.073,12.271,1721,0
2016-04-14,12.004,12.38,12.004,12.256,7698,0
2016-04-15,12.281,12.677,12.252,12.507,7537,0
2016-04-18,12.537,12.547,12.39,12.448,2394,0
2016-04-19,12.497,12.497,12.487,12.497,543,0
2016-04-20,12.577,12.617,12.498,12.617,2834,0
2016-04-21,12.587,12.637,12.587,12.637,238,0
2016-04-22,12.581,12.667,12.567,12.567,1151,0
2016-04-25,12.577,12.687,12.577,12.687,5783,0
2016-04-26,12.667,12.696,12.667,12.696,1801,0
2016-04-28,12.667,12.686,12.567,12.627,2889,0
2016-04-29,12.627,12.627,12.251,12.385,2537,0
2016-05-02,12.271,12.607,12.251,12.301,6332,0
2016-05-03,12.251,12.351,12.251,12.351,4406,0
2016-05-04,12.351,12.468,12.351,12.468,598,0
2016-05-05,12.37,12.39,12.37,12.39,608,0
2016-05-06,12.37,12.597,12.37,12.577,1751,0
2016-05-09,12.38,12.399,12.201,12.336,62476,0
2016-05-10,12.527,12.567,12.458,12.458,417,0
2016-05-11,12.478,12.597,12.478,12.507,505,0
2016-05-12,12.38,12.38,12.38,12.38,196,0
2016-05-13,12.567,12.567,12.567,12.567,243,0
2016-05-16,12.507,12.517,12.507,12.517,404,0
2016-05-17,12.488,12.497,12.351,12.351,2224,0
2016-05-18,12.399,12.399,12.321,12.36,1122,0
2016-05-19,12.301,12.301,12.261,12.261,204,0
2016-05-20,12.351,12.351,12.251,12.251,293,0
2016-05-23,12.39,12.527,12.39,12.419,1064,0
2016-05-24,12.291,12.543,12.221,12.341,3803,0
2016-05-25,12.37,12.547,12.311,12.458,3111,0
2016-05-26,12.113,12.532,9.542,12.532,1027,0
2016-05-27,12.517,12.537,12.261,12.39,770,0
2016-05-31,12.132,12.142,12.024,12.024,1165,0
2016-06-01,12.152,12.547,12.073,12.547,7151,0
2016-06-06,12.517,12.517,12.162,12.341,1214,0
2016-06-07,12.211,12.331,12.201,12.331,505,0
2016-06-08,12.37,12.37,12.351,12.351,701,0
2016-06-10,12.206,12.206,12.206,12.206,205,0
2016-06-13,12.113,12.201,12.113,12.161,613,0
2016-06-15,12.053,12.251,11.994,12.026,4808,0
2016-06-16,12.123,12.142,12.113,12.132,5027,0
2016-06-17,12.119,12.128,12.103,12.103,2412,0
2016-06-20,12.419,12.448,12.241,12.448,6244,0
2016-06-21,12.399,12.399,12.154,12.251,2602,0
2016-06-22,12.142,12.351,12.014,12.014,12851,0
2016-06-23,12.004,12.39,12.004,12.004,6499,0
2016-06-24,12.048,12.181,12.048,12.048,636,0
2016-06-27,12.004,12.024,11.935,11.935,5820,0
2016-06-28,12.083,12.083,11.866,11.866,387,0
2016-06-29,12.103,12.113,11.868,11.868,709,0
2016-06-30,11.876,11.925,11.57,11.846,12569,0
2016-07-01,11.945,11.994,11.945,11.955,3416,0
2016-07-05,11.56,12.063,11.56,12.063,809,0
2016-07-06,11.57,11.638,11.56,11.638,2044,0
2016-07-07,11.76,11.846,11.76,11.846,307,0
2016-07-08,11.688,11.688,11.688,11.688,101,0
2016-07-11,11.737,11.955,11.737,11.856,9562,0
2016-07-12,11.895,12.103,11.856,12.103,5821,0
2016-07-15,12.058,12.399,12.058,12.346,42769,0
2016-07-18,12.271,12.323,12.271,12.301,1959,0
2016-07-19,12.301,12.351,12.301,12.351,17612,0
2016-07-20,12.35,12.35,12.311,12.311,505,0
2016-07-21,12.311,12.547,12.311,12.4,8194,0
2016-07-22,12.607,12.607,12.301,12.301,2480,0
2016-07-25,12.291,12.291,11.856,11.866,31272,0
2016-07-26,12.043,12.547,12.043,12.448,37773,0
2016-07-27,12.545,12.545,12.351,12.351,1084,0
2016-07-28,12.301,12.447,12.152,12.391,29299,0
2016-07-29,12.251,12.351,12.066,12.351,3615,0
2016-08-01,12.171,12.299,12.171,12.251,3520,0
2016-08-02,12.281,12.409,12.281,12.409,1789,0
2016-08-03,12.438,12.526,12.438,12.526,1643,0
2016-08-04,12.547,12.696,12.547,12.696,2390,0
2016-08-05,12.656,12.696,12.439,12.439,3672,0
2016-08-08,12.627,12.706,12.468,12.675,4674,0
2016-08-09,12.772,12.795,12.772,12.772,1875,0
2016-08-10,12.617,13.13,12.617,13.13,244,0
2016-08-11,12.824,12.834,12.824,12.834,204,0
2016-08-15,12.873,12.873,12.776,12.776,729,0
2016-08-16,12.992,13.11,12.863,12.882,4732,0
2016-08-17,12.8,12.8,12.789,12.789,520,0
2016-08-18,12.834,12.844,12.051,12.652,9157,0
2016-08-19,12.814,12.873,12.662,12.829,11920,0
2016-08-22,12.962,12.962,12.744,12.933,3667,0
2016-08-23,12.831,12.933,12.831,12.844,1389,0
2016-08-24,12.863,12.863,12.863,12.863,100,0
2016-08-25,12.844,13.081,12.795,12.853,4612,0
2016-08-29,13.022,13.022,12.152,12.649,2247,0
2016-08-30,12.794,12.953,12.657,12.953,6002,0
2016-08-31,12.942,13.228,12.883,13.081,8869,0
2016-09-01,13.14,13.14,12.617,12.617,4436,0
2016-09-06,12.696,12.893,12.547,12.834,6871,0
2016-09-07,12.844,13.238,12.607,12.844,3432,0
2016-09-08,12.592,12.883,12.399,12.687,1483,0
2016-09-09,12.542,12.542,12.542,12.542,323,0
2016-09-12,12.321,12.853,12.321,12.853,10278,0
2016-09-13,13.032,13.032,12.844,12.844,759,0
2016-09-14,12.844,12.943,12.597,12.834,4916,0
2016-09-15,12.617,12.863,12.597,12.863,9375,0
2016-09-16,12.943,13.714,12.933,13.614,7257,0
2016-09-19,13.714,13.714,12.844,12.855,2682,0
2016-09-20,13.09,13.09,12.844,12.893,1721,0
2016-09-21,12.953,13.238,12.934,13.042,23643,0
2016-09-22,13.14,13.238,13.13,13.17,5933,0
2016-09-23,13.363,13.363,13.363,13.363,100,0
2016-09-26,13.388,13.432,13.209,13.432,953,0
2016-09-27,13.615,13.615,13.308,13.318,632,0
2016-09-28,13.506,13.735,13.238,13.238,9380,0
2016-09-29,13.625,13.625,13.253,13.288,8915,0
2016-09-30,13.298,13.962,13.298,13.63,24853,0
2016-10-03,13.635,13.71,13.605,13.645,1662,0
2016-10-04,13.585,13.585,13.238,13.408,13289,0
2016-10-05,13.534,13.534,13.534,13.534,405,0
2016-10-07,13.288,13.665,13.288,13.665,6695,0
2016-10-10,13.654,13.654,13.536,13.536,2684,0
2016-10-12,13.525,13.525,13.328,13.358,22595,0
2016-10-13,13.139,13.387,13.139,13.199,25661,0
2016-10-14,13.256,13.586,13.199,13.209,3539,0
2016-10-17,13.437,13.437,13.288,13.338,6344,0
2016-10-18,13.215,13.388,13.215,13.338,9871,0
2016-10-19,13.288,13.338,13.288,13.338,4539,0
2016-10-20,13.338,13.437,13.338,13.437,19220,0
2016-10-21,13.437,13.784,13.437,13.536,4457,0
2016-10-24,13.388,13.655,13.343,13.486,11852,0
2016-10-25,13.444,13.635,13.413,13.486,10440,0
2016-10-26,13.437,13.536,13.437,13.437,7764,0
2016-10-27,13.536,13.536,13.338,13.353,6381,0
2016-10-28,13.437,13.515,13.338,13.338,4547,0
2016-10-31,13.388,13.388,13.37,13.388,6628,0
2016-11-01,13.393,13.437,13.338,13.437,2367,0
2016-11-02,13.338,13.388,13.238,13.288,31694,0
2016-11-03,13.338,13.338,13.288,13.338,24786,0
2016-11-04,13.257,13.437,13.257,13.338,11632,0
2016-11-07,13.139,13.635,13.139,13.338,24332,0
2016-11-08,13.338,13.388,13.338,13.388,9354,0
2016-11-09,13.288,13.437,13.288,13.288,36130,0
2016-11-10,13.288,13.437,13.238,13.238,83573,0
2016-11-11,13.288,13.486,13.238,13.461,13047,0
2016-11-14,13.635,14.437,13.388,13.635,33247,0
2016-11-15,13.735,13.735,13.388,13.536,26414,0
2016-11-16,13.437,13.585,13.338,13.363,23296,0
2016-11-17,13.437,13.585,13.382,13.585,52687,0
2016-11-18,13.585,13.635,13.437,13.585,22519,0
2016-11-21,13.585,14.132,13.536,13.933,22187,0
2016-11-22,13.982,14.726,13.982,14.726,12661,0
2016-11-23,14.726,15.271,14.576,15.023,25056,0
2016-11-25,15.023,16.036,15.023,15.52,10032,0
2016-11-28,15.767,15.767,15.371,15.718,12639,0
2016-11-29,15.718,16.065,15.668,15.767,30144,0
2016-11-30,15.767,15.867,15.718,15.767,3516,0
2016-12-01,15.817,16.263,15.817,16.065,14447,0
2016-12-02,16.065,16.065,15.618,15.618,3952,0
2016-12-05,15.668,15.965,15.643,15.965,45602,0
2016-12-06,16.015,16.462,15.965,16.164,62649,0
2016-12-07,16.412,17.032,16.412,16.858,12641,0
2016-12-08,16.858,17.428,16.759,17.031,21142,0
2016-12-09,16.908,17.696,16.416,17.453,11576,0
2016-12-12,17.503,17.503,16.659,16.809,11848,0
2016-12-13,17.354,17.354,16.759,16.809,5094,0
2016-12-14,16.908,17.8,16.511,16.659,53230,0
2016-12-15,17.056,17.056,16.709,16.709,14294,0
2016-12-16,16.809,17.156,16.582,16.709,18743,0
2016-12-19,16.908,17.354,16.834,17.106,18667,0
2016-12-20,17.453,17.769,17.056,17.354,8972,0
2016-12-21,17.453,17.8,17.156,17.205,14751,0
2016-12-22,17.062,17.205,16.957,17.132,9135,0
2016-12-23,17.205,17.205,17.106,17.205,4965,0
2016-12-27,17.304,18.097,16.957,17.949,41548,0
2016-12-28,17.998,18.345,17.602,18.097,14891,0
2016-12-29,19.887,20.733,17.799,17.899,8144,0
2016-12-30,17.998,18.888,17.998,18.595,7056,0
2017-01-03,18.645,18.843,18.197,18.545,98001,0
2017-01-04,18.545,19.012,18.297,18.595,113051,0
2017-01-05,18.645,18.744,18.508,18.545,41206,0
2017-01-06,18.545,20.683,18.545,19.371,114727,0
2017-01-09,19.738,20.26,19.589,19.689,111952,0
2017-01-10,19.838,19.937,19.689,19.887,43600,0
2017-01-11,19.848,19.937,19.539,19.788,39713,0
2017-01-12,19.689,19.689,18.346,18.943,58299,0
2017-01-13,18.943,19.142,17.103,17.401,76623,0
2017-01-17,17.153,17.239,15.861,16.457,97689,0
2017-01-18,16.307,16.705,16.059,16.606,39310,0
2017-01-19,16.606,16.905,16.557,16.905,31161,0
2017-01-20,16.905,16.905,15.959,16.258,87015,0
2017-01-23,16.159,16.507,15.661,16.507,29875,0
2017-01-24,16.357,16.457,15.761,16.307,35954,0
2017-01-25,16.258,16.457,16.059,16.307,16885,0
2017-01-26,16.109,16.557,15.761,16.507,58820,0
2017-01-27,16.357,16.755,16.307,16.755,41639,0
2017-01-30,16.307,16.606,16.209,16.457,38136,0
2017-01-31,16.457,16.825,16.457,16.705,40804,0
2017-02-01,16.705,16.855,16.457,16.606,22042,0
2017-02-02,16.755,17.053,16.695,17.004,18644,0
2017-02-03,17.253,18.122,17.175,17.899,50175,0
2017-02-06,17.899,18.147,17.749,18.147,14129,0
2017-02-07,18.097,18.346,17.837,18.297,14140,0
2017-02-08,18.396,18.545,17.949,18.297,55216,0
2017-02-09,18.297,18.445,18.197,18.396,15262,0
2017-02-10,18.297,18.843,18.252,18.744,11332,0
2017-02-13,18.645,18.893,18.645,18.744,13910,0
2017-02-14,18.744,18.843,18.495,18.794,12071,0
2017-02-15,18.478,18.943,18.478,18.893,22125,0
2017-02-16,18.843,19.042,18.694,18.993,18820,0
2017-02-17,18.993,19.042,18.848,18.993,23253,0
2017-02-21,18.943,19.291,18.843,18.943,26341,0
2017-02-22,18.794,18.943,18.744,18.943,8711,0
2017-02-23,18.893,19.092,18.794,18.843,15969,0
2017-02-24,18.843,18.843,18.495,18.495,7264,0
2017-02-27,18.445,18.943,18.445,18.943,38086,0
2017-02-28,18.843,18.943,18.692,18.794,8198,0
2017-03-01,18.893,19.291,18.694,18.943,61098,0
2017-03-02,18.495,18.818,18.406,18.495,8993,0
2017-03-03,18.541,18.645,18.495,18.545,14022,0
2017-03-06,18.595,18.595,18.147,18.595,18264,0
2017-03-07,18.595,18.698,18.396,18.396,6675,0
2017-03-08,18.495,18.545,18.247,18.297,11656,0
2017-03-09,18.297,18.396,18.097,18.097,5828,0
2017-03-10,18.097,18.197,18.097,18.147,13073,0
2017-03-13,18.13,18.147,17.996,18.048,12692,0
2017-03-14,18.048,18.247,17.949,18.247,4668,0
2017-03-15,18.197,18.197,17.998,18.097,6880,0
2017-03-16,18.048,18.346,17.899,18.297,11387,0
2017-03-17,18.297,18.893,17.899,18.893,72517,0
2017-03-20,18.545,18.843,18.097,18.396,28339,0
2017-03-21,18.346,18.396,17.302,17.601,23690,0
2017-03-22,17.819,18.445,17.253,17.451,12696,0
2017-03-23,17.551,18.445,17.253,17.998,9044,0
2017-03-24,18.346,18.545,17.899,18.247,30683,0
2017-03-27,18.247,18.396,18.048,18.297,17929,0
2017-03-28,18.495,18.893,17.551,18.048,43687,0
2017-03-29,18.048,18.097,17.601,17.899,29924,0
2017-03-30,17.731,18.148,17.731,17.998,4061,0
2017-03-31,18.112,18.597,18.068,18.397,14500,0
2017-04-03,18.547,18.547,18.148,18.347,15967,0
2017-04-04,18.347,18.447,17.917,18.347,15272,0
2017-04-05,18.298,18.597,18.135,18.397,3443,0
2017-04-06,18.298,18.397,18.098,18.397,2060,0
2017-04-07,18.397,18.746,18.298,18.497,5024,0
2017-04-10,18.347,18.347,17.998,17.998,5550,0
2017-04-11,17.998,18.447,17.55,17.949,9429,0
2017-04-12,17.89,18.098,17.699,18.098,7594,0
2017-04-13,17.55,18.02,17.55,17.998,6080,0
2017-04-17,17.799,17.899,17.45,17.799,6244,0
2017-04-18,17.35,18.098,17.201,17.5,5330,0
2017-04-19,17.699,17.998,17.55,17.749,6046,0
2017-04-20,17.799,17.949,17.55,17.949,12466,0
2017-04-21,18.248,18.447,18.248,18.397,2939,0
2017-04-24,18.298,18.597,17.749,18.497,11297,0
2017-04-25,18.547,18.547,17.899,18.098,10369,0
2017-04-26,18.099,18.597,17.976,18.397,7795,0
2017-04-27,18.347,18.347,17.998,18.048,2293,0
2017-04-28,18.198,18.198,17.649,17.849,9979,0
2017-05-01,17.949,18.023,17.051,17.45,23734,0
2017-05-02,17.201,17.201,16.702,16.802,27718,0
2017-05-03,16.902,17.649,16.902,17.4,20424,0
2017-05-04,17.35,17.5,17.201,17.3,57110,0
2017-05-05,17.699,17.949,17.4,17.949,19166,0
2017-05-08,17.849,17.849,17.458,17.774,5509,0
2017-05-09,17.699,17.849,17.45,17.649,6853,0
2017-05-10,17.3,17.849,17.201,17.849,38729,0
2017-05-11,17.6,17.849,17.373,17.649,19253,0
2017-05-12,17.6,17.6,17.201,17.35,7820,0
2017-05-15,17.201,17.45,17.201,17.201,15624,0
2017-05-16,17.251,17.473,17.201,17.201,31772,0
2017-05-17,17.201,17.35,16.951,16.951,46024,0
2017-05-18,17.001,17.201,16.752,17.051,17017,0
2017-05-19,17.001,17.151,16.951,17.151,20728,0
2017-05-22,17.251,17.3,17.101,17.101,2606,0
2017-05-23,17.899,17.899,17.151,17.35,12000,0
2017-05-24,17.6,17.6,17.101,17.101,5731,0
2017-05-25,17.251,17.3,17.151,17.251,9052,0
2017-05-26,17.385,17.385,17.201,17.201,1103,0
2017-05-30,17.201,17.251,17.201,17.226,1656,0
2017-05-31,17.201,17.284,17.201,17.251,7322,0
2017-06-01,17.201,17.251,17.101,17.201,8995,0
2017-06-02,17.3,17.3,17.201,17.3,9680,0
2017-06-05,17.201,17.949,17.051,17.849,20072,0
2017-06-06,17.749,17.749,17.001,17.001,19145,0
2017-06-07,17.001,17.201,17.001,17.051,6122,0
2017-06-08,17.101,17.251,17.001,17.101,7693,0
2017-06-09,17.251,17.6,17.001,17.5,15528,0
2017-06-12,17.4,17.575,16.951,16.951,15703,0
2017-06-13,17.001,17.5,16.951,17.001,43725,0
2017-06-14,17.001,17.062,16.951,16.976,5471,0
2017-06-15,16.951,17.345,16.951,16.951,5926,0
2017-06-16,17.001,17.001,16.951,17.001,3026,0
2017-06-19,17.45,17.45,16.951,16.951,5104,0
2017-06-20,16.951,17.001,16.702,16.702,20468,0
2017-06-21,16.752,16.852,16.702,16.752,2417,0
2017-06-22,16.702,17.27,16.702,16.752,12732,0
2017-06-23,16.802,17.3,16.752,16.752,12923,0
2017-06-26,16.899,17.051,16.852,16.951,4730,0
2017-06-27,16.951,17.35,16.902,17.226,11872,0
2017-06-28,17.45,17.45,17.251,17.45,4095,0
2017-06-29,17.4,17.5,17.2,17.5,6175,0
2017-06-30,17.055,17.65,17.055,17.65,6365,0
2017-07-03,17.75,17.75,17.15,17.3,3492,0
2017-07-05,17.15,17.35,17.1,17.3,6783,0
2017-07-06,17.255,17.255,17.25,17.25,245,0
2017-07-07,17.3,17.5,17.25,17.25,2829,0
2017-07-10,17.35,17.45,17.25,17.45,5652,0
2017-07-11,17.4,17.5,17.25,17.3,5908,0
2017-07-12,17.3,17.5,17.25,17.5,2700,0
2017-07-13,17.3,17.45,17.25,17.45,1612,0
2017-07-14,17.35,17.4,17.25,17.25,3287,0
2017-07-17,17.255,17.415,17.25,17.25,6235,0
2017-07-18,17.4,17.4,17.25,17.25,2908,0
2017-07-19,17.25,17.4,17.25,17.3,4245,0
2017-07-20,17.25,17.5,17.25,17.35,5138,0
2017-07-21,17.25,17.2759,17,17.15,6990,0
2017-07-24,17.05,17.35,16.5,17.25,5451,0
2017-07-25,17.35,17.495,17.15,17.15,5904,0
2017-07-26,17.264,17.264,17.15,17.15,4715,0
2017-07-27,17.2,17.2,17.15,17.2,979,0
2017-07-28,17.25,17.45,17.15,17.45,3090,0
2017-07-31,17.35,17.35,17.15,17.15,7990,0
2017-08-01,17.25,17.35,17.15,17.15,2212,0
2017-08-02,17.15,17.15,17.15,17.15,2876,0
2017-08-03,17.2657,17.2657,17.15,17.15,2110,0
2017-08-04,17.255,17.325,17.15,17.15,2407,0
2017-08-07,17.1,17.3,17.1,17.15,4819,0
2017-08-08,17.25,17.4,17.15,17.4,7583,0
2017-08-09,17.3,17.3,17,17,43376,0
2017-08-11,17.0384,17.05,17,17,6243,0
2017-08-14,17.0294,17.15,16.95,17.1,6324,0
2017-08-15,17,17.15,17,17,3248,0
2017-08-16,17.02,17.02,16.85,16.95,17140,0
2017-08-17,16.85,16.9,16.85,16.85,8605,0
2017-08-18,17.05,17.05,16.9,17.05,62287,0
2017-08-21,17.1,17.1,16.95,17.025,19927,0
2017-08-22,17.2,17.45,17.1,17.35,5687,0
2017-08-23,17.5,17.5,17.2,17.4,2399,0
2017-08-24,17.1,17.25,17.1,17.1,1888,0
2017-08-25,17.15,17.25,17.15,17.15,1008,0
2017-08-28,17.15,17.25,17.15,17.2,2598,0
2017-08-29,17.25,17.25,17.2,17.2,203,0
2017-08-30,17.2,17.35,17.2,17.3,2457,0
2017-08-31,17.35,17.35,17.2,17.2,3273,0
2017-09-01,17.2,17.4,17.2,17.4,2856,0
2017-09-05,17.25,17.3,17.05,17.05,5487,0
2017-09-06,17.3,17.3,17.1,17.1,4207,0
2017-09-07,17.15,17.325,17.1,17.25,15604,0
2017-09-08,17.1,17.35,17.1,17.2,5721,0
2017-09-11,17.2748,17.2748,17.2,17.2,2234,0
2017-09-12,17.2,17.3,17.15,17.15,9519,0
2017-09-13,17.2,17.35,17.2,17.2,4310,0
2017-09-14,17.3,17.4,17.25,17.35,8508,0
2017-09-15,17.25,17.5,17.1,17.5,22973,0
2017-09-18,17.35,17.75,17.35,17.55,5830,0
2017-09-19,17.4,17.75,17.4,17.65,4697,0
2017-09-20,17.5734,17.75,17.4,17.75,17147,0
2017-09-21,17.75,18.2,17.75,18.2,8640,0
2017-09-22,18.45,18.5,18.3399,18.5,5011,0
2017-09-25,18.15,18.5,18.15,18.2,8426,0
2017-09-26,18.3,18.5,18.3,18.5,1650,0
2017-09-27,18.5,18.55,18.25,18.45,16106,0
2017-09-28,18.45,18.5,18.25,18.4,7491,0
2017-09-29,18.25,18.5,18.15,18.15,4724,0
2017-10-02,18.25,18.25,17.85,17.85,3082,0
2017-10-03,17.95,18,17.75,17.75,5345,0
2017-10-05,17.95,18,17.75,17.95,7372,0
2017-10-06,17.9,17.9,17.8,17.9,1066,0
2017-10-09,17.8,17.9,17.75,17.9,4150,0
2017-10-10,17.85,17.85,17.75,17.85,2962,0
2017-10-11,17.85,18,17.85,18,3952,0
2017-10-12,17.7706,17.95,17.7706,17.85,7034,0
2017-10-13,17.85,17.8842,17.85,17.875,2285,0
2017-10-16,17.9,18.05,17.9,17.9,3386,0
2017-10-17,17.9,17.975,17.85,17.975,27777,0
2017-10-18,17.9,17.9,17.85,17.85,17431,0
2017-10-19,17.9,18.125,17.85,17.95,28701,0
2017-10-20,17.9,18,17.85,17.95,16877,0
2017-10-23,17.995,18,17.925,17.95,39741,0
2017-10-24,17.95,17.95,17.9,17.95,14680,0
2017-10-25,17.95,18.3,17.9,18.25,7679,0
2017-10-26,18.25,18.45,18.2,18.45,7114,0
2017-10-27,18.4,18.5,18.4,18.5,8887,0
2017-10-30,18.45,18.45,17.85,17.95,6430,0
2017-10-31,17.95,18.1,17.95,18,2611,0
2017-11-01,18.05,18.05,17.85,17.85,2951,0
2017-11-02,18.05,18.3,17.85,17.95,10060,0
2017-11-03,18.4,18.4,17.955,18,1158,0
2017-11-06,18.06,18.06,17.85,17.85,1516,0
2017-11-07,17.8,17.8,17.1,17.25,14211,0
2017-11-08,17.291,18.005,17.291,17.7,5850,0
2017-11-09,17.95,17.95,17.55,17.7,24334,0
2017-11-10,17.75,17.75,17.55,17.55,485,0
