2016-01-04,20.799,21.218,20.702,20.994,1123601,0
2016-01-05,20.984,21.415,20.868,21.101,1768095,0
2016-01-06,21.083,21.638,21.044,21.385,3994977,0
2016-01-07,21.238,21.238,20.059,20.255,2905578,0
2016-01-08,20.322,20.478,19.616,19.708,1442615,0
2016-01-11,19.816,19.895,19.407,19.475,2003774,0
2016-01-12,19.543,19.738,19.358,19.475,2080912,0
2016-01-13,19.484,19.606,19.172,19.349,1683088,0
2016-01-14,19.388,19.465,19.086,19.31,1827314,0
2016-01-15,19.027,19.354,18.919,19.28,1663737,0
2016-01-19,19.202,19.202,19.202,19.202,1923891,0
2016-01-20,19.047,19.142,17.557,18.471,3959552,0
2016-01-21,18.609,18.802,18.392,18.51,2419395,0
2016-01-22,18.792,19.305,18.752,19.027,3424834,0
2016-01-25,18.978,19.465,18.876,18.939,1435561,0
2016-01-26,19.067,19.426,18.89,19.339,1193710,0
2016-01-27,19.26,19.407,19.124,19.241,1142686,0
2016-01-28,19.349,19.543,18.959,19.067,1137741,0
2016-01-29,19.133,19.26,19.026,19.192,2819461,0
2016-02-01,19.142,19.192,18.822,18.988,2290474,0
2016-02-02,18.871,18.959,18.326,18.392,1686431,0
2016-02-03,18.461,18.5,17.965,18.248,2147892,0
2016-02-04,18.229,18.58,18.159,18.373,3912353,0
2016-02-05,18.277,18.481,17.829,17.916,1824023,0
2016-02-08,17.731,17.839,16.513,16.854,1913163,0
2016-02-09,16.689,16.777,16.013,16.348,3808715,0
2016-02-10,16.406,16.883,16.338,16.58,2610366,0
2016-02-11,16.377,16.543,16.032,16.24,1635606,0
2016-02-12,16.455,16.883,16.445,16.629,2747154,0
2016-02-16,16.844,17.235,16.639,17.215,2984365,0
2016-02-17,17.282,17.785,17.282,17.448,2072177,0
2016-02-18,17.538,17.642,17.409,17.528,2948893,0
2016-02-19,17.548,17.642,17.409,17.448,1636480,0
2016-02-22,17.586,17.848,17.498,17.604,1507422,0
2016-02-23,17.701,17.907,17.107,17.137,1821203,0
2016-02-24,16.99,18.363,16.893,18.316,5834721,0
2016-02-25,18.412,18.647,18.363,18.51,1302190,0
2016-02-26,18.53,18.762,18.316,18.431,1716684,0
2016-02-29,18.51,18.726,17.975,18.169,18199489,0
2016-03-01,18.209,18.929,18.062,18.91,2245649,0
2016-03-02,18.851,19.333,18.761,19.204,1379904,0
2016-03-03,19.244,19.553,19.194,19.45,1907226,0
2016-03-04,19.499,19.834,19.382,19.637,1159477,0
2016-03-07,19.578,19.99,19.45,19.96,1699225,0
2016-03-08,19.784,19.883,19.44,19.548,1304505,0
2016-03-09,20.138,20.138,19.46,19.656,1341985,0
2016-03-10,19.873,19.893,19.372,19.558,987775,0
2016-03-11,19.755,20.089,19.686,20.089,2183326,0
2016-03-14,20.108,20.845,20.02,20.531,3112050,0
2016-03-15,20.394,20.581,20.285,20.334,2336745,0
2016-03-16,20.236,21.228,20.213,21.139,2045745,0
2016-03-17,21.228,21.562,20.87,21.552,5203848,0
2016-03-18,21.522,21.827,21.258,21.307,9193116,0
2016-03-21,21.317,21.376,20.795,20.845,1839591,0
2016-03-22,20.707,20.815,20.541,20.737,1458903,0
2016-03-23,20.737,20.815,20.526,20.571,1047646,0
2016-03-24,20.491,20.687,20.304,20.649,846574,0
2016-03-28,20.707,20.766,20.349,20.491,840125,0
2016-03-29,20.422,20.905,20.344,20.905,1064230,0
2016-03-30,20.972,21.032,20.747,20.766,816495,0
2016-03-31,20.707,20.775,20.591,20.717,1359789,0
2016-04-01,20.561,20.561,20.28,20.374,1282022,0
2016-04-04,20.354,20.546,20.226,20.441,1058838,0
2016-04-05,20.324,20.599,20.158,20.471,1223494,0
2016-04-06,20.521,20.591,20.334,20.511,696204,0
2016-04-07,20.394,20.481,20.265,20.403,895361,0
2016-04-08,20.491,20.669,20.354,20.609,716739,0
2016-04-11,20.669,20.885,20.486,20.541,1140470,0
2016-04-12,20.591,20.747,20.441,20.581,759090,0
2016-04-13,20.707,20.707,20.501,20.531,808162,0
2016-04-14,20.541,20.571,20.314,20.481,652930,0
2016-04-15,20.441,20.581,20.364,20.531,440244,0
2016-04-18,20.441,20.581,20.285,20.501,589871,0
2016-04-19,20.571,20.629,20.422,20.629,601608,0
2016-04-20,20.531,20.531,20.344,20.374,391000,0
2016-04-21,20.334,20.591,20.256,20.334,715903,0
2016-04-22,20.441,20.649,20.372,20.649,599332,0
2016-04-25,20.531,20.609,20.304,20.609,681242,0
2016-04-26,20.649,20.785,20.441,20.599,594391,0
2016-04-27,20.541,20.785,20.501,20.717,609076,0
2016-04-28,20.717,20.717,20.441,20.581,599279,0
2016-04-29,20.451,20.481,20.138,20.413,852551,0
2016-05-02,20.619,21.297,20.481,21.139,1272827,0
2016-05-03,20.915,21.213,20.697,21.159,1916321,0
2016-05-04,21.022,21.7,21.022,21.691,1185342,0
2016-05-05,21.661,21.861,21.453,21.778,1295569,0
2016-05-06,21.866,22.378,21.691,22.368,1189003,0
2016-05-09,22.318,22.564,22.093,22.378,851440,0
2016-05-10,22.524,22.524,22.127,22.181,707888,0
2016-05-11,22.044,22.132,21.636,21.661,743773,0
2016-05-12,21.797,21.797,21.386,21.532,654359,0
2016-05-13,21.512,21.602,21.356,21.453,673854,0
2016-05-16,21.542,21.793,21.472,21.681,720079,0
2016-05-17,21.572,21.621,21.233,21.522,650268,0
2016-05-18,21.436,21.542,20.992,21.336,825765,0
2016-05-19,21.129,21.351,20.815,21.258,1036175,0
2016-05-20,21.297,21.552,21.169,21.406,979981,0
2016-05-23,21.426,21.482,21.258,21.356,650998,0
2016-05-24,21.502,21.709,21.356,21.691,578261,0
2016-05-25,21.719,21.837,21.582,21.778,832467,0
2016-05-26,21.778,22.064,21.661,22.064,805209,0
2016-05-27,22.054,22.093,21.936,22.054,1154827,0
2016-05-31,22.103,22.447,21.856,22.408,1164444,0
2016-06-01,22.338,22.499,22.211,22.398,1456070,0
2016-06-02,22.338,22.544,22.249,22.534,834094,0
2016-06-03,22.632,23.144,22.318,22.456,964388,0
2016-06-06,22.544,22.888,22.171,22.378,1161808,0
2016-06-07,22.485,22.514,22.161,22.259,687813,0
2016-06-08,22.348,22.467,22.181,22.398,930441,0
2016-06-09,22.328,22.457,22.181,22.338,780480,0
2016-06-10,22.201,22.279,21.973,22.013,494895,0
2016-06-13,22.073,22.22,21.983,22.053,824010,0
2016-06-14,21.973,22.013,21.6,21.796,888776,0
2016-06-15,21.905,22.151,21.758,21.963,1023094,0
2016-06-16,21.963,21.963,21.59,21.885,948913,0
2016-06-17,21.826,22.063,21.699,21.925,2276227,0
2016-06-20,22.132,22.328,21.816,21.855,2122309,0
2016-06-21,21.925,22.083,21.826,21.993,883356,0
2016-06-22,22.043,22.22,21.9,22.191,992075,0
2016-06-23,22.408,22.505,22.358,22.476,872113,0
2016-06-24,22.151,22.398,21.806,21.816,2138839,0
2016-06-27,21.57,21.768,20.801,20.831,1636330,0
2016-06-28,21.116,21.55,20.959,21.55,2182819,0
2016-06-29,21.816,22.103,21.659,21.718,1175980,0
2016-06-30,21.728,22.003,21.5,21.973,965255,0
2016-07-01,22.259,22.338,22.013,22.279,1223778,0
2016-07-05,22.201,22.447,22.103,22.398,961428,0
2016-07-06,22.476,22.535,22.083,22.358,535651,0
2016-07-07,22.318,22.476,22.181,22.338,1882641,0
2016-07-08,22.525,22.653,22.378,22.643,553779,0
2016-07-11,22.89,23.007,22.633,22.998,710396,0
2016-07-12,23.057,23.486,23.007,23.402,1194657,0
2016-07-13,23.471,23.559,23.225,23.559,956102,0
2016-07-14,23.599,23.835,23.461,23.668,1092327,0
2016-07-15,23.658,23.658,23.313,23.412,591047,0
2016-07-18,23.432,23.461,23.205,23.284,828295,0
2016-07-19,23.186,23.274,23.087,23.097,979032,0
2016-07-20,23.126,23.264,23.037,23.264,1044128,0
2016-07-21,23.107,23.402,23.018,23.373,461545,0
2016-07-22,23.373,23.51,23.323,23.323,903755,0
2016-07-25,23.422,23.569,23.378,23.539,630759,0
2016-07-26,23.589,23.728,23.481,23.718,762352,0
2016-07-27,23.728,23.728,23.259,23.293,845873,0
2016-07-28,23.254,23.383,23.166,23.195,1954306,0
2016-07-29,23.107,23.432,23.107,23.293,3862477,0
2016-08-01,23.284,23.624,23.284,23.442,1209145,0
2016-08-02,23.313,23.476,23.027,23.077,792953,0
2016-08-03,23.017,23.225,22.831,23.195,633324,0
2016-08-04,23.047,23.279,22.969,23.146,675081,0
2016-08-05,23.52,23.589,22.94,23.007,1166823,0
2016-08-08,23.047,23.215,23.017,23.176,895125,0
2016-08-09,23.186,23.373,23.136,23.303,382343,0
2016-08-10,23.378,23.442,22.9,22.979,3497099,0
2016-08-11,22.95,23.027,22.452,22.555,1129619,0
2016-08-12,22.515,22.85,22.486,22.752,642973,0
2016-08-15,22.762,23.027,22.663,22.91,1648333,0
2016-08-16,22.88,22.88,22.53,22.585,1208819,0
2016-08-17,22.673,22.703,22.181,22.505,960821,0
2016-08-18,22.495,22.811,22.495,22.633,1180542,0
2016-08-19,22.615,22.663,22.467,22.505,923206,0
2016-08-22,22.555,22.628,22.358,22.605,825042,0
2016-08-23,23.047,23.412,22.925,23.097,2423272,0
2016-08-24,23.077,23.176,22.772,22.969,1834983,0
2016-08-25,22.988,23.338,22.89,23.235,991524,0
2016-08-26,23.293,23.293,22.841,22.89,2688836,0
2016-08-29,22.94,23.333,22.821,23.323,2013963,0
2016-08-30,23.412,23.412,23.027,23.195,1209228,0
2016-08-31,23.126,23.413,22.978,23.363,2292033,0
2016-09-01,23.333,23.423,23.077,23.205,682761,0
2016-09-02,23.343,23.788,23.343,23.749,918685,0
2016-09-06,23.739,23.778,23.413,23.6,1344064,0
2016-09-07,23.501,23.916,23.472,23.916,1081626,0
2016-09-08,23.797,23.797,23.649,23.669,871896,0
2016-09-09,23.443,23.443,22.622,22.761,1482088,0
2016-09-12,22.593,23.017,22.543,22.889,1547627,0
2016-09-13,22.692,22.771,22.07,22.1,932918,0
2016-09-14,22.11,22.188,21.98,22.158,703489,0
2016-09-15,22.227,22.331,21.96,22.296,539805,0
2016-09-16,22.247,22.366,22.148,22.237,4993092,0
2016-09-19,22.376,22.622,22.286,22.583,715514,0
2016-09-20,22.771,22.771,22.493,22.553,804120,0
2016-09-21,22.533,22.978,22.178,22.939,818620,0
2016-09-22,23.156,23.501,23.037,23.482,743326,0
2016-09-23,23.323,23.472,23.126,23.472,796923,0
2016-09-26,23.403,23.545,23.047,23.235,877663,0
2016-09-27,23.225,23.323,22.987,23.047,434691,0
2016-09-28,23.037,23.443,23.037,23.433,470341,0
2016-09-29,23.303,23.373,22.949,23.027,495146,0
2016-09-30,23.117,23.264,22.81,22.84,927671,0
2016-10-03,22.702,22.79,22.217,22.217,986261,0
2016-10-04,22.356,22.474,21.842,22.03,959507,0
2016-10-05,22.08,22.119,21.438,21.456,798096,0
2016-10-06,21.429,21.685,21.27,21.556,533201,0
2016-10-07,21.625,21.81,21.319,21.329,999582,0
2016-10-10,21.429,21.606,21.314,21.399,466049,0
2016-10-11,21.319,21.379,20.865,21.013,765808,0
2016-10-12,20.934,21.27,20.934,21.19,636224,0
2016-10-13,21.083,21.329,20.905,21.2,1348576,0
2016-10-14,21.349,21.399,21.171,21.24,643285,0
2016-10-17,21.24,21.466,21.181,21.19,647648,0
2016-10-18,21.456,21.496,21.299,21.319,310162,0
2016-10-19,21.409,21.556,21.27,21.476,442044,0
2016-10-20,21.389,21.546,21.161,21.349,457573,0
2016-10-21,21.289,21.556,21.161,21.526,646176,0
2016-10-24,21.645,21.882,21.389,21.556,575175,0
2016-10-25,21.606,21.606,21.19,21.25,314604,0
2016-10-26,21.083,21.151,20.775,21.073,769859,0
2016-10-27,21.121,21.2,20.825,20.825,1213698,0
2016-10-28,20.895,21.171,20.795,20.943,986634,0
2016-10-31,21.083,21.379,20.973,21.319,696422,0
2016-11-01,21.309,21.576,20.766,20.963,1087145,0
2016-11-02,20.895,21.063,20.509,20.549,1025760,0
2016-11-03,20.579,20.805,20.489,20.529,1762196,0
2016-11-04,19.778,19.838,18.327,18.761,7879777,0
2016-11-07,19.048,19.087,18.485,18.742,3798825,0
2016-11-08,18.751,18.761,18.495,18.604,4416632,0
2016-11-09,18.239,18.45,17.961,18.011,1555795,0
2016-11-10,17.991,18.08,17.568,17.794,3611556,0
2016-11-11,17.735,18.268,17.685,18.071,2247108,0
2016-11-14,17.932,18.515,17.893,18.475,3442938,0
2016-11-15,18.406,18.712,18.105,18.604,2601742,0
2016-11-16,17.971,18.623,17.615,18.337,1126587,0
2016-11-17,18.376,18.475,18.061,18.248,1347096,0
2016-11-18,18.229,18.376,18.09,18.219,1485446,0
2016-11-21,18.258,18.425,18.1,18.129,1002260,0
2016-11-22,18.239,18.327,18.09,18.308,1111268,0
2016-11-23,18.239,18.317,18.051,18.129,979728,0
2016-11-25,18.071,18.347,18.071,18.317,403196,0
2016-11-28,18.268,18.475,18.199,18.308,1187118,0
2016-11-29,18.376,18.584,18.268,18.505,1237273,0
2016-11-30,18.445,18.475,18.129,18.258,1565869,0
2016-12-01,18.248,18.308,18.001,18.129,1230684,0
2016-12-02,18.09,18.347,18.031,18.071,2848675,0
2016-12-05,18.248,18.594,18.041,18.515,2034830,0
2016-12-06,19.355,20.382,19.355,20.332,15036987,0
2016-12-07,20.372,21.822,20.272,20.925,8110801,0
2016-12-08,20.973,21.627,20.815,21.28,2952653,0
2016-12-09,21.221,21.39,20.795,20.865,1778003,0
2016-12-12,20.775,20.905,20.598,20.795,1503728,0
2016-12-13,20.943,21.063,20.483,20.617,1814642,0
2016-12-14,20.568,20.598,20.053,20.102,2558829,0
2016-12-15,20.053,20.33,19.785,20.003,2826304,0
2016-12-16,20.043,20.405,20.043,20.38,2203924,0
2016-12-19,20.37,20.568,20.211,20.34,1610093,0
2016-12-20,20.4,20.448,20.241,20.36,1978320,0
2016-12-21,20.29,20.627,19.963,20.013,1792559,0
2016-12-22,19.953,20.023,19.736,19.875,1566748,0
2016-12-23,19.963,19.993,19.756,19.943,741840,0
2016-12-27,20.003,20.181,19.943,20.063,496154,0
2016-12-28,20.171,20.191,19.746,19.963,732671,0
2016-12-29,19.904,20.395,19.85,20.142,790624,0
2016-12-30,20.053,20.676,20.013,20.637,929239,0
2017-01-03,20.578,20.726,20.3,20.458,1289031,0
2017-01-04,20.637,20.973,20.498,20.686,3925975,0
2017-01-05,20.508,20.676,20.35,20.538,1517287,0
2017-01-06,20.627,20.637,20.3,20.41,1450572,0
2017-01-09,20.39,20.473,20.053,20.221,1779464,0
2017-01-10,20.142,20.33,20.132,20.221,1243978,0
2017-01-11,20.122,20.543,20.122,20.29,3126695,0
2017-01-12,20.28,21.112,20.122,20.983,4020880,0
2017-01-13,20.885,21.4,20.885,21.39,3186626,0
2017-01-17,21.39,21.835,21.093,21.687,4096009,0
2017-01-18,21.657,21.845,21.41,21.548,2634006,0
2017-01-19,21.34,21.596,21.162,21.35,1647982,0
2017-01-20,21.35,21.954,21.34,21.905,2869100,0
2017-01-23,21.905,22.271,21.885,22.152,3232737,0
2017-01-24,22.261,22.28,21.865,22.023,1554832,0
2017-01-25,22.142,22.162,21.875,21.983,1196995,0
2017-01-26,22.093,22.122,21.607,21.825,1136073,0
2017-01-27,21.825,21.855,21.3,21.458,2362823,0
2017-01-30,21.895,22.212,21.775,22.063,5391696,0
2017-01-31,21.925,22.488,21.925,22.42,5090573,0
2017-02-01,22.35,22.568,22.132,22.32,3771124,0
2017-02-02,22.32,22.785,22.192,22.33,4845680,0
2017-02-03,22.578,22.746,22.177,22.33,1714446,0
2017-02-06,22.41,22.558,22.142,22.182,697131,0
2017-02-07,22.202,22.241,21.973,22.063,656393,0
2017-02-08,22.192,22.39,21.875,22.36,535134,0
2017-02-09,22.41,22.707,22.28,22.707,1577679,0
2017-02-10,22.637,22.915,22.617,22.815,1165942,0
2017-02-13,22.855,22.905,22.528,22.568,1310788,0
2017-02-14,22.647,22.756,22.36,22.756,945310,0
2017-02-15,22.568,22.885,22.43,22.647,1779333,0
2017-02-16,22.746,22.865,22.459,22.627,828202,0
2017-02-17,22.528,22.538,22.038,22.172,2229094,0
2017-02-21,22.231,22.548,22.182,22.498,826402,0
2017-02-22,22.588,22.608,22.132,22.241,1273539,0
2017-02-23,22.42,22.42,22.028,22.083,1782183,0
2017-02-24,22.132,22.35,21.88,22.35,1852873,0
2017-02-27,22.28,22.785,22.28,22.657,4142211,0
2017-02-28,22.538,22.687,22.221,22.627,3288869,0
2017-03-01,22.498,23.043,22.498,22.993,2253293,0
2017-03-02,22.805,23.192,22.756,22.964,1501869,0
2017-03-03,23.033,23.122,22.677,23.043,1423713,0
2017-03-06,23.023,23.103,22.776,23.023,1268156,0
2017-03-07,22.885,22.969,22.776,22.785,912895,0
2017-03-08,22.717,22.865,22.28,22.29,765946,0
2017-03-09,22.28,22.608,22.261,22.29,2355397,0
2017-03-10,22.528,22.697,21.935,22.073,1563742,0
2017-03-13,22.083,22.224,21.726,21.785,906909,0
2017-03-14,21.706,21.825,21.558,21.736,432989,0
2017-03-15,21.875,22.221,21.746,22.063,997765,0
2017-03-16,22.112,22.142,21.736,21.775,3570054,0
2017-03-17,21.865,21.925,21.677,21.785,1555518,0
2017-03-20,21.746,21.865,21.588,21.588,679426,0
2017-03-21,21.697,21.835,21.478,21.637,1540353,0
2017-03-22,21.815,21.825,21.28,21.35,810616,0
2017-03-23,21.28,21.593,21.28,21.478,1025880,0
2017-03-24,21.598,21.785,21.498,21.617,679681,0
2017-03-27,21.528,21.736,21.3,21.439,743297,0
2017-03-28,21.4,21.528,21.251,21.508,669356,0
2017-03-29,21.488,21.687,21.37,21.687,457359,0
2017-03-30,21.637,21.672,21.518,21.617,462212,0
2017-03-31,21.687,21.701,21.473,21.568,1211292,0
2017-04-03,21.538,21.637,21.42,21.598,1019292,0
2017-04-04,21.439,21.677,21.376,21.627,909516,0
2017-04-05,21.657,21.875,21.553,21.667,1582579,0
2017-04-06,21.607,22.132,21.548,22.093,1232480,0
2017-04-07,22.142,22.212,22.008,22.043,583475,0
2017-04-10,22.122,22.32,22.093,22.261,533029,0
2017-04-11,22.271,22.498,22.142,22.42,475139,0
2017-04-12,22.488,22.558,22.182,22.32,1129883,0
2017-04-13,22.4,22.518,22.083,22.221,957050,0
2017-04-17,22.231,22.44,22.231,22.43,875630,0
2017-04-18,22.182,22.333,22.053,22.192,1033750,0
2017-04-19,22.103,22.41,22.073,22.41,1180952,0
2017-04-20,22.478,22.518,22.325,22.478,858907,0
2017-04-21,22.41,22.558,22.29,22.548,1081237,0
2017-04-24,22.687,22.687,22.033,22.498,1322574,0
2017-04-25,22.449,22.835,22.37,22.727,1399764,0
2017-04-26,22.835,22.865,22.523,22.558,1190141,0
2017-04-27,22.518,22.687,22.493,22.588,705912,0
2017-04-28,22.578,22.578,22.157,22.38,1248018,0
2017-05-01,22.37,22.697,22.28,22.647,546348,0
2017-05-02,22.608,22.707,22.36,22.528,953525,0
2017-05-03,22.647,22.647,22.142,22.212,933784,0
2017-05-04,22.202,22.261,21.865,22.122,1454506,0
2017-05-05,23.865,23.865,21.775,22.112,3326822,0
2017-05-08,22.172,22.221,21.855,21.963,651378,0
2017-05-09,21.925,22.132,21.667,22.132,1015381,0
2017-05-10,22.023,22.315,22.023,22.132,827892,0
2017-05-11,22.023,22.093,21.795,22.043,747129,0
2017-05-12,21.983,22.063,21.825,21.845,1210170,0
2017-05-15,21.835,21.954,21.647,21.766,979389,0
2017-05-16,21.716,21.81,21.439,21.736,3291177,0
2017-05-17,21.637,21.915,21.488,21.825,1342174,0
2017-05-18,21.756,22.033,21.677,21.944,871985,0
2017-05-19,22.003,22.251,21.865,22.152,813966,0
2017-05-22,22.043,22.34,22.023,22.32,1154953,0
2017-05-23,22.31,22.449,22.212,22.42,963175,0
2017-05-24,22.44,22.984,22.39,22.935,2482443,0
2017-05-25,22.925,23.232,22.83,23.063,2002253,0
2017-05-26,23.132,23.172,22.825,22.905,911419,0
2017-05-30,22.974,22.974,22.672,22.697,786906,0
2017-05-31,22.667,22.805,22.469,22.548,4699867,0
2017-06-01,22.478,22.935,22.478,22.855,1278123,0
2017-06-02,22.993,23.518,22.915,23.508,2315725,0
2017-06-05,23.34,23.538,23.167,23.281,4240317,0
2017-06-06,23.35,23.42,23.093,23.113,3452723,0
2017-06-07,23.113,23.878,22.973,23.769,2610073,0
2017-06-08,23.808,24.067,23.436,23.987,3046254,0
2017-06-09,24.425,24.484,23.888,24.216,4339084,0
2017-06-12,24.345,24.584,23.958,24.047,2339011,0
2017-06-13,23.918,24.305,23.858,24.206,982075,0
2017-06-14,24.136,24.325,23.948,24.047,1056800,0
2017-06-15,23.987,24.325,23.943,24.315,1537791,0
2017-06-16,24.375,24.445,24.156,24.445,2375640,0
2017-06-19,24.365,24.435,24.286,24.395,726194,0
2017-06-20,24.455,24.455,24.186,24.246,750132,0
2017-06-21,24.305,24.335,23.958,24.136,978707,0
2017-06-22,24.057,24.156,23.962,24.136,1653527,0
2017-06-23,24.127,24.286,24.007,24.127,2282148,0
2017-06-26,24.196,24.425,24.196,24.286,805689,0
2017-06-27,24.226,24.465,24.166,24.196,755316,0
2017-06-28,24.166,24.554,24.166,24.216,1345876,0
2017-06-29,24.156,24.256,23.838,24.007,1038647,0
2017-06-30,24.156,24.156,23.878,24.027,883874,0
2017-07-03,24.146,24.41,24.027,24.375,525716,0
2017-07-05,24.425,24.554,23.888,23.967,1246631,0
2017-07-06,23.868,23.908,23.282,23.311,801902,0
2017-07-07,23.421,23.689,23.242,23.51,828274,0
2017-07-10,23.6,23.848,23.321,23.321,826455,0
2017-07-11,23.351,23.57,23.242,23.431,1189619,0
2017-07-12,23.55,23.739,23.46,23.55,1187693,0
2017-07-13,23.61,23.908,23.54,23.898,602158,0
2017-07-14,24.127,24.33,24.077,24.276,973457,0
2017-07-17,24.335,24.484,24.127,24.484,451579,0
2017-07-18,24.604,24.643,24.405,24.445,544615,0
2017-07-19,24.564,24.882,24.41,24.862,767247,0
2017-07-20,24.902,25.001,24.683,24.793,490963,0
2017-07-21,24.832,24.832,24.519,24.693,448989,0
2017-07-24,24.743,24.952,24.594,24.783,886233,0
2017-07-25,24.872,24.882,24.619,24.624,734781,0
2017-07-26,24.703,24.907,24.514,24.733,1512694,0
2017-07-27,24.743,24.743,24.32,24.524,1069511,0
2017-07-28,24.574,24.902,24.474,24.624,812909,0
2017-07-31,24.743,24.743,24.087,24.236,2515052,0
2017-08-01,24.315,24.624,24.176,24.405,1595617,0
2017-08-02,24.395,24.46,23.967,24.097,946544,0
2017-08-03,24.166,24.246,24.002,24.107,940154,0
2017-08-04,24.355,24.445,23.868,24.027,1067361,0
2017-08-07,24.037,24.256,23.967,24.136,511444,0
2017-08-08,23.928,24.067,23.729,23.808,737739,0
2017-08-09,23.958,23.982,23.56,23.6,963262,0
2017-08-10,23.61,23.679,23.291,23.291,879887,0
2017-08-11,22.854,23.441,22.566,23.411,1158752,0
2017-08-14,23.54,23.958,23.47,23.898,706272,0
2017-08-15,23.828,23.938,23.649,23.798,774758,0
2017-08-16,23.888,24.246,23.848,23.967,1890509,0
2017-08-17,23.977,24.236,23.868,23.888,955499,0
2017-08-18,23.729,23.888,23.55,23.689,789743,0
2017-08-21,23.669,23.948,23.55,23.878,579637,0
2017-08-22,23.818,24.136,23.808,23.888,1128719,0
2017-08-23,23.938,24.191,23.838,23.987,1105438,0
2017-08-24,24.117,24.117,23.769,23.848,1325283,0
2017-08-25,23.888,24.097,23.749,23.759,1053332,0
2017-08-28,23.858,23.928,23.5,23.6,497164,0
2017-08-29,23.659,23.749,23.47,23.54,504800,0
2017-08-30,23.53,23.629,23.371,23.54,1150818,0
2017-08-31,23.71,24.1099,23.68,23.96,1970241,0
2017-09-01,23.93,24.12,23.93,23.99,600662,0
2017-09-05,24.04,24.29,24,24.23,1599518,0
2017-09-06,24.23,24.49,24.18,24.4,1075070,0
2017-09-07,24.55,24.96,24.46,24.89,1623893,0
2017-09-08,24.78,25.83,24.74,25.66,4066462,0
2017-09-11,26.25,26.3,25.81,26.2,3264114,0
2017-09-12,25.98,26.16,25.61,25.79,2463782,0
2017-09-13,25.71,25.8,25.4,25.46,2729230,0
2017-09-14,25.55,25.62,25.38,25.4,1774517,0
2017-09-15,25.49,25.52,25.18,25.23,5992848,0
2017-09-18,25.39,25.57,25.22,25.28,1322750,0
2017-09-19,25.26,25.3068,25.15,25.2,2716627,0
2017-09-20,25.15,25.28,25.03,25.2,1560304,0
2017-09-21,25.25,25.25,24.88,24.88,1206191,0
2017-09-22,24.9,25.08,24.76,24.99,1554302,0
2017-09-25,25,25.18,24.93,25.03,1183293,0
2017-09-26,25.01,25.14,24.96,25.05,660994,0
2017-09-27,25.07,25.19,24.99,25.12,746899,0
2017-09-28,25.15,25.42,25.1275,25.38,681103,0
2017-09-29,25.29,25.55,25.29,25.51,1317687,0
2017-10-02,25.6,25.86,25.38,25.62,3051029,0
2017-10-03,25.65,25.76,24.5,25.4,1446646,0
2017-10-04,25.4,25.49,25.29,25.4,2426354,0
2017-10-05,25.45,25.83,25.39,25.7,2668881,0
2017-10-06,25.54,25.76,25.33,25.36,582343,0
2017-10-09,25.5,25.54,25.19,25.48,856524,0
2017-10-10,25.58,25.72,25.37,25.52,958392,0
2017-10-11,25.52,25.76,25.49,25.58,912482,0
2017-10-12,25.37,25.67,25.31,25.61,1586539,0
2017-10-13,25.8,25.8,25.37,25.42,694195,0
2017-10-16,25.45,25.57,25.16,25.22,1098508,0
2017-10-17,25.21,25.26,24.94,25.07,1038254,0
2017-10-18,25.04,25.15,25,25.02,688287,0
2017-10-19,25.08,25.08,24.95,25.03,810087,0
2017-10-20,25.05,25.14,24.8,24.98,737456,0
2017-10-23,25.05,25.05,24.71,24.74,1058774,0
2017-10-24,24.77,24.85,24.49,24.83,1260862,0
2017-10-25,24.72,24.91,24.62,24.72,497558,0
2017-10-26,24.85,24.85,24.54,24.66,780269,0
2017-10-27,24.73,25.02,24.51,24.85,922596,0
2017-10-30,24.84,24.87,24.465,24.51,979225,0
2017-10-31,24.6,24.84,24.5,24.63,1216865,0
2017-11-01,24.63,25.04,24.63,24.96,1278755,0
2017-11-02,24.89,25.17,24.78,24.9,824329,0
2017-11-03,25.5,25.5,24.65,24.9,600089,0
2017-11-06,25.01,25.11,24.9,25.01,894390,0
2017-11-07,25.05,25.27,24.955,24.99,1099024,0
2017-11-08,25.09,25.21,24.9899,25.06,927131,0
2017-11-09,24.94,25.03,24.735,24.75,1103389,0
2017-11-10,24.7,24.99,24.67,24.92,992900,0
