2016-01-04,18.789,19.724,18.38,19.352,208388,0
2016-01-05,19.485,19.624,19.062,19.26,133486,0
2016-01-06,19.079,19.079,18.14,18.317,119296,0
2016-01-07,18.003,18.542,17.648,17.788,213939,0
2016-01-08,17.889,18.574,17.764,18.311,125073,0
2016-01-11,18.208,18.532,17.449,17.64,125542,0
2016-01-12,17.829,18.409,16.53,16.846,349465,0
2016-01-13,17.127,17.472,15.497,15.786,313689,0
2016-01-14,15.836,16.934,15.821,16.861,139072,0
2016-01-15,16.216,16.423,15.769,16.076,179697,0
2016-01-19,16.117,16.523,14.992,15.115,221790,0
2016-01-20,14.702,14.702,12.964,14.024,300613,0
2016-01-21,14.157,15.496,14.157,15.406,451054,0
2016-01-22,15.868,16.396,15.747,16.217,169562,0
2016-01-25,15.902,16.507,15.612,15.747,136453,0
2016-01-26,15.978,16.609,15.541,16.208,116729,0
2016-01-27,16.303,16.55,15.822,16.311,167776,0
2016-01-28,16.737,17.379,16.712,17.379,200993,0
2016-01-29,17.557,17.934,17.422,17.805,188860,0
2016-02-01,17.548,17.548,16.926,17.379,116121,0
2016-02-02,16.934,17.114,16.755,16.814,127378,0
2016-02-03,16.96,17.403,16.694,17.172,127915,0
2016-02-04,17.429,17.9,17.275,17.686,103043,0
2016-02-05,17.523,17.677,17.096,17.293,133120,0
2016-02-08,16.934,16.934,15.653,16.054,230417,0
2016-02-09,15.611,16.269,15.406,15.79,204726,0
2016-02-10,15.781,16.327,15.602,15.839,138973,0
2016-02-11,15.584,15.959,14.841,15.183,161901,0
2016-02-12,15.294,15.918,15.294,15.688,152124,0
2016-02-16,15.849,16.67,15.849,16.559,101968,0
2016-02-17,16.967,17.522,16.891,17.48,106326,0
2016-02-18,17.788,17.788,17.278,17.532,46141,0
2016-02-19,17.413,17.429,16.994,17.242,61934,0
2016-02-22,17.634,18.334,17.634,18.148,82490,0
2016-02-23,17.771,17.977,17.275,17.309,113089,0
2016-02-24,16.986,18.591,16.865,18.53,215923,0
2016-02-25,18.352,18.573,18.148,18.199,109673,0
2016-02-26,18.479,19.308,18.462,19.308,286110,0
2016-02-29,19.46,19.659,19.206,19.623,112982,0
2016-03-01,19.879,19.879,19.146,19.351,182422,0
2016-03-02,19.196,20.323,19.068,20.323,88998,0
2016-03-03,20.137,20.537,19.965,20.494,132445,0
2016-03-04,20.897,20.897,19.949,20.119,74005,0
2016-03-07,19.906,20.067,19.761,19.984,74567,0
2016-03-08,19.974,19.974,19.404,19.513,77258,0
2016-03-09,19.778,19.999,19.632,19.65,54974,0
2016-03-10,19.941,19.941,19.465,19.64,28100,0
2016-03-11,19.795,20.134,19.795,19.956,46629,0
2016-03-14,19.812,19.99,19.693,19.941,40697,0
2016-03-15,19.617,19.7,19.222,19.522,51972,0
2016-03-16,19.555,20.272,19.555,20.272,55959,0
2016-03-17,20.487,20.623,20.195,20.444,88209,0
2016-03-18,20.53,20.554,19.693,19.906,107584,0
2016-03-21,19.709,19.984,19.522,19.821,55045,0
2016-03-22,19.555,20.094,19.555,20.025,36329,0
2016-03-23,19.675,19.76,19.446,19.666,103565,0
2016-03-24,19.394,19.693,19.146,19.623,45026,0
2016-03-28,19.7,19.7,19.12,19.129,27886,0
2016-03-29,18.932,19.374,18.702,19.361,50741,0
2016-03-30,19.564,19.863,19.488,19.632,59309,0
2016-03-31,19.7,19.914,19.547,19.914,28389,0
2016-04-01,19.675,19.675,19.404,19.64,65819,0
2016-04-04,19.496,19.617,19.018,19.12,64291,0
2016-04-05,19.002,19.146,18.864,18.916,47326,0
2016-04-06,19.189,19.371,19.137,19.291,63033,0
2016-04-07,19.206,19.239,19.009,19.111,37893,0
2016-04-08,19.325,19.598,19.275,19.427,68720,0
2016-04-11,19.513,19.684,19.308,19.479,50000,0
2016-04-12,19.538,19.898,19.513,19.821,51796,0
2016-04-13,19.735,19.812,19.555,19.803,69521,0
2016-04-14,19.778,19.778,19.522,19.64,66618,0
2016-04-15,19.47,19.583,19.287,19.394,51073,0
2016-04-18,18.882,20.58,18.873,20.28,230989,0
2016-04-19,20.461,21.111,20.357,21.111,142860,0
2016-04-20,20.93,21.306,20.682,21.162,179273,0
2016-04-21,21.211,21.417,21.007,21.135,146465,0
2016-04-22,21.206,21.687,20.934,21.337,176994,0
2016-04-25,21.293,21.407,20.576,20.594,100473,0
2016-04-26,20.855,20.96,20.62,20.934,53754,0
2016-04-27,21.179,21.546,20.96,21.066,107810,0
2016-04-28,20.934,21.223,20.733,20.953,93834,0
2016-04-29,21.389,21.555,21.092,21.546,98165,0
2016-05-02,21.712,21.712,21.091,21.206,78468,0
2016-05-03,20.899,20.899,20.375,20.445,109355,0
2016-05-04,20.506,20.648,20.139,20.287,45018,0
2016-05-05,20.584,20.846,20.365,20.48,61837,0
2016-05-06,20.306,20.716,20.306,20.628,74773,0
2016-05-09,20.698,20.698,19.911,20.189,40503,0
2016-05-10,20.209,20.436,20.121,20.189,62323,0
2016-05-11,20.146,20.453,19.806,20.453,64406,0
2016-05-12,20.54,20.751,20.297,20.724,84691,0
2016-05-13,20.795,20.924,20.524,20.924,58833,0
2016-05-16,21.31,21.31,20.943,20.987,78359,0
2016-05-17,20.934,21.415,20.934,21.144,114995,0
2016-05-18,21.241,21.301,20.777,20.899,59294,0
2016-05-19,20.934,21.1,20.654,21.032,115475,0
2016-05-20,21.231,21.231,20.924,21.135,71747,0
2016-05-23,21.11,21.11,20.777,20.899,77725,0
2016-05-24,20.918,20.996,20.689,20.724,45041,0
2016-05-25,21.032,21.126,20.758,20.855,88518,0
2016-05-26,20.865,21.076,20.811,20.821,59241,0
2016-05-27,20.689,20.987,20.689,20.934,68037,0
2016-05-31,20.874,21.301,20.874,21.179,72986,0
2016-06-01,21.213,21.407,21.032,21.353,38835,0
2016-06-02,21.231,21.572,21.091,21.572,27699,0
2016-06-03,21.31,21.835,21.31,21.696,85802,0
2016-06-06,21.817,22.263,21.609,22.176,104521,0
2016-06-07,22.394,22.525,22.185,22.509,35436,0
2016-06-08,22.736,22.884,22.272,22.491,50705,0
2016-06-09,22.43,22.701,22.211,22.683,39854,0
2016-06-10,22.569,22.569,21.345,21.512,130062,0
2016-06-13,21.213,21.565,20.943,21.267,55220,0
2016-06-14,21.1,21.144,20.811,21.047,95596,0
2016-06-15,20.846,21.223,20.846,21.223,79412,0
2016-06-16,20.987,21.197,20.716,21.135,42106,0
2016-06-17,21.328,21.45,21.206,21.353,45243,0
2016-06-20,21.565,21.703,21.433,21.521,43544,0
2016-06-21,21.441,21.817,21.441,21.766,39187,0
2016-06-22,21.958,21.958,21.652,21.773,46055,0
2016-06-23,22.272,22.272,21.853,22.176,33253,0
2016-06-24,21.275,21.936,21.275,21.766,53428,0
2016-06-27,21.425,21.477,20.767,20.795,69450,0
2016-06-28,21.163,21.731,21.126,21.668,48847,0
2016-06-29,22.036,22.194,21.967,22.088,39858,0
2016-06-30,22.238,22.333,21.94,22.281,34826,0
2016-07-01,22.194,22.369,22.194,22.289,23696,0
2016-07-05,21.861,21.967,21.415,21.739,45412,0
2016-07-06,21.477,21.844,21.477,21.817,33573,0
2016-07-07,22.088,22.185,21.8,21.888,61883,0
2016-07-08,22.027,22.167,21.773,22.071,53512,0
2016-07-11,22.413,22.413,21.853,21.967,37503,0
2016-07-12,22.437,22.447,22.112,22.325,47765,0
2016-07-13,22.359,22.394,21.756,22.063,59957,0
2016-07-14,22.15,22.185,21.94,22.123,34448,0
2016-07-15,22.394,22.394,21.861,22.098,59905,0
2016-07-18,22.098,22.185,21.958,22.123,34812,0
2016-07-19,22.255,22.255,22.019,22.158,62301,0
2016-07-20,22.201,22.413,22.08,22.413,51185,0
2016-07-21,22.447,22.604,22.229,22.491,81699,0
2016-07-22,22.42,22.778,22.347,22.75,70916,0
2016-07-25,22.858,22.858,22.501,22.679,42860,0
2016-07-26,22.651,22.938,22.594,22.858,43395,0
2016-07-27,22.983,23.09,22.717,22.912,55618,0
2016-07-28,22.92,22.965,22.759,22.965,50096,0
2016-07-29,22.92,23.099,22.884,23.09,105591,0
2016-08-01,23.09,23.09,22.555,22.606,64540,0
2016-08-02,22.795,22.795,22.401,22.491,106122,0
2016-08-03,22.562,22.598,22.383,22.501,48300,0
2016-08-04,22.491,22.626,22.375,22.436,59561,0
2016-08-05,22.491,22.545,22.347,22.401,25222,0
2016-08-08,22.473,22.803,22.473,22.696,75890,0
2016-08-09,22.938,23.162,22.456,22.509,35959,0
2016-08-10,22.481,22.661,22.366,22.428,54136,0
2016-08-11,22.42,22.661,22.375,22.473,61776,0
2016-08-12,22.481,22.862,22.481,22.77,36019,0
2016-08-15,22.733,23.099,22.733,23.046,38427,0
2016-08-16,23.126,23.27,23.009,23.242,43970,0
2016-08-17,23.277,23.334,23.099,23.333,40579,0
2016-08-18,23.412,23.689,23.374,23.574,51606,0
2016-08-19,23.654,23.654,23.287,23.395,24968,0
2016-08-22,23.367,23.367,22.993,23.063,58456,0
2016-08-23,23.367,23.404,23.117,23.225,60986,0
2016-08-24,23.233,23.35,23,23,39654,0
2016-08-25,23.028,23.108,22.723,22.795,43451,0
2016-08-26,23.001,23.001,22.509,22.598,54058,0
2016-08-29,22.509,22.679,22.509,22.643,38813,0
2016-08-30,22.786,22.786,22.481,22.536,33495,0
2016-08-31,22.616,22.616,22.366,22.465,66554,0
2016-09-01,22.589,22.589,22.366,22.465,45453,0
2016-09-02,22.715,22.938,22.545,22.938,48839,0
2016-09-06,22.768,23.315,22.768,23.225,68659,0
2016-09-07,23.26,23.52,23.26,23.484,43408,0
2016-09-08,23.52,23.797,23.52,23.788,46040,0
2016-09-09,23.475,23.475,23.099,23.135,40066,0
2016-09-12,22.848,23.395,22.848,23.207,43859,0
2016-09-13,23.189,23.189,22.545,22.598,52835,0
2016-09-14,22.481,22.867,22.465,22.626,32722,0
2016-09-15,22.848,22.866,22.661,22.723,23455,0
2016-09-16,22.679,22.803,22.547,22.688,31549,0
2016-09-19,23.35,23.529,22.768,23.009,41206,0
2016-09-20,23.448,23.456,22.938,22.973,33236,0
2016-09-21,23.215,23.582,23.018,23.574,44061,0
2016-09-22,23.842,23.967,23.485,23.922,31667,0
2016-09-23,24.066,24.066,23.743,23.77,36971,0
2016-09-26,23.833,23.851,23.484,23.529,56353,0
2016-09-27,23.332,23.52,23.296,23.448,37517,0
2016-09-28,23.546,23.868,23.242,23.86,25507,0
2016-09-29,24.039,24.048,23.797,24.026,43884,0
2016-09-30,24.066,24.298,23.842,24.235,66354,0
2016-10-03,24.378,24.378,23.949,24.066,36551,0
2016-10-04,23.949,24.037,23.189,23.242,48459,0
2016-10-05,23.689,23.689,23.287,23.287,42942,0
2016-10-06,23.466,23.536,23.215,23.448,45179,0
2016-10-07,23.475,23.492,23.302,23.34,47497,0
2016-10-10,23.456,23.619,23.43,23.52,37205,0
2016-10-11,23.582,23.582,23.135,23.277,40048,0
2016-10-12,23.26,23.662,23.073,23.385,38226,0
2016-10-13,23.197,23.519,22.956,23.26,42453,0
2016-10-14,23.305,23.332,23.028,23.251,41207,0
2016-10-17,23.251,23.297,22.912,23.009,61702,0
2016-10-18,23.082,23.211,22.956,23.117,71960,0
2016-10-19,23.207,23.564,23.189,23.564,57672,0
2016-10-20,23.36,23.582,23.305,23.582,53311,0
2016-10-21,23.582,23.692,23.491,23.628,33847,0
2016-10-24,23.646,24.058,23.578,23.894,49223,0
2016-10-25,23.802,24.058,23.574,23.664,63535,0
2016-10-26,23.701,23.783,23.5,23.683,80610,0
2016-10-27,23.646,23.766,23.253,23.29,82526,0
2016-10-28,23.134,23.265,23.051,23.152,48762,0
2016-10-31,23.39,23.436,22.896,23.084,83183,0
2016-11-01,23.043,23.134,22.583,22.677,71147,0
2016-11-02,22.347,22.482,22.109,22.128,60377,0
2016-11-03,22.082,22.109,21.762,21.789,39135,0
2016-11-04,21.634,21.872,21.496,21.496,54227,0
2016-11-07,21.607,21.743,21.359,21.433,68400,0
2016-11-08,21.35,21.487,21.222,21.387,96423,0
2016-11-09,21.176,22.246,21.176,22.164,134379,0
2016-11-10,22.412,23.29,22.356,22.997,130534,0
2016-11-11,22.714,23.244,22.494,22.64,71364,0
2016-11-14,22.842,23.318,22.538,23.043,81923,0
2016-11-15,23.051,24.076,23.051,23.564,111636,0
2016-11-16,23.701,23.911,23.446,23.582,65074,0
2016-11-17,23.6,23.884,22.85,23.152,106971,0
2016-11-18,23.363,23.363,23.116,23.198,34892,0
2016-11-21,23.903,23.976,23.372,23.564,107297,0
2016-11-22,23.72,24.003,22.932,23.446,177634,0
2016-11-23,23.463,23.664,23.298,23.555,61058,0
2016-11-25,23.692,23.783,23.335,23.646,43214,0
2016-11-28,23.628,23.646,23.363,23.545,77428,0
2016-11-29,23.326,23.646,23.116,23.436,64844,0
2016-11-30,24.012,24.369,23.994,24.058,83212,0
2016-12-01,24.415,24.415,23.491,23.518,61145,0
2016-12-02,23.381,23.582,23.253,23.28,48636,0
2016-12-05,23.509,23.509,23.162,23.29,55587,0
2016-12-06,23.344,23.4,23.07,23.358,58766,0
2016-12-07,23.262,23.656,23.262,23.564,48127,0
2016-12-08,23.6,23.61,23.39,23.518,60814,0
2016-12-09,23.692,23.692,23.39,23.574,62749,0
2016-12-12,23.747,23.875,23.446,23.518,70573,0
2016-12-13,23.692,23.802,23.463,23.792,83627,0
2016-12-14,23.683,23.783,23.545,23.619,42586,0
2016-12-15,23.436,23.701,23.409,23.581,59144,0
2016-12-16,23.426,23.591,23.39,23.417,80932,0
2016-12-19,23.455,23.574,23.372,23.491,80732,0
2016-12-20,23.537,23.637,23.426,23.446,41852,0
2016-12-21,23.455,23.72,23.446,23.656,70321,0
2016-12-22,23.774,23.966,23.628,23.884,84883,0
2016-12-23,23.792,24.012,23.792,23.976,53117,0
2016-12-27,24.131,24.131,23.812,24.012,74106,0
2016-12-28,23.994,24.277,23.848,24.186,95367,0
2016-12-29,24.287,24.296,23.875,24.159,73448,0
2016-12-30,24.241,24.313,24.168,24.277,64214,0
2017-01-03,24.552,24.652,24.379,24.552,34300,0
2017-01-04,24.725,24.899,24.616,24.899,50101,0
2017-01-05,24.671,24.882,24.598,24.708,134438,0
2017-01-06,24.836,25.027,24.817,25,37114,0
2017-01-09,25,25,24.058,24.14,105957,0
2017-01-10,24.131,24.342,24.058,24.241,56577,0
2017-01-11,24.369,24.845,24.241,24.79,47085,0
2017-01-12,24.918,25.091,24.607,25.091,67396,0
2017-01-13,24.937,25.275,24.937,25.156,63652,0
2017-01-17,25.613,25.613,25.193,25.439,99760,0
2017-01-18,25.613,25.613,25.183,25.403,51986,0
2017-01-19,25.347,25.347,25.037,25.046,111061,0
2017-01-20,25.046,25.457,24.841,25.046,59988,0
2017-01-23,25.037,25.112,24.644,24.812,76906,0
2017-01-24,24.896,25.466,24.888,25.364,66807,0
2017-01-25,25.7,26.335,25.654,26.14,118424,0
2017-01-26,26.401,26.616,25.952,26.093,119001,0
2017-01-27,25.999,26.09,25.597,25.756,93946,0
2017-01-30,25.746,25.746,24.925,25.213,107238,0
2017-01-31,25.429,25.495,25.046,25.382,125137,0
2017-02-01,25.709,25.746,25.223,25.578,88891,0
2017-02-02,25.513,25.541,25.223,25.457,71781,0
2017-02-03,25.541,25.952,25.517,25.746,78694,0
2017-02-06,25.738,25.998,25.617,25.803,119866,0
2017-02-07,25.738,25.831,25.523,25.662,77202,0
2017-02-08,25.401,25.532,25.176,25.429,87355,0
2017-02-09,25.607,25.682,25.438,25.682,59294,0
2017-02-10,25.793,25.793,25.411,25.485,97852,0
2017-02-13,25.607,25.654,25.374,25.654,65511,0
2017-02-14,25.766,26.093,25.438,26.083,122114,0
2017-02-15,26.241,26.288,25.943,26.12,114451,0
2017-02-16,26.298,26.298,25.887,25.981,67140,0
2017-02-17,26.065,26.065,25.607,25.607,35410,0
2017-02-21,25.943,25.943,25.672,25.803,49762,0
2017-02-22,25.7,25.793,25.504,25.588,63698,0
2017-02-23,25.915,25.915,25.475,25.597,91174,0
2017-02-24,25.485,26.036,25.391,25.831,147259,0
2017-02-27,25.924,25.924,25.588,25.719,79626,0
2017-02-28,25.719,25.779,25.588,25.682,63953,0
2017-03-01,26.15,26.15,25.7,25.878,85122,0
2017-03-02,25.934,25.999,25.728,25.999,31265,0
2017-03-03,25.84,25.859,25.723,25.746,54468,0
2017-03-06,25.746,25.746,25.307,25.475,61233,0
2017-03-07,25.448,25.475,25.298,25.382,52352,0
2017-03-08,25.317,25.354,24.878,24.952,63671,0
2017-03-09,24.859,25.018,24.363,24.644,116557,0
2017-03-10,24.728,24.74,24.457,24.56,76028,0
2017-03-13,24.56,24.934,24.56,24.831,37217,0
2017-03-14,24.719,24.719,24.223,24.223,67700,0
2017-03-15,24.514,25.074,24.383,25.074,91021,0
2017-03-16,25.159,25.159,24.859,25.027,45504,0
2017-03-17,25.046,25.307,24.952,25.196,45826,0
2017-03-20,25.121,25.196,24.56,24.653,104284,0
2017-03-21,24.598,24.784,24.43,24.447,55642,0
2017-03-22,24.262,24.383,24.111,24.111,112501,0
2017-03-23,24.111,24.569,24.111,24.336,33313,0
2017-03-24,24.447,24.588,24.346,24.43,26329,0
2017-03-27,24.373,24.373,24.29,24.354,37108,0
2017-03-28,24.438,24.588,24.438,24.514,36863,0
2017-03-29,24.7,24.971,24.504,24.831,33445,0
2017-03-30,24.859,25.112,24.775,24.784,51486,0
2017-03-31,24.943,25.213,24.86,25.213,45836,0
2017-04-03,25.223,25.223,24.952,24.999,23685,0
2017-04-04,24.915,25.159,24.831,24.981,45663,0
2017-04-05,25.42,25.42,25.196,25.307,49684,0
2017-04-06,25.42,25.588,25.285,25.532,37266,0
2017-04-07,25.7,25.746,25.555,25.728,52432,0
2017-04-10,25.803,25.943,25.738,25.822,28540,0
2017-04-11,25.766,25.962,25.719,25.719,36282,0
2017-04-12,25.738,25.934,25.719,25.746,66384,0
2017-04-13,25.746,26.056,25.746,25.793,61221,0
2017-04-17,25.812,25.971,25.654,25.709,79855,0
2017-04-18,25.803,26.354,25.709,26.335,98408,0
2017-04-19,26.335,26.354,25.981,26.157,150630,0
2017-04-20,26.15,26.326,26.036,26.036,86036,0
2017-04-21,26.132,26.228,25.876,26.044,41156,0
2017-04-24,26.198,26.428,25.826,25.874,97827,0
2017-04-25,25.836,26.246,25.836,25.988,68431,0
2017-04-26,25.998,26.313,25.712,25.932,74681,0
2017-04-27,25.817,25.95,25.588,25.76,58879,0
2017-04-28,26.16,26.342,25.847,25.988,81054,0
2017-05-01,25.922,26.17,25.922,26.112,48176,0
2017-05-02,26.018,26.17,25.864,25.864,72010,0
2017-05-03,25.817,25.946,25.349,25.357,54092,0
2017-05-04,25.121,25.293,24.586,24.777,90350,0
2017-05-05,24.729,25.187,24.729,25.168,41789,0
2017-05-08,25.082,25.339,25.015,25.015,58698,0
2017-05-09,24.92,25.167,24.738,24.939,58219,0
2017-05-10,24.872,25.015,24.691,24.958,90885,0
2017-05-11,25.035,25.09,24.71,24.853,48287,0
2017-05-12,24.796,25.053,24.786,25.021,26834,0
2017-05-15,25.215,25.55,25.215,25.273,49301,0
2017-05-16,25.283,25.412,25.208,25.293,27282,0
2017-05-17,25.111,25.38,24.977,24.977,32807,0
2017-05-18,24.853,24.967,24.472,24.891,51591,0
2017-05-19,24.977,25.225,24.977,25.177,35728,0
2017-05-22,25.215,25.416,25.197,25.321,30296,0
2017-05-23,25.464,25.559,25.395,25.531,31635,0
2017-05-24,25.425,25.588,25.253,25.293,47434,0
2017-05-25,25.197,25.359,25.015,25.149,37113,0
2017-05-26,25.053,25.149,24.971,25.063,36632,0
2017-05-30,24.891,24.967,24.672,24.777,35697,0
2017-05-31,24.452,24.796,24.405,24.703,37249,0
2017-06-01,24.758,24.986,24.648,24.901,24848,0
2017-06-02,24.748,24.844,24.7,24.786,30551,0
2017-06-05,24.548,24.662,24.376,24.49,195620,0
2017-06-06,24.394,24.538,24.356,24.404,45637,0
2017-06-07,24.348,24.51,24.08,24.137,67928,0
2017-06-08,24.042,24.185,23.927,23.927,54583,0
2017-06-09,23.927,24.214,23.908,24.166,24283,0
2017-06-12,24.166,24.286,24.156,24.204,42107,0
2017-06-13,24.118,24.309,24.099,24.232,27646,0
2017-06-14,24.156,24.194,23.908,23.927,63690,0
2017-06-15,23.899,23.961,23.527,23.575,60075,0
2017-06-16,23.621,23.965,23.575,23.965,67007,0
2017-06-19,23.899,24.032,23.813,23.823,37484,0
2017-06-20,23.565,23.641,23.204,23.211,76471,0
2017-06-21,23.126,23.345,22.906,23.097,105110,0
2017-06-22,23.002,23.374,22.934,23.097,76583,0
2017-06-23,23.106,23.602,23.106,23.374,70302,0
2017-06-26,23.441,23.793,23.441,23.593,57478,0
2017-06-27,23.621,23.994,23.621,23.793,119342,0
2017-06-28,23.746,24.051,23.689,24.004,54178,0
2017-06-29,24.318,24.318,23.956,24.157,83352,0
2017-06-30,24.223,24.414,24.109,24.262,54900,0
2017-07-03,24.271,24.538,24.271,24.356,31849,0
2017-07-05,24.318,24.434,24.013,24.013,79985,0
2017-07-06,24.08,24.232,23.908,24.08,44797,0
2017-07-07,23.918,24.109,23.889,24.013,84806,0
2017-07-10,24.185,24.214,23.918,24.07,67844,0
2017-07-11,24.204,24.204,23.937,23.976,47723,0
2017-07-12,24.242,24.311,24.109,24.163,71646,0
2017-07-13,24.176,24.29,24.147,24.194,68111,0
2017-07-14,24.214,24.624,24.214,24.586,70101,0
2017-07-17,24.767,24.929,24.691,24.71,114200,0
2017-07-18,24.767,24.882,24.596,24.777,38204,0
2017-07-19,24.834,24.957,24.815,24.853,71770,0
2017-07-20,25.139,25.139,24.824,24.929,64000,0
2017-07-21,25.183,25.183,24.646,24.695,62904,0
2017-07-24,24.89,25.134,24.724,24.754,40905,0
2017-07-25,25.466,25.466,24.627,24.793,77441,0
2017-07-26,25.466,25.466,24.744,25.037,98837,0
2017-07-27,24.803,24.89,24.627,24.773,69619,0
2017-07-28,24.432,24.901,24.432,24.89,77113,0
2017-07-31,25.378,25.378,24.705,24.832,94319,0
2017-08-01,24.998,25.263,24.842,24.881,57605,0
2017-08-02,25.076,25.076,24.734,24.871,33795,0
2017-08-03,24.763,24.871,24.631,24.734,32909,0
2017-08-04,24.676,24.724,24.598,24.705,35917,0
2017-08-07,24.529,24.598,24.354,24.441,45577,0
2017-08-08,24.334,24.354,23.924,23.983,64214,0
2017-08-09,23.768,24.354,23.7,24.354,81864,0
2017-08-10,24.178,24.178,23.817,23.962,97275,0
2017-08-11,23.719,23.777,23.563,23.621,72650,0
2017-08-14,23.621,23.875,23.553,23.553,27450,0
2017-08-15,23.446,23.573,23.143,23.202,55230,0
2017-08-16,23.231,23.534,23.143,23.504,86767,0
2017-08-17,23.407,23.67,23.251,23.251,54596,0
2017-08-18,23.163,23.255,23.027,23.143,45291,0
2017-08-21,23.046,23.139,22.86,22.958,38791,0
2017-08-22,23.172,23.263,23.016,23.163,58722,0
2017-08-23,23.319,23.68,23.309,23.348,103063,0
2017-08-24,23.514,23.553,23.31,23.368,53011,0
2017-08-25,23.309,23.514,23.309,23.504,44809,0
2017-08-28,23.368,23.504,23.231,23.241,43073,0
2017-08-29,23.133,23.368,23.133,23.231,52115,0
2017-08-30,23.143,23.416,23.143,23.412,41364,0
2017-08-31,23.319,23.817,23.319,23.817,43828,0
2017-09-01,23.768,24.09,23.768,23.885,33120,0
2017-09-05,23.885,23.924,23.66,23.739,25717,0
2017-09-06,23.631,23.817,23.631,23.728,47361,0
2017-09-07,23.68,23.865,23.68,23.69,33291,0
2017-09-08,23.807,23.817,23.592,23.641,38305,0
2017-09-11,23.739,23.875,23.716,23.778,32293,0
2017-09-12,23.787,23.885,23.729,23.758,34742,0
2017-09-13,23.885,23.983,23.768,23.983,47459,0
2017-09-14,23.983,24.256,23.865,24.256,45213,0
2017-09-15,23.963,24.07,23.826,24.07,52513,0
2017-09-18,24.188,24.188,23.944,24.149,54416,0
2017-09-19,23.885,23.973,23.856,23.914,65525,0
2017-09-20,23.846,24.08,23.846,23.934,38211,0
2017-09-21,23.729,23.905,23.621,23.758,53847,0
2017-09-22,23.573,23.778,23.573,23.758,52654,0
2017-09-25,23.69,24.158,23.69,24.147,51425,0
2017-09-26,23.983,24.295,23.983,24.295,53069,0
2017-09-27,24.129,24.236,23.879,23.924,62772,0
2017-09-28,23.846,24.158,23.846,23.865,53596,0
2017-09-29,23.914,24.168,23.914,24.061,57194,0
2017-10-02,24.041,24.07,23.924,24.012,40884,0
2017-10-03,23.944,24.095,23.944,24.041,46023,0
2017-10-04,23.905,24.063,23.905,24.031,60943,0
2017-10-05,24.207,24.207,24.07,24.178,52029,0
2017-10-06,24.022,24.178,24.012,24.119,48392,0
2017-10-09,24.022,24.197,24.022,24.158,53743,0
2017-10-10,23.924,24.273,23.924,24.227,48642,0
2017-10-11,24.119,24.344,24.119,24.207,77604,0
2017-10-12,24.285,24.285,24.109,24.178,53269,0
2017-10-13,24.354,24.354,24.002,24.012,51027,0
2017-10-16,24.012,24.199,23.914,23.953,57568,0
2017-10-17,23.856,24.069,23.768,23.826,60228,0
2017-10-18,23.963,24.139,23.621,23.651,134669,0
2017-10-19,23.68,23.709,23.338,23.68,97010,0
2017-10-20,23.48,23.7391,23.46,23.6,93091,0
2017-10-23,23.6,23.61,23.1514,23.16,78172,0
2017-10-24,23.31,23.41,23.03,23.07,95594,0
2017-10-25,23.05,23.05,22.29,22.29,103523,0
2017-10-26,22.23,22.66,22.23,22.53,95727,0
2017-10-27,22.93,22.97,22.37,22.86,149806,0
2017-10-30,22.76,23.27,22.76,23.27,127356,0
2017-10-31,23.25,23.25,22.84,22.84,111740,0
2017-11-01,23.11,23.33,23.03,23.22,84588,0
2017-11-02,23.22,23.3,22.72,22.72,110864,0
2017-11-03,22.58,22.8779,22.58,22.86,80642,0
2017-11-06,22.84,23.0225,22.821,22.99,88924,0
2017-11-07,23,23.1299,22.96,23,44840,0
2017-11-08,23.07,23.12,22.6,22.79,83714,0
2017-11-09,22.48,22.86,22.48,22.68,68665,0
2017-11-10,22.75,22.79,22.52,22.62,64957,0
