2016-01-04,55.639,56.001,54.131,55.08,69908,0
2016-01-05,55.08,56.027,54.7,55.83,44934,0
2016-01-06,53.318,55.305,53.318,54.998,72513,0
2016-01-07,53.914,55.016,53.788,54.049,40747,0
2016-01-08,54.33,55.368,52.542,52.803,44412,0
2016-01-11,52.739,53.552,52.386,53.093,37914,0
2016-01-12,53.426,54.42,52.739,53.066,61090,0
2016-01-13,53.272,53.372,51.466,51.602,53135,0
2016-01-14,52.035,53.336,51.602,52.388,65057,0
2016-01-15,51.114,52.677,50.997,52.424,70011,0
2016-01-19,52.974,52.974,51.447,51.711,36424,0
2016-01-20,51.106,52.748,50.495,51.945,67502,0
2016-01-21,51.945,52.577,50.834,50.987,66742,0
2016-01-22,51.539,52.893,51.214,52.766,60144,0
2016-01-25,52.414,52.709,51.747,51.937,59604,0
2016-01-26,52.025,53.084,52.025,52.261,44945,0
2016-01-27,52.432,53.39,51.882,52.405,43308,0
2016-01-28,52.965,53.607,52.38,53.517,39706,0
2016-01-29,53.661,55.224,53.617,55.151,60548,0
2016-02-01,54.646,55.08,53.661,54.501,38033,0
2016-02-02,54.004,54.094,52.92,53.3,24831,0
2016-02-03,53.617,53.751,52.669,53.047,54054,0
2016-02-04,53.11,53.472,52.533,53.002,38463,0
2016-02-05,53.084,54.022,52.558,53.209,53349,0
2016-02-08,52.876,54.094,52.478,53.806,44996,0
2016-02-09,53.272,54.22,52.938,53.825,111093,0
2016-02-10,54.068,54.845,53.174,53.291,50812,0
2016-02-11,52.388,52.496,49.896,50.672,50861,0
2016-02-12,52.93,53.887,49.838,51.25,76724,0
2016-02-16,51.945,52.279,50.527,51.285,54079,0
2016-02-17,51.764,53.815,51.25,53.4,109739,0
2016-02-18,53.174,53.517,52.126,53.201,62438,0
2016-02-19,53.165,53.165,52.66,52.93,41679,0
2016-02-22,53.436,53.887,52.92,53.407,53774,0
2016-02-23,53.209,53.771,52.235,52.414,57434,0
2016-02-24,51.91,53.363,51.648,52.803,63653,0
2016-02-25,52.893,53.517,52.45,52.785,40982,0
2016-02-26,53.201,53.417,52.235,52.993,52443,0
2016-02-29,52.803,52.965,51.937,51.945,31098,0
2016-03-01,52.306,53.345,52.297,53.237,33394,0
2016-03-02,53.407,53.625,52.516,52.912,31787,0
2016-03-03,53.093,53.328,52.525,52.912,39507,0
2016-03-04,53.688,54.871,53.454,54.817,82521,0
2016-03-07,54.556,55.756,54.313,55.044,54385,0
2016-03-08,54.646,55.671,54.093,54.845,60595,0
2016-03-09,54.862,55.955,54.22,54.248,57857,0
2016-03-10,54.248,55.305,53.201,53.724,77695,0
2016-03-11,54.064,55.466,53.545,54.732,96453,0
2016-03-14,54.685,55.293,54.222,54.59,86149,0
2016-03-15,54.148,54.995,54.148,54.469,37001,0
2016-03-16,54.43,55.288,54.43,54.76,30938,0
2016-03-17,54.45,55.805,54.45,55.541,34503,0
2016-03-18,55.937,56.285,55.26,55.908,70437,0
2016-03-21,55.343,55.655,54.515,54.948,55704,0
2016-03-22,54.469,55.26,53.705,55.109,49033,0
2016-03-23,55.164,56.018,54.355,54.825,37466,0
2016-03-24,54.665,55.748,53.763,54.675,80183,0
2016-03-28,55.184,56.4,55.081,55.853,117249,0
2016-03-29,55.683,56.869,54.966,56.541,72425,0
2016-03-30,56.633,57.735,56.633,57.246,73019,0
2016-03-31,57.246,58.404,57.246,57.923,108131,0
2016-04-01,57.716,57.952,56.77,57.444,51402,0
2016-04-04,57.312,57.312,56.04,56.154,24599,0
2016-04-05,55.927,56.153,55.212,55.551,50220,0
2016-04-06,55.503,57.265,55.052,56.04,92900,0
2016-04-07,55.966,56.463,54.177,54.515,86464,0
2016-04-08,54.675,55.296,54.59,54.892,26714,0
2016-04-11,55.222,55.863,54.544,54.6,37767,0
2016-04-12,54.6,55.796,53.658,55.776,67359,0
2016-04-13,56.069,56.954,55.796,56.851,59980,0
2016-04-14,56.623,57.312,56.351,56.55,47035,0
2016-04-15,56.473,57.056,56.276,56.691,34931,0
2016-04-18,56.56,57.001,56.482,56.633,34463,0
2016-04-19,56.775,57.358,56.596,56.983,43987,0
2016-04-20,56.842,57.623,56.842,57.5,18640,0
2016-04-21,57.5,57.613,56.662,56.879,19024,0
2016-04-22,57.076,57.849,57.076,57.811,32806,0
2016-04-25,57.358,57.358,56.521,57.105,23639,0
2016-04-26,56.974,58.065,56.737,57.99,40492,0
2016-04-27,57.98,57.99,57.048,57.434,25626,0
2016-04-28,56.888,57.275,56.614,56.719,46291,0
2016-04-29,56.719,57.11,56.4,56.935,30719,0
2016-05-02,56.888,57.575,55.966,56.737,51263,0
2016-05-03,56.267,56.267,55.41,55.758,42077,0
2016-05-04,55.382,56.031,54.789,55.702,29156,0
2016-05-05,55.927,56.21,55.43,55.796,32390,0
2016-05-06,55.683,55.975,54.958,55.711,24092,0
2016-05-09,55.758,56.031,54.948,55.908,29168,0
2016-05-10,56.473,57.896,56.473,57.613,44238,0
2016-05-11,57.631,57.858,56.974,57.066,27891,0
2016-05-12,57.039,57.34,56.502,57.17,28275,0
2016-05-13,57.217,57.849,56.267,56.38,55829,0
2016-05-16,56.492,57.302,56.482,56.888,28265,0
2016-05-17,56.842,56.954,55.703,56.164,35468,0
2016-05-18,55.984,58.225,55.984,57.831,32130,0
2016-05-19,57.631,58.31,56.225,56.633,23166,0
2016-05-20,56.672,58.046,56.672,57.265,34410,0
2016-05-23,57.039,57.322,56.906,57.01,15422,0
2016-05-24,57.18,58.734,57.18,58.64,38837,0
2016-05-25,58.526,59.11,58.225,58.301,21794,0
2016-05-26,58.121,58.763,58.084,58.64,38069,0
2016-05-27,58.593,59.347,58.593,59.27,23573,0
2016-05-31,59.523,60.116,59.129,59.231,24550,0
2016-06-01,58.535,59.506,58.009,59.298,15016,0
2016-06-02,58.997,59.854,58.809,59.356,16185,0
2016-06-03,59.025,59.025,58.102,58.648,23030,0
2016-06-06,58.498,59.844,58.498,59.42,29018,0
2016-06-07,59.6,59.994,59.1,59.337,16944,0
2016-06-08,59.497,60.036,59.317,59.638,17312,0
2016-06-09,59.289,59.291,58.471,58.894,20320,0
2016-06-10,58.564,58.657,58.14,58.461,25397,0
2016-06-13,58.471,59.095,57.389,57.589,21064,0
2016-06-14,57.427,57.684,56.763,57.105,15730,0
2016-06-15,57.181,58.176,56.46,56.527,33716,0
2016-06-16,56.015,56.973,55.56,56.887,26148,0
2016-06-17,56.905,57.823,54.612,55.161,86334,0
2016-06-20,55.881,57.389,55.55,56.934,39868,0
2016-06-21,57.029,58.252,56.214,57.883,103490,0
2016-06-22,57.456,58.034,56.991,57.01,20360,0
2016-06-23,57.977,58.839,57.929,58.82,44682,0
2016-06-24,56.413,57.286,54.574,54.592,70683,0
2016-06-27,53.71,54.261,53.474,53.71,66910,0
2016-06-28,54.232,54.574,53.588,54.403,36868,0
2016-06-29,55.038,55.787,54.232,55.731,49794,0
2016-06-30,55.645,57.513,55.587,57.513,37545,0
2016-07-01,57.01,57.966,56.366,56.556,17839,0
2016-07-05,56.109,56.109,54.991,55.626,22210,0
2016-07-06,55.313,55.759,55.028,55.645,31430,0
2016-07-07,55.579,56.214,55.276,55.665,20881,0
2016-07-08,56.376,57.115,56.337,57.066,35336,0
2016-07-11,57.227,58.242,57.227,57.977,38992,0
2016-07-12,58.262,59.408,58.098,58.677,45049,0
2016-07-13,58.687,59.143,58.109,58.726,47190,0
2016-07-14,59.247,59.75,58.829,58.897,30455,0
2016-07-15,59.295,59.636,58.394,58.848,26787,0
2016-07-18,58.623,59.039,58.27,58.555,20567,0
2016-07-19,58.584,58.944,57.958,58.498,20706,0
2016-07-20,58.498,59.456,58.498,58.963,26044,0
2016-07-21,58.649,58.793,58.213,58.697,23307,0
2016-07-22,58.815,59.285,58.677,59.058,13904,0
2016-07-25,58.907,59.447,58.604,58.755,14984,0
2016-07-26,59.01,59.21,59.01,59.01,15602,0
2016-07-27,58.935,59.352,58.912,59.105,12781,0
2016-07-28,58.755,59.191,58.558,58.848,13174,0
2016-07-29,58.242,59.352,57.929,59.124,41468,0
2016-08-01,59.124,59.759,57.684,57.883,32045,0
2016-08-02,57.864,58.207,57.447,57.845,17871,0
2016-08-03,57.674,59.001,57.674,58.925,19691,0
2016-08-04,58.783,58.783,57.56,57.967,15025,0
2016-08-05,57.635,60.166,57.635,59.976,35052,0
2016-08-08,60.225,60.386,59.475,60.386,20013,0
2016-08-09,60.316,60.528,59.788,60.432,45076,0
2016-08-10,60.48,60.565,59.692,60.034,24390,0
2016-08-11,60.083,60.528,59.824,59.883,12723,0
2016-08-12,59.485,60.025,59.029,59.995,21072,0
2016-08-15,59.958,60.602,59.664,60.545,19520,0
2016-08-16,60.215,61.086,60.215,60.48,30710,0
2016-08-17,60.328,60.679,60.044,60.403,14211,0
2016-08-18,60.196,61.076,59.995,60.528,14785,0
2016-08-19,60.357,60.925,60.044,60.537,19655,0
2016-08-22,60.666,60.666,59.815,60.489,25578,0
2016-08-23,60.812,61.826,60.508,60.555,14537,0
2016-08-24,60.403,61.142,60.403,61.142,16334,0
2016-08-25,60.905,61.882,60.905,61.759,17719,0
2016-08-26,62.565,62.992,61.333,61.769,13769,0
2016-08-29,61.882,63.693,61.769,62.878,67048,0
2016-08-30,62.802,62.934,61.551,62.887,22060,0
2016-08-31,62.831,63.807,62.091,62.679,30933,0
2016-09-01,62.622,62.925,61.778,62.319,17924,0
2016-09-02,62.404,62.944,62.346,62.84,8622,0
2016-09-06,62.223,62.717,61.769,62.48,26129,0
2016-09-07,62.214,62.862,61.826,62.47,25804,0
2016-09-08,62.527,62.925,61.863,62.319,63385,0
2016-09-09,61.494,62.546,61.362,61.514,58521,0
2016-09-12,61.142,61.891,59.995,61.787,38583,0
2016-09-13,60.977,61.062,59.998,60.28,24769,0
2016-09-14,60.414,60.414,59.651,59.765,18437,0
2016-09-15,60.061,60.299,59.956,60.195,19345,0
2016-09-16,60.185,60.738,59.689,60.709,67190,0
2016-09-19,60.671,61.34,60.538,60.767,12709,0
2016-09-20,61.025,61.683,60.901,61.397,14167,0
2016-09-21,61.606,61.931,60.538,61.931,13190,0
2016-09-22,62.017,63.085,61.969,63.028,17765,0
2016-09-23,62.761,62.761,61.625,61.654,18320,0
2016-09-26,61.34,61.34,60.328,60.347,28607,0
2016-09-27,60.347,60.968,59.346,60.872,45418,0
2016-09-28,60.709,61.587,60.366,61.263,46741,0
2016-09-29,61.025,62.58,59.946,60.081,46089,0
2016-09-30,60.28,61.33,59.831,61.035,56188,0
2016-10-03,60.681,61.053,59.479,59.919,31433,0
2016-10-04,59.919,60.404,59.297,59.86,54157,0
2016-10-05,59.919,61.654,59.919,61.473,49270,0
2016-10-06,61.311,61.311,59.718,60.519,70021,0
2016-10-07,60.414,60.964,59.712,60.681,37536,0
2016-10-10,60.032,60.948,59.984,60.738,12691,0
2016-10-11,60.663,60.776,59.946,60.347,22081,0
2016-10-12,60.224,61.349,60.224,60.986,17726,0
2016-10-13,60.204,60.576,59.747,60.357,25589,0
2016-10-14,61.062,61.683,60.557,61.482,28567,0
2016-10-17,61.387,62.017,60.643,60.786,14439,0
2016-10-18,61.473,61.587,60.481,61.158,19813,0
2016-10-19,61.281,61.969,60.624,61.541,34080,0
2016-10-20,61.578,61.578,60.28,60.557,20383,0
2016-10-21,59.946,60.052,59.574,59.964,13967,0
2016-10-24,60.395,61.311,60.395,60.805,14494,0
2016-10-25,60.805,60.862,60.061,60.614,16958,0
2016-10-26,60.452,61.359,60.318,60.481,14620,0
2016-10-27,61.101,61.291,60.663,60.939,19247,0
2016-10-28,60.881,61.864,59.928,60.052,19207,0
2016-10-31,60.108,61.062,60.108,60.395,31824,0
2016-11-01,60.442,60.442,59.154,59.392,20110,0
2016-11-02,59.584,60.156,59.154,59.679,22182,0
2016-11-03,59.775,60.347,58.01,58.631,27271,0
2016-11-04,59.488,62.398,59.488,62.064,45203,0
2016-11-07,63.352,66.119,62.35,65.69,49480,0
2016-11-08,65.356,65.595,64.45,64.88,26477,0
2016-11-09,65.499,67.646,65.117,67.55,49539,0
2016-11-10,67.836,69.888,67.836,69.078,76498,0
2016-11-11,68.647,73.466,68.647,72.846,46949,0
2016-11-14,73.99,75.469,72.225,73.418,36103,0
2016-11-15,72.702,72.702,69.744,71.558,50211,0
2016-11-16,71.51,71.558,69.538,71.129,35889,0
2016-11-17,71.129,72.178,70.938,72.035,28085,0
2016-11-18,72.035,72.798,71.939,72.751,22118,0
2016-11-21,73.228,74.517,72.989,74.468,24167,0
2016-11-22,74.993,76.328,74.562,75.422,19140,0
2016-11-23,75.422,76.042,74.659,75.135,17596,0
2016-11-25,75.232,75.661,74.993,75.565,8028,0
2016-11-28,75.278,75.278,73.609,73.705,18446,0
2016-11-29,73.466,74.659,73.466,73.847,15049,0
2016-11-30,74.659,74.659,72.94,73.037,26961,0
2016-12-01,73.18,74.659,73.132,73.562,21882,0
2016-12-02,73.705,73.705,72.178,72.225,12732,0
2016-12-05,72.655,73.609,72.655,73.228,18861,0
2016-12-06,73.132,73.705,72.702,73.562,17801,0
2016-12-07,74.277,75.278,73.944,75.232,21373,0
2016-12-08,75.422,77.521,74.896,77.044,47715,0
2016-12-09,77.378,78.236,76.711,78.141,22736,0
2016-12-12,78.093,78.809,76.805,77.569,36885,0
2016-12-13,78.068,78.643,77.684,77.828,44148,0
2016-12-14,77.54,77.733,75.142,75.478,24322,0
2016-12-15,75.526,77.396,75.286,76.677,26518,0
2016-12-16,76.246,77.109,75.046,75.095,123187,0
2016-12-19,75.478,76.82,75.19,76.677,23627,0
2016-12-20,77.109,78.02,76.437,77.204,18097,0
2016-12-21,77.253,77.876,76.341,76.341,20022,0
2016-12-22,76.581,76.581,74.807,74.951,35598,0
2016-12-23,75.19,76.484,75.046,76.293,13300,0
2016-12-27,76.389,76.581,75.43,75.814,13630,0
2016-12-28,76.053,76.053,74.759,74.998,13197,0
2016-12-29,75.095,75.526,74.71,75.142,16246,0
2016-12-30,75.382,75.573,74.951,74.951,28132,0
2017-01-03,76.341,76.341,74.135,74.471,36908,0
2017-01-04,74.376,75.334,74.352,74.855,33493,0
2017-01-05,74.855,74.998,73.08,73.224,13691,0
2017-01-06,73.32,74.231,73.224,73.751,22739,0
2017-01-09,73.272,73.272,70.059,71.21,44813,0
2017-01-10,71.114,72.745,71.114,71.977,21677,0
2017-01-11,71.977,72.073,71.353,71.977,45622,0
2017-01-12,71.546,71.546,69.867,70.538,26226,0
2017-01-13,70.874,71.786,70.587,71.018,23783,0
2017-01-17,70.395,70.491,69.939,70.012,32634,0
2017-01-18,70.3,70.778,70.012,70.203,15883,0
2017-01-19,70.443,70.443,67.853,67.95,30239,0
2017-01-20,67.565,68.476,65.407,67.134,53499,0
2017-01-23,66.943,67.134,65.791,65.983,84618,0
2017-01-24,65.935,67.758,65.312,67.614,62959,0
2017-01-25,67.758,68.956,67.758,68.189,32337,0
2017-01-26,68.333,69.291,67.901,68.238,19244,0
2017-01-27,67.997,68.573,67.422,68.429,22481,0
2017-01-30,67.95,67.95,66.463,66.702,23482,0
2017-01-31,66.655,67.087,65.768,66.943,27926,0
2017-02-01,67.47,67.662,65.552,66.271,23381,0
2017-02-02,66.367,66.607,65.456,65.887,26172,0
2017-02-03,66.751,67.518,66.414,66.846,22079,0
2017-02-06,66.223,66.799,65.216,65.407,24116,0
2017-02-07,65.791,66.319,65.264,66.176,31446,0
2017-02-08,65.696,65.791,64.784,64.976,13207,0
2017-02-09,65.407,66.246,65.407,66.078,16837,0
2017-02-10,65.216,67.062,65.216,66.319,20774,0
2017-02-13,66.846,67.374,66.271,66.607,16086,0
2017-02-14,66.655,66.799,65.983,66.799,36356,0
2017-02-15,66.751,66.854,65.168,66.558,28936,0
2017-02-16,66.655,67.758,66.512,67.709,25441,0
2017-02-17,67.614,68.045,67.087,67.997,27258,0
2017-02-21,68.094,68.284,66.367,66.558,16320,0
2017-02-22,66.127,67.134,65.696,66.702,9214,0
2017-02-23,66.751,66.894,66.176,66.702,11847,0
2017-02-24,66.463,66.607,66.463,66.463,11523,0
2017-02-27,66.512,66.943,66.271,66.558,18671,0
2017-02-28,66.078,67.087,65.072,65.552,22024,0
2017-03-01,66.414,68.069,66.414,67.422,25134,0
2017-03-02,67.614,67.614,65.983,66.078,16947,0
2017-03-03,66.799,66.894,65.552,66.846,29290,0
2017-03-06,66.655,67.758,66.295,67.374,26390,0
2017-03-07,67.614,67.614,66.578,66.894,25850,0
2017-03-08,67.374,67.374,65.791,65.887,24849,0
2017-03-09,66.223,66.367,65.072,65.168,28580,0
2017-03-10,65.743,65.743,64.592,65.552,32229,0
2017-03-13,65.345,65.345,64.259,64.901,26110,0
2017-03-14,64.456,64.876,63.716,64.801,18355,0
2017-03-15,65.345,65.986,65.097,65.936,35382,0
2017-03-16,66.084,66.628,65.493,66.628,28250,0
2017-03-17,66.677,66.726,64.999,66.134,66001,0
2017-03-20,66.036,66.036,64.999,65.097,25349,0
2017-03-21,65.493,65.493,63.074,63.272,37834,0
2017-03-22,62.976,63.049,61.593,62.185,36609,0
2017-03-23,61.841,62.976,61.841,62.531,34213,0
2017-03-24,62.778,62.94,61.889,62.087,16032,0
2017-03-27,61.001,62.876,60.656,62.876,24123,0
2017-03-28,62.334,63.32,61.445,63.172,33667,0
2017-03-29,62.926,63.272,62.235,62.235,21003,0
2017-03-30,62.185,63.814,62.185,63.716,24994,0
2017-03-31,63.716,64.851,62.926,64.604,114619,0
2017-04-03,64.653,65.64,63.009,64.16,41613,0
2017-04-04,63.913,64.949,63.666,64.949,25823,0
2017-04-05,65.443,65.493,62.926,63.124,20298,0
2017-04-06,63.024,63.765,62.679,63.716,18503,0
2017-04-07,63.469,63.962,63.024,63.864,25876,0
2017-04-10,63.617,64.308,63.42,64.111,17970,0
2017-04-11,63.864,65.345,63.814,65.345,20111,0
2017-04-12,65.147,65.197,63.593,63.962,17798,0
2017-04-13,63.864,64.012,62.679,62.778,24941,0
2017-04-17,63.074,64.209,62.876,64.061,17747,0
2017-04-18,63.765,64.357,63.272,64.259,20324,0
2017-04-19,64.407,64.604,63.469,63.666,19253,0
2017-04-20,63.913,65.147,63.804,65.097,22095,0
2017-04-21,64.801,65.887,64.604,65.542,25326,0
2017-04-24,66.282,67.121,66.282,66.726,23370,0
2017-04-25,67.417,67.961,67.097,67.615,23775,0
2017-04-26,67.664,68.848,67.269,67.516,30276,0
2017-04-27,67.911,67.961,66.874,66.973,17659,0
2017-04-28,66.973,67.417,65.591,65.64,29063,0
2017-05-01,65.986,66.825,65.739,66.43,21635,0
2017-05-02,66.48,66.924,65.986,66.43,18002,0
2017-05-03,66.084,66.48,65.862,66.084,15607,0
2017-05-04,66.232,66.924,66.232,66.48,15002,0
2017-05-05,67.368,67.368,65.049,65.542,26378,0
2017-05-08,65.936,65.936,64.505,64.999,15632,0
2017-05-09,65.097,65.097,64.061,64.801,22746,0
2017-05-10,64.318,64.753,64.012,64.407,14120,0
2017-05-11,64.505,64.505,63.32,63.469,19431,0
2017-05-12,63.024,63.074,62.235,62.235,17386,0
2017-05-15,62.679,63.074,62.285,62.433,14876,0
2017-05-16,62.433,62.827,62.037,62.581,19382,0
2017-05-17,61.347,61.544,60.212,60.409,22214,0
2017-05-18,60.014,61.373,60.014,60.656,27063,0
2017-05-19,60.754,61.149,60.606,60.952,40793,0
2017-05-22,61.1,61.741,60.902,61.643,13861,0
2017-05-23,61.791,62.185,60.656,62.137,14882,0
2017-05-24,62.037,62.433,61.297,61.544,11977,0
2017-05-25,61.199,61.989,61.199,61.791,8920,0
2017-05-26,61.841,62.531,61.593,62.334,17916,0
2017-05-30,62.087,62.185,61.248,61.841,14148,0
2017-05-31,61.889,62.235,60.853,62.137,19269,0
2017-06-01,62.285,63.42,61.643,63.37,16367,0
2017-06-02,63.42,65.493,63.42,64.407,25357,0
2017-06-05,63.272,64.555,62.482,62.482,14408,0
2017-06-06,62.235,62.876,61.001,61.1,13468,0
2017-06-07,61.248,61.347,60.31,60.952,12992,0
2017-06-08,61.001,64.209,61.001,62.581,17309,0
2017-06-09,62.728,64.357,61.989,63.864,26398,0
2017-06-12,64.111,65.097,63.32,64.111,19688,0
2017-06-13,64.15,64.15,62.908,63.007,21143,0
2017-06-14,62.908,63.703,61.666,63.306,18814,0
2017-06-15,62.61,63.206,62.014,63.107,13592,0
2017-06-16,61.219,63.802,61.219,63.753,51651,0
2017-06-19,64.101,64.101,62.908,63.156,17454,0
2017-06-20,63.057,63.355,61.914,61.914,14286,0
2017-06-21,61.964,63.007,61.119,61.169,11884,0
2017-06-22,61.318,61.566,60.672,60.722,10976,0
2017-06-23,60.771,60.771,59.728,59.976,45732,0
2017-06-26,60.523,60.573,59.38,59.778,31536,0
2017-06-27,59.628,60.523,59.628,59.877,26366,0
2017-06-28,60.175,61.318,59.827,61.318,19467,0
2017-06-29,61.666,61.84,60.573,61.368,19249,0
2017-06-30,61.517,61.566,60.324,61.119,18748,0
2017-07-03,61.318,62.361,61.268,61.715,15064,0
2017-07-05,61.715,61.715,60.573,61.467,15036,0
2017-07-06,61.442,62.858,60.771,62.56,26984,0
2017-07-07,62.759,64.399,62.436,64.25,24987,0
2017-07-10,64.299,64.995,63.653,64.647,28054,0
2017-07-11,64.597,65.094,63.604,64.051,44108,0
2017-07-12,64.399,65.144,63.604,64.945,24965,0
2017-07-13,64.896,66.088,63.902,65.343,18701,0
2017-07-14,65.144,65.343,63.753,64.647,22090,0
2017-07-17,64.2,66.585,64.2,65.542,44049,0
2017-07-18,65.293,66.436,65.094,65.79,21253,0
2017-07-19,66.138,66.734,64.747,65.939,25825,0
2017-07-20,66.237,66.237,63.902,65.442,29542,0
2017-07-21,66.088,66.486,65.045,65.641,43374,0
2017-07-24,65.591,67.678,65.591,67.629,40567,0
2017-07-25,67.976,68.523,67.778,68.225,31124,0
2017-07-26,68.275,68.275,65.889,65.989,17820,0
2017-07-27,66.237,67.554,65.691,66.635,41791,0
2017-07-28,66.684,68.125,66.188,67.082,18818,0
2017-07-31,67.48,67.678,66.585,67.48,26829,0
2017-08-01,67.678,67.976,66.834,67.48,17941,0
2017-08-02,67.132,67.43,66.535,67.132,16480,0
2017-08-03,67.082,67.181,66.188,66.486,20508,0
2017-08-04,67.43,71.455,66.933,71.157,34650,0
2017-08-07,70.262,71.554,68.97,69.07,29659,0
2017-08-08,69.427,73.641,69.427,73.542,64726,0
2017-08-09,73.542,76.225,73.542,76.026,44109,0
2017-08-10,75.977,75.977,73.74,74.188,24941,0
2017-08-11,73.095,74.337,66.585,69.318,65654,0
2017-08-14,69.865,71.181,69.268,70.958,42092,0
2017-08-15,71.157,71.445,70.163,70.262,29965,0
2017-08-16,70.461,71.256,70.163,70.56,22523,0
2017-08-17,70.262,70.262,68.275,68.374,17880,0
2017-08-18,67.678,68.97,67.529,68.275,31102,0
2017-08-21,68.374,68.374,67.529,67.629,16391,0
2017-08-22,67.877,69.268,67.827,68.871,49480,0
2017-08-23,68.622,68.672,67.48,68.324,14054,0
2017-08-24,68.573,69,68.25,68.523,47138,0
2017-08-25,68.672,69.815,68.076,68.523,63749,0
2017-08-28,68.573,68.672,66.734,67.33,29836,0
2017-08-29,66.734,67.778,65.05,66.684,17422,0
2017-08-30,66.684,68.243,65.79,67.43,31570,0
2017-08-31,67.778,68.175,67.007,67.579,25426,0
2017-09-01,67.877,69.02,67.082,68.473,20812,0
2017-09-05,68.374,68.374,65.989,66.188,18323,0
2017-09-06,66.486,68.175,66.486,67.579,69851,0
2017-09-07,67.629,67.629,65.393,65.84,29081,0
2017-09-08,65.74,67.629,64.796,67.48,18392,0
2017-09-11,68.374,68.672,67.38,68.672,16509,0
2017-09-12,69.275,69.368,68.225,68.374,15300,0
2017-09-13,68.374,70.66,67.877,70.61,37861,0
2017-09-14,70.65,70.65,69.1,69.65,30195,0
2017-09-15,69.8,70,69,69.85,68238,0
2017-09-18,70,70.55,69.85,69.95,12699,0
2017-09-19,70,70.25,69.625,70,18298,0
2017-09-20,70.05,70.55,69.75,70.4,19620,0
2017-09-21,70.55,70.85,69.75,70.5,12715,0
2017-09-22,70.3,71.5,70.15,71.45,11832,0
2017-09-25,71.5,73,71.5,72.9,39299,0
2017-09-26,73.1,73.5,72.05,72.5,48221,0
2017-09-27,73.35,73.65,72.85,73.3,82087,0
2017-09-28,73.2,75,72.6,74.95,23837,0
2017-09-29,74.5,74.8,73.8,74.5,77991,0
2017-10-02,74.55,75.75,74.05,75.65,26786,0
2017-10-03,75.65,75.95,74.1,75.75,28383,0
2017-10-04,75.45,75.9,74.425,74.6,18692,0
2017-10-05,74.65,75.6,74.65,75.45,16193,0
2017-10-06,75.55,76.4,75.05,76.4,22516,0
2017-10-09,76.4,76.4,75,75.35,20938,0
2017-10-10,75.95,76.7,75.55,76.7,29440,0
2017-10-11,76.3,78,76.05,77.4,24470,0
2017-10-12,77.6,78.1,76.1,76.6,27979,0
2017-10-13,76.75,78.3,76.75,77.25,16774,0
2017-10-16,77.75,78.05,76.75,78,18194,0
2017-10-17,78.25,78.3,76.25,76.45,24544,0
2017-10-18,76.95,77.75,76.95,77.6,20766,0
2017-10-19,77.2,78.55,75.705,78.55,17693,0
2017-10-20,79.7,79.7,78.4,78.55,24748,0
2017-10-23,78.9,79.05,77.45,78.5,19033,0
2017-10-24,78.6,78.7,77.95,78.05,16147,0
2017-10-25,78.4,78.5,77.45,78.35,10593,0
2017-10-26,78.5,79.65,78.3,78.5,14800,0
2017-10-27,78.55,79.25,77.95,79.05,13953,0
2017-10-30,78.45,78.45,76.9,77.05,11589,0
2017-10-31,77.45,78.25,76.95,77.35,16720,0
2017-11-01,78,78,76.25,76.65,14658,0
2017-11-02,76.9,77.5,76.525,77.4,32426,0
2017-11-03,75.8,75.8,72.6,72.8,34564,0
2017-11-06,72.25,73,71.65,72.85,34281,0
2017-11-07,72.65,73.25,71.5,72.7,26714,0
2017-11-08,72.2,72.6,71.2,72.5,20002,0
2017-11-09,72.4,73.05,72.4,72.4,13708,0
2017-11-10,72.35,72.5,71.8,71.85,10784,0
