2016-01-04,18.643,18.834,18.505,18.708,9941870,0
2016-01-05,18.717,18.88,18.557,18.766,8617624,0
2016-01-06,18.383,18.574,18.284,18.49,7215605,0
2016-01-07,18.117,18.25,17.877,17.906,8792147,0
2016-01-08,17.963,18.137,17.56,17.594,7224380,0
2016-01-11,17.666,17.817,17.251,17.389,11457498,0
2016-01-12,17.619,17.619,17.168,17.483,8215044,0
2016-01-13,17.629,17.656,16.584,16.584,17639729,0
2016-01-14,16.739,17.054,16.355,16.892,15451525,0
2016-01-15,16.307,16.494,16.031,16.385,9932205,0
2016-01-19,16.661,16.69,16.002,16.155,9950002,0
2016-01-20,15.8,15.997,15.263,15.819,17371711,0
2016-01-21,16.039,16.507,15.043,15.052,21647133,0
2016-01-22,15.398,15.485,14.986,15.255,19965440,0
2016-01-25,15.102,15.197,14.26,14.364,22645528,0
2016-01-26,14.488,14.738,14.404,14.575,15439097,0
2016-01-27,14.498,15.187,14.469,14.758,10948171,0
2016-01-28,15.006,15.273,14.777,14.9,10993479,0
2016-01-29,14.968,15.131,14.813,15.121,11228892,0
2016-02-01,15.092,15.131,14.872,15.072,9836100,0
2016-02-02,14.803,14.929,14.535,14.669,8424263,0
2016-02-03,14.881,14.9,14.256,14.699,10840259,0
2016-02-04,14.651,15.082,14.651,14.862,8464231,0
2016-02-05,14.891,15.052,14.6,14.669,10241087,0
2016-02-08,14.404,14.669,13.896,14.169,10121160,0
2016-02-09,13.914,14.364,13.829,14.191,8183563,0
2016-02-10,14.335,14.464,14.029,14.034,9740224,0
2016-02-11,13.608,13.79,13.245,13.34,13133297,0
2016-02-12,13.648,14.251,13.598,14.231,10024867,0
2016-02-16,14.278,15.102,14.278,14.909,12864967,0
2016-02-17,15.072,15.235,14.659,14.748,10111549,0
2016-02-18,14.813,14.986,14.374,14.498,7319172,0
2016-02-19,14.404,14.655,14.269,14.623,6387536,0
2016-02-22,14.803,15.025,14.739,14.996,6284884,0
2016-02-23,14.929,14.968,14.35,14.45,7971824,0
2016-02-24,14.211,14.45,13.932,14.404,7821980,0
2016-02-25,14.498,14.655,14.389,14.642,7131045,0
2016-02-26,14.803,15.23,14.642,15.006,7678230,0
2016-02-29,14.929,14.977,14.545,14.605,7907319,0
2016-03-01,14.728,15.504,14.728,15.465,8503508,0
2016-03-02,15.495,15.79,15.408,15.781,8671374,0
2016-03-03,15.733,16.135,15.694,16.135,6401774,0
2016-03-04,16.337,16.508,16.193,16.393,7397189,0
2016-03-07,16.337,16.385,16.16,16.307,6934477,0
2016-03-08,16.174,16.239,15.876,15.913,7480792,0
2016-03-09,16.021,16.115,15.814,15.885,4774355,0
2016-03-10,16.057,16.212,15.79,16.135,8064252,0
2016-03-11,16.212,16.67,16.212,16.652,6508497,0
2016-03-14,16.557,16.748,16.37,16.547,6516491,0
2016-03-15,16.346,16.489,16.268,16.45,7083829,0
2016-03-16,16.43,16.571,15.997,16.115,10591057,0
2016-03-17,16.057,16.278,15.829,16.249,9287592,0
2016-03-18,16.375,16.69,16.268,16.612,14574393,0
2016-03-21,16.593,16.813,16.508,16.622,6946026,0
2016-03-22,16.46,16.767,16.402,16.632,7352110,0
2016-03-23,16.557,16.622,16.43,16.469,4758519,0
2016-03-24,16.297,16.412,16.057,16.365,6851943,0
2016-03-28,16.421,16.479,16.193,16.355,5011572,0
2016-03-29,16.211,16.211,15.891,16.103,8495260,0
2016-03-30,16.267,16.48,16.173,16.267,4678895,0
2016-03-31,16.248,16.331,15.989,16.094,5780453,0
2016-04-01,15.806,16.219,15.709,16.201,7553512,0
2016-04-04,16.219,16.402,16.036,16.153,6343206,0
2016-04-05,15.91,16.08,15.776,15.855,6523117,0
2016-04-06,15.671,16.055,15.651,15.901,7519999,0
2016-04-07,15.699,15.776,15.448,15.555,11387812,0
2016-04-08,15.806,16.028,15.681,15.719,6161845,0
2016-04-11,15.845,16.153,15.776,15.845,6210325,0
2016-04-12,15.901,16.133,15.853,16.055,6601589,0
2016-04-13,16.219,16.83,16.211,16.788,7266462,0
2016-04-14,16.798,17.308,16.732,17.099,10272673,0
2016-04-15,17.116,17.184,16.962,17.04,7340027,0
2016-04-18,16.876,17.281,16.799,17.069,7274849,0
2016-04-19,17.116,17.477,17.089,17.462,8173042,0
2016-04-20,17.522,17.773,17.348,17.735,9489305,0
2016-04-21,18.121,18.379,17.744,17.869,12100874,0
2016-04-22,17.946,18.051,17.81,17.956,9261531,0
2016-04-25,17.937,17.975,17.624,17.869,5082962,0
2016-04-26,17.917,18.101,17.802,18.071,6729079,0
2016-04-27,18.003,18.205,17.792,18.061,7631520,0
2016-04-28,17.898,18.061,17.715,17.829,5726309,0
2016-04-29,17.763,17.819,17.512,17.656,8579716,0
2016-05-02,17.695,17.819,17.458,17.792,5568952,0
2016-05-03,17.551,17.666,17.145,17.377,4894806,0
2016-05-04,17.273,17.308,16.778,16.916,6021604,0
2016-05-05,16.943,17.03,16.742,16.866,6292103,0
2016-05-06,16.654,16.856,16.604,16.856,5455567,0
2016-05-09,16.866,16.962,16.634,16.712,4572039,0
2016-05-10,16.826,17.174,16.712,17.099,4785755,0
2016-05-11,17,17.313,16.962,17.02,5156937,0
2016-05-12,17.145,17.289,16.808,16.925,4906081,0
2016-05-13,16.886,17.099,16.461,16.539,5807183,0
2016-05-16,16.624,17.01,16.441,16.971,9414411,0
2016-05-17,16.934,17.184,16.732,16.856,6365086,0
2016-05-18,16.866,17.666,16.846,17.629,13448275,0
2016-05-19,17.454,17.7,17.213,17.492,8743399,0
2016-05-20,17.56,17.797,17.492,17.629,6931171,0
2016-05-23,17.58,17.725,17.367,17.482,5939274,0
2016-05-24,17.599,17.908,17.551,17.715,6676285,0
2016-05-25,17.763,18.205,17.763,18.145,6395279,0
2016-05-26,18.158,18.215,17.839,17.937,3979232,0
2016-05-27,18.061,18.186,17.937,18.176,4682945,0
2016-05-31,18.255,18.323,18.081,18.196,7758333,0
2016-06-01,17.956,18.341,17.81,18.341,8644872,0
2016-06-02,18.245,18.632,18.158,18.632,7971219,0
2016-06-03,18.186,18.205,17.685,18.149,8045925,0
2016-06-06,18.215,18.651,18.051,18.515,7594318,0
2016-06-07,18.359,18.542,18.314,18.323,5903133,0
2016-06-08,18.341,18.458,18.265,18.304,4261696,0
2016-06-09,18.149,18.158,17.889,18.061,5434641,0
2016-06-10,17.792,17.884,17.675,17.874,5472866,0
2016-06-13,17.695,17.993,17.636,17.666,5871913,0
2016-06-14,17.551,17.744,17.135,17.193,5880172,0
2016-06-15,17.223,17.758,17.184,17.387,8464032,0
2016-06-16,17.233,17.263,16.952,17.223,6563206,0
2016-06-17,17.253,17.589,17.125,17.56,11277038,0
2016-06-20,17.917,18.205,17.705,17.744,9388177,0
2016-06-21,17.792,17.879,17.551,17.753,10684851,0
2016-06-22,17.744,18.096,17.744,17.792,5404466,0
2016-06-23,18.051,18.438,18.051,18.428,5113373,0
2016-06-24,17.263,17.522,16.876,16.876,11090761,0
2016-06-27,16.585,16.599,15.565,15.681,9660006,0
2016-06-28,16.011,16.214,15.797,16.177,11627280,0
2016-06-29,16.292,16.652,16.117,16.642,11681007,0
2016-06-30,16.797,17.1,16.671,17.1,14898877,0
2016-07-01,16.953,17.122,16.816,16.943,6046860,0
2016-07-05,16.546,16.641,16.137,16.233,5952243,0
2016-07-06,15.942,16.423,15.808,16.302,6739620,0
2016-07-07,16.536,16.661,16.243,16.477,4288117,0
2016-07-08,16.787,16.967,16.716,16.769,5996258,0
2016-07-11,16.925,17.081,16.826,16.934,3342925,0
2016-07-12,17.196,17.401,17.118,17.391,6005220,0
2016-07-13,17.411,17.477,17.196,17.44,6190195,0
2016-07-14,17.827,17.992,17.727,17.926,5914629,0
2016-07-15,18.071,18.091,17.862,18.022,7145342,0
2016-07-18,17.936,18.032,17.847,17.916,3566075,0
2016-07-19,17.867,18.042,17.75,17.896,4051807,0
2016-07-20,17.945,17.965,17.762,17.877,3575579,0
2016-07-21,17.827,17.979,17.702,17.75,6604710,0
2016-07-22,17.808,17.931,17.652,17.916,3607827,0
2016-07-25,17.867,17.992,17.837,17.906,3679285,0
2016-07-26,17.857,18.149,17.741,18.14,5470020,0
2016-07-27,18.121,18.325,18.023,18.131,7654361,0
2016-07-28,18.131,18.481,17.965,18.391,8821218,0
2016-07-29,18.401,18.566,18.251,18.451,5691348,0
2016-08-01,18.518,18.526,18.192,18.256,6233325,0
2016-08-02,18.168,18.301,17.945,18.061,5203121,0
2016-08-03,18.091,18.481,18.091,18.431,5158002,0
2016-08-04,18.471,18.571,18.286,18.343,5259820,0
2016-08-05,18.566,19.024,18.401,19.024,7973571,0
2016-08-08,19.072,19.17,18.839,18.859,5494645,0
2016-08-09,18.83,18.985,18.811,18.859,2967265,0
2016-08-10,18.859,18.936,18.536,18.556,3842956,0
2016-08-11,18.596,18.731,18.526,18.702,3643996,0
2016-08-12,18.586,18.674,18.411,18.576,2913181,0
2016-08-15,18.646,18.926,18.421,18.907,2961354,0
2016-08-16,18.781,18.995,18.781,18.869,3746642,0
2016-08-17,18.849,19,18.791,18.976,5718383,0
2016-08-18,18.956,19.072,18.926,19.024,3860038,0
2016-08-19,19.044,19.092,18.907,19.044,3486302,0
2016-08-22,19.024,19.102,18.936,19.072,3398531,0
2016-08-23,19.121,19.17,18.976,18.976,4432536,0
2016-08-24,19.005,19.102,18.869,18.907,4762692,0
2016-08-25,18.877,19.092,18.801,19.044,4090003,0
2016-08-26,19.121,19.315,19.005,19.14,4613385,0
2016-08-29,19.189,19.374,19.15,19.257,4220838,0
2016-08-30,19.305,19.616,19.219,19.597,6143687,0
2016-08-31,19.616,19.656,19.345,19.597,5330552,0
2016-09-01,19.656,19.704,19.228,19.481,4806336,0
2016-09-02,19.549,19.578,19.345,19.539,4291033,0
2016-09-06,19.569,19.636,19.15,19.315,4457221,0
2016-09-07,19.237,19.5,19.15,19.461,4150608,0
2016-09-08,19.52,19.626,19.394,19.574,3105923,0
2016-09-09,19.539,19.69,19.369,19.374,5166617,0
2016-09-12,19.305,19.694,19.102,19.646,5314999,0
2016-09-13,19.724,19.734,19.209,19.656,13102810,0
2016-09-14,19.734,20.201,19.539,19.801,13395422,0
2016-09-15,19.704,20.093,19.686,19.966,6935495,0
2016-09-16,19.811,19.986,19.734,19.889,10555271,0
2016-09-19,20.016,20.141,19.928,20.055,6546847,0
2016-09-20,20.131,20.21,19.996,20.065,7347933,0
2016-09-21,20.131,20.269,19.965,20.161,7213352,0
2016-09-22,20.296,20.454,20.171,20.219,8022644,0
2016-09-23,20.083,20.521,20.083,20.326,5092962,0
2016-09-26,20.201,20.219,19.861,19.889,7723766,0
2016-09-27,19.791,20.161,19.724,20.141,6860656,0
2016-09-28,20.21,20.26,19.878,20.093,8217390,0
2016-09-29,19.975,20.337,19.692,19.799,8047076,0
2016-09-30,19.907,20.21,19.859,20.015,5514905,0
2016-10-03,19.897,20.161,19.834,19.907,5624724,0
2016-10-04,19.809,20.26,19.809,20.025,9027923,0
2016-10-05,19.995,20.436,19.995,20.288,6903300,0
2016-10-06,20.347,20.483,20.103,20.288,5434792,0
2016-10-07,20.201,20.367,20.035,20.24,5721379,0
2016-10-10,20.307,20.416,20.191,20.23,6237363,0
2016-10-11,19.809,20.307,19.799,19.945,7245266,0
2016-10-12,19.995,20.131,19.9,19.936,5822121,0
2016-10-13,19.731,19.789,19.213,19.31,12596380,0
2016-10-14,19.535,19.721,19.246,19.369,16304119,0
2016-10-17,19.379,19.408,19.144,19.154,8027303,0
2016-10-18,19.525,19.535,19.154,19.437,9030584,0
2016-10-19,19.477,20.24,19.441,20.074,16981233,0
2016-10-20,19.868,20.669,19.859,20.562,17076088,0
2016-10-21,20.416,20.783,20.377,20.748,6189056,0
2016-10-24,20.934,20.994,20.788,20.846,5832738,0
2016-10-25,20.798,20.984,20.728,20.818,6888058,0
2016-10-26,20.768,21.218,20.65,21.198,6676977,0
2016-10-27,21.346,21.589,21.238,21.346,8112299,0
2016-10-28,21.423,21.442,21.017,21.14,5842096,0
2016-10-31,21.266,21.482,21.188,21.286,7114404,0
2016-11-01,21.423,21.602,20.974,21.374,7082474,0
2016-11-02,21.306,21.306,21.017,21.15,6088130,0
2016-11-03,21.188,21.281,20.875,20.954,5530015,0
2016-11-04,20.944,21.075,20.724,20.748,8222805,0
2016-11-07,21.228,21.487,21.208,21.423,5901598,0
2016-11-08,21.336,21.364,21.042,21.179,7243235,0
2016-11-09,21.736,22.625,21.609,22.44,13801559,0
2016-11-10,22.745,23.409,22.589,23.223,13590510,0
2016-11-11,23.183,23.972,23.042,23.948,10343883,0
2016-11-14,24.27,25.053,24.23,24.72,12401952,0
2016-11-15,24.572,25.12,24.124,25.111,9567348,0
2016-11-16,24.642,24.818,24.225,24.358,10783317,0
2016-11-17,24.456,24.896,24.265,24.877,6023378,0
2016-11-18,24.877,25.19,24.725,25.12,5594392,0
2016-11-21,25.19,25.326,25.053,25.287,6179869,0
2016-11-22,25.434,25.614,25.19,25.586,8614064,0
2016-11-23,25.708,26.046,25.512,25.717,10919709,0
2016-11-25,25.805,25.83,25.512,25.571,3212802,0
2016-11-28,25.443,25.61,24.72,24.828,9757010,0
2016-11-29,24.944,25.17,24.753,24.838,6903936,0
2016-11-30,25.326,25.639,25.101,25.453,10651781,0
2016-12-01,25.659,26.119,25.503,25.865,7386106,0
2016-12-02,25.825,25.855,25.262,25.326,8514476,0
2016-12-05,25.659,25.737,25.39,25.522,5722256,0
2016-12-06,25.717,25.767,25.292,25.747,6368993,0
2016-12-07,25.795,26.001,25.517,25.971,8170243,0
2016-12-08,26.167,26.524,25.835,26.393,8138639,0
2016-12-09,26.383,26.412,26.041,26.305,6654598,0
2016-12-12,26.314,26.398,25.894,25.962,7242119,0
2016-12-13,26.138,26.295,25.762,26.177,6130079,0
2016-12-14,25.943,26.715,25.777,26.323,9331169,0
2016-12-15,26.452,26.725,26.236,26.608,6826057,0
2016-12-16,26.509,26.824,26.157,26.217,7913334,0
2016-12-19,26.138,26.667,26.07,26.638,6391405,0
2016-12-20,26.784,27.267,26.667,27.196,4929929,0
2016-12-21,27.224,27.234,27,27.087,3261314,0
2016-12-22,27.126,27.176,26.853,27.02,3456833,0
2016-12-23,27.048,27.087,26.853,27.077,2267583,0
2016-12-27,27.087,27.214,27.029,27.156,2365729,0
2016-12-28,27.166,27.234,26.767,26.802,2866673,0
2016-12-29,26.842,26.88,26.152,26.281,5445843,0
2016-12-30,26.379,26.625,26.182,26.516,4985382,0
2017-01-03,26.87,27.096,26.369,26.595,6418374,0
2017-01-04,26.645,27.136,26.595,26.959,4631957,0
2017-01-05,26.822,26.89,26.104,26.182,7699167,0
2017-01-06,26.389,26.615,26.162,26.418,6028508,0
2017-01-09,26.281,26.483,26.074,26.311,3782979,0
2017-01-10,26.399,26.855,26.281,26.615,4750146,0
2017-01-11,26.379,26.645,26.231,26.635,5745747,0
2017-01-12,26.526,26.605,26.094,26.458,4487374,0
2017-01-13,26.556,27.224,26.546,26.832,5026892,0
2017-01-17,26.566,26.605,25.258,25.593,13675432,0
2017-01-18,25.711,25.897,25.426,25.887,9395207,0
2017-01-19,25.966,26.152,25.529,25.553,5549031,0
2017-01-20,25.73,25.99,25.631,25.848,5402148,0
2017-01-23,25.848,26.124,25.711,26.055,7592521,0
2017-01-24,26.281,26.311,25.229,26.152,11918805,0
2017-01-25,26.349,26.536,26.172,26.458,9632407,0
2017-01-26,26.566,26.792,26.428,26.655,5119589,0
2017-01-27,26.743,26.771,26.222,26.311,4821920,0
2017-01-30,26.134,26.152,25.524,25.887,6383678,0
2017-01-31,25.573,25.957,25.573,25.661,8303655,0
2017-02-01,25.927,26.152,25.656,25.798,6219647,0
2017-02-02,25.534,25.651,25.327,25.504,6055045,0
2017-02-03,26.015,26.222,25.706,26.074,6420015,0
2017-02-06,25.985,26.408,25.917,26.311,6176366,0
2017-02-07,26.389,26.428,25.858,26.045,4927669,0
2017-02-08,25.789,25.878,25.249,25.464,6972542,0
2017-02-09,25.563,25.887,25.426,25.711,7571764,0
2017-02-10,25.937,26.212,25.77,26.064,4752899,0
2017-02-13,26.231,26.488,26.172,26.291,4010674,0
2017-02-14,26.251,27.116,26.192,27.087,6382912,0
2017-02-15,27.313,27.313,26.827,27.101,6413595,0
2017-02-16,27.077,27.205,26.959,27.136,5489935,0
2017-02-17,26.919,27.087,26.772,27.077,3892484,0
2017-02-21,27.196,27.353,26.959,27.106,4711661,0
2017-02-22,26.959,27.126,26.812,27.037,5999943,0
2017-02-23,27.136,27.136,26.683,27.009,4653356,0
2017-02-24,26.752,26.88,26.566,26.86,5545723,0
2017-02-27,26.919,27.273,26.782,27.106,4234424,0
2017-02-28,27.037,27.156,26.851,26.979,6113627,0
2017-03-01,27.401,28.482,27.363,28.267,7901314,0
2017-03-02,28.295,28.355,27.263,27.273,6529378,0
2017-03-03,27.146,27.52,27.067,27.373,5086456,0
2017-03-06,27.077,27.224,26.693,27.077,5094657,0
2017-03-07,27.047,27.176,26.802,26.91,4440999,0
2017-03-08,27.323,27.382,26.86,26.91,5487048,0
2017-03-09,26.999,27.313,26.929,27.028,3529357,0
2017-03-10,27.205,27.303,26.192,26.703,7805117,0
2017-03-13,26.526,26.772,26.448,26.506,4294298,0
2017-03-14,26.291,26.516,25.887,26.301,4615878,0
2017-03-15,26.625,26.625,25.848,26.005,4791105,0
2017-03-16,26.134,26.349,25.98,26.202,5514540,0
2017-03-17,26.212,26.32,25.78,25.907,9265071,0
2017-03-20,25.887,26.114,25.691,25.745,6586169,0
2017-03-21,25.927,25.927,24.363,24.492,10137242,0
2017-03-22,24.442,24.717,23.891,24.422,7999276,0
2017-03-23,24.344,24.958,24.245,24.639,7201113,0
2017-03-24,24.669,24.766,24.255,24.472,5980832,0
2017-03-27,23.871,24.363,23.612,24.315,5857443,0
2017-03-28,24.098,25.042,24.098,24.816,5993052,0
2017-03-29,24.855,24.989,24.558,24.756,6575391,0
2017-03-30,24.736,25.587,24.668,25.438,5952452,0
2017-03-31,25.29,25.409,25.102,25.112,3356412,0
2017-04-03,25.25,25.28,24.709,25.004,5745231,0
2017-04-04,24.855,25.167,24.806,25.063,4249038,0
2017-04-05,25.33,25.468,24.608,24.618,4333251,0
2017-04-06,24.648,25.072,24.41,24.894,3991041,0
2017-04-07,24.697,24.954,24.558,24.726,5393210,0
2017-04-10,24.816,24.894,24.346,24.519,4681857,0
2017-04-11,24.38,24.5,23.967,24.41,7473019,0
2017-04-12,24.361,24.41,23.906,24.054,6127796,0
2017-04-13,23.966,24.232,23.64,23.658,6697259,0
2017-04-17,23.678,24.222,23.505,24.124,5697362,0
2017-04-18,23.936,24.124,23.56,23.738,5557914,0
2017-04-19,23.976,24.212,23.798,23.936,5659591,0
2017-04-20,24.034,24.781,24.034,24.668,7680625,0
2017-04-21,24.578,24.894,24.232,24.341,5553284,0
2017-04-24,25.063,25.29,24.865,25.043,7392403,0
2017-04-25,25.112,25.3,24.583,24.726,8973058,0
2017-04-26,24.766,24.994,24.628,24.687,8742593,0
2017-04-27,24.756,24.766,24.134,24.37,7677880,0
2017-04-28,24.341,24.568,24.144,24.154,4935804,0
2017-05-01,24.302,24.687,24.104,24.51,7262098,0
2017-05-02,24.529,24.588,24.049,24.183,5181848,0
2017-05-03,24.074,24.51,23.995,24.44,6372671,0
2017-05-04,24.658,24.875,24.42,24.628,6336181,0
2017-05-05,24.717,24.756,24.43,24.519,3345579,0
2017-05-08,24.49,24.756,24.47,24.658,3086590,0
2017-05-09,24.726,24.875,24.43,24.558,4901715,0
2017-05-10,24.48,24.638,24.312,24.351,6408742,0
2017-05-11,24.222,24.39,23.916,24.164,4645345,0
2017-05-12,23.916,24.024,23.53,23.886,6209316,0
2017-05-15,23.916,24.37,23.818,24.361,5659375,0
2017-05-16,24.361,24.668,24.341,24.618,5898737,0
2017-05-17,23.946,24.232,23.303,23.51,9514478,0
2017-05-18,23.48,23.788,23.274,23.55,7511820,0
2017-05-19,23.59,24.134,23.495,23.906,6301841,0
2017-05-22,24.005,24.292,23.866,24.114,5415643,0
2017-05-23,24.212,24.534,23.956,24.46,5450319,0
2017-05-24,24.45,24.48,24.034,24.202,6610846,0
2017-05-25,24.262,24.578,24.114,24.192,5049219,0
2017-05-26,24.173,24.252,23.961,23.986,4706890,0
2017-05-30,23.886,23.926,23.472,23.778,4900374,0
2017-05-31,23.798,23.822,23.303,23.472,9476911,0
2017-06-01,23.026,23.817,22.938,23.758,6398530,0
2017-06-02,23.55,23.65,23.327,23.372,8234181,0
2017-06-05,23.55,23.798,23.422,23.432,7162442,0
2017-06-06,23.184,23.485,22.966,23.352,7010825,0
2017-06-07,23.5,23.728,23.372,23.605,6259325,0
2017-06-08,23.55,24.45,23.505,24.054,6432400,0
2017-06-09,24.173,24.855,24.173,24.776,8108957,0
2017-06-12,24.776,25.27,24.618,24.904,7056823,0
2017-06-13,25.082,25.28,24.885,25.043,5549673,0
2017-06-14,24.598,25.36,24.568,25.29,8485646,0
2017-06-15,25.053,25.379,24.954,25.192,4395616,0
2017-06-16,24.816,25.29,24.796,25.182,6361031,0
2017-06-19,25.33,25.616,25.211,25.3,3960483,0
2017-06-20,25.29,25.399,24.954,25.27,5979973,0
2017-06-21,25.32,25.379,25.024,25.102,6759355,0
2017-06-22,25.063,25.082,24.598,24.855,5921791,0
2017-06-23,25.033,25.072,24.302,24.38,7705700,0
2017-06-26,24.4,24.771,24.312,24.539,3444822,0
2017-06-27,24.717,25.053,24.548,24.806,5397744,0
2017-06-28,25.084,25.422,25.039,25.343,5767189,0
2017-06-29,26.049,26.536,25.765,25.919,10192210,0
2017-06-30,26.088,26.198,25.621,25.8,5808154,0
2017-07-03,26.039,26.566,25.989,26.327,2947781,0
2017-07-05,26.367,26.605,26.163,26.426,5010929,0
2017-07-06,26.397,26.71,26.287,26.307,5351870,0
2017-07-07,26.397,26.469,26.153,26.327,4016308,0
2017-07-10,26.228,26.426,26.058,26.188,4979493,0
2017-07-11,26.198,26.337,25.86,26.039,6399985,0
2017-07-12,25.83,26.088,25.76,25.959,4882383,0
2017-07-13,26.029,26.138,25.909,26.138,4292145,0
2017-07-14,25.78,26.004,25.492,25.929,5422177,0
2017-07-17,25.85,26.133,25.72,26.009,4513308,0
2017-07-18,25.651,25.82,25.432,25.671,5372876,0
2017-07-19,25.75,25.85,25.437,25.651,6308859,0
2017-07-20,25.691,25.8,25.273,25.343,8618272,0
2017-07-21,25.462,26.237,25.363,26.029,9473599,0
2017-07-24,26.078,26.317,25.969,26.287,5760719,0
2017-07-25,26.705,26.918,26.347,26.446,13175538,0
2017-07-26,26.327,26.556,25.919,26.029,7299848,0
2017-07-27,26.078,26.228,25.84,25.989,5529862,0
2017-07-28,25.989,26.277,25.831,26.228,5586805,0
2017-07-31,26.317,26.635,26.247,26.546,4828274,0
2017-08-01,26.665,26.784,26.446,26.764,5301922,0
2017-08-02,26.725,26.854,26.625,26.804,4437204,0
2017-08-03,26.715,26.824,26.595,26.745,5964747,0
2017-08-04,26.943,27.435,26.874,27.013,5546053,0
2017-08-07,27.013,27.053,26.764,26.874,3606127,0
2017-08-08,26.844,27.699,26.764,27.291,6788926,0
2017-08-09,27.003,27.142,26.814,26.983,5915526,0
2017-08-10,26.705,26.794,26.178,26.228,5313985,0
2017-08-11,26.387,26.516,25.83,25.959,4359250,0
2017-08-14,26.237,26.595,26.218,26.526,3448133,0
2017-08-15,26.615,27.192,26.615,26.864,5683738,0
2017-08-16,26.973,27.073,26.546,26.675,7637664,0
2017-08-17,26.645,26.754,26.058,26.108,8045345,0
2017-08-18,25.999,26.387,25.969,26.178,8600847,0
2017-08-21,26.178,26.237,25.979,26.058,4110774,0
2017-08-22,26.138,26.466,26.138,26.466,5218461,0
2017-08-23,26.218,26.64,26.118,26.446,3613575,0
2017-08-24,26.556,26.754,26.503,26.695,3712592,0
2017-08-25,26.764,26.844,26.506,26.516,4278735,0
2017-08-28,26.575,26.675,26.317,26.436,4874031,0
2017-08-29,26.178,26.277,25.949,26.108,4309923,0
2017-08-30,26.128,26.337,26.098,26.148,3927977,0
2017-08-31,26.228,26.337,25.939,25.979,4778780,0
2017-09-01,26.029,26.451,25.969,26.257,3424854,0
2017-09-05,26.148,26.237,25.591,25.641,5602236,0
2017-09-06,25.82,25.899,25.477,25.621,4544631,0
2017-09-07,25.601,25.651,24.512,24.826,7934088,0
2017-09-08,24.925,25.184,24.716,24.955,5566478,0
2017-09-11,25.233,25.691,25.213,25.551,4794895,0
2017-09-12,25.651,26.148,25.601,26.029,3303060,0
2017-09-13,25.87,26.267,25.85,26.178,4519366,0
2017-09-14,26.198,26.337,25.929,26.158,4196379,0
2017-09-15,26.029,26.367,25.83,26.367,8025893,0
2017-09-18,26.456,26.829,26.397,26.715,5924458,0
2017-09-19,26.735,27.112,26.675,27.023,4890724,0
2017-09-20,26.963,27.371,26.784,27.252,4388516,0
2017-09-21,27.212,27.52,27.212,27.381,3949903,0
2017-09-22,27.242,27.391,27.043,27.152,4685459,0
2017-09-25,27.132,27.311,26.824,26.983,8930218,0
2017-09-26,27.053,27.321,26.973,27.232,3861663,0
2017-09-27,27.669,27.774,27.361,27.52,6331745,0
2017-09-28,27.62,27.68,27.3245,27.59,5493883,0
2017-09-29,27.58,28.06,27.4865,27.98,4977930,0
2017-10-02,27.76,27.98,27.595,27.87,4010141,0
2017-10-03,27.94,28.04,27.72,27.9,3477881,0
2017-10-04,27.94,28.02,27.785,27.81,3459656,0
2017-10-05,27.8,28.3,27.645,28.22,3279922,0
2017-10-06,28.26,28.45,27.99,28.19,3475826,0
2017-10-09,28.29,28.29,28.02,28.13,2248656,0
2017-10-10,28.18,28.43,28.07,28.42,2423574,0
2017-10-11,28.43,28.43,28.12,28.26,2833989,0
2017-10-12,28.41,28.41,28.01,28.15,6086753,0
2017-10-13,28.11,28.28,27.72,28.06,7080182,0
2017-10-16,28.01,28.37,28.01,28.37,4003125,0
2017-10-17,28.38,28.4,27.94,27.97,4497429,0
2017-10-18,28.04,28.18,27.91,28.07,3693636,0
2017-10-19,27.85,28.34,27.77,28.28,3545394,0
2017-10-20,28.61,28.66,28.43,28.6,3917086,0
2017-10-23,28.59,28.65,28.37,28.43,4892537,0
2017-10-24,27.99,28.71,27.99,28.6,7734860,0
2017-10-25,28.88,29.22,28.41,28.58,6990167,0
2017-10-26,28.64,29.01,28.495,28.85,5313936,0
2017-10-27,28.79,29.09,28.76,29.07,4245481,0
2017-10-30,28.88,29.21,28.81,29.01,4996573,0
2017-10-31,28.95,29.18,28.84,28.9,4594807,0
2017-11-01,29.07,29.23,28.89,28.96,3649760,0
2017-11-02,28.93,29.39,28.76,29.26,4086956,0
2017-11-03,29.16,29.26,29.05,29.12,3605249,0
2017-11-06,29.09,29.33,28.99,29.24,2985631,0
2017-11-07,29.23,29.37,28.42,28.46,4904942,0
2017-11-08,28.16,28.5,28.15,28.3,6401572,0
2017-11-09,28.09,28.42,27.79,28.01,6229928,0
2017-11-10,28.08,28.56,27.65,27.67,6775204,0
