2016-01-04,40.232,40.843,39.745,40.824,976306,0
2016-01-05,40.843,40.883,39.599,39.961,1011104,0
2016-01-06,39.162,39.58,38.852,39.144,2314622,0
2016-01-07,38.529,38.609,37.919,38.172,2048303,0
2016-01-08,37.87,38.366,36.909,36.957,1559333,0
2016-01-11,37.044,37.151,36.228,36.752,1365222,0
2016-01-12,37.19,37.316,36.179,36.947,1310090,0
2016-01-13,37.171,37.691,36.305,36.344,1669605,0
2016-01-14,36.529,36.685,35.693,36.13,2456439,0
2016-01-15,35.033,35.206,34.661,34.993,2596255,0
2016-01-19,35.043,36.16,33.915,34.401,1391371,0
2016-01-20,33.634,34.715,32.904,34.527,2635699,0
2016-01-21,34.392,35.315,33.91,34.82,1850729,0
2016-01-22,35.712,36.48,35.44,35.975,1870992,0
2016-01-25,35.762,35.956,34.859,34.906,1119421,0
2016-01-26,35.596,36.432,35.158,36.305,1267950,0
2016-01-27,36.256,36.976,35.762,35.975,1247103,0
2016-01-28,36.714,37.783,35.887,36.462,1137420,0
2016-01-29,36.676,37.607,36.578,37.549,1123983,0
2016-02-01,36.976,37.438,36.063,37.287,1111159,0
2016-02-02,34.254,36.266,34.254,36.005,2976256,0
2016-02-03,36.422,37.424,35.81,37.345,1628302,0
2016-02-04,37.404,39.989,36.685,39.172,2509414,0
2016-02-05,38.969,39.852,38.706,39.57,1315966,0
2016-02-08,38.997,39.668,38.609,39.249,1164589,0
2016-02-09,38.492,39.269,38.23,38.473,1247688,0
2016-02-10,38.326,39.065,37.773,38.113,944194,0
2016-02-11,37.316,38.939,36.966,38.687,1637850,0
2016-02-12,39.222,40.377,38.978,39.668,1137565,0
2016-02-16,40.212,40.775,39.376,40.746,1403911,0
2016-02-17,41.009,42.194,40.878,41.971,1620091,0
2016-02-18,42.001,42.126,41.426,41.931,1274363,0
2016-02-19,41.048,41.048,39.376,40.222,2417708,0
2016-02-22,40.504,42.078,40.338,42.078,1673543,0
2016-02-23,41.806,42.369,41.019,41.028,1030389,0
2016-02-24,40.328,40.795,39.522,40.727,1393242,0
2016-02-25,40.93,41.165,40.075,40.437,1767249,0
2016-02-26,40.999,41.631,40.455,41.096,1404307,0
2016-02-29,41.048,41.495,40.815,40.833,1478221,0
2016-03-01,41.426,41.884,40.727,41.621,1095469,0
2016-03-02,41.495,41.941,41.272,41.902,1569395,0
2016-03-03,41.844,42.447,41.698,42.282,1137877,0
2016-03-04,42.495,43.398,42.107,42.883,790134,0
2016-03-07,42.837,44.351,42.594,44.332,1241187,0
2016-03-08,43.827,43.855,42.748,42.778,1627960,0
2016-03-09,43.107,43.107,42.515,42.71,521561,0
2016-03-10,42.729,42.748,41.912,42.66,1030215,0
2016-03-11,43.214,43.953,43.099,43.904,912894,0
2016-03-14,43.527,44.256,43.304,43.904,1385075,0
2016-03-15,43.379,43.379,42.287,42.67,824023,0
2016-03-16,42.67,43.671,42.388,43.35,2004870,0
2016-03-17,43.517,44.896,43.517,44.682,2072108,0
2016-03-18,44.984,45.78,44.901,45.488,1627706,0
2016-03-21,45.265,45.984,45.264,45.877,937946,0
2016-03-22,45.556,46.072,45.238,45.546,832335,0
2016-03-23,45.252,45.342,43.37,43.379,1502363,0
2016-03-24,42.891,43.068,42.277,43.068,2001813,0
2016-03-28,43.107,43.155,42.394,42.844,784281,0
2016-03-29,42.541,43.111,41.965,43.059,986244,0
2016-03-30,43.457,43.576,42.628,42.969,1495787,0
2016-03-31,43.009,43.36,42.492,43.331,1487066,0
2016-04-01,42.853,43.009,41.847,42.844,1363368,0
2016-04-04,42.433,42.551,41.35,41.527,1874053,0
2016-04-05,41.028,41.243,40.687,41.076,1466762,0
2016-04-06,41.253,41.379,40.51,41.273,1718200,0
2016-04-07,41.048,41.389,40.95,41.096,1271226,0
2016-04-08,41.575,42.355,41.053,41.184,958062,0
2016-04-11,41.36,41.847,41.106,41.273,898135,0
2016-04-12,41.457,42.565,41.326,42.249,1250046,0
2016-04-13,42.667,43.388,42.326,43.37,854027,0
2016-04-14,43.303,43.761,43.097,43.323,655953,0
2016-04-15,43.155,43.379,42.989,43.204,600377,0
2016-04-18,42.59,43.408,42.501,43.36,695454,0
2016-04-19,43.771,45.098,43.721,44.902,1377289,0
2016-04-20,45.068,45.882,44.834,45.702,1448327,0
2016-04-21,45.711,45.858,45.38,45.477,1488490,0
2016-04-22,45.536,45.955,45.399,45.858,1107524,0
2016-04-25,45.711,45.994,44.921,45.028,855963,0
2016-04-26,45.39,45.829,44.912,45.75,1526865,0
2016-04-27,45.917,46.765,45.556,46.678,1321103,0
2016-04-28,46.356,46.839,45.653,45.73,1856605,0
2016-04-29,46.268,48.316,45.984,47.624,2732101,0
2016-05-02,47.702,48.024,46.814,47.77,1290418,0
2016-05-03,47.352,47.381,46.19,46.854,1358221,0
2016-05-04,46.735,46.951,45.078,45.233,1487884,0
2016-05-05,45.496,45.82,44.667,44.726,1505612,0
2016-05-06,44.648,45.262,44.375,45.136,1196730,0
2016-05-09,44.697,44.902,43.925,44.159,1036673,0
2016-05-10,44.423,45.262,44.224,45.194,849728,0
2016-05-11,45.243,45.79,45.058,45.39,1069042,0
2016-05-12,45.711,46.067,44.687,44.863,1497118,0
2016-05-13,44.774,45.174,44.025,44.278,1032192,0
2016-05-16,44.667,45.204,44.54,44.658,1013706,0
2016-05-17,44.599,45.204,44.452,44.774,932867,0
2016-05-18,44.493,44.98,44.189,44.473,1234398,0
2016-05-19,44.365,44.418,43.447,43.819,685416,0
2016-05-20,44.239,44.756,44.209,44.707,881169,0
2016-05-23,44.56,44.94,44.375,44.794,598576,0
2016-05-24,45.088,45.82,44.941,45.663,910025,0
2016-05-25,45.927,47.487,45.721,47.361,1738762,0
2016-05-26,47.506,47.81,47.184,47.243,1063978,0
2016-05-27,47.243,47.352,46.658,46.969,723656,0
2016-05-31,47.009,47.458,46.6,46.96,996882,0
2016-06-01,46.57,47.078,46.161,46.989,826718,0
2016-06-02,46.784,47.79,46.765,47.79,970415,0
2016-06-03,47.81,48.024,47.243,47.966,880348,0
2016-06-06,48.278,50.005,48.054,49.829,1746681,0
2016-06-07,49.849,50.804,49.741,50.513,1516654,0
2016-06-08,50.873,51.225,50.57,51.049,1273005,0
2016-06-09,50.56,51.019,50.355,51,829275,0
2016-06-10,50.355,50.355,49.419,49.595,777283,0
2016-06-13,49.341,49.566,48.717,48.737,945289,0
2016-06-14,48.609,49.263,48.306,48.99,1142007,0
2016-06-15,49.137,49.391,48.629,48.707,1053431,0
2016-06-16,48.306,48.425,47.262,48.209,984331,0
2016-06-17,48.473,49.204,48.131,48.784,976487,0
2016-06-20,49.556,49.721,49.166,49.195,1355774,0
2016-06-21,49.087,49.166,48.366,48.56,1036054,0
2016-06-22,48.992,49.099,48.468,48.493,1306543,0
2016-06-23,49.374,49.619,49.075,49.247,1955699,0
2016-06-24,46.983,47.337,44.389,44.564,3052471,0
2016-06-27,43.692,43.957,41.969,42.116,2297762,0
2016-06-28,42.87,43.222,41.979,42.625,2147001,0
2016-06-29,43.242,43.742,42.889,43.477,1767717,0
2016-06-30,43.585,44.242,43.159,44.242,1410736,0
2016-07-01,44.162,44.849,44.114,44.516,1357743,0
2016-07-05,44.094,44.104,43.017,43.262,1475793,0
2016-07-06,42.987,43.977,42.644,43.947,1871909,0
2016-07-07,44.192,44.859,43.83,44.027,1352052,0
2016-07-08,44.634,45.014,44.501,44.849,3048205,0
2016-07-11,45.133,45.564,44.908,45.221,1329329,0
2016-07-12,45.828,46.94,45.814,46.837,2001749,0
2016-07-13,46.867,47.141,46.436,46.729,2305997,0
2016-07-14,47.347,47.757,47.238,47.601,4122616,0
2016-07-15,47.659,47.904,47.512,47.562,1314470,0
2016-07-18,47.396,47.592,47.122,47.317,1297854,0
2016-07-19,47.003,47.082,46.416,46.513,942031,0
2016-07-20,46.484,47.214,45.819,46.945,1530109,0
2016-07-21,46.777,47.444,46.377,46.494,1498013,0
2016-07-22,46.426,46.743,46.018,46.7,882913,0
2016-07-25,46.269,46.494,45.837,46.387,851100,0
2016-07-26,46.337,47.669,46.337,47.601,935206,0
2016-07-27,47.689,48.463,47.689,48.434,1784386,0
2016-07-28,48.287,48.59,47.875,48.384,1859172,0
2016-07-29,48.12,48.139,46.209,46.867,2749871,0
2016-08-01,46.602,46.671,44.731,45.014,1992546,0
2016-08-02,44.976,45.044,44.339,44.692,2158844,0
2016-08-03,44.554,45.799,44.506,45.436,1292051,0
2016-08-04,45.378,46.072,45.378,45.622,959822,0
2016-08-05,45.71,46.024,45.475,45.927,724615,0
2016-08-08,46.2,46.69,46.162,46.504,1095849,0
2016-08-09,46.436,46.763,45.937,46.181,765554,0
2016-08-10,46.327,46.446,45.749,45.984,704716,0
2016-08-11,46.288,47.189,46.054,46.837,1006639,0
2016-08-12,46.748,46.758,46.279,46.513,579821,0
2016-08-15,46.69,47.386,46.69,47.277,624668,0
2016-08-16,47.102,47.424,46.827,47.357,994503,0
2016-08-17,47.454,47.649,47.122,47.601,1029756,0
2016-08-18,47.679,47.845,47.444,47.845,560175,0
2016-08-19,47.64,48.619,47.63,48.247,1382499,0
2016-08-22,47.954,48.022,47.444,47.894,652825,0
2016-08-23,48.159,48.531,48.042,48.228,706763,0
2016-08-24,47.855,48.247,47.572,47.689,500988,0
2016-08-25,47.562,47.762,47.317,47.649,649515,0
2016-08-26,47.787,48.404,47.612,48.12,876632,0
2016-08-29,48.022,48.639,47.669,48.404,543541,0
2016-08-30,48.394,48.639,47.924,48.022,460374,0
2016-08-31,47.797,47.836,46.896,47.376,703702,0
2016-09-01,47.317,47.532,46.454,47.082,601243,0
2016-09-02,47.502,47.949,47.277,47.767,421617,0
2016-09-06,47.817,47.992,46.983,47.102,534819,0
2016-09-07,46.935,47.032,46.69,46.993,524880,0
2016-09-08,46.926,47.272,46.523,47.092,586438,0
2016-09-09,46.426,46.926,45.289,45.289,1140325,0
2016-09-12,44.672,46.397,44.672,46.229,741764,0
2016-09-13,45.466,45.974,44.946,45.133,507750,0
2016-09-14,45.034,45.388,44.869,45.133,561256,0
2016-09-15,45.163,45.965,45.024,45.809,511532,0
2016-09-16,45.348,45.779,44.937,45.701,1069171,0
2016-09-19,46.034,46.562,46.004,46.298,798591,0
2016-09-20,46.317,46.622,45.475,45.485,702660,0
2016-09-21,45.729,46.219,45.544,46.152,772176,0
2016-09-22,46.758,47.277,46.709,47.179,449403,0
2016-09-23,46.817,46.886,45.211,45.231,1335686,0
2016-09-26,45.221,45.221,44.477,44.516,1182970,0
2016-09-27,44.074,44.937,43.811,44.878,1390255,0
2016-09-28,45.085,46.481,44.996,46.423,1040170,0
2016-09-29,46.393,47.131,46.206,46.549,1871164,0
2016-09-30,46.855,47.691,46.8,47.445,1695909,0
2016-10-03,47.17,47.769,46.885,47.397,924392,0
2016-10-04,47.947,47.947,46.717,46.934,759245,0
2016-10-05,47.405,48.005,47.307,47.445,1490887,0
2016-10-06,47.357,47.357,46.649,47.091,872218,0
2016-10-07,46.992,46.992,45.655,45.979,738124,0
2016-10-10,46.225,46.225,45.341,45.537,957864,0
2016-10-11,45.438,45.438,44.061,44.259,1156433,0
2016-10-12,44.121,44.377,43.806,43.835,962478,0
2016-10-13,43.265,43.285,42.645,42.969,1990889,0
2016-10-14,43.325,43.491,42.311,42.675,1868406,0
2016-10-17,42.763,42.843,42.36,42.399,1227742,0
2016-10-18,42.271,42.577,41.711,42.223,1986053,0
2016-10-19,42.479,44.297,42.262,43.717,2483243,0
2016-10-20,43.354,44.052,42.705,43.009,1382036,0
2016-10-21,42.389,43.157,41.957,42.881,1030204,0
2016-10-24,43.108,43.392,42.577,42.753,862319,0
2016-10-25,42.743,42.753,42.148,42.479,1315672,0
2016-10-26,42.203,43.491,42.193,43.039,1187468,0
2016-10-27,43.374,43.402,42.597,42.793,1690416,0
2016-10-28,38.721,42.271,38.485,41.515,3522481,0
2016-10-31,41.731,42.341,41.475,41.651,1640351,0
2016-11-01,41.907,41.907,40.845,41.415,1695768,0
2016-11-02,41.151,41.289,40.707,40.905,1761138,0
2016-11-03,41.072,41.269,40.669,40.993,942198,0
2016-11-04,40.943,41.229,40.353,40.669,1459796,0
2016-11-07,41.544,41.878,40.963,41.347,1232192,0
2016-11-08,41.209,41.593,40.845,41.169,1511653,0
2016-11-09,40.943,43.816,40.943,43.461,1753948,0
2016-11-10,43.865,45.281,43.855,45.182,1853752,0
2016-11-11,45.105,45.861,44.533,45.075,1622324,0
2016-11-14,45.38,46.225,44.485,44.917,1611496,0
2016-11-15,44.908,45.045,44.278,44.869,1310165,0
2016-11-16,44.623,45.065,44.297,44.888,1279230,0
2016-11-17,45.095,46.245,44.799,44.986,959579,0
2016-11-18,44.917,45.331,44.854,45.222,1336213,0
2016-11-21,45.606,46.265,45.586,45.832,873627,0
2016-11-22,45.96,46.177,45.714,46.009,858763,0
2016-11-23,45.841,46.363,45.753,46.067,1349107,0
2016-11-25,46.019,46.117,45.743,46.117,404473,0
2016-11-28,45.969,46.077,45.606,45.714,1096698,0
2016-11-29,45.291,45.291,44.15,44.297,1048424,0
2016-11-30,45.105,47.277,45.005,46.669,1765472,0
2016-12-01,47.337,49.933,47.021,49.028,3502990,0
2016-12-02,49.068,49.107,48.193,48.606,1841693,0
2016-12-05,49.176,49.176,47.995,48.193,1384949,0
2016-12-06,47.779,48.96,47.622,48.93,2152466,0
2016-12-07,48.881,50.41,48.881,50.219,1849589,0
2016-12-08,50.435,50.611,49.697,50.189,890226,0
2016-12-09,50.279,50.877,50.109,50.867,833038,0
2016-12-12,50.306,51.222,50.084,50.189,1939170,0
2016-12-13,50.601,50.701,49.411,49.727,1384076,0
2016-12-14,49.599,50.306,48.261,48.429,1375990,0
2016-12-15,48.271,48.655,47.799,48.163,1705296,0
2016-12-16,48.232,48.488,47.327,47.405,1774061,0
2016-12-19,47.425,47.749,46.855,47.691,667155,0
2016-12-20,47.927,48.399,47.593,48.261,752042,0
2016-12-21,48.34,48.861,47.937,48.566,1206132,0
2016-12-22,48.556,48.675,48.256,48.35,836593,0
2016-12-23,48.3,48.497,47.976,48.015,438889,0
2016-12-27,48.183,48.777,48.114,48.625,990613,0
2016-12-28,48.783,49.187,47.875,47.894,762117,0
2016-12-29,47.806,48.063,47.203,47.44,470347,0
2016-12-30,47.657,47.766,47.193,47.44,503788,0
2017-01-03,47.993,48.841,47.796,48.388,1003220,0
2017-01-04,48.625,49,48.457,48.931,601054,0
2017-01-05,48.753,49.366,47.855,48.033,1191254,0
2017-01-06,48.26,48.526,47.647,48.24,985186,0
2017-01-09,47.786,48.27,47.49,47.894,750982,0
2017-01-10,48.102,48.526,47.687,48.388,517440,0
2017-01-11,48.546,49.08,48.181,49,881187,0
2017-01-12,49.02,49.02,47.697,48.684,1273128,0
2017-01-13,48.684,49.583,48.684,49.129,693387,0
2017-01-17,49.06,49.424,48.526,48.902,1123032,0
2017-01-18,48.862,49.336,48.566,49.227,646832,0
2017-01-19,49.405,50.047,49.08,49.691,886515,0
2017-01-20,50.028,50.432,49.454,49.623,1300888,0
2017-01-23,49.948,50.067,48.892,49.366,886306,0
2017-01-24,49.731,50.512,49.514,50.303,1377414,0
2017-01-25,50.452,51.232,50.303,51.192,1488595,0
2017-01-26,51.153,51.439,50.57,50.886,1466457,0
2017-01-27,50.787,51.014,50.58,50.787,1174152,0
2017-01-30,50.729,50.729,49.292,49.84,1254002,0
2017-01-31,49.593,49.675,48.21,48.536,1770709,0
2017-02-01,48.665,49.227,48.191,48.645,1116449,0
2017-02-02,48.329,48.477,47.352,47.579,2089654,0
2017-02-03,47.717,48.24,47.609,48.033,1762318,0
2017-02-06,47.756,48.28,47.372,47.746,962129,0
2017-02-07,48.003,49.02,47.885,48.96,1905416,0
2017-02-08,48.694,50.521,48.398,49.988,2865943,0
2017-02-09,50.225,50.599,49.918,50.038,1482233,0
2017-02-10,50.303,50.55,50.038,50.313,2335824,0
2017-02-13,50.55,51.163,50.55,50.846,1428746,0
2017-02-14,50.55,50.866,50.145,50.285,1741713,0
2017-02-15,50.145,50.599,49.988,50.55,2033484,0
2017-02-16,50.699,50.926,49.888,50.165,2284039,0
2017-02-17,47.885,49.395,47.569,47.756,5159467,0
2017-02-21,47.589,48.586,47.539,47.766,2151381,0
2017-02-22,47.499,48.131,47.307,48.033,2010352,0
2017-02-23,48.27,48.447,46.127,46.187,2380581,0
2017-02-24,45.762,47.125,45.416,47.115,2441702,0
2017-02-27,47.055,47.41,46.671,47.332,1074944,0
2017-02-28,47.174,47.362,45.732,45.86,1607652,0
2017-03-01,46.601,47.766,46.601,47.48,1484346,0
2017-03-02,47.342,47.549,46.334,46.434,1704406,0
2017-03-03,46.493,46.676,45.782,45.93,1018293,0
2017-03-06,45.456,45.84,45.357,45.565,1085245,0
2017-03-07,45.633,45.9,45.298,45.416,1201961,0
2017-03-08,45.485,45.782,45.219,45.387,2248397,0
2017-03-09,45.268,45.357,44.212,44.646,2608789,0
2017-03-10,44.952,45.545,44.923,45.416,1416522,0
2017-03-13,45.466,46.039,45.298,45.633,1034056,0
2017-03-14,45.179,45.338,44.143,44.913,1834938,0
2017-03-15,45.723,46.908,45.367,46.581,1748334,0
2017-03-16,46.681,46.918,45.9,46.324,1117256,0
2017-03-17,46.444,46.532,45.92,46.394,1349883,0
2017-03-20,46.384,46.414,45.9,46.187,884629,0
2017-03-21,46.384,46.561,45.12,45.229,1241245,0
2017-03-22,45.001,45.784,44.966,45.556,1647936,0
2017-03-23,45.516,45.958,45.378,45.685,887089,0
2017-03-24,45.814,46.141,45.03,45.258,1019996,0
2017-03-27,45.258,46.745,44.496,46.567,1823347,0
2017-03-28,46.478,47.113,46.359,46.775,1344112,0
2017-03-29,46.637,47.231,46.587,46.993,819336,0
2017-03-30,47.003,47.955,46.855,47.589,1646388,0
2017-03-31,47.341,48.183,47.296,48.005,1407384,0
2017-04-03,48.005,48.283,47.073,47.737,1636613,0
2017-04-04,47.767,47.807,47.271,47.419,1500885,0
2017-04-05,47.856,48.689,47.251,47.281,1118900,0
2017-04-06,47.409,48.609,47.251,48.371,1483361,0
2017-04-07,48.213,48.659,47.876,48.223,1023496,0
2017-04-10,48.421,48.996,48.084,48.778,1045386,0
2017-04-11,48.778,48.857,48.163,48.738,954257,0
2017-04-12,48.124,48.322,47.181,47.311,1385845,0
2017-04-13,47.221,47.469,46.507,46.597,971132,0
2017-04-17,46.925,47.549,46.617,47.529,1174859,0
2017-04-18,47.063,47.469,46.953,47.291,1019590,0
2017-04-19,47.945,48.857,47.519,47.667,1547625,0
2017-04-20,48.084,49.006,48.059,48.748,948336,0
2017-04-21,48.897,48.927,48.133,48.243,1096082,0
2017-04-24,49.076,49.422,48.6,48.927,841610,0
2017-04-25,49.412,50.334,49.412,50.166,1338132,0
2017-04-26,50.096,51.178,50.096,50.702,1632278,0
2017-04-27,50.652,50.989,50.266,50.344,1001778,0
2017-04-28,50.256,50.9,50.076,50.434,2237296,0
2017-05-01,50.622,50.622,49.076,49.224,2295601,0
2017-05-02,49.492,51.475,49.145,49.542,3505044,0
2017-05-03,49.482,50.038,49.006,49.79,1392685,0
2017-05-04,49.78,50.076,47.965,48.213,2335588,0
2017-05-05,48.381,49.581,48.193,49.552,1228322,0
2017-05-08,49.462,49.66,48.857,49.194,1005089,0
2017-05-09,49.244,49.63,48.55,48.719,975511,0
2017-05-10,48.729,49.343,48.54,49.333,972694,0
2017-05-11,49.194,49.373,48.342,48.748,589035,0
2017-05-12,48.58,48.729,48.381,48.629,757326,0
2017-05-15,49.125,49.562,48.966,49.254,1455749,0
2017-05-16,49.571,49.71,48.629,49.155,896074,0
2017-05-17,48.511,48.659,47.895,47.925,1116257,0
2017-05-18,47.817,48.411,47.133,48.143,1110063,0
2017-05-19,48.52,49.353,47.905,48.689,1688883,0
2017-05-22,49.998,49.998,48.575,48.689,1057378,0
2017-05-23,48.808,49.056,48.322,49.046,730353,0
2017-05-24,48.996,49.343,48.471,48.58,1181672,0
2017-05-25,48.699,48.828,47.429,47.479,1641048,0
2017-05-26,47.449,47.797,47.103,47.687,1230209,0
2017-05-30,47.449,48.128,47.073,47.886,753696,0
2017-05-31,47.846,48.104,47.321,48.084,1146908,0
2017-06-01,48.332,49.105,47.925,48.877,1208961,0
2017-06-02,48.847,48.907,48.025,48.173,1483408,0
2017-06-05,47.985,48.401,47.876,48.143,906378,0
2017-06-06,47.866,47.866,46.905,47.143,1562866,0
2017-06-07,47.191,47.459,45.526,45.883,1319940,0
2017-06-08,45.883,46.488,45.467,46.28,1487517,0
2017-06-09,46.349,47.023,46.201,46.895,1752709,0
2017-06-12,47.113,48.729,47.093,48.243,1494555,0
2017-06-13,48.223,48.511,47.876,48.292,714732,0
2017-06-14,48.332,48.332,46.657,47.063,1199431,0
2017-06-15,46.647,47.499,46.647,47.043,725466,0
2017-06-16,47.143,47.638,46.895,47.043,1288857,0
2017-06-19,47.291,47.539,46.716,47.123,888075,0
2017-06-20,46.577,46.755,45.278,45.606,1227824,0
2017-06-21,45.635,45.675,43.744,43.843,1322501,0
2017-06-22,43.933,44.262,43.405,44.053,2379841,0
2017-06-23,44.062,44.69,44.062,44.272,2745229,0
2017-06-26,44.67,45.566,44.57,45.297,1515495,0
2017-06-27,45.327,45.596,44.968,45.108,1134172,0
2017-06-28,45.466,45.837,45.247,45.436,796631,0
2017-06-29,45.516,45.894,45.018,45.506,923001,0
2017-06-30,45.854,46.531,45.596,46.223,1018605,0
2017-07-03,46.641,47.129,46.352,46.73,395440,0
2017-07-05,46.701,46.9,46.009,46.511,1425374,0
2017-07-06,46.551,47.238,45.974,46.113,1897849,0
2017-07-07,46.123,46.8,45.825,46.103,1225294,0
2017-07-10,46.004,46.76,45.825,46.173,1014821,0
2017-07-11,45.546,45.705,44.948,45.556,1134565,0
2017-07-12,46.044,46.432,45.735,46.054,824139,0
2017-07-13,46.024,46.083,45.158,45.576,1400246,0
2017-07-14,45.745,46.292,45.685,45.964,1197339,0
2017-07-17,46.153,46.442,45.665,45.695,1217267,0
2017-07-18,45.606,46.113,45.506,45.914,927159,0
2017-07-19,45.944,46.352,45.825,46.332,777865,0
2017-07-20,46.442,46.661,45.954,46.382,903793,0
2017-07-21,46.133,46.148,45.655,46.024,479678,0
2017-07-24,46.024,46.148,45.615,46.034,860852,0
2017-07-25,46.551,47.378,46.342,47.039,1191799,0
2017-07-26,47.159,47.278,46.322,46.432,1251557,0
2017-07-27,46.362,46.472,45.506,46.153,1534023,0
2017-07-28,40.867,41.922,40.065,41.116,6881111,0
2017-07-31,41.126,41.952,40.777,40.946,3114106,0
2017-08-01,40.946,41.464,40.907,41.404,2367129,0
2017-08-02,41.185,41.872,41.056,41.733,1591643,0
2017-08-03,41.633,41.743,40.857,41.036,2039302,0
2017-08-04,41.006,41.355,40.727,41.006,1195838,0
2017-08-07,40.927,40.986,40.21,40.369,2052185,0
2017-08-08,40.25,40.498,39.622,39.662,1266150,0
2017-08-09,39.513,39.662,38.776,38.945,1439129,0
2017-08-10,38.706,38.975,38.258,38.468,2075540,0
2017-08-11,38.099,38.736,38.099,38.657,1049785,0
2017-08-14,39.055,39.354,38.806,39.304,1427558,0
2017-08-15,39.533,39.792,39.115,39.264,2271499,0
2017-08-16,39.393,39.821,39.194,39.244,1154497,0
2017-08-17,39.015,39.184,38.209,38.219,800812,0
2017-08-18,38.119,38.368,37.94,37.95,1388776,0
2017-08-21,37.89,37.89,37.343,37.412,957213,0
2017-08-22,37.611,38.617,37.572,38.557,1415655,0
2017-08-23,38.298,38.657,38.249,38.368,998627,0
2017-08-24,38.428,38.557,37.741,37.86,743822,0
2017-08-25,38.278,38.577,37.95,38.239,906435,0
2017-08-28,38.268,38.527,37.696,38.229,940574,0
2017-08-29,37.88,38.547,37.848,38.487,826086,0
2017-08-30,38.448,38.816,38.01,38.796,824074,0
2017-08-31,39.015,39.224,38.567,39.105,951097,0
2017-09-01,39.224,39.722,39.115,39.364,1298533,0
2017-09-05,39.463,39.642,39.125,39.373,2174897,0
2017-09-06,39.702,40.16,39.523,39.782,2044283,0
2017-09-07,39.841,39.841,39.194,39.732,1118463,0
2017-09-08,39.662,39.772,38.816,39.304,1549273,0
2017-09-11,39.642,40.299,39.533,40.04,1066225,0
2017-09-12,40.21,40.638,40.1,40.269,1133898,0
2017-09-13,40.269,40.787,40.19,40.727,1482876,0
2017-09-14,40.707,41.255,40.518,41.175,913221,0
2017-09-15,41.106,41.295,40.717,41.205,1355081,0
2017-09-18,41.345,41.574,41.116,41.215,966116,0
2017-09-19,41.255,41.852,41.116,41.783,886135,0
2017-09-20,41.902,42.49,41.793,42.38,1393457,0
2017-09-21,42.38,42.48,42.02,42.19,684193,0
2017-09-22,42.08,42.67,41.71,42.63,962585,0
2017-09-25,42.45,43.1,42.45,43.03,1449964,0
2017-09-26,43.1,43.52,42.87,43.37,1121022,0
2017-09-27,43.55,43.65,42.62,43.25,1213479,0
2017-09-28,43.16,43.43,42.21,42.5,1402924,0
2017-09-29,42.53,42.77,42.18,42.59,1026802,0
2017-10-02,42.52,42.63,41.78,42.08,2009426,0
2017-10-03,42.12,42.69,41.92,42.68,1548955,0
2017-10-04,42.8,43.59,42.74,43.06,1855560,0
2017-10-05,43.09,43.42,42.94,43.21,1547209,0
2017-10-06,43.06,43.34,42.97,43.32,1324037,0
2017-10-09,43.25,43.32,43.05,43.21,838510,0
2017-10-10,43.41,43.63,43.3,43.54,990442,0
2017-10-11,43.51,43.73,43.08,43.72,848340,0
2017-10-12,43.45,44.15,43.42,44.07,1781154,0
2017-10-13,44.49,44.6925,44.26,44.38,1061744,0
2017-10-16,44.65,44.79,44.33,44.64,1510527,0
2017-10-17,44.51,44.74,44.37,44.58,923748,0
2017-10-18,44.56,44.83,44.43,44.62,1170213,0
2017-10-19,44.31,44.82,44.17,44.49,743010,0
2017-10-20,44.69,45.38,44.69,45.38,991058,0
2017-10-23,45.38,45.38,44.53,44.61,1063118,0
2017-10-24,44.95,45.16,44.55,44.84,1112888,0
2017-10-25,44.69,44.795,43.9501,44.43,1096806,0
2017-10-26,44.77,44.92,44.47,44.74,868589,0
2017-10-27,44.69,44.74,44.03,44.26,1195192,0
2017-10-30,44.2,44.39,43.88,43.88,986802,0
2017-10-31,43.97,44.23,43.8,44.07,2340494,0
2017-11-01,44.44,44.83,43.89,43.99,2270987,0
2017-11-02,43.42,43.42,37.92,39.14,7255289,0
2017-11-03,38.54,39.76,37.7125,39.25,4762868,0
2017-11-06,39.02,40.23,38.9,40.01,2318999,0
2017-11-07,40.08,40.17,39.03,39.54,1580397,0
2017-11-08,39.42,39.42,38.8,38.91,1709023,0
2017-11-09,38.51,39.17,38.38,39,1143417,0
2017-11-10,38.66,39.16,38.52,39.13,1200587,0
