2016-01-04,27.71,27.94,27.6052,27.94,5328,0
2016-01-05,27.96,28.14,27.94,27.96,23471,0
2016-01-06,27.88,27.94,27.71,27.71,3116,0
2016-01-07,27.8,27.82,27.7,27.7,2059,0
2016-01-08,27.7,27.84,27.63,27.83,8292,0
2016-01-11,27.88,28.03,27.83,27.83,4593,0
2016-01-12,27.83,27.95,27.56,27.87,22289,0
2016-01-13,27.77,27.914,27.43,27.43,17618,0
2016-01-14,27.43,27.63,27.3665,27.63,5085,0
2016-01-15,27.56,27.56,27.414,27.54,6211,0
2016-01-19,27.68,27.68,27.68,27.68,0,0
2016-01-20,27.7,27.7,27.09,27.6,20809,0
2016-01-21,27.2,27.79,27.19,27.79,11270,0
2016-01-22,27.76,27.76,27.44,27.45,4926,0
2016-01-25,27.65,27.65,27.3201,27.59,7149,0
2016-01-26,27.35,27.55,27.35,27.46,3460,0
2016-01-27,27.58,27.58,27.297,27.4,11190,0
2016-01-28,27.57,27.6,27.39,27.6,7138,0
2016-01-29,27.68,27.83,27.6,27.83,5190,0
2016-02-01,27.82,27.95,27.697,27.95,3317,0
2016-02-02,27.81,27.889,27.65,27.65,3966,0
2016-02-03,27.66,27.84,27.25,27.31,27478,0
2016-02-04,27.44,27.4799,27.31,27.35,7592,0
2016-02-05,27.48,27.509,27.31,27.39,10227,0
2016-02-08,27.33,27.39,27.01,27.3,12809,0
2016-02-09,26.9,27.15,26.9,27.15,14118,0
2016-02-10,27.05,27.24,27.01,27.12,8967,0
2016-02-11,26.9,27.07,26.23,27.07,31287,0
2016-02-12,27.07,27.07,26.57,26.81,11786,0
2016-02-16,26.9399,27.1199,26.8,26.96,8057,0
2016-02-17,27.15,27.37,27.03,27.16,3838,0
2016-02-18,27.31,27.49,27.07,27.379,11796,0
2016-02-19,27.46,27.51,27.22,27.4,7331,0
2016-02-22,27.68,27.7,27.316,27.32,8811,0
2016-02-23,27.39,27.6,27.26,27.55,6753,0
2016-02-24,27.48,27.48,27.01,27.35,10485,0
2016-02-25,27.45,27.4992,27.28,27.47,7003,0
2016-02-26,27.52,27.52,27.37,27.51,4593,0
2016-02-29,27.51,27.51,27.32,27.32,5738,0
2016-03-01,27.45,27.574,27.38,27.38,7079,0
2016-03-02,27.67,27.67,27.4614,27.4614,1893,0
2016-03-03,27.5,27.5,27.27,27.41,19542,0
2016-03-04,27.41,27.608,27.3,27.406,6027,0
2016-03-07,27.3101,27.46,27.2607,27.35,10241,0
2016-03-08,27.38,27.38,27.21,27.21,8806,0
2016-03-09,27.37,27.39,27.22,27.33,10417,0
2016-03-10,27.34,27.59,27.34,27.36,10360,0
2016-03-11,27.34,27.446,27.34,27.34,9116,0
2016-03-14,27.35,27.436,27.35,27.35,3330,0
2016-03-15,27.35,27.44,27.21,27.26,8677,0
2016-03-16,26.71,27.19,26.71,27.19,15297,0
2016-03-17,26.95,27.55,26.95,27.46,18326,0
2016-03-18,27.55,27.55,27.16,27.322,7264,0
2016-03-21,27.25,27.65,27.25,27.61,15709,0
2016-03-22,27.65,27.78,27.5786,27.78,4541,0
2016-03-23,27.82,27.84,27.7401,27.818,4993,0
2016-03-24,27.84,27.87,27.76,27.76,9304,0
2016-03-28,27.73,27.93,27.7,27.85,9592,0
2016-03-29,27.94,27.9625,27.7201,27.82,10464,0
2016-03-30,28.04,28.06,27.77,27.77,14930,0
2016-03-31,27.91,27.91,27.76,27.76,6603,0
2016-04-01,27.85,27.85,27.61,27.63,11705,0
2016-04-04,27.558,27.624,27.4265,27.55,3076,0
2016-04-05,27.55,27.6472,27.54,27.55,6105,0
2016-04-06,27.74,27.75,27.56,27.56,5074,0
2016-04-07,27.7,27.77,27.551,27.69,12663,0
2016-04-08,27.76,27.9,27.7192,27.8,4837,0
2016-04-11,27.8,28,27.72,27.73,24959,0
2016-04-12,27.89,27.95,27.74,27.74,6288,0
2016-04-13,27.9,27.94,27.77,27.81,6804,0
2016-04-14,27.81,27.95,27.81,27.84,18047,0
2016-04-15,27.87,27.99,27.45,27.45,259044,0
2016-04-18,27.57,27.65,27.49,27.5,86667,0
2016-04-19,27.55,27.63,27.5001,27.53,16001,0
2016-04-20,27.58,27.58,27.5,27.55,15498,0
2016-04-21,27.58,27.6,27.53,27.53,6637,0
2016-04-22,27.58,27.64,27.52,27.55,10126,0
2016-04-25,27.57,27.576,27.5,27.57,8893,0
2016-04-26,27.58,27.58,27.49,27.57,22980,0
2016-04-27,27.59,27.6,27.518,27.56,12066,0
2016-04-28,27.59,27.66,27.59,27.65,18924,0
2016-04-29,27.68,27.7,27.58,27.58,5075,0
2016-05-02,27.7,27.7,27.6,27.6,10106,0
2016-05-03,27.6,27.67,27.6,27.6,10537,0
2016-05-04,27.55,27.69,27.55,27.58,13430,0
2016-05-05,27.68,27.68,27.58,27.625,8000,0
2016-05-06,27.66,27.74,27.6,27.6,15180,0
2016-05-09,27.7,27.7,27.583,27.65,5187,0
2016-05-10,27.57,27.79,27.57,27.68,9624,0
2016-05-11,27.67,27.82,27.67,27.72,4615,0
2016-05-12,27.79,27.81,27.69,27.72,7132,0
2016-05-13,27.81,27.81,27.75,27.75,5571,0
2016-05-16,27.81,27.89,27.75,27.75,7102,0
2016-05-17,27.88,27.88,27.75,27.78,9070,0
2016-05-18,27.85,28.15,27.83,27.86,14241,0
2016-05-19,27.84,27.88,27.75,27.82,8045,0
2016-05-20,27.83,27.83,27.62,27.766,7620,0
2016-05-23,27.83,27.89,27.78,27.81,7943,0
2016-05-24,27.9,27.94,27.84,27.85,7092,0
2016-05-25,27.91,27.92,27.81,27.8837,11206,0
2016-05-26,27.92,27.92,27.75,27.75,18043,0
2016-05-27,27.84,27.93,27.8382,27.88,9931,0
2016-05-31,27.94,27.94,27.83,27.84,3506,0
2016-06-01,27.94,27.99,27.8593,27.94,13457,0
2016-06-02,27.86,27.94,27.86,27.87,13831,0
2016-06-03,27.94,28.2,27.94,28.2,19232,0
2016-06-06,28.19,28.23,28.14,28.15,17597,0
2016-06-07,28.22,28.24,28.12,28.16,4730,0
2016-06-08,28.11,28.2,27.86,28.0699,4856,0
2016-06-09,28.13,28.13,28.02,28.02,4209,0
2016-06-10,28.11,28.13,28.044,28.1,3555,0
2016-06-13,28.09,28.24,28.087,28.087,4542,0
2016-06-14,28.19,28.34,28.09,28.28,9740,0
2016-06-15,27.9,28,27.8269,27.92,10077,0
2016-06-16,27.95,27.958,27.8101,27.9,5479,0
2016-06-17,27.85,27.97,27.75,27.9,18186,0
2016-06-20,27.97,27.99,27.87,27.99,6227,0
2016-06-21,27.99,28.04,27.9,27.92,8376,0
2016-06-22,28.09,28.09,28,28,3772,0
2016-06-23,28.07,28.08,27.91,27.91,5934,0
2016-06-24,27.76,28.05,27.75,28,10834,0
2016-06-27,28.01,28.01,27.7,27.98,1809,0
2016-06-28,28.09,28.11,27.958,28.01,2744,0
2016-06-29,28.12,28.36,28.0649,28.23,10891,0
2016-06-30,28.35,28.4,28.24,28.25,9472,0
2016-07-01,28.38,28.43,28.2501,28.38,5141,0
2016-07-05,28.42,28.4499,28.2372,28.44,5854,0
2016-07-06,28.44,28.44,28.12,28.169,73827,0
2016-07-07,28.3,28.3,28.15,28.16,3612,0
2016-07-08,28.29,28.37,28.04,28.04,28224,0
2016-07-11,28.18,28.22,27.95,27.96,10371,0
2016-07-12,28.13,28.13,27.94,28,5737,0
2016-07-13,27.95,28.1047,27.91,27.91,13024,0
2016-07-14,28.04,28.04,27.9,27.9,4247,0
2016-07-15,27.85,28.16,27.85,28.02,27227,0
2016-07-18,28.0999,28.0999,27.9,27.9,8556,0
2016-07-19,27.97,28.1,27.9259,27.99,8984,0
2016-07-20,28.07,28.08,28,28.069,6114,0
2016-07-21,28.09,28.09,27.92,27.92,7054,0
2016-07-22,27.99,28.029,27.9001,27.92,7103,0
2016-07-25,28.03,28.03,27.93,27.93,5328,0
2016-07-26,28.02,28.07,27.94,27.94,4150,0
2016-07-27,28.05,28.1,27.991,28,5360,0
2016-07-28,28.13,28.25,28,28.12,11217,0
2016-07-29,28.26,28.3,28.1,28.1,8189,0
2016-08-01,28.24,28.25,28.13,28.13,3450,0
2016-08-02,28.24,28.25,28.07,28.11,8471,0
2016-08-03,28.2,28.2,28.07,28.07,4613,0
2016-08-04,28.19,28.259,28.11,28.13,7021,0
2016-08-05,28.18,28.3,28.15,28.15,3692,0
2016-08-08,28.28,28.29,28.16,28.17,3790,0
2016-08-09,28.23,28.32,28.17,28.17,4518,0
2016-08-10,28.27,28.31,28.13,28.13,8762,0
2016-08-11,28.25,28.25,28.09,28.09,3678,0
2016-08-12,28.2,28.23,28.14,28.14,5482,0
2016-08-15,28.24,28.26,28.14,28.21,13596,0
2016-08-16,28.13,28.1803,28.0976,28.0976,4854,0
2016-08-17,28.15,28.21,28.04,28.09,5842,0
2016-08-18,28.21,28.21,28.09,28.12,5814,0
2016-08-19,28.19,28.19,28.11,28.18,6471,0
2016-08-22,28.16,28.19,28.11,28.12,9005,0
2016-08-23,28.19,28.19,28.12,28.18,4971,0
2016-08-24,28.13,28.27,28.13,28.27,3090,0
2016-08-25,28.27,28.27,28.16,28.16,4622,0
2016-08-26,28.24,28.27,28.1941,28.2,5877,0
2016-08-29,28.27,28.3,28.2065,28.2316,7692,0
2016-08-30,28.24,28.28,28.2,28.23,6030,0
2016-08-31,28.29,28.32,28.2201,28.24,15161,0
2016-09-01,28.3,28.31,28.22,28.26,8065,0
2016-09-02,28.3,28.3,28.19,28.2,7906,0
2016-09-06,28.18,28.209,28.06,28.06,6832,0
2016-09-07,28.17,28.179,28.07,28.07,7673,0
2016-09-08,28.15,28.15,28.02,28.02,4049,0
2016-09-09,28.07,28.09,27.82,27.83,17731,0
2016-09-12,27.83,27.9,27.64,27.77,15929,0
2016-09-13,27.76,27.9599,27.52,27.7,15189,0
2016-09-14,27.06,27.3999,27.06,27.1665,14418,0
2016-09-15,27.12,27.2699,27.1,27.17,16671,0
2016-09-16,27.1,27.12,27.03,27.1,7305,0
2016-09-19,27.14,27.14,27.05,27.14,9195,0
2016-09-20,27.13,27.24,27.13,27.24,8035,0
2016-09-21,27.27,27.31,27.17,27.31,14254,0
2016-09-22,27.39,27.39,27.3103,27.39,6444,0
2016-09-23,27.39,27.4,27.25,27.25,11642,0
2016-09-26,27.28,27.31,27.13,27.24,11206,0
2016-09-27,27.23,27.29,27.1823,27.21,4838,0
2016-09-28,27.29,27.29,27.23,27.29,8111,0
2016-09-29,27.3,27.33,27.18,27.25,8480,0
2016-09-30,27.28,27.3,27.17,27.3,7120,0
2016-10-03,27.28,27.29,27.2213,27.29,3537,0
2016-10-04,27.2892,27.29,27.2,27.2,11024,0
2016-10-05,27.15,27.22,27.121,27.1704,5558,0
2016-10-06,27.15,27.17,27.15,27.15,4103,0
2016-10-07,27.21,27.23,27.15,27.2199,3598,0
2016-10-10,27.16,27.2094,27.1201,27.15,4723,0
2016-10-11,27.1767,27.22,27.06,27.06,11283,0
2016-10-12,27.06,27.1888,27.06,27.09,15515,0
2016-10-13,27.149,27.2,27.08,27.11,14885,0
2016-10-14,27.18,27.23,27.1202,27.23,7613,0
2016-10-17,27.22,27.318,27.203,27.318,8716,0
2016-10-18,27.35,27.47,27.28,27.34,5125,0
2016-10-19,27.45,27.4899,27.37,27.45,10719,0
2016-10-20,27.42,27.445,27.36,27.36,2023,0
2016-10-21,27.43,27.48,27.18,27.18,107955,0
2016-10-24,27.24,27.3215,27.17,27.17,96843,0
2016-10-25,27.28,27.28,27.1,27.2,129783,0
2016-10-26,27.2,27.2,27.1699,27.17,5778,0
2016-10-27,27.15,27.19,27.15,27.17,4246,0
2016-10-28,27.16,27.21,27.15,27.18,4347,0
2016-10-31,27.13,27.2,27.13,27.2,5307,0
2016-11-01,27.11,27.18,27.11,27.12,15994,0
2016-11-02,27.12,27.25,27.11,27.1323,7238,0
2016-11-03,27.0918,27.095,26.9514,27.03,360409,0
2016-11-04,27.05,27.15,27.05,27.15,68205,0
2016-11-07,27.15,27.185,27.062,27.062,3983,0
2016-11-08,27.06,27.11,27.0401,27.08,2368,0
2016-11-09,26.95,27.0599,26.95,27.05,10520,0
2016-11-10,26.98,26.98,26.6399,26.9199,33710,0
2016-11-11,26.76,26.97,26.692,26.97,10434,0
2016-11-14,26.71,26.79,26.61,26.63,44161,0
2016-11-15,26.672,26.9,26.64,26.9,7836,0
2016-11-16,26.66,26.99,26.66,26.8018,11814,0
2016-11-17,26.82,26.9018,26.8,26.85,25627,0
2016-11-18,26.77,26.8934,26.71,26.73,17175,0
2016-11-21,26.73,26.8,26.72,26.78,30179,0
2016-11-22,26.95,26.97,26.75,26.85,9339,0
2016-11-23,26.75,26.97,26.75,26.95,7133,0
2016-11-25,26.83,27.07,26.83,26.95,8567,0
2016-11-28,26.98,26.98,26.791,26.85,17592,0
2016-11-29,26.8771,26.88,26.85,26.88,4867,0
2016-11-30,26.85,26.959,26.75,26.762,22603,0
2016-12-01,26.82,26.84,26.72,26.79,10351,0
2016-12-02,26.83,26.83,26.73,26.8,15325,0
2016-12-05,26.8236,26.9391,26.8,26.85,5846,0
2016-12-06,26.79,26.97,26.79,26.95,18316,0
2016-12-07,26.93,26.96,26.8908,26.94,7416,0
2016-12-08,26.93,26.97,26.858,26.8601,12378,0
2016-12-09,26.86,26.97,26.82,26.82,6562,0
2016-12-12,26.81,26.9,26.7698,26.8892,6113,0
2016-12-13,26.77,26.95,26.75,26.95,6072,0
2016-12-14,26.42,26.5802,26.42,26.5225,4443,0
2016-12-15,26.34,26.4503,26.32,26.32,26887,0
2016-12-16,26.32,26.4505,26.32,26.4,2132,0
2016-12-19,26.49,26.5,26.4406,26.49,27754,0
2016-12-20,26.5,26.63,26.4562,26.593,30575,0
2016-12-21,26.63,26.66,26.5607,26.66,1899,0
2016-12-22,26.65,26.7207,26.541,26.7207,3722,0
2016-12-23,26.59,26.86,26.59,26.86,8501,0
2016-12-27,26.77,26.7932,26.6998,26.749,7111,0
2016-12-28,26.78,26.93,26.78,26.8749,15603,0
2016-12-29,26.86,27.0699,26.86,27.06,12352,0
2016-12-30,27.06,27.225,27.0124,27.21,9545,0
2017-01-03,27.23,27.286,27.1714,27.26,3551,0
2017-01-04,27.3,27.42,27.0729,27.39,7918,0
2017-01-05,27.44,27.44,27.06,27.1752,4277,0
2017-01-06,27.12,27.1925,27.0738,27.13,7083,0
2017-01-09,27.25,27.33,27.15,27.15,6025,0
2017-01-10,27.28,27.28,27.18,27.1847,5456,0
2017-01-11,27.24,27.319,27.237,27.237,4092,0
2017-01-12,27.37,27.37,27.12,27.22,12377,0
2017-01-13,27.19,27.2164,27.14,27.1948,2677,0
2017-01-17,27.11,27.34,27.11,27.3,10937,0
2017-01-18,27.33,27.33,27.23,27.28,4259,0
2017-01-19,27.28,27.29,27.22,27.29,9214,0
2017-01-20,27.23,27.32,27.2,27.2,5324,0
2017-01-23,27.34,27.36,27.21,27.36,5060,0
2017-01-24,27.43,27.44,27.399,27.4,3496,0
2017-01-25,27.35,27.35,27.2278,27.33,11850,0
2017-01-26,27.35,27.46,27.2408,27.38,7007,0
2017-01-27,27.47,27.47,27.27,27.34,7712,0
2017-01-30,27.35,27.5306,27.3499,27.35,8179,0
2017-01-31,27.4,27.725,27.35,27.63,26328,0
2017-02-01,27.53,27.99,27.53,27.99,78618,0
2017-02-02,27.95,27.95,27.8,27.8,3446,0
2017-02-03,27.95,27.95,27.76,27.77,10008,0
2017-02-06,27.76,27.8,27.56,27.67,7539,0
2017-02-07,27.85,27.85,27.56,27.6972,6900,0
2017-02-08,27.66,27.75,27.66,27.75,31793,0
2017-02-09,27.85,27.85,27.71,27.71,6327,0
2017-02-10,27.75,27.75,27.6402,27.65,1998,0
2017-02-13,27.65,27.708,27.55,27.65,7629,0
2017-02-14,27.75,27.75,27.58,27.75,2564,0
2017-02-15,27.69,27.75,27.53,27.7,5360,0
2017-02-16,27.71,27.7396,27.44,27.53,8414,0
2017-02-17,27.63,27.65,27.4201,27.6,27601,0
2017-02-21,27.47,27.6,27.47,27.58,8828,0
2017-02-22,27.64,27.65,27.42,27.42,13301,0
2017-02-23,27.43,27.5313,27.35,27.45,27930,0
2017-02-24,27.43,27.6,27.43,27.5112,8685,0
2017-02-27,27.58,27.59,27.41,27.42,13303,0
2017-02-28,27.37,27.4975,27.36,27.45,11198,0
2017-03-01,27.44,27.45,27.18,27.35,23801,0
2017-03-02,27.38,27.38,27.21,27.33,12115,0
2017-03-03,27.38,27.38,27.25,27.3,4736,0
2017-03-06,27.31,27.34,27.25,27.34,12138,0
2017-03-07,27.3,27.3783,27.25,27.37,6247,0
2017-03-08,27.25,27.4,27.1,27.35,15145,0
2017-03-09,27.2,27.38,27.2,27.38,5392,0
2017-03-10,27.34,27.429,27.3105,27.41,6159,0
2017-03-13,27.42,27.43,27.27,27.43,7330,0
2017-03-14,27.32,27.43,27.22,27.38,25391,0
2017-03-15,26.9,27.12,26.9,27.12,28450,0
2017-03-16,27.1,27.1,27.02,27.07,7329,0
2017-03-17,27.02,27.21,27.02,27.21,6756,0
2017-03-20,27.15,27.2,27.03,27.18,7576,0
2017-03-21,27.15,27.2,27.05,27.2,6139,0
2017-03-22,27.13,27.2,27.1,27.16,4951,0
2017-03-23,27.2,27.2,27.0782,27.199,20584,0
2017-03-24,27.15,27.2,26.9,27.01,27930,0
2017-03-27,27.03,27.0804,26.98,27.06,7118,0
2017-03-28,27,27.06,26.87,26.99,18413,0
2017-03-29,26.91,27.07,26.91,27.06,23184,0
2017-03-30,27.06,27.06,26.99,27.05,24020,0
2017-03-31,27,27.08,26.91,26.93,24543,0
2017-04-03,26.99,27.06,26.97,27.05,83918,0
2017-04-04,27.1,27.13,27.03,27.13,8507,0
2017-04-05,27.1239,27.14,27.06,27.1,16308,0
2017-04-06,27.07,27.15,27.05,27.15,8232,0
2017-04-07,27.07,27.17,27.03,27.1,7195,0
2017-04-10,27.08,27.16,27.08,27.1,13146,0
2017-04-11,27.15,27.18,27.0917,27.1001,8958,0
2017-04-12,27.07,27.134,27.05,27.13,7820,0
2017-04-13,27.07,27.18,27.07,27.18,8846,0
2017-04-17,27.15,27.19,27.13,27.19,7142,0
2017-04-18,27.187,27.2,27.03,27.04,16573,0
2017-04-19,27.1,27.1,27.01,27.05,24387,0
2017-04-20,27.01,27.0997,27.01,27.09,27110,0
2017-04-21,27.01,27.1,27.01,27.1,12069,0
2017-04-24,27.07,27.2,27.07,27.19,8618,0
2017-04-25,27.14,27.22,27.138,27.21,14335,0
2017-04-26,27.16,27.21,27.15,27.17,29077,0
2017-04-27,27.18,27.19,27.11,27.1899,3864,0
2017-04-28,27.189,27.19,27.07,27.13,23426,0
2017-05-01,27.13,27.1435,27.07,27.12,4615,0
2017-05-02,27.06,27.14,27.06,27.14,9568,0
2017-05-03,27.14,27.169,27.1,27.1,4346,0
2017-05-04,27.1,27.13,27.06,27.13,3739,0
2017-05-05,27.1,27.15,27.07,27.1269,10436,0
2017-05-08,27.15,27.15,27.06,27.1,5874,0
2017-05-09,27.07,27.15,27.06,27.11,10537,0
2017-05-10,27.1,27.15,27.07,27.1436,8045,0
2017-05-11,27.1,27.15,27.1,27.14,9124,0
2017-05-12,27.1,27.149,27.1,27.1384,4448,0
2017-05-15,27.15,27.22,27.14,27.1971,10449,0
2017-05-16,27.22,27.22,27.1597,27.22,2653,0
2017-05-17,27.15,27.1923,27.1001,27.11,3468,0
2017-05-18,27.161,27.19,27.1589,27.19,3686,0
2017-05-19,27.15,27.199,27.15,27.1895,6444,0
2017-05-22,27.2,27.2,27.07,27.07,12083,0
2017-05-23,27.12,27.15,27.12,27.1499,2631,0
2017-05-24,27.11,27.143,27.05,27.11,7044,0
2017-05-25,27.08,27.12,27.08,27.1,2420,0
2017-05-26,27.12,27.15,27.12,27.15,3516,0
2017-05-30,27.1201,27.1694,27.11,27.1694,5185,0
2017-05-31,27.1175,27.16,27.1175,27.16,7529,0
2017-06-01,27.12,27.18,27.12,27.18,6526,0
2017-06-02,27.16,27.23,27.15,27.21,16443,0
2017-06-05,27.21,27.28,27.2005,27.28,4469,0
2017-06-06,27.22,27.28,27.22,27.25,2943,0
2017-06-07,27.22,27.25,27.15,27.16,10299,0
2017-06-08,27.1695,27.21,27.13,27.2,10086,0
2017-06-09,27.17,27.199,27.16,27.16,2669,0
2017-06-12,27.16,27.19,27.08,27.12,12008,0
2017-06-13,27.1577,27.22,27.1577,27.22,7661,0
2017-06-14,27.15,27.24,27.15,27.24,8214,0
2017-06-15,26.85,26.8589,26.8138,26.85,10042,0
2017-06-16,26.8229,26.85,26.8001,26.85,5750,0
2017-06-19,26.81,26.88,26.81,26.86,22534,0
2017-06-20,26.83,26.9,26.83,26.9,145661,0
2017-06-21,26.87,26.89,26.87,26.89,12712,0
2017-06-22,26.89,26.89,26.844,26.86,5355,0
2017-06-23,26.87,26.87,26.8659,26.8659,548,0
2017-06-26,26.84,26.88,26.84,26.864,12076,0
2017-06-27,26.87,26.87,26.78,26.82,13733,0
2017-06-28,26.801,26.85,26.8002,26.85,5923,0
2017-06-29,26.8,26.85,26.8,26.8332,4084,0
2017-06-30,26.84,26.85,26.82,26.85,6723,0
2017-07-03,26.8,26.85,26.8,26.8499,2306,0
2017-07-05,26.82,26.85,26.82,26.8494,2827,0
2017-07-06,26.811,26.851,26.811,26.851,4977,0
2017-07-07,26.8,26.88,26.8,26.86,10288,0
2017-07-10,26.828,26.8697,26.8,26.86,2198,0
2017-07-11,26.82,26.87,26.82,26.849,13734,0
2017-07-12,26.83,26.9,26.83,26.9,5516,0
2017-07-13,26.82,26.9399,26.82,26.83,2573,0
2017-07-14,26.83,26.96,26.82,26.93,10535,0
2017-07-17,26.9,26.9192,26.83,26.83,8122,0
2017-07-18,26.88,26.88,26.84,26.84,4672,0
2017-07-19,26.84,26.87,26.82,26.83,5162,0
2017-07-20,26.83,26.92,26.83,26.871,22969,0
2017-07-21,26.91,26.94,26.86,26.94,7065,0
2017-07-24,26.85,26.94,26.85,26.88,5369,0
2017-07-25,26.871,26.93,26.85,26.85,4878,0
2017-07-26,26.82,26.9,26.82,26.9,12727,0
2017-07-27,26.86,26.94,26.8593,26.86,5837,0
2017-07-28,26.81,26.94,26.81,26.9399,2073,0
2017-07-31,26.85,26.9036,26.85,26.9036,1051,0
2017-08-01,26.85,26.99,26.85,26.99,15772,0
2017-08-02,27.03,27.04,26.936,27.01,2297,0
2017-08-03,26.94,27.062,26.94,26.97,21694,0
2017-08-04,26.99,27.1,26.932,27.09,30224,0
2017-08-07,27.0456,27.1,27.0456,27.08,8679,0
2017-08-08,27.03,27.09,27.02,27.037,2308,0
2017-08-09,27,27.0573,27,27.0315,2365,0
2017-08-10,26.97,27.06,26.96,27.039,10496,0
2017-08-11,26.85,27.17,26.85,27.02,6668,0
2017-08-14,27.03,27.12,27.03,27.0795,3331,0
2017-08-15,27.02,27.2,27.02,27.12,1131,0
2017-08-16,27.04,27.12,27.04,27.096,4451,0
2017-08-17,27.0405,27.12,27.0405,27.12,1132,0
2017-08-18,27,27.19,27,27.113,2815,0
2017-08-21,27.0988,27.12,27.04,27.09,4677,0
2017-08-22,27.06,27.06,26.89,26.9,10295,0
2017-08-23,26.95,26.9899,26.9,26.911,2239,0
2017-08-24,26.91,26.9694,26.91,26.914,20387,0
2017-08-25,26.97,26.97,26.9,26.9,6985,0
2017-08-28,26.9,26.94,26.81,26.94,14605,0
2017-08-29,26.83,26.95,26.83,26.9314,2141,0
2017-08-30,26.83,27.05,26.83,27.05,8358,0
2017-08-31,27.05,27.1,27.05,27.06,9729,0
2017-09-01,27.01,27.19,27.01,27.18,12757,0
2017-09-05,27.0832,27.45,27.0832,27.27,12150,0
2017-09-06,27.0733,27.214,27.0733,27.2,1706,0
2017-09-07,27.1,27.1,27,27,10681,0
2017-09-08,26.96,27.1149,26.96,27,2424,0
2017-09-11,27.18,27.19,26.99,27.0305,15171,0
2017-09-12,27.0248,27.19,27.0248,27.13,10894,0
2017-09-13,27.09,27.2,27.07,27.18,10103,0
2017-09-14,27.12,27.22,27.03,27.03,6070,0
2017-09-15,26.77,26.779,26.6,26.68,3696,0
2017-09-18,26.601,26.79,26.51,26.6473,10320,0
2017-09-19,26.57,26.7,26.53,26.55,6690,0
2017-09-20,26.53,26.5956,26.5101,26.5846,14530,0
2017-09-21,26.52,26.62,26.51,26.5895,7548,0
2017-09-22,26.61,26.61,26.52,26.5697,2168,0
2017-09-25,26.55,26.69,26.55,26.6,17181,0
2017-09-26,26.56,26.67,26.56,26.65,9362,0
2017-09-27,26.65,26.65,26.55,26.55,8090,0
2017-09-28,26.55,26.665,26.55,26.62,4904,0
2017-09-29,26.66,26.68,26.6025,26.61,8349,0
2017-10-02,26.62,26.6459,26.54,26.5698,11697,0
2017-10-03,26.54,26.6069,26.54,26.6,2773,0
2017-10-04,26.54,26.6291,26.53,26.55,36988,0
2017-10-05,26.5326,26.5885,26.5214,26.55,1931,0
2017-10-06,26.56,26.56,26.4706,26.53,5634,0
2017-10-09,26.6599,26.6599,26.54,26.55,6167,0
2017-10-10,26.46,26.592,26.46,26.58,48679,0
2017-10-11,26.58,26.58,26.544,26.58,1985,0
2017-10-12,26.59,26.67,26.59,26.67,3131,0
2017-10-13,26.63,26.7,26.63,26.7,4518,0
2017-10-16,26.7268,26.7268,26.7,26.7,855,0
2017-10-17,26.77,26.78,26.601,26.78,16293,0
2017-10-18,26.78,26.78,26.7055,26.7055,820,0
2017-10-19,26.56,26.72,26.56,26.62,15647,0
2017-10-20,26.55,26.72,26.55,26.72,7003,0
2017-10-23,26.61,26.692,26.61,26.69,4426,0
2017-10-24,26.62,26.7,26.57,26.662,8842,0
2017-10-25,26.6,26.6083,26.5992,26.5992,1676,0
2017-10-26,26.59,26.72,26.59,26.72,6453,0
2017-10-27,26.64,26.72,26.61,26.68,3578,0
2017-10-30,26.6597,26.72,26.49,26.49,7748,0
2017-10-31,26.5334,26.6599,26.51,26.65,6584,0
2017-11-01,26.59,26.868,26.55,26.81,8790,0
2017-11-02,26.72,26.72,26.63,26.63,5508,0
2017-11-03,26.62,26.73,26.6,26.73,5302,0
2017-11-06,26.82,26.83,26.64,26.64,5314,0
2017-11-07,26.62,26.6717,26.6067,26.6717,3229,0
2017-11-08,26.62,26.7,26.6,26.64,2123,0
2017-11-09,26.55,26.6813,26.54,26.577,5457,0
2017-11-10,26.5,26.6,26.5,26.52,2840,0
