2016-01-04,55.954,57.414,55.589,56.564,753090,0
2016-01-05,56.318,57.655,56.074,57.414,545123,0
2016-01-06,56.683,58.143,56.441,57.901,907462,0
2016-01-07,57.414,58.265,56.927,57.047,951150,0
2016-01-08,57.655,58.023,56.441,56.805,1119110,0
2016-01-11,56.927,57.414,54.373,54.92,1192523,0
2016-01-12,55.468,55.589,53.157,53.277,1340062,0
2016-01-13,53.521,53.885,50.238,50.724,1978467,0
2016-01-14,51.088,53.157,48.169,53.157,1740782,0
2016-01-15,51.332,51.817,49.992,51.578,1960868,0
2016-01-19,52.063,52.548,50.602,50.844,1287884,0
2016-01-20,49.871,50.48,46.345,47.925,2297461,0
2016-01-21,48.778,49.871,47.44,48.655,2395807,0
2016-01-22,49.75,53.038,49.63,53.038,1860304,0
2016-01-25,52.791,53.521,50.967,51.088,1024633,0
2016-01-26,51.088,54.252,50.967,53.767,922863,0
2016-01-27,53.643,54.86,52.913,54.129,1119678,0
2016-01-28,54.617,55.222,53.767,54.86,787112,0
2016-01-29,55.345,55.71,54.737,55.345,829254,0
2016-02-01,56.441,56.441,54.129,55.71,742729,0
2016-02-02,54.86,55.222,52.791,52.913,993550,0
2016-02-03,53.767,56.441,53.277,55.954,1268808,0
2016-02-04,56.195,59.482,56.195,57.17,2131119,0
2016-02-05,57.047,59.116,56.074,56.927,2065226,0
2016-02-08,56.318,56.683,51.21,52.548,1438471,0
2016-02-09,51.698,53.038,49.63,52.548,1723842,0
2016-02-10,53.038,53.157,49.934,50.724,1451633,0
2016-02-11,50.115,51.817,49.507,50.662,1632363,0
2016-02-12,51.088,52.184,49.384,51.578,1576683,0
2016-02-16,52.913,52.913,50.48,51.698,919354,0
2016-02-17,52.548,54.373,52.063,53.767,1092133,0
2016-02-18,54.129,57.17,53.521,55.222,1372548,0
2016-02-19,55.222,55.283,53.157,54.009,885482,0
2016-02-22,55.104,56.564,54.617,54.86,1783439,0
2016-02-23,57.655,61.915,56.441,61.794,4226196,0
2016-02-24,61.186,65.078,60.576,64.468,4779548,0
2016-02-25,65.078,65.441,62.401,64.59,3158058,0
2016-02-26,64.712,66.537,63.13,66.05,1423395,0
2016-02-29,65.685,67.145,65.198,65.685,1713221,0
2016-03-01,66.415,67.145,65.806,66.537,1528692,0
2016-03-02,66.659,69.092,66.05,68.483,1362272,0
2016-03-03,68.483,70.671,68.118,69.214,1501071,0
2016-03-04,69.214,71.157,67.145,67.754,2241314,0
2016-03-07,67.389,71.157,66.537,70.429,1353886,0
2016-03-08,70.064,70.185,67.145,68.726,1592167,0
2016-03-09,66.557,66.681,63.333,64.078,2574611,0
2016-03-10,62.097,66.434,61.599,65.937,2108907,0
2016-03-11,66.434,67.054,65.691,66.681,722536,0
2016-03-14,65.565,66.805,65.069,66.185,962196,0
2016-03-15,65.192,65.691,62.217,63.955,1496174,0
2016-03-16,63.459,66.434,62.529,66.185,1352288,0
2016-03-17,66.31,66.557,65.192,65.565,1626195,0
2016-03-18,65.069,66.434,65.069,65.441,1392940,0
2016-03-21,65.691,66.928,65.069,65.318,676681,0
2016-03-22,65.069,66.185,64.821,65.814,567241,0
2016-03-23,65.441,65.691,64.449,64.573,595188,0
2016-03-24,64.573,65.441,62.839,65.318,763663,0
2016-03-28,65.318,66.31,64.573,65.691,640376,0
2016-03-29,65.814,67.798,65.192,67.798,711631,0
2016-03-30,68.17,70.895,68.17,69.78,1655210,0
2016-03-31,70.15,70.895,69.284,69.284,1787249,0
2016-04-01,68.789,69.284,67.054,67.798,1370508,0
2016-04-04,68.17,68.356,66.805,67.177,1015263,0
2016-04-05,66.928,67.3,64.698,64.821,1104834,0
2016-04-06,64.821,66.681,64.573,66.434,773304,0
2016-04-07,65.814,67.671,65.691,66.185,2765081,0
2016-04-08,66.928,67.054,64.821,65.069,1479382,0
2016-04-11,65.069,65.691,64.203,64.948,1174255,0
2016-04-12,65.318,66.928,64.573,66.185,1056632,0
2016-04-13,66.557,66.557,65.192,66.434,1738678,0
2016-04-14,66.681,67.054,65.937,66.681,707659,0
2016-04-15,66.434,67.177,66.185,67.054,837384,0
2016-04-18,66.805,68.044,66.434,67.671,1136332,0
2016-04-19,67.671,70.4,67.611,70.4,1217046,0
2016-04-20,70.4,71.266,69.532,69.78,2025313,0
2016-04-21,69.78,70.77,68.416,68.789,1171371,0
2016-04-22,68.664,69.78,68.044,69.78,1460636,0
2016-04-25,69.532,69.84,68.293,68.789,623611,0
2016-04-26,69.16,69.654,68.789,69.407,615598,0
2016-04-27,69.654,70.586,68.664,69.78,783468,0
2016-04-28,69.532,70.15,68.416,68.789,863500,0
2016-04-29,68.664,68.914,67.054,68.914,1325967,0
2016-05-02,69.034,69.16,66.681,67.425,3107731,0
2016-05-03,67.671,67.798,62.839,64.698,3788284,0
2016-05-04,64.328,66.681,63.832,66.31,1905794,0
2016-05-05,65.814,65.937,64.078,64.203,1430681,0
2016-05-06,64.449,65.441,63.212,65.318,843838,0
2016-05-09,65.691,65.814,64.449,65.069,868505,0
2016-05-10,65.318,67.425,65.071,67.3,789403,0
2016-05-11,67.3,68.541,66.434,66.805,1113307,0
2016-05-12,66.805,67.177,65.691,66.062,597384,0
2016-05-13,66.185,66.434,65.192,65.192,506363,0
2016-05-16,65.069,65.814,64.698,64.948,652817,0
2016-05-17,64.821,65.814,63.459,63.583,1227526,0
2016-05-18,63.583,64.266,61.476,62.217,1378039,0
2016-05-19,62.097,62.217,60.733,61.476,1192032,0
2016-05-20,61.972,62.217,61.353,62.097,903008,0
2016-05-23,61.849,62.467,60.608,60.608,1213807,0
2016-05-24,61.227,63.459,60.856,63.087,1115489,0
2016-05-25,63.459,64.948,63.212,64.821,756513,0
2016-05-26,64.698,65.441,63.832,63.955,642075,0
2016-05-27,63.955,64.449,63.212,63.832,491950,0
2016-05-31,64.203,64.449,63.708,64.078,708198,0
2016-06-01,63.708,64.449,62.714,62.714,972842,0
2016-06-02,62.962,64.078,62.217,63.955,734435,0
2016-06-03,62.839,64.948,62.839,64.821,741743,0
2016-06-06,64.948,65.691,64.078,64.328,1072421,0
2016-06-07,64.698,65.318,63.955,64.573,1236860,0
2016-06-08,64.821,65.318,64.328,64.449,648202,0
2016-06-09,64.573,64.948,63.333,63.459,755672,0
2016-06-10,63.333,63.583,62.467,63.333,1003856,0
2016-06-13,62.891,63.903,61.626,61.626,1441799,0
2016-06-14,61.626,62.005,60.107,61.12,1207554,0
2016-06-15,62.133,63.018,60.994,61.499,1322119,0
2016-06-16,61.247,64.157,61.247,63.777,1352475,0
2016-06-17,63.777,65.106,63.525,64.664,1275771,0
2016-06-20,65.296,65.801,65.043,65.55,1086079,0
2016-06-21,65.424,65.929,64.409,65.929,786251,0
2016-06-22,65.676,66.056,64.157,64.346,1602217,0
2016-06-23,65.424,65.55,63.714,64.537,939921,0
2016-06-24,62.259,63.903,61.12,61.626,1887411,0
2016-06-27,61.754,62.133,57.829,58.209,1896011,0
2016-06-28,59.474,60.235,59.096,59.981,1243245,0
2016-06-29,61.879,61.879,60.486,61.373,1265362,0
2016-06-30,62.512,62.512,60.742,62.512,1007512,0
2016-07-01,62.512,62.765,61.817,62.765,627242,0
2016-07-05,62.512,63.272,61.499,63.018,1010418,0
2016-07-06,62.512,62.765,60.486,61.879,1613831,0
2016-07-07,61.879,62.512,61.373,62.133,764904,0
2016-07-08,62.639,63.903,62.133,62.891,1024508,0
2016-07-11,62.891,63.525,62.005,62.259,1074251,0
2016-07-12,62.765,65.043,62.512,63.777,1346926,0
2016-07-13,64.157,64.917,63.272,64.03,912211,0
2016-07-14,64.409,64.917,64.03,64.664,855748,0
2016-07-15,64.917,65.424,64.664,65.424,902647,0
2016-07-18,64.537,65.929,63.398,65.801,1468843,0
2016-07-19,65.424,65.55,63.525,63.525,1237541,0
2016-07-20,63.903,64.03,63.018,63.777,787075,0
2016-07-21,63.903,65.171,63.832,64.537,1185660,0
2016-07-22,64.664,65.801,64.283,65.424,894607,0
2016-07-25,65.424,65.801,64.917,64.917,686789,0
2016-07-26,65.171,65.676,64.664,65.171,539473,0
2016-07-27,65.171,65.424,64.157,64.409,983067,0
2016-07-28,64.409,65.043,64.283,64.409,706895,0
2016-07-29,64.537,65.801,64.474,65.801,1013034,0
2016-08-01,65.801,66.056,64.03,64.283,1669366,0
2016-08-02,62.384,62.512,58.969,61.373,5463355,0
2016-08-03,61.373,61.626,60.235,60.994,2034183,0
2016-08-04,61.754,62.765,60.361,62.323,2079371,0
2016-08-05,62.765,63.018,61.373,61.499,1680293,0
2016-08-08,61.754,62.639,61.562,62.384,1068586,0
2016-08-09,62.639,63.018,61.754,62.639,1120038,0
2016-08-10,62.765,62.891,61.499,61.754,1310335,0
2016-08-11,62.133,62.512,60.869,61.373,945574,0
2016-08-12,61.373,61.626,60.994,61.373,898649,0
2016-08-15,61.373,62.005,61.12,62.005,1057078,0
2016-08-16,62.133,62.133,61.247,61.373,983522,0
2016-08-17,61.373,61.626,59.601,59.727,2206105,0
2016-08-18,60.361,60.742,59.601,60.486,1322655,0
2016-08-19,60.742,60.869,58.969,59.35,1297693,0
2016-08-22,59.727,59.727,58.335,58.716,1360176,0
2016-08-23,59.35,59.474,58.463,58.842,973565,0
2016-08-24,58.842,59.474,58.716,59.096,829834,0
2016-08-25,59.096,59.35,58.335,58.463,729391,0
2016-08-26,58.842,59.096,58.209,58.335,1035468,0
2016-08-29,58.716,59.601,58.463,58.969,1032565,0
2016-08-30,58.842,59.601,58.463,58.59,925998,0
2016-08-31,57.957,58.969,57.957,58.209,830234,0
2016-09-01,58.463,58.653,57.198,57.451,1372407,0
2016-09-02,57.829,58.59,56.944,57.703,1233414,0
2016-09-06,58.463,59.537,57.703,59.222,1440199,0
2016-09-07,59.474,60.486,59.284,59.981,1579337,0
2016-09-08,60.107,60.742,59.601,60.361,1179387,0
2016-09-09,60.107,60.742,57.577,57.703,1996611,0
2016-09-12,57.577,58.842,56.944,58.716,1831133,0
2016-09-13,58.78,59.04,56.191,58.002,2361854,0
2016-09-14,58.132,58.458,56.84,56.84,1444223,0
2016-09-15,56.969,57.472,56.06,56.191,1276345,0
2016-09-16,55.673,56.06,53.084,55.415,3823644,0
2016-09-19,55.415,55.802,54.507,55.673,1655332,0
2016-09-20,55.802,56.06,54.507,54.507,1580995,0
2016-09-21,54.507,55.544,52.697,53.343,3026703,0
2016-09-22,54.12,56.515,53.213,56.06,3254919,0
2016-09-23,56.709,56.84,55.415,56.06,1322363,0
2016-09-26,55.673,56.969,55.544,56.449,884216,0
2016-09-27,56.579,56.969,55.802,56.191,1017576,0
2016-09-28,56.32,56.644,55.026,56.191,1124943,0
2016-09-29,55.931,56.84,54.636,54.961,1068206,0
2016-09-30,55.802,55.802,53.73,53.86,1462776,0
2016-10-03,53.86,55.026,53.601,53.601,1267478,0
2016-10-04,53.73,53.86,52.178,53.084,2096299,0
2016-10-05,52.697,53.084,51.919,52.178,2509243,0
2016-10-06,51.79,52.178,50.494,51.661,2025968,0
2016-10-07,51.661,56.449,51.012,54.766,5272215,0
2016-10-10,55.026,55.544,53.601,53.73,1314846,0
2016-10-11,53.084,54.249,53.084,53.73,1293913,0
2016-10-12,53.86,54.249,51.919,52.049,980634,0
2016-10-13,51.79,52.177,51.012,51.79,1021912,0
2016-10-14,51.919,52.307,50.883,50.947,831873,0
2016-10-17,51.272,51.595,50.236,50.494,908140,0
2016-10-18,51.142,52.953,50.883,52.824,1511325,0
2016-10-19,53.343,53.472,52.307,52.953,1074764,0
2016-10-20,53.084,53.277,52.307,52.953,753337,0
2016-10-21,52.566,53.472,52.566,52.697,851539,0
2016-10-24,52.953,53.343,52.436,53.084,444096,0
2016-10-25,53.084,53.601,52.697,53.213,634675,0
2016-10-26,53.213,53.472,52.436,52.953,544043,0
2016-10-27,53.084,55.155,52.049,53.989,1806792,0
2016-10-28,53.86,54.832,52.178,52.178,1103086,0
2016-10-31,52.436,52.953,51.79,52.049,1801272,0
2016-11-01,52.307,52.697,50.494,50.883,1494235,0
2016-11-02,49.2,49.2,43.762,43.891,6633960,0
2016-11-03,44.28,44.409,40.395,40.524,4241537,0
2016-11-04,41.042,41.949,40.137,40.395,3332425,0
2016-11-07,41.431,42.595,40.913,41.562,2210514,0
2016-11-08,42.078,42.854,41.562,41.949,1701131,0
2016-11-09,41.302,41.691,40.524,41.562,1535781,0
2016-11-10,41.82,42.208,40.784,40.913,1587921,0
2016-11-11,40.784,41.82,40.266,41.171,1184821,0
2016-11-14,40.784,41.949,40.653,41.949,1192054,0
2016-11-15,41.949,42.725,41.691,42.725,1045578,0
2016-11-16,42.725,44.927,42.466,44.409,1815665,0
2016-11-17,44.798,45.057,43.502,43.502,1283073,0
2016-11-18,43.891,44.538,43.373,44.28,962179,0
2016-11-21,44.927,45.574,44.667,45.444,1177693,0
2016-11-22,45.834,46.611,45.574,46.482,1028709,0
2016-11-23,45.963,46.869,45.963,46.869,748063,0
2016-11-25,46.999,47.905,46.869,47.776,432086,0
2016-11-28,47.516,48.876,47.516,48.423,1169612,0
2016-11-29,48.423,48.683,47.387,47.516,995484,0
2016-11-30,47.516,48.228,47.129,47.258,1231088,0
2016-12-01,46.999,47.581,45.057,45.315,1613798,0
2016-12-02,45.705,45.963,44.798,45.057,1087460,0
2016-12-05,45.444,46.611,43.373,44.28,2287042,0
2016-12-06,44.798,45.705,44.15,45.705,1253102,0
2016-12-07,45.705,47.776,45.705,46.611,1724202,0
2016-12-08,47.258,48.293,46.999,47.905,1446903,0
2016-12-09,47.776,48.164,46.999,47.516,1534645,0
2016-12-12,47.645,47.905,44.927,45.186,2174985,0
2016-12-13,45.252,47.122,44.719,46.053,1597592,0
2016-12-14,46.053,46.721,45.252,45.92,1090825,0
2016-12-15,45.653,46.721,45.386,46.588,939731,0
2016-12-16,46.721,47.656,45.519,47.522,3076082,0
2016-12-19,47.122,47.922,46.721,47.656,1116932,0
2016-12-20,47.656,47.656,45.786,46.053,1192563,0
2016-12-21,46.32,46.32,43.783,43.917,2278723,0
2016-12-22,44.317,45.653,44.05,44.586,1116969,0
2016-12-23,44.317,45.92,44.317,45.653,936397,0
2016-12-27,45.653,46.187,45.386,45.653,834737,0
2016-12-28,45.653,45.92,44.586,44.719,988051,0
2016-12-29,43.65,45.519,43.65,44.852,1174190,0
2016-12-30,45.119,45.653,44.719,45.119,1528262,0
2017-01-03,45.386,48.055,45.252,47.789,2560358,0
2017-01-04,48.055,48.991,47.789,48.991,1827442,0
2017-01-05,49.258,50.192,48.858,49.791,2817503,0
2017-01-06,50.058,50.993,48.724,50.058,4123724,0
2017-01-09,50.192,50.594,48.322,49.125,2366312,0
2017-01-10,49.258,49.524,48.189,48.456,1369716,0
2017-01-11,48.456,49.391,47.389,48.189,1070665,0
2017-01-12,48.189,48.255,46.721,47.122,1236652,0
2017-01-13,47.122,47.656,46.988,47.389,567231,0
2017-01-17,47.389,47.656,46.855,47.389,708263,0
2017-01-18,47.656,47.922,46.855,47.255,663555,0
2017-01-19,46.988,47.255,45.519,46.453,1377638,0
2017-01-20,46.588,47.122,45.519,46.588,1356387,0
2017-01-23,46.588,47.389,46.053,47.255,769212,0
2017-01-24,47.656,47.789,46.187,46.32,1116407,0
2017-01-25,46.721,46.988,45.386,45.92,1323327,0
2017-01-26,45.653,46.721,45.653,46.721,844279,0
2017-01-27,46.855,47.255,46.32,47.122,760713,0
2017-01-30,46.855,47.122,45.92,46.588,1321546,0
2017-01-31,46.32,46.855,45.92,46.588,1158707,0
2017-02-01,45.92,46.721,44.985,45.519,1638384,0
2017-02-02,45.519,45.653,44.451,44.985,1139209,0
2017-02-03,44.985,45.92,44.985,45.653,1133812,0
2017-02-06,45.92,46.453,43.917,44.451,1909396,0
2017-02-07,44.451,44.719,43.516,43.65,1526754,0
2017-02-08,43.783,44.05,43.384,44.05,1306156,0
2017-02-09,44.184,44.586,43.516,43.783,1600700,0
2017-02-10,43.783,44.317,43.65,44.184,1674579,0
2017-02-13,44.184,44.451,43.516,43.717,1519374,0
2017-02-14,43.783,44.719,43.65,44.586,1052381,0
2017-02-15,44.586,44.719,43.65,44.05,1210437,0
2017-02-16,44.586,45.252,43.516,43.917,1742384,0
2017-02-17,43.917,44.05,43.118,43.917,1934205,0
2017-02-21,44.05,44.451,43.25,44.317,1970205,0
2017-02-22,44.451,45.252,44.184,44.719,1326230,0
2017-02-23,45.119,45.386,44.451,45.252,1268219,0
2017-02-24,45.386,45.653,44.985,44.985,1257707,0
2017-02-27,44.852,45.252,43.783,44.05,2142129,0
2017-02-28,41.115,41.516,38.713,39.112,8826382,0
2017-03-01,39.379,39.379,38.713,38.979,2637067,0
2017-03-02,38.979,39.246,37.11,37.51,3985319,0
2017-03-03,38.044,38.713,37.51,38.311,2119687,0
2017-03-06,38.311,38.713,36.174,36.575,3493988,0
2017-03-07,35.775,36.042,34.306,34.974,5101994,0
2017-03-08,34.974,35.241,33.239,33.239,3090870,0
2017-03-09,33.239,35.107,33.239,34.707,4838148,0
2017-03-10,34.974,35.908,34.84,35.641,3261876,0
2017-03-13,35.712,35.988,33.627,35.155,5595819,0
2017-03-14,35.015,35.015,33.348,33.488,3300550,0
2017-03-15,33.627,33.905,32.097,33.488,4962970,0
2017-03-16,33.488,35.572,33.488,34.878,4034564,0
2017-03-17,35.155,35.294,33.627,34.321,11922994,0
2017-03-20,34.043,34.878,33.21,33.488,2850726,0
2017-03-21,33.488,33.905,32.654,32.794,2636074,0
2017-03-22,29.874,30.986,27.096,29.319,7536605,0
2017-03-23,28.625,28.901,26.818,26.956,5234578,0
2017-03-24,26.818,29.319,26.68,29.041,5532969,0
2017-03-27,28.764,29.041,27.652,28.068,3040693,0
2017-03-28,28.207,28.347,27.234,27.513,3777277,0
2017-03-29,27.791,28.485,27.096,28.068,3672077,0
2017-03-30,28.764,30.292,28.485,29.598,4597041,0
2017-03-31,30.431,30.431,29.458,29.736,4916312,0
2017-04-03,30.152,30.152,28.347,28.485,2527885,0
2017-04-04,28.625,29.736,28.347,29.666,2972756,0
2017-04-05,29.874,30.431,29.041,29.458,4726903,0
2017-04-06,29.458,29.736,28.764,29.041,1998512,0
2017-04-07,29.18,29.598,28.625,28.625,2267391,0
2017-04-10,28.625,29.458,28.625,28.901,1223175,0
2017-04-11,28.901,29.458,28.485,28.485,1980323,0
2017-04-12,28.485,28.901,27.929,28.207,2093732,0
2017-04-13,28.207,28.485,26.818,26.956,2526501,0
2017-04-17,27.374,27.791,27.096,27.374,1433846,0
2017-04-18,27.374,27.652,26.68,26.956,1035324,0
2017-04-19,26.956,27.513,25.567,25.845,3103163,0
2017-04-20,26.123,27.374,25.845,26.68,1949557,0
2017-04-21,26.956,27.234,26.262,26.956,1623254,0
2017-04-24,27.234,27.234,25.983,26.401,2095571,0
2017-04-25,26.262,27.652,26.262,27.234,2154971,0
2017-04-26,27.096,27.374,26.401,26.68,2252460,0
2017-04-27,26.54,27.096,26.401,26.54,1391887,0
2017-04-28,26.54,26.818,25.15,26.123,3163615,0
2017-05-01,26.123,26.262,25.429,25.707,1816537,0
2017-05-02,25.567,26.956,25.289,26.818,4129715,0
2017-05-03,24.178,24.872,22.371,22.371,8329344,0
2017-05-04,22.65,22.927,19.732,19.869,5691590,0
2017-05-05,19.869,20.426,19.453,20.287,2518066,0
2017-05-08,20.426,21.538,20.148,21.26,2789482,0
2017-05-09,20.287,20.842,19.453,19.869,3693925,0
2017-05-10,19.732,19.732,17.924,18.342,5627582,0
2017-05-11,18.342,18.481,16.466,16.675,4251087,0
2017-05-12,17.23,17.23,16.675,16.813,3096879,0
2017-05-15,16.883,18.202,16.536,17.924,3145983,0
2017-05-16,18.202,19.175,17.648,18.758,3473670,0
2017-05-17,18.758,19.175,18.271,18.481,2162787,0
2017-05-18,18.62,18.62,17.924,18.064,1718842,0
2017-05-19,18.064,20.842,17.995,20.148,3649922,0
2017-05-22,20.842,21.399,20.148,20.426,2238176,0
2017-05-23,20.704,20.842,19.315,19.453,2125759,0
2017-05-24,19.732,19.732,18.758,19.036,1924342,0
2017-05-25,19.175,19.315,18.758,18.897,785979,0
2017-05-26,18.758,19.315,18.481,18.481,1114346,0
2017-05-30,18.481,19.175,18.202,18.342,1846187,0
2017-05-31,18.481,18.62,17.785,18.202,7084943,0
2017-06-01,18.202,19.036,17.924,18.064,2973456,0
2017-06-02,18.342,18.62,17.924,18.064,2112590,0
2017-06-05,18.064,18.202,17.508,17.785,1498751,0
2017-06-06,17.648,18.064,17.23,17.648,1832192,0
2017-06-07,17.648,18.064,16.675,16.952,2321818,0
2017-06-08,17.23,17.508,16.675,17.022,1487322,0
2017-06-09,16.952,17.369,16.952,17.091,932155,0
2017-06-12,17.23,18.342,17.091,17.717,2356430,0
2017-06-13,18.075,19.51,17.932,19.223,2681721,0
2017-06-14,19.223,19.51,18.219,18.219,1306563,0
2017-06-15,18.219,19.366,18.219,18.793,1945593,0
2017-06-16,19.223,20.084,18.506,19.94,5003065,0
2017-06-19,19.223,19.653,18.793,18.936,1410861,0
2017-06-20,18.793,19.223,17.071,17.501,2596112,0
2017-06-21,17.645,17.932,15.78,16.067,3422117,0
2017-06-22,16.21,16.641,15.923,16.067,1968047,0
2017-06-23,16.21,17.645,16.21,17.501,10343230,0
2017-06-26,17.645,17.788,16.21,16.282,2085345,0
2017-06-27,16.641,17.215,16.497,16.784,1668225,0
2017-06-28,16.928,17.358,16.641,16.641,1614187,0
2017-06-29,16.641,17.215,16.641,16.999,1299292,0
2017-06-30,17.501,17.501,16.497,16.641,1407545,0
2017-07-03,16.641,16.928,16.354,16.928,757932,0
2017-07-05,16.928,17.071,16.497,16.784,840608,0
2017-07-06,16.497,16.641,15.493,15.78,4621545,0
2017-07-07,15.637,15.78,14.776,15.206,2456417,0
2017-07-10,14.498,15.751,14.011,14.279,6162771,0
2017-07-11,14.039,14.059,12.72,13.274,7220347,0
2017-07-12,13.179,13.346,12.557,12.892,4030583,0
2017-07-13,12.72,13.485,12.557,13.427,4591868,0
2017-07-14,13.427,14.479,13.351,14.125,3966434,0
2017-07-17,14.078,14.355,13.494,13.724,2702487,0
2017-07-18,13.628,13.81,13.255,13.322,2279511,0
2017-07-19,13.303,13.862,13.293,13.666,2614740,0
2017-07-20,13.676,14.575,13.628,14.259,3324560,0
2017-07-21,14.288,14.451,13.886,14.221,2792944,0
2017-07-24,14.202,14.231,13.733,13.925,1856563,0
2017-07-25,13.858,14.671,13.686,14.288,3606937,0
2017-07-26,14.317,14.537,14.001,14.298,1912673,0
2017-07-27,14.393,15.302,14.393,15.063,2395637,0
2017-07-28,14.91,15.244,14.46,14.948,2419250,0
2017-07-31,14.948,15.484,14.432,14.642,2158027,0
2017-08-01,14.671,15.254,14.508,15.197,3180780,0
2017-08-02,15.397,17.415,15.302,16.306,8123981,0
2017-08-03,15.857,16.019,13.523,13.906,6864918,0
2017-08-04,13.934,15.684,13.925,15.173,5885925,0
2017-08-07,15.053,15.321,14.451,15.216,4313808,0
2017-08-08,15.063,15.187,14.498,14.537,3226295,0
2017-08-09,14.345,14.805,13.972,14.422,3335472,0
2017-08-10,14.288,14.714,14.237,14.432,1944266,0
2017-08-11,14.451,14.498,13.961,14.259,2447117,0
2017-08-14,14.269,14.661,13.963,14.604,2017671,0
2017-08-15,14.594,14.766,13.638,13.714,3424083,0
2017-08-16,13.686,13.886,13.351,13.724,2732662,0
2017-08-17,13.619,13.714,13.179,13.207,3104208,0
2017-08-18,13.16,13.246,12.576,12.968,2642402,0
2017-08-21,12.882,12.949,12.098,12.165,3443801,0
2017-08-22,12.165,12.282,11.448,11.515,4291587,0
2017-08-23,11.467,11.993,11.142,11.802,2798998,0
2017-08-24,11.735,12.261,11.735,12.146,1956190,0
2017-08-25,12.117,12.289,11.907,12.222,1415602,0
2017-08-28,12.184,12.815,12.184,12.672,2103840,0
2017-08-29,12.481,13.427,12.481,12.959,3051666,0
2017-08-30,12.959,13.293,12.662,12.815,2039541,0
2017-08-31,12.777,13.131,12.662,12.882,2395306,0
2017-09-01,12.901,13.227,12.796,13.227,1306670,0
2017-09-05,13.198,13.389,13.026,13.169,1580762,0
2017-09-06,13.255,13.552,13.117,13.341,2281561,0
2017-09-07,13.38,13.506,12.724,12.825,2314245,0
2017-09-08,12.844,12.844,12.428,12.586,2526142,0
2017-09-11,12.71,12.882,12.581,12.739,1678164,0
2017-09-12,12.825,13.619,12.71,13.16,3602407,0
2017-09-13,13.16,13.48,12.758,13.15,3328694,0
2017-09-14,13.03,13.15,12.6241,12.92,2355191,0
2017-09-15,13.04,13.28,12.94,13.12,4296467,0
2017-09-18,13.04,13.12,12.4709,12.52,2725972,0
2017-09-19,12.58,12.59,11.85,11.97,3221861,0
2017-09-20,11.86,12.26,11.86,12,1778945,0
2017-09-21,11.93,12.08,11.67,11.69,2415410,0
2017-09-22,11.7,11.84,11.66,11.81,951111,0
2017-09-25,11.82,12.409,11.77,12.28,2041518,0
2017-09-26,12.22,12.38,12.11,12.2,1681770,0
2017-09-27,12.39,12.58,12.01,12.37,1931845,0
2017-09-28,12.31,13,12.15,12.31,4056271,0
2017-09-29,12.24,12.24,11.74,11.79,3544892,0
2017-10-02,11.68,12.18,11.675,12.17,1825617,0
2017-10-03,12.15,12.76,12.11,12.6,2621198,0
2017-10-04,12.48,12.825,12.25,12.26,2823573,0
2017-10-05,12.25,12.63,12.11,12.16,1991749,0
2017-10-06,12.05,12.27,11.8752,12.22,1729771,0
2017-10-09,12.2,12.79,12.2,12.53,1743122,0
2017-10-10,12.53,12.75,12.33,12.38,1468597,0
2017-10-11,12.32,12.4059,12.0403,12.2,1240802,0
2017-10-12,12.03,12.29,11.75,12.1,1987120,0
2017-10-13,12.03,12.1,11.84,11.89,1731455,0
2017-10-16,11.9,11.95,11.66,11.7,2926058,0
2017-10-17,11.67,11.8,11.45,11.46,1907030,0
2017-10-18,11.46,11.57,11.25,11.46,1681256,0
2017-10-19,11.47,11.75,11.16,11.48,2528456,0
2017-10-20,11.5,11.69,11.35,11.57,1126889,0
2017-10-23,11.48,11.686,11.43,11.51,1292444,0
2017-10-24,11.49,11.65,11.28,11.31,1454114,0
2017-10-25,11.29,11.61,11.2,11.39,2640705,0
2017-10-26,11.42,11.675,11.21,11.48,2135134,0
2017-10-27,11.49,11.89,11.4101,11.74,3936348,0
2017-10-30,11.64,11.93,11.49,11.88,2402659,0
2017-10-31,11.92,12.19,11.6208,12.11,3878652,0
2017-11-01,12.06,12.06,8.825,8.86,20818519,0
2017-11-02,8.98,9.25,8.83,9.18,6264725,0
2017-11-03,9.09,9.21,7.36,7.41,9993741,0
2017-11-06,7.43,8.11,7.4,8.07,6217219,0
2017-11-07,8.07,8.3,7.97,8.12,2948592,0
2017-11-08,8.07,8.2,7.86,7.96,1614170,0
2017-11-09,7.69,8.25,7.66,7.96,3474560,0
2017-11-10,7.39,7.55,6.7215,6.77,8011561,0
