2016-01-04,26.67,26.725,26.67,26.725,1664,0
2016-01-05,26.86,26.86,26.73,26.73,1020,0
2016-01-06,26.6912,26.76,26.66,26.68,4272,0
2016-01-07,26.65,26.791,26.3601,26.5284,6656,0
2016-01-08,26.55,26.5501,26.4,26.41,2801,0
2016-01-11,26.4013,26.75,26.35,26.35,4804,0
2016-01-12,26.656,26.656,26.411,26.44,1481,0
2016-01-13,26.686,26.69,26.51,26.68,5475,0
2016-01-14,26.59,26.59,26.37,26.465,1890,0
2016-01-15,26.6561,26.6561,26.6561,26.6561,200,0
2016-01-19,26.6458,26.6458,26.6458,26.6458,0,0
2016-01-20,26.749,26.749,26.4001,26.4644,2911,0
2016-01-21,26.51,26.51,26.51,26.51,1000,0
2016-01-22,26.61,26.71,26.5,26.5,2605,0
2016-01-25,26.5,26.5,26.5,26.5,402,0
2016-01-27,26.5,26.51,26.5,26.5,682,0
2016-01-28,26.55,26.55,26.55,26.55,350,0
2016-01-29,26.55,26.6,26.04,26.6,5696,0
2016-02-01,26.6,26.85,26.52,26.85,7264,0
2016-02-02,26.7501,27.18,26.75,26.7501,3429,0
2016-02-03,27.1496,27.1496,27.1496,27.1496,386,0
2016-02-04,27,27,26.7939,26.998,2196,0
2016-02-05,27,27.0144,26.98,27.0024,10194,0
2016-02-08,27,27.1638,27,27.05,2400,0
2016-02-09,27.38,27.38,26.6356,26.8,10271,0
2016-02-10,27.01,27.162,27,27.01,3588,0
2016-02-11,27.01,27.077,26.9548,27.077,5500,0
2016-02-12,27.04,27.04,26.99,27.002,5075,0
2016-02-16,27.23,27.25,27.128,27.128,1747,0
2016-02-18,27.2,27.21,27.17,27.19,2540,0
2016-02-19,27.13,27.13,27.13,27.13,100,0
2016-02-22,27.08,27.2399,27.07,27.154,5740,0
2016-02-23,27.14,27.5,27.08,27.49,2549,0
2016-02-24,27.99,28.045,27.54,27.87,4829,0
2016-02-25,28.12,28.12,27.17,27.89,15620,0
2016-02-26,27.92,27.92,27.33,27.33,8356,0
2016-02-29,27.33,27.73,27.33,27.73,1020,0
2016-03-01,27.45,27.95,27.45,27.63,11615,0
2016-03-02,27.565,27.6717,27.45,27.56,7473,0
2016-03-03,27,27.95,27,27.7072,17650,0
2016-03-04,27.5101,27.7495,27.5101,27.56,2513,0
2016-03-07,27.76,27.76,27.53,27.54,2335,0
2016-03-08,27.1,27.74,27.1,27.4648,3286,0
2016-03-09,27.1101,27.72,27.1101,27.72,1515,0
2016-03-10,27.32,27.32,27.0544,27.17,2800,0
2016-03-11,27.3942,27.4,27.3942,27.4,510,0
2016-03-14,27.25,27.47,27.07,27.07,8185,0
2016-03-15,27.07,27.46,26.92,26.92,6657,0
2016-03-16,27.31,27.6,26.9301,27.35,3240,0
2016-03-17,27.01,27.6,27,27.1,1882,0
2016-03-18,27.01,27.1099,26.98,27.01,5450,0
2016-03-21,27.0201,27.2966,27.01,27.02,6025,0
2016-03-22,27.12,27.14,27.12,27.14,1100,0
2016-03-23,27.22,27.658,27.16,27.16,3707,0
2016-03-24,27.43,27.43,27.277,27.277,1294,0
2016-03-28,27.38,27.543,27.2601,27.4232,5939,0
2016-03-29,27.8,27.85,27.3432,27.4245,3359,0
2016-03-30,27.59,28.05,27.5,28,3752,0
2016-03-31,27.99,28,27.6701,27.6701,2600,0
2016-04-01,27.92,27.93,27.68,27.7825,4638,0
2016-04-04,27.95,27.95,27.6,27.65,6181,0
2016-04-05,27.7,27.784,27.6756,27.7838,1472,0
2016-04-06,27.85,27.87,27.5678,27.65,4140,0
2016-04-07,27.4807,27.82,27.4807,27.8,3739,0
2016-04-08,27.66,27.8,27.61,27.7,5660,0
2016-04-11,27.3,27.4065,27.2,27.3753,1642,0
2016-04-12,27.741,27.741,27.741,27.741,100,0
2016-04-13,27.24,27.515,27.2,27.5,5885,0
2016-04-14,27.393,27.529,27.287,27.287,2979,0
2016-04-15,27.27,27.34,27.03,27.1025,2193,0
2016-04-18,27.02,27.4,27.02,27.1801,5409,0
2016-04-19,27.1412,27.1412,27.1001,27.1001,530,0
2016-04-20,27.1,27.279,27.1,27.12,3424,0
2016-04-21,27.36,27.36,27.1515,27.19,2826,0
2016-04-22,27.254,27.4365,27.1915,27.4365,2415,0
2016-04-25,27.38,27.38,27.17,27.21,7225,0
2016-04-26,27.1715,27.18,26.85,26.8601,5000,0
2016-04-27,26.86,26.86,26.2,26.67,9601,0
2016-04-28,26.6,26.6962,26.55,26.68,3024,0
2016-04-29,26.75,26.86,26.75,26.821,4000,0
2016-05-02,27.3,27.3,27.0701,27.09,1355,0
2016-05-03,27.21,27.21,27.1,27.1,590,0
2016-05-04,27.2,27.2,27.16,27.16,400,0
2016-05-05,26.7715,26.9436,26.7701,26.82,2300,0
2016-05-06,26.76,27.1,26.75,27,11619,0
2016-05-09,26.78,26.78,26.78,26.78,700,0
2016-05-10,26.81,26.9091,26.77,26.84,4500,0
2016-05-11,26.8,26.96,26.8,26.96,1964,0
2016-05-12,26.9,26.94,26.75,26.78,7882,0
2016-05-13,26.78,26.87,26.75,26.78,12098,0
2016-05-16,26.76,26.76,26.75,26.75,600,0
2016-05-17,26.75,26.75,26.7,26.7,2462,0
2016-05-18,26.7,26.73,26.5,26.5,8447,0
2016-05-19,26.65,27.26,26.4862,27.26,8000,0
2016-05-20,27.195,27.25,26.79,27.02,12400,0
2016-05-23,27.1,27.2399,26.61,27.2399,8045,0
2016-05-24,27.15,27.22,26.7501,27.21,19076,0
2016-05-25,27.2,27.2,26.7446,27.12,7972,0
2016-05-26,26.95,27.1101,26.8399,27.01,4985,0
2016-05-27,26.94,27.09,26.94,27.09,4688,0
2016-05-31,27.24,27.24,26.92,27.173,2935,0
2016-06-01,27.13,27.15,27.04,27.11,3466,0
2016-06-02,26.87,27.0301,26.8332,26.9,3738,0
2016-06-03,26.89,26.98,26.701,26.8601,6272,0
2016-06-06,26.9099,26.99,26.79,26.88,4755,0
2016-06-07,26.94,27.0406,26.93,27.0406,824,0
2016-06-08,26.96,27.18,26.73,26.82,5850,0
2016-06-09,26.78,26.89,26.7,26.7,10206,0
2016-06-10,26.73,27.03,26.73,26.99,16827,0
2016-06-13,26.95,26.95,26.95,26.95,401,0
2016-06-14,26.7134,26.85,26.7134,26.82,2000,0
2016-06-15,26.82,26.9442,26.82,26.9268,380,0
2016-06-16,26.84,26.9499,26.79,26.9499,6425,0
2016-06-17,26.869,27.0299,26.869,27.0299,2395,0
2016-06-20,26.9,26.9,26.7901,26.7901,3350,0
2016-06-21,26.89,26.89,26.05,26.21,6803,0
2016-06-22,26.35,26.4399,26.27,26.3709,6170,0
2016-06-23,26.28,26.54,26.27,26.529,5631,0
2016-06-24,26.47,26.75,26.46,26.75,6969,0
2016-06-27,26.83,26.895,26.35,26.7286,5691,0
2016-06-28,26.81,26.9599,26.81,26.922,592,0
2016-06-29,26.9899,26.9899,26.7499,26.8201,2000,0
2016-06-30,26.82,26.97,26.75,26.97,920,0
2016-07-01,26.87,26.94,26.71,26.77,11328,0
2016-07-05,26.7924,26.7932,26.7,26.7932,714,0
2016-07-06,26.7368,26.91,26.6001,26.91,8074,0
2016-07-07,26.9,26.9,26.63,26.68,6279,0
2016-07-08,26.6001,26.88,26.6001,26.8133,6464,0
2016-07-11,26.55,26.749,26.55,26.6988,1450,0
2016-07-12,26.84,27.04,26.8144,27.04,13025,0
2016-07-13,26.84,26.84,26.7227,26.77,5859,0
2016-07-14,26.81,27.0399,26.7801,26.7801,3050,0
2016-07-15,26.87,27.05,26.87,27.03,4560,0
2016-07-18,26.876,27,26.8001,26.999,5773,0
2016-07-19,26.99,27.05,26.86,27.0001,1750,0
2016-07-20,27.0331,27.24,27.01,27.21,14678,0
2016-07-21,27.15,27.47,27.15,27.3,11392,0
2016-07-22,27.18,27.18,27.1001,27.1001,5327,0
2016-07-25,27.03,27.1301,27.03,27.06,6286,0
2016-07-26,27.04,27.23,27.02,27.09,13183,0
2016-07-27,27.0001,27.12,27.0001,27.09,1151,0
2016-07-28,27.0001,27.103,27.0001,27.103,1200,0
2016-07-29,27.04,27.1536,27,27.04,5175,0
2016-08-01,27.1235,27.1235,27,27.04,1961,0
2016-08-02,27.01,27.01,27.01,27.01,100,0
2016-08-03,27.07,27.15,27.01,27.0129,860,0
2016-08-04,26.9908,26.9908,26.9908,26.9908,500,0
2016-08-05,27.06,27.09,26.96,27.01,1660,0
2016-08-08,26.9574,27,26.9574,27,3170,0
2016-08-09,27,27.11,27,27,5251,0
2016-08-10,27,27.1299,26.9,27.0001,9127,0
2016-08-11,27,27.05,27,27,4068,0
2016-08-12,27.2,27.2,27.2,27.2,552,0
2016-08-15,27.06,27.1325,27,27,2652,0
2016-08-16,27,27.01,26.99,27,7536,0
2016-08-17,27.15,27.15,27,27.014,1701,0
2016-08-18,27,27.075,26.9,27.04,33309,0
2016-08-19,27.0736,27.208,27,27.012,5617,0
2016-08-22,27.18,27.18,27.0491,27.0717,2419,0
2016-08-23,27.18,27.18,27.019,27.019,3500,0
2016-08-24,27,27.141,26.9,26.9,7358,0
2016-08-25,26.89,27.01,26.88,27,9211,0
2016-08-26,27.0935,27.0935,27.0935,27.0935,176,0
2016-08-29,27.05,27.36,26.9601,27.19,18551,0
2016-08-30,27.15,27.21,27.12,27.21,1236,0
2016-08-31,27.1924,27.2,27.1,27.1,2272,0
2016-09-01,27.11,27.24,27.1,27.16,4410,0
2016-09-02,26.92,27.1,26.85,26.85,14067,0
2016-09-06,26.9,26.9,26.77,26.8699,2811,0
2016-09-07,26.88,26.9199,26.83,26.9199,2855,0
2016-09-08,26.95,26.95,26.8001,26.92,1493,0
2016-09-09,26.9,26.9499,26.75,26.76,6355,0
2016-09-12,26.74,26.74,26.74,26.74,1951,0
2016-09-13,26.53,26.9299,26.53,26.9299,1260,0
2016-09-14,26.81,26.81,26.57,26.5743,1502,0
2016-09-15,26.57,26.76,26.57,26.6624,2550,0
2016-09-16,26.58,26.76,26.58,26.7247,3757,0
2016-09-19,26.61,26.7806,26.385,26.66,5015,0
2016-09-20,26.55,26.929,26.54,26.55,4482,0
2016-09-21,26.63,26.77,26.08,26.42,8308,0
2016-09-22,26.44,26.54,26.42,26.5001,4994,0
2016-09-23,26.5,26.54,26.44,26.5,1695,0
2016-09-26,26.67,26.72,26.6064,26.62,2169,0
2016-09-27,26.78,26.861,26.51,26.53,5783,0
2016-09-28,26.55,26.725,26.45,26.53,3189,0
2016-09-29,26.52,26.57,26.52,26.57,200,0
2016-09-30,26.9166,26.9166,26.65,26.65,400,0
2016-10-03,26.68,26.68,26.68,26.68,700,0
2016-10-04,26.68,26.68,26.68,26.68,215,0
2016-10-06,26.6,26.6096,26.6,26.6096,720,0
2016-10-07,26.61,27,26.61,27,5860,0
2016-10-10,26.8,27.025,26.8,27,8046,0
2016-10-11,27.0003,27.05,26.975,27.05,3304,0
2016-10-12,26.98,27.04,26.93,27.04,8126,0
2016-10-13,27,27.05,27,27.05,3300,0
2016-10-14,26.71,27.0163,26.71,27.0075,6500,0
2016-10-17,26.9,27.02,26.8,27.02,4946,0
2016-10-18,26.96,26.96,26.66,26.72,5751,0
2016-10-19,26.8596,26.96,26.8596,26.96,1800,0
2016-10-20,27,27,26.7701,26.7701,2029,0
2016-10-21,26.84,26.8933,26.75,26.8933,2075,0
2016-10-24,26.8904,26.8904,26.8001,26.8753,3027,0
2016-10-25,26.8,26.8345,26.8,26.8152,1570,0
2016-10-26,26.91,27.04,26.76,26.99,2298,0
2016-10-27,26.75,26.75,26.3,26.4,9436,0
2016-10-28,26.4001,26.46,26.4001,26.45,745,0
2016-10-31,26.6565,26.6565,26.57,26.57,1885,0
2016-11-02,26.5,26.5,26.48,26.48,1582,0
2016-11-03,26.48,26.62,26.45,26.62,2100,0
2016-11-04,26.5,26.6932,26.3701,26.3701,6930,0
2016-11-07,26.37,26.514,26.35,26.35,2275,0
2016-11-08,26.65,26.65,26.3,26.35,3272,0
2016-11-09,26.3,26.7919,26.2804,26.5,4150,0
2016-11-10,26.73,26.73,26.15,26.4,4466,0
2016-11-11,26.17,26.2721,26.15,26.15,3546,0
2016-11-14,26.08,26.08,25.75,25.99,7846,0
2016-11-15,25.91,26.028,25.6757,25.76,4533,0
2016-11-16,25.7599,26.01,25.7599,26.01,4755,0
2016-11-17,26.04,26.2,26,26.02,7775,0
2016-11-18,26.22,26.22,25.809,25.85,4871,0
2016-11-21,25.75,26,25.75,26,1958,0
2016-11-22,25.99,26.1,25.99,26.1,2156,0
2016-11-23,26.29,26.32,26.29,26.32,6115,0
2016-11-28,26.32,26.6271,26.32,26.6271,3245,0
2016-11-29,26.53,26.5315,26.5,26.5314,2300,0
2016-11-30,26.61,26.61,26.5,26.5312,2084,0
2016-12-01,26.32,26.65,26.31,26.55,13666,0
2016-12-02,26.55,26.6,26.189,26.5,3311,0
2016-12-05,26.37,26.37,25.965,26.21,6035,0
2016-12-06,26,26,25.71,25.71,3140,0
2016-12-07,25.8,25.996,25.5845,25.6,24037,0
2016-12-08,25.7,25.705,25.61,25.6101,3534,0
2016-12-09,25.95,26.0242,25.9,26,14557,0
2016-12-12,25.51,25.9293,25.49,25.6,6000,0
2016-12-13,25.6,25.88,25.43,25.88,9214,0
2016-12-14,25.6176,25.7129,25.6158,25.6158,1500,0
2016-12-15,25.56,25.611,25.55,25.6,7882,0
2016-12-16,25.69,25.69,25.5,25.659,9959,0
2016-12-20,25.53,25.68,25.43,25.43,11852,0
2016-12-21,25.67,25.74,25.5287,25.5844,4783,0
2016-12-22,25.6475,25.6475,25.55,25.57,3383,0
2016-12-23,25.59,25.66,25.53,25.6359,3812,0
2016-12-27,25.74,25.7499,25.7136,25.7499,4579,0
2016-12-28,25.93,25.93,25.62,25.85,3679,0
2016-12-29,25.9,25.99,25.52,25.98,5503,0
2016-12-30,25.9275,26.03,25.7701,25.7701,426,0
2017-01-03,25.92,25.9275,25.76,25.8101,4690,0
2017-01-04,25.9,25.9096,25.8,25.8901,15095,0
2017-01-05,25.88,25.95,25.88,25.95,3576,0
2017-01-06,26.263,26.263,25.62,25.62,4472,0
2017-01-09,25.66,25.8572,25.6305,25.82,2523,0
2017-01-11,25.63,25.958,25.63,25.84,1775,0
2017-01-12,25.8287,25.9048,25.6985,25.9048,1425,0
2017-01-13,25.77,26,25.77,25.8072,3106,0
2017-01-17,25.76,26.1699,25.76,26.1699,1828,0
2017-01-18,25.73,25.83,25.73,25.8001,1970,0
2017-01-19,25.8,25.84,25.71,25.7292,1703,0
2017-01-20,25.8215,25.8753,25.68,25.69,4060,0
2017-01-23,25.66,25.8228,25.66,25.7401,1000,0
2017-01-24,25.73,25.98,25.73,25.84,5417,0
2017-01-25,25.7806,25.81,25.75,25.75,3347,0
2017-01-26,25.6901,25.849,25.66,25.75,4729,0
2017-01-27,25.71,25.7581,25.6056,25.63,8652,0
2017-01-30,25.64,25.669,25.63,25.6686,3043,0
2017-01-31,25.76,25.76,25.36,25.5993,5140,0
2017-02-01,25.58,25.6762,25.56,25.6,3027,0
2017-02-02,25.59,25.665,25.58,25.65,9586,0
2017-02-03,25.6998,25.7521,25.6998,25.7005,2037,0
2017-02-06,25.7,25.828,25.7,25.7776,5265,0
2017-02-07,25.819,25.819,25.75,25.75,1000,0
2017-02-08,25.8,25.9542,25.7495,25.7628,6551,0
2017-02-09,25.77,25.97,25.77,25.9367,1429,0
2017-02-10,25.76,26,25.76,26,5204,0
2017-02-13,26,26.29,26,26.2,3788,0
2017-02-14,26.22,26.4783,26.01,26.01,6317,0
2017-02-15,26.1,26.6816,26.0673,26.223,3458,0
2017-02-17,26.06,26.361,26,26.01,6874,0
2017-02-21,26.04,26.0405,26,26,1643,0
2017-02-22,26.0026,26.1759,26,26.1759,1225,0
2017-02-23,25.91,26.1114,25.91,26.1011,1704,0
2017-02-24,26.01,26.15,26.01,26.02,2330,0
2017-02-27,26.05,26.1096,25.9577,26,3013,0
2017-02-28,25.92,26.1051,25.89,25.89,8353,0
2017-03-01,26,26,25.95,25.99,7221,0
2017-03-02,26.05,26.13,26.05,26.08,2781,0
2017-03-03,25.72,25.79,25.72,25.79,3100,0
2017-03-06,25.7656,25.8451,25.74,25.77,36852,0
2017-03-07,25.77,25.78,25.77,25.78,537,0
2017-03-08,25.77,25.7758,25.73,25.7758,3577,0
2017-03-09,25.721,25.73,25.715,25.72,1849,0
2017-03-10,25.64,25.77,25.64,25.755,4426,0
2017-03-13,25.7273,25.98,25.63,25.81,9749,0
2017-03-14,25.8,25.9574,25.75,25.77,2643,0
2017-03-15,25.778,25.78,25.77,25.7799,2800,0
2017-03-16,25.84,25.84,25.73,25.8,576,0
2017-03-17,25.81,26.0179,25.81,25.8495,1860,0
2017-03-20,26.01,26.01,25.8213,25.85,6820,0
2017-03-21,26.12,26.12,25.82,25.9101,3912,0
2017-03-22,25.84,25.8746,25.83,25.87,1589,0
2017-03-23,25.8618,25.91,25.81,25.91,11964,0
2017-03-24,26.2,26.31,26.0689,26.3,14684,0
2017-03-27,26.32,26.485,26.0361,26.04,4404,0
2017-03-28,26.11,26.3175,26.03,26.03,9738,0
2017-03-29,26.21,26.44,26.084,26.18,13572,0
2017-03-30,26.17,26.41,26.17,26.22,1500,0
2017-03-31,26.23,26.36,26.05,26.05,3743,0
2017-04-03,26.09,26.1756,26.09,26.16,2959,0
2017-04-04,26.12,26.2,26.12,26.2,2200,0
2017-04-05,26.315,26.315,26.21,26.2455,900,0
2017-04-06,26.21,26.235,26.17,26.17,1346,0
2017-04-07,26.17,26.271,26.12,26.15,4007,0
2017-04-10,26.2,26.275,26.2,26.2448,1780,0
2017-04-11,26.22,26.2679,26.22,26.245,3574,0
2017-04-12,26.26,26.3,26.26,26.3,857,0
2017-04-13,26.34,26.47,26.3,26.3395,2563,0
2017-04-17,26.31,26.37,26.31,26.37,15537,0
2017-04-18,26.3701,26.45,26.3701,26.45,550,0
2017-04-19,26.439,26.439,26.3601,26.3601,2600,0
2017-04-20,26.3917,26.402,26.3917,26.402,920,0
2017-04-21,26.36,26.4263,26.36,26.3885,2170,0
2017-04-24,26.4,26.4481,26.4,26.42,3396,0
2017-04-25,26.43,26.43,26.4,26.4,2376,0
2017-04-26,26.35,26.46,26.35,26.4095,7462,0
2017-04-27,26.42,26.4597,26.42,26.4535,693,0
2017-04-28,26.41,26.6,26.37,26.6,18454,0
2017-05-01,26.49,26.632,26.41,26.466,7974,0
2017-05-02,26.6145,26.6145,26.451,26.5104,1213,0
2017-05-03,26.42,26.64,26.42,26.51,2100,0
2017-05-05,26.51,26.61,26.51,26.61,751,0
2017-05-08,26.5823,26.5823,26.54,26.54,3426,0
2017-05-09,26.52,26.52,26.51,26.51,830,0
2017-05-10,26.5367,26.5528,26.51,26.5528,1488,0
2017-05-11,26.529,26.61,26.5,26.5614,5801,0
2017-05-12,26.52,26.59,26.5,26.55,5429,0
2017-05-15,26.6,26.61,26.5899,26.5899,7371,0
2017-05-16,26.56,26.7653,26.56,26.7448,3523,0
2017-05-17,26.9,26.9,26.62,26.74,5546,0
2017-05-18,26.61,26.95,26.61,26.86,3897,0
2017-05-19,26.66,26.77,26.588,26.77,1667,0
2017-05-22,26.65,26.9,26.61,26.86,2640,0
2017-05-23,26.8061,26.9089,26.8061,26.9089,510,0
2017-05-24,26.74,26.8735,26.72,26.7301,4454,0
2017-05-25,26.7591,26.94,26.72,26.94,7098,0
2017-05-26,26.66,26.8053,26.66,26.8053,953,0
2017-05-30,26.7853,26.7853,26.7853,26.7853,125,0
2017-05-31,26.8,26.823,26.7501,26.823,1900,0
2017-06-01,26.8,26.9121,26.8,26.8851,1584,0
2017-06-02,26.8744,26.99,26.8744,26.9,4376,0
2017-06-05,26.68,26.684,26.54,26.54,5908,0
2017-06-06,26.681,26.681,26.4965,26.5,2530,0
2017-06-07,26.47,26.7095,26.47,26.5674,3584,0
2017-06-09,26.72,26.72,26.7,26.7,800,0
2017-06-12,26.61,26.6499,26.57,26.62,3000,0
2017-06-13,26.62,26.885,26.6,26.8,5645,0
2017-06-14,26.63,26.63,26.57,26.61,2629,0
2017-06-15,26.65,26.73,26.65,26.71,1110,0
2017-06-16,26.73,26.82,26.73,26.82,1090,0
2017-06-19,26.7936,26.7936,26.7461,26.7461,444,0
2017-06-20,26.82,27.11,26.82,27.0175,26909,0
2017-06-21,27.1,27.1,26.72,27,2551,0
2017-06-22,27,27,26.55,26.55,23837,0
2017-06-23,26.6,26.6,26.6,26.6,1278,0
2017-06-26,26.87,26.87,26.581,26.84,7381,0
2017-06-27,26.97,27,26.6434,26.65,7221,0
2017-06-28,26.66,26.7282,26.66,26.7282,1260,0
2017-06-29,26.6251,26.8299,26.6,26.6,10795,0
2017-06-30,26.6,26.6685,26.6,26.65,6390,0
2017-07-03,26.7428,26.7428,26.7428,26.7428,235,0
2017-07-05,26.62,26.7388,26.6,26.62,3147,0
2017-07-06,26.7399,26.7399,26.65,26.66,3131,0
2017-07-07,26.74,26.806,26.74,26.7812,1262,0
2017-07-10,26.795,26.839,26.731,26.731,1382,0
2017-07-11,26.63,26.65,26.5632,26.65,13130,0
2017-07-12,26.65,26.673,26.57,26.63,14153,0
2017-07-13,26.69,26.6918,26.63,26.67,2628,0
2017-07-14,26.6955,26.6955,26.6955,26.6955,856,0
2017-07-17,26.7125,26.75,26.65,26.69,2144,0
2017-07-18,26.92,26.93,26.67,26.72,11700,0
2017-07-19,26.7,26.7,26.7,26.7,600,0
2017-07-20,26.72,27.079,26.72,26.862,1713,0
2017-07-21,26.781,26.8068,26.75,26.76,7500,0
2017-07-24,26.76,26.82,26.63,26.8044,9290,0
2017-07-25,26.76,27.07,26.75,26.75,4565,0
2017-07-26,27.07,27.07,26.8471,26.8471,735,0
2017-07-27,27.0332,27.0332,26.7701,26.7729,3926,0
2017-07-31,26.8,26.8711,26.8,26.8711,1700,0
2017-08-01,26.8997,26.9,26.75,26.75,6160,0
2017-08-02,26.76,26.76,26.76,26.76,200,0
2017-08-03,26.77,26.9154,26.75,26.9154,5452,0
2017-08-04,26.8292,26.8292,26.69,26.69,5174,0
2017-08-07,26.8853,26.8853,26.04,26.49,12070,0
2017-08-08,26.49,26.72,26.48,26.5032,5715,0
2017-08-09,26.56,26.7,26.55,26.7,7613,0
2017-08-10,26.65,26.74,26.59,26.59,3364,0
2017-08-11,26.6967,26.6967,26.6967,26.6967,100,0
2017-08-14,26.65,26.7432,26.64,26.67,1600,0
2017-08-15,26.7,26.89,26.7,26.72,4233,0
2017-08-16,26.85,26.945,26.71,26.8898,5610,0
2017-08-17,26.76,26.92,26.76,26.9,1600,0
2017-08-18,26.9,27.02,26.9,27.02,2780,0
2017-08-21,26.91,27.04,26.91,27.04,1399,0
2017-08-22,26.91,26.91,26.76,26.81,4750,0
2017-08-23,26.8,26.99,26.8,26.81,2130,0
2017-08-24,26.83,26.94,26.8,26.9245,3058,0
2017-08-25,27,27,26.81,26.84,7237,0
2017-08-28,26.82,26.9732,26.82,26.9283,3284,0
2017-08-29,26.85,26.99,26.85,26.9599,4690,0
2017-08-30,26.9101,26.9101,26.9101,26.9101,150,0
2017-08-31,26.962,26.977,26.92,26.95,8300,0
2017-09-01,26.91,27.07,26.91,27,4295,0
2017-09-05,26.96,27.07,26.96,27.07,3754,0
2017-09-06,27,27,26.53,26.5841,4705,0
2017-09-07,26.58,26.71,26.55,26.6028,5441,0
2017-09-08,26.6,26.74,26.6,26.74,2409,0
2017-09-11,26.87,26.87,26.61,26.772,4850,0
2017-09-12,26.7077,26.7077,26.61,26.63,2640,0
2017-09-13,26.7,26.7,26.615,26.615,1450,0
2017-09-14,26.66,26.71,26.65,26.71,4609,0
2017-09-15,26.72,26.72,26.65,26.66,8975,0
2017-09-18,26.83,26.83,26.6101,26.77,1720,0
2017-09-19,26.67,26.7721,26.45,26.62,12202,0
2017-09-20,26.7503,26.7503,26.7503,26.7503,420,0
2017-09-21,26.88,26.88,26.7054,26.86,969,0
2017-09-22,26.81,26.81,26.4853,26.69,6819,0
2017-09-25,26.9,26.9,26.58,26.65,2506,0
2017-09-26,26.79,26.79,26.644,26.7429,3203,0
2017-09-27,26.71,26.7464,26.7,26.7464,952,0
2017-09-28,26.657,26.8352,26.657,26.8352,1605,0
2017-09-29,26.7424,26.7424,26.7424,26.7424,180,0
2017-10-02,26.75,26.75,26.5,26.55,5270,0
2017-10-03,26.56,26.6432,26.56,26.6432,3080,0
2017-10-04,26.59,26.6,26.5,26.5,5386,0
2017-10-05,26.5,26.5441,26.5,26.5335,2360,0
2017-10-06,26.55,26.65,26.55,26.65,3100,0
2017-10-09,26.54,26.6,26.5,26.58,1409,0
2017-10-10,26.56,26.58,26.55,26.58,3119,0
2017-10-11,26.6744,26.6744,26.5935,26.5935,1041,0
2017-10-12,26.61,26.69,26.5995,26.69,3178,0
2017-10-13,26.6868,26.6868,26.6868,26.6868,588,0
2017-10-16,26.7,26.7,26.47,26.47,2660,0
2017-10-17,26.51,26.7,26.51,26.5244,3419,0
2017-10-18,26.5741,26.6182,26.51,26.57,3562,0
2017-10-20,26.51,27.08,26.51,26.6665,2877,0
2017-10-23,27.03,27.03,26.7,26.71,1200,0
2017-10-24,26.81,26.8536,26.8,26.8,3667,0
2017-10-25,26.6191,26.6191,26.49,26.5,1502,0
2017-10-26,26.5,26.5632,26.5,26.5632,680,0
2017-10-27,26.5705,26.58,26.55,26.58,883,0
2017-10-30,26.37,26.56,26.37,26.4765,10060,0
2017-10-31,26.47,26.52,26.47,26.52,11940,0
2017-11-01,26.53,27.09,26.53,26.58,3732,0
2017-11-02,26.57,26.6,26.41,26.4366,16862,0
2017-11-03,26.43,26.608,26.38,26.47,1525,0
2017-11-06,26.4724,26.49,26.46,26.49,8877,0
2017-11-07,26.549,26.81,26.549,26.66,6078,0
2017-11-08,26.54,26.6052,26.4485,26.5,2391,0
2017-11-09,26.51,26.5327,26.5,26.5,340,0
2017-11-10,26.582,26.582,26.43,26.43,1150,0
