2016-01-04,15.588,15.798,15.222,15.472,45529,0
2016-01-05,15.472,15.578,15.203,15.492,17579,0
2016-01-06,15.25,15.607,15.039,15.492,50145,0
2016-01-07,15.26,15.509,15.088,15.358,31175,0
2016-01-08,15.348,15.529,14.763,15.039,375145,0
2016-01-11,15.232,15.462,15.117,15.376,31821,0
2016-01-12,15.453,15.692,15.28,15.682,39156,0
2016-01-13,15.598,15.707,15.079,15.185,51919,0
2016-01-14,15.213,15.404,15.127,15.28,34176,0
2016-01-15,14.848,15.453,14.675,14.886,24720,0
2016-01-19,15.117,15.27,14.965,15.185,63555,0
2016-01-20,14.936,15.232,14.581,15.039,27080,0
2016-01-21,15.039,15.175,14.571,14.704,25568,0
2016-01-22,14.8,16.269,14.8,15.039,20721,0
2016-01-25,14.637,14.828,14.455,14.464,23197,0
2016-01-26,14.532,14.936,14.488,14.818,25031,0
2016-01-27,14.723,14.975,14.695,14.8,18372,0
2016-01-28,15.395,15.395,14.561,14.723,22291,0
2016-01-29,14.704,15.175,14.607,15.127,27945,0
2016-02-01,15.01,15.27,14.763,15.165,43563,0
2016-02-02,14.975,15.25,14.561,14.637,11106,0
2016-02-03,14.773,14.866,13.361,14.828,26014,0
2016-02-04,14.723,15.019,14.723,14.975,19382,0
2016-02-05,14.886,15.353,14.301,14.532,46072,0
2016-02-08,14.464,14.965,14.388,14.886,18618,0
2016-02-09,14.783,15.088,14.35,14.916,28594,0
2016-02-10,15.191,15.229,14.931,14.989,30136,0
2016-02-11,14.688,14.97,14.389,14.524,39729,0
2016-02-12,14.649,14.95,14.456,14.787,34362,0
2016-02-16,14.931,14.931,14.524,14.727,52067,0
2016-02-17,14.757,14.921,14.406,14.544,64038,0
2016-02-18,14.514,15.114,14.514,14.697,37867,0
2016-02-19,14.688,15.569,14.534,14.573,18640,0
2016-02-22,14.583,15.198,14.544,14.573,46949,0
2016-02-23,14.553,15.384,14.292,14.406,29259,0
2016-02-24,14.311,14.416,13.721,14.389,9353,0
2016-02-25,14.416,14.777,14.156,14.485,23208,0
2016-02-26,14.485,14.6,14.331,14.485,7684,0
2016-02-29,14.61,14.777,14.233,14.406,18337,0
2016-03-01,14.456,14.851,14.176,14.61,17558,0
2016-03-02,14.534,15.075,14.534,15.016,17200,0
2016-03-03,14.96,15.509,14.96,15.346,36946,0
2016-03-04,15.182,15.356,14.921,15.094,21669,0
2016-03-07,15.094,15.317,14.727,14.989,38586,0
2016-03-08,14.717,15.055,14.658,14.678,18024,0
2016-03-09,14.795,14.931,14.534,14.62,12778,0
2016-03-10,14.553,14.592,14.301,14.495,36338,0
2016-03-11,14.583,14.795,14.485,14.747,136889,0
2016-03-14,14.64,14.97,14.64,14.697,14192,0
2016-03-15,14.563,14.787,14.534,14.61,21856,0
2016-03-16,14.553,14.727,14.553,14.649,22140,0
2016-03-17,14.485,14.505,14.19,14.252,110101,0
2016-03-18,14.37,14.803,14.37,14.747,63668,0
2016-03-21,14.688,14.989,14.64,14.871,68036,0
2016-03-22,14.767,14.767,14.592,14.697,50641,0
2016-03-23,14.697,15.035,14.61,14.747,182934,0
2016-03-24,14.707,14.777,14.62,14.688,14352,0
2016-03-28,14.688,14.842,14.61,14.697,19960,0
2016-03-29,14.658,15.154,14.61,15.114,19870,0
2016-03-30,15.154,15.268,14.948,15.114,10905,0
2016-03-31,15.104,15.124,14.921,14.95,15626,0
2016-04-01,14.822,15.035,14.747,14.767,24264,0
2016-04-04,14.678,14.832,14.668,14.697,32196,0
2016-04-05,14.649,14.717,14.524,14.649,16203,0
2016-04-06,14.6,14.727,14.553,14.688,16026,0
2016-04-07,14.649,14.649,14.514,14.553,19254,0
2016-04-08,14.63,14.678,14.544,14.573,8975,0
2016-04-11,14.658,14.787,14.6,14.61,6425,0
2016-04-12,14.931,15.673,14.931,15.025,63999,0
2016-04-13,15.238,15.673,15.045,15.665,155439,0
2016-04-14,15.626,16.252,15.539,16.071,11005,0
2016-04-15,15.965,16.284,15.527,15.665,182048,0
2016-04-18,15.665,16.08,15.616,15.935,89367,0
2016-04-19,15.887,16.052,15.743,15.926,93814,0
2016-04-20,15.935,16.022,15.907,15.945,56475,0
2016-04-21,15.887,15.955,15.683,15.753,12511,0
2016-04-22,15.79,16.08,15.713,15.945,27750,0
2016-04-25,15.974,16.133,15.763,15.916,23725,0
2016-04-26,16.013,16.119,15.829,16.042,19251,0
2016-04-27,15.935,16.099,15.713,16.032,23787,0
2016-04-28,15.907,16.032,15.665,15.733,10424,0
2016-04-29,15.703,16.192,15.703,15.907,36760,0
2016-05-02,15.974,16.206,15.795,16.109,22710,0
2016-05-03,15.965,16.067,15.559,15.703,11373,0
2016-05-04,15.588,16.603,15.588,15.763,38340,0
2016-05-05,15.887,16.389,15.665,15.887,117408,0
2016-05-06,15.945,16.206,15.819,16.042,181302,0
2016-05-09,16.032,16.289,15.989,16.042,11545,0
2016-05-10,16.129,16.294,16.047,16.284,24536,0
2016-05-11,16.259,16.551,16.153,16.163,12475,0
2016-05-12,16.318,16.414,16.123,16.279,28274,0
2016-05-13,16.444,16.464,15.782,16.015,17261,0
2016-05-16,16.074,16.289,16.04,16.113,13362,0
2016-05-17,16.015,16.045,15.383,15.674,35562,0
2016-05-18,15.529,15.997,15.49,15.968,12308,0
2016-05-19,16.025,16.025,15.626,15.646,7090,0
2016-05-20,15.744,15.948,15.588,15.704,25609,0
2016-05-23,15.734,15.811,15.656,15.674,19209,0
2016-05-24,15.86,15.948,15.772,15.87,42662,0
2016-05-25,15.831,16.035,15.831,15.918,7693,0
2016-05-26,15.734,15.821,15.734,15.782,11965,0
2016-05-27,15.442,15.831,15.442,15.811,10933,0
2016-05-31,15.918,15.918,15.559,15.578,22532,0
2016-06-01,15.46,15.48,15.266,15.383,89252,0
2016-06-02,15.393,15.754,15.329,15.704,38475,0
2016-06-03,15.569,15.782,15.529,15.704,11967,0
2016-06-06,15.656,15.958,15.656,15.754,91821,0
2016-06-07,15.724,15.754,15.588,15.588,5443,0
2016-06-08,15.674,15.87,15.499,15.754,15183,0
2016-06-09,15.58,15.772,15.344,15.714,31320,0
2016-06-10,15.46,15.616,15.412,15.544,7071,0
2016-06-13,15.626,15.811,15.509,15.519,17560,0
2016-06-14,15.442,15.559,15.354,15.48,33629,0
2016-06-15,15.422,15.559,15.383,15.412,13199,0
2016-06-16,15.286,15.442,15.256,15.432,95271,0
2016-06-17,15.432,15.607,15.325,15.402,51738,0
2016-06-20,15.674,15.821,15.656,15.704,14499,0
2016-06-21,15.651,15.831,15.539,15.724,13475,0
2016-06-22,15.704,15.958,15.49,15.509,8937,0
2016-06-23,15.656,15.997,15.656,15.801,26592,0
2016-06-24,15.393,15.616,15.281,15.578,277985,0
2016-06-27,15.432,15.734,15.266,15.578,573893,0
2016-06-28,15.714,15.801,15.374,15.754,157589,0
2016-06-29,15.772,16.279,15.559,16.21,43037,0
2016-06-30,16.201,16.338,16.133,16.259,24126,0
2016-07-01,16.143,16.357,16.025,16.094,38334,0
2016-07-05,16.123,16.123,15.87,16.084,24814,0
2016-07-06,15.977,16.274,15.968,16.074,256079,0
2016-07-07,16.006,16.454,16.006,16.269,14419,0
2016-07-08,16.375,16.785,16.299,16.6,41824,0
2016-07-11,16.531,16.814,16.531,16.727,16307,0
2016-07-12,16.717,16.97,16.717,16.892,29218,0
2016-07-13,16.746,17.038,16.737,16.912,11754,0
2016-07-14,17.028,17.077,16.659,16.737,17421,0
2016-07-15,16.912,16.932,16.6,16.902,28573,0
2016-07-18,16.922,16.97,16.737,16.746,10007,0
2016-07-19,16.659,16.814,16.659,16.678,14807,0
2016-07-20,16.688,16.707,16.59,16.609,20764,0
2016-07-21,16.6,16.669,16.551,16.6,40647,0
2016-07-22,16.698,16.785,16.464,16.551,23562,0
2016-07-25,16.494,16.57,16.269,16.366,15593,0
2016-07-26,16.318,16.474,16.191,16.404,18528,0
2016-07-27,16.541,16.551,16.229,16.424,105293,0
2016-07-28,16.338,16.57,16.338,16.494,6810,0
2016-07-29,16.404,16.824,16.289,16.444,50024,0
2016-08-01,16.366,16.56,16.318,16.504,29195,0
2016-08-02,16.404,16.6,16.338,16.357,10216,0
2016-08-03,16.259,16.385,16.201,16.385,10300,0
2016-08-04,16.357,16.464,16.239,16.414,65020,0
2016-08-05,16.494,17.038,16.299,16.961,10194,0
2016-08-08,17.008,17.047,16.659,16.775,6841,0
2016-08-09,16.853,17.398,16.853,17.37,18941,0
2016-08-10,17.311,17.331,17.107,17.165,29354,0
2016-08-11,17.175,17.262,16.414,17.136,14479,0
2016-08-12,17.127,17.321,16.809,17.194,9912,0
2016-08-15,17.232,17.336,17.232,17.282,97811,0
2016-08-16,17.194,17.716,17.194,17.526,79735,0
2016-08-17,17.584,17.611,17.476,17.516,15557,0
2016-08-18,17.54,17.727,17.54,17.647,13107,0
2016-08-19,17.637,17.843,17.637,17.697,18840,0
2016-08-22,17.727,17.727,17.627,17.667,4951,0
2016-08-23,17.667,17.893,17.667,17.697,10117,0
2016-08-24,17.667,17.883,17.667,17.853,42282,0
2016-08-25,17.853,18.02,17.853,17.961,18339,0
2016-08-26,17.912,18.051,17.824,17.873,11209,0
2016-08-29,17.833,18.011,17.805,17.941,10322,0
2016-08-30,17.981,18.5,16.02,18.48,23118,0
2016-08-31,18.431,18.49,17.922,18.108,82898,0
2016-09-01,18.068,18.068,17.431,17.873,54262,0
2016-09-02,17.805,17.805,17.441,17.647,71460,0
2016-09-06,17.521,17.755,17.521,17.609,120612,0
2016-09-07,17.55,17.697,17.491,17.627,28483,0
2016-09-08,17.54,17.707,17.54,17.617,14412,0
2016-09-09,17.627,17.677,17.491,17.531,9579,0
2016-09-12,17.501,17.637,17.411,17.637,12945,0
2016-09-13,17.501,17.569,17.158,17.511,22530,0
2016-09-14,17.431,17.481,17.158,17.207,18686,0
2016-09-15,17.158,17.285,17.084,17.225,21144,0
2016-09-16,17.235,17.481,16.903,17.295,90484,0
2016-09-19,17.354,17.637,17.265,17.285,9965,0
2016-09-20,17.431,17.531,17.364,17.451,4257,0
2016-09-21,17.491,17.559,17.187,17.55,22328,0
2016-09-22,17.617,17.853,17.402,17.805,16519,0
2016-09-23,17.627,17.805,17.335,17.637,10914,0
2016-09-26,17.637,17.637,16.727,17.178,9902,0
2016-09-27,16.608,17.245,16.608,17.148,72680,0
2016-09-28,17.089,17.295,17.059,17.275,318534,0
2016-09-29,16.938,17.697,16.938,17.411,20512,0
2016-09-30,17.501,17.795,17.31,17.491,25221,0
2016-10-03,17.402,17.637,17.275,17.451,52438,0
2016-10-04,17.421,17.637,17.393,17.54,8150,0
2016-10-05,17.402,17.755,17.374,17.569,28073,0
2016-10-06,17.687,17.687,17.207,17.54,22795,0
2016-10-07,17.579,17.647,17.384,17.531,21136,0
2016-10-10,17.54,17.677,17.461,17.531,19771,0
2016-10-11,17.559,17.647,17.235,17.285,17328,0
2016-10-12,17.305,17.441,17.295,17.295,248684,0
2016-10-13,17.285,17.285,16.658,16.775,36732,0
2016-10-14,16.903,17.295,16.744,17.119,24588,0
2016-10-17,17.197,17.386,17.02,17.245,19764,0
2016-10-18,17.265,17.431,17.059,17.335,41584,0
2016-10-19,17.411,17.569,17.325,17.431,70384,0
2016-10-20,17.412,17.54,17.354,17.384,7894,0
2016-10-21,17.235,17.637,17.109,17.491,124473,0
2016-10-24,17.589,17.833,17.54,17.687,67199,0
2016-10-25,17.637,17.687,17.441,17.637,23998,0
2016-10-26,17.295,17.687,17.295,17.589,24883,0
2016-10-27,18.127,19.059,17.735,18.519,131114,0
2016-10-28,18.618,18.911,18.226,18.323,61675,0
2016-10-31,18.421,18.667,18.421,18.618,67864,0
2016-11-01,18.519,18.911,18.226,18.323,31919,0
2016-11-02,18.226,18.323,17.735,17.981,90486,0
2016-11-03,18.078,18.274,17.883,18.177,23194,0
2016-11-04,18.226,18.226,17.833,17.931,30358,0
2016-11-07,18.226,18.421,18.226,18.323,23405,0
2016-11-08,18.373,18.471,18.274,18.323,49480,0
2016-11-09,18.421,18.863,18.323,18.863,59473,0
2016-11-10,18.911,19.206,18.226,19.156,83260,0
2016-11-11,19.01,20.87,19.01,20.283,93481,0
2016-11-14,20.578,21.019,19.941,20.038,95772,0
2016-11-15,20.087,20.087,19.646,19.695,62323,0
2016-11-16,19.612,19.858,19.612,19.71,36474,0
2016-11-17,19.76,20.351,18.478,19.686,51139,0
2016-11-18,19.809,20.498,19.809,20.449,47147,0
2016-11-21,20.498,20.992,20.449,20.992,1054391,0
2016-11-22,21.089,21.286,20.942,21.139,58774,0
2016-11-23,21.189,21.286,20.449,20.498,1154378,0
2016-11-25,20.548,20.844,20.498,20.498,77956,0
2016-11-28,20.401,20.892,20.351,20.795,71228,0
2016-11-29,20.892,21.386,20.892,21.139,89018,0
2016-11-30,21.286,21.435,20.942,21.041,36843,0
2016-12-01,21.139,21.435,21.041,21.189,57736,0
2016-12-02,21.238,21.435,21.041,21.089,53662,0
2016-12-05,21.238,22.125,20.498,21.83,143399,0
2016-12-06,22.174,22.666,21.633,22.421,54929,0
2016-12-07,22.421,22.519,22.174,22.272,56752,0
2016-12-08,22.272,22.421,22.075,22.174,76735,0
2016-12-09,22.174,22.272,22.125,22.125,49666,0
2016-12-12,22.075,22.174,21.681,21.83,131569,0
2016-12-13,21.78,22.322,21.681,22.272,129173,0
2016-12-14,22.174,22.347,21.73,22.027,81837,0
2016-12-15,22.075,22.469,21.928,22.371,278398,0
2016-12-16,22.322,22.469,22.272,22.421,449100,0
2016-12-19,22.421,23.21,22.322,22.519,267062,0
2016-12-20,22.666,23.652,22.666,23.257,144998,0
2016-12-21,23.257,23.407,23.11,23.257,65275,0
2016-12-22,23.407,24.145,23.257,24.145,94650,0
2016-12-23,24.095,24.441,23.898,24.244,106085,0
2016-12-27,24.145,24.441,24.047,24.293,59719,0
2016-12-28,24.195,24.588,23.751,24.441,168381,0
2016-12-29,24.342,24.49,23.604,24.047,81414,0
2016-12-30,24.145,24.145,23.801,23.85,128979,0
2017-01-03,24.145,24.195,23.701,24.195,153295,0
2017-01-04,24.244,24.392,23.973,24.145,89572,0
2017-01-05,24.095,24.195,23.554,23.801,187909,0
2017-01-06,23.85,23.998,23.554,23.898,79374,0
2017-01-09,23.801,23.948,23.652,23.85,75649,0
2017-01-10,23.85,24.244,23.85,24.244,67872,0
2017-01-11,24.145,24.392,23.898,24.392,53151,0
2017-01-12,24.49,24.638,23.554,23.85,52980,0
2017-01-13,23.948,24.588,23.948,24.095,62399,0
2017-01-17,23.948,23.948,22.888,23.21,98706,0
2017-01-18,23.307,23.357,23.06,23.357,85875,0
2017-01-19,23.407,23.407,22.913,22.963,163543,0
2017-01-20,23.16,23.407,23.11,23.257,80606,0
2017-01-23,23.16,23.407,23.013,23.357,47318,0
2017-01-24,23.357,24.145,23.233,24.145,75543,0
2017-01-25,24.145,24.588,24.145,24.392,82694,0
2017-01-26,24.392,24.392,23.11,23.751,142693,0
2017-01-27,23.751,23.85,23.701,23.801,131115,0
2017-01-30,23.652,23.701,23.257,23.554,105712,0
2017-01-31,23.604,23.85,23.307,23.85,114355,0
2017-02-01,23.998,24.195,23.676,23.85,158072,0
2017-02-02,23.751,24.047,23.604,23.998,90598,0
2017-02-03,24.145,24.835,24.145,24.835,134743,0
2017-02-06,24.737,24.785,24.293,24.441,97139,0
2017-02-07,24.539,24.588,24.244,24.441,109453,0
2017-02-08,24.441,24.441,23.604,23.701,82667,0
2017-02-09,23.801,24.17,23.652,24.047,51309,0
2017-02-10,24.195,24.195,23.85,23.898,41543,0
2017-02-13,24.047,24.367,23.998,24.145,84458,0
2017-02-14,24.095,24.317,24.08,24.195,56655,0
2017-02-15,24.195,24.49,24.095,24.49,67294,0
2017-02-16,24.614,24.713,24.465,24.663,86928,0
2017-02-17,24.465,24.515,24.267,24.465,110802,0
2017-02-21,24.515,24.96,23.97,24.812,119571,0
2017-02-22,24.713,25.01,24.515,24.911,61845,0
2017-02-23,24.861,25.208,24.663,24.911,45903,0
2017-02-24,24.614,24.96,24.614,24.762,52366,0
2017-02-27,24.812,25.01,24.713,24.911,47389,0
2017-02-28,24.812,24.812,24.465,24.515,97758,0
2017-03-01,25.059,25.456,24.713,24.713,96957,0
2017-03-02,24.762,24.812,24.267,24.292,43682,0
2017-03-03,24.316,24.564,24.118,24.416,32451,0
2017-03-06,24.267,24.267,23.871,24.118,29379,0
2017-03-07,24.118,24.168,23.945,23.97,20192,0
2017-03-08,24.168,24.218,23.574,23.574,40753,0
2017-03-09,23.672,24.02,23.426,23.474,53638,0
2017-03-10,23.624,23.772,23.326,23.624,44590,0
2017-03-13,23.672,23.871,23.574,23.871,43872,0
2017-03-14,23.772,23.871,23.376,23.722,43709,0
2017-03-15,23.871,24.118,23.722,23.97,95967,0
2017-03-16,24.069,24.218,23.847,24.02,55893,0
2017-03-17,24.02,24.069,23.772,23.97,77332,0
2017-03-20,23.92,23.92,23.624,23.672,39518,0
2017-03-21,23.822,23.822,22.93,23.078,112155,0
2017-03-22,22.98,23.178,22.732,22.98,125938,0
2017-03-23,23.153,23.326,22.98,23.078,36992,0
2017-03-24,23.326,23.549,23.078,23.228,59703,0
2017-03-27,22.88,23.326,22.682,23.326,91303,0
2017-03-28,23.228,23.524,23.078,23.474,117534,0
2017-03-29,23.474,23.574,23.029,23.128,35300,0
2017-03-30,23.178,24.243,23.128,24.118,49002,0
2017-03-31,24.168,24.292,23.822,24.118,91688,0
2017-04-03,24.267,24.951,23.871,24.515,252454,0
2017-04-04,24.465,24.614,23.92,23.97,57656,0
2017-04-05,24.168,24.267,23.426,23.574,89399,0
2017-04-06,23.574,23.822,23.276,23.747,58180,0
2017-04-07,23.624,23.92,23.574,23.822,52413,0
2017-04-10,23.92,24.02,23.524,23.722,134263,0
2017-04-11,23.426,24.118,23.426,23.97,106148,0
2017-04-12,23.92,24.069,23.524,23.945,108014,0
2017-04-13,23.97,24.515,23.92,24.168,180996,0
2017-04-17,24.316,24.564,24.118,24.515,142408,0
2017-04-18,24.465,24.515,24.118,24.465,78768,0
2017-04-19,24.465,24.663,24.416,24.515,108135,0
2017-04-20,25.208,27.041,25.109,25.803,517686,0
2017-04-21,25.703,26.397,25.258,25.406,290661,0
2017-04-24,25.951,26.05,25.406,25.555,284055,0
2017-04-25,25.555,25.703,25.406,25.605,156005,0
2017-04-26,25.555,25.605,24.822,25.456,295309,0
2017-04-27,25.456,25.456,25.01,25.109,101384,0
2017-04-28,25.258,25.258,24.861,24.911,128246,0
2017-05-01,24.911,25.456,24.812,25.258,140433,0
2017-05-02,25.258,25.357,24.911,25.307,103359,0
2017-05-03,25.159,25.406,25.01,25.109,251541,0
2017-05-04,25.258,25.456,24.911,25.456,480307,0
2017-05-05,25.505,25.595,25.109,25.159,110814,0
2017-05-08,25.059,25.258,24.861,25.01,126385,0
2017-05-09,25.01,25.109,24.589,24.762,135880,0
2017-05-10,24.713,24.762,24.316,24.564,183051,0
2017-05-11,24.515,24.812,24.118,24.762,250908,0
2017-05-12,24.663,24.762,24.316,24.663,74752,0
2017-05-15,24.663,25.059,24.663,25.01,195139,0
2017-05-16,25.059,25.258,24.837,25.159,178540,0
2017-05-17,24.785,24.935,23.939,24.337,111108,0
2017-05-18,24.238,24.885,24.238,24.835,134935,0
2017-05-19,24.835,24.984,24.711,24.835,148734,0
2017-05-22,24.885,25.084,24.636,24.935,170876,0
2017-05-23,24.984,25.233,24.686,25.183,64634,0
2017-05-24,25.283,25.532,25.134,25.482,96660,0
2017-05-25,25.482,25.532,25.233,25.432,80495,0
2017-05-26,25.432,25.432,25.258,25.333,76473,0
2017-05-30,25.383,25.527,24.835,24.984,117806,0
2017-05-31,24.984,25.134,24.536,25.134,286936,0
2017-06-01,25.183,25.582,24.935,25.482,94791,0
2017-06-02,25.482,26.03,25.034,25.88,135622,0
2017-06-05,25.83,25.93,25.681,25.731,130625,0
2017-06-06,25.582,25.631,25.283,25.333,222917,0
2017-06-07,25.482,25.482,25.134,25.233,107520,0
2017-06-08,25.283,25.482,24.885,25.034,382352,0
2017-06-09,25.183,25.432,24.935,24.935,457862,0
2017-06-12,24.935,25.183,24.611,24.835,293606,0
2017-06-13,24.935,25.532,24.785,25.432,272526,0
2017-06-14,25.333,25.358,25.109,25.283,188577,0
2017-06-15,25.034,25.432,25.034,25.432,134961,0
2017-06-16,25.233,26.129,25.233,26.129,508469,0
2017-06-19,26.129,26.378,25.781,26.229,180767,0
2017-06-20,26.229,26.303,25.781,25.88,186715,0
2017-06-21,25.88,25.93,25.582,25.731,125123,0
2017-06-22,25.781,25.83,25.358,25.681,129402,0
2017-06-23,25.781,25.781,25.482,25.731,799850,0
2017-06-26,25.83,26.03,25.457,25.88,178696,0
2017-06-27,25.93,26.154,25.781,25.93,126221,0
2017-06-28,26.079,26.627,26.03,26.577,117867,0
2017-06-29,26.726,26.975,26.03,26.129,307615,0
2017-06-30,26.726,27.124,26.378,27.075,252528,0
2017-07-03,27.124,27.796,26.901,27.672,113002,0
2017-07-05,27.622,27.971,27.174,27.821,189700,0
2017-07-06,27.821,27.821,26.925,26.975,202201,0
2017-07-07,27.124,27.597,26.975,27.572,90668,0
2017-07-10,27.423,27.572,27.124,27.274,80986,0
2017-07-11,26.428,26.925,26.278,26.925,203745,0
2017-07-12,26.975,27.274,26.826,27.124,96622,0
2017-07-13,27.274,27.274,26.776,27.124,139270,0
2017-07-14,26.975,27.224,26.677,27.075,100119,0
2017-07-17,27.025,27.373,26.826,26.975,110022,0
2017-07-18,26.925,26.925,26.527,26.627,79321,0
2017-07-19,26.677,26.962,26.577,26.726,80961,0
2017-07-20,25.88,27.224,25.88,26.826,115469,0
2017-07-21,27.124,27.124,26.477,26.527,134755,0
2017-07-24,26.378,26.826,26.303,26.577,124617,0
2017-07-25,26.776,26.95,26.627,26.726,98543,0
2017-07-26,26.876,27.1,26.677,26.975,145556,0
2017-07-27,27.124,27.124,26.826,27.124,171540,0
2017-07-28,27.075,27.075,26.502,26.577,79813,0
2017-07-31,26.428,26.726,25.98,26.527,86371,0
2017-08-01,26.677,26.876,26.527,26.627,88149,0
2017-08-02,26.677,26.726,26.278,26.627,139181,0
2017-08-03,26.577,26.776,26.254,26.378,60585,0
2017-08-04,26.179,26.627,26.129,26.353,68673,0
2017-08-07,26.428,26.627,26.278,26.378,63514,0
2017-08-08,26.328,26.751,25.985,26.278,55063,0
2017-08-09,26.129,26.229,25.754,25.83,126164,0
2017-08-10,25.582,25.83,25.032,25.482,86091,0
2017-08-11,25.681,26.179,25.183,25.383,98083,0
2017-08-14,25.432,26.179,25.432,26.179,85877,0
2017-08-15,26.229,26.378,25.88,25.93,58401,0
2017-08-16,26.2,26.5,25.71,26.25,103648,0
2017-08-17,26.05,26.2,25.475,25.5,90009,0
2017-08-18,25.3,25.65,25.2,25.55,116109,0
2017-08-21,25.4,25.65,25.35,25.45,61283,0
2017-08-22,25.65,25.7,25.5,25.6,42157,0
2017-08-23,25.45,25.9,25.45,25.65,56334,0
2017-08-24,25.8,25.9,25.5,25.9,52852,0
2017-08-25,26,26,25.625,25.7,69465,0
2017-08-28,25.9,25.9141,25.6,25.75,51090,0
2017-08-29,25.55,26,25.55,25.8,41845,0
2017-08-30,25.8,25.95,25.65,25.8,70040,0
2017-08-31,25.85,26.2,25.7,25.8,70571,0
2017-09-01,25.7,26.2,25.7,26,70920,0
2017-09-05,25.9,26.05,25.4,25.55,120402,0
2017-09-06,25.75,25.85,25.4,25.55,92156,0
2017-09-07,25.6,25.6,25,25.1,80539,0
2017-09-08,25,25.2,24.7,25.15,132909,0
2017-09-11,25.5,26,25.275,25.95,131453,0
2017-09-12,26,26.25,25.75,26.1,158663,0
2017-09-13,26,26.5,25.975,26.15,276168,0
2017-09-14,26,26.425,25.95,26.1,98129,0
2017-09-15,26.15,26.25,25.75,25.75,735294,0
2017-09-18,25.8,26.55,25.7,26.35,88966,0
2017-09-19,26.45,26.7,26.45,26.5,133961,0
2017-09-20,26.35,26.9,26.35,26.7,82678,0
2017-09-21,26.75,26.95,26.6,26.65,95643,0
2017-09-22,26.65,26.8,26.5,26.6,120411,0
2017-09-25,26.55,27,26.45,26.65,217300,0
2017-09-26,26.7,27,26.6,26.75,145041,0
2017-09-27,26.75,27.7,26.6,27.35,264195,0
2017-09-28,27.35,27.7,27.2,27.55,239814,0
2017-09-29,27.55,28.05,27.55,27.8,153954,0
2017-10-02,27.85,28.25,27.7,28,128360,0
2017-10-03,28.1,28.5,27.8,28.45,156454,0
2017-10-04,28.5,28.5,27.8,28.15,79238,0
2017-10-05,28.2,28.5,28.025,28.15,84685,0
2017-10-06,28.15,28.45,28.05,28.3,66121,0
2017-10-09,28.4,28.45,28.2,28.4,59897,0
2017-10-10,28.5,28.75,28.2,28.35,138435,0
2017-10-11,28.3,28.5,28.15,28.35,89126,0
2017-10-12,28.35,28.564,28.2,28.35,52151,0
2017-10-13,28.35,28.45,28,28.1,55569,0
2017-10-16,28.15,28.45,28.15,28.4,49297,0
2017-10-17,28.25,28.525,27.8,27.85,60941,0
2017-10-18,28,28.7,27.85,28.6,114838,0
2017-10-19,28.75,29.55,28.45,29.45,114233,0
2017-10-20,29.7,30.3,29.3,29.9,193444,0
2017-10-23,29.95,30,29.25,29.35,61938,0
2017-10-24,29.25,29.45,28.975,29.05,136641,0
2017-10-25,29.1,29.325,28.85,29,110716,0
2017-10-26,29,29.45,29,29.1,96597,0
2017-10-27,29.2,29.7,28.905,29.05,103497,0
2017-10-30,28.95,29.2,28.1,28.15,141748,0
2017-10-31,28.05,28.85,27.85,28.45,123364,0
2017-11-01,28.55,28.85,28.15,28.35,93050,0
2017-11-02,28.35,28.75,28.25,28.65,87418,0
2017-11-03,28.65,28.75,28.45,28.5,50769,0
2017-11-06,28.55,28.775,28.3,28.6,70848,0
2017-11-07,28.45,28.55,27.5,27.65,88942,0
2017-11-08,27.75,27.75,26.8,27.15,129267,0
2017-11-09,26.95,27.15,26.5,26.95,117266,0
2017-11-10,27.15,27.4,26.9,27,51203,0
