2016-01-04,6.0908,6.1736,6.0494,6.1736,89610,0
2016-01-05,6.1736,6.1902,6.1222,6.1819,90035,0
2016-01-06,6.0743,6.1239,6.0577,6.1239,84042,0
2016-01-07,6.0079,6.0327,5.9084,5.9416,103258,0
2016-01-08,5.9416,5.9581,5.8588,5.8836,119049,0
2016-01-11,5.9334,5.9334,5.7593,5.8588,217516,0
2016-01-12,5.9167,5.9167,5.7676,5.8753,205943,0
2016-01-13,5.8753,5.9002,5.6185,5.6599,208128,0
2016-01-14,5.6349,5.7263,5.5687,5.7263,169713,0
2016-01-15,5.5935,5.6184,5.4694,5.5273,140231,0
2016-01-19,5.5273,5.5521,5.3284,5.4361,274896,0
2016-01-20,5.3449,5.3449,5.0217,5.2622,213506,0
2016-01-21,5.2704,5.3284,5.2242,5.2951,115466,0
2016-01-22,5.4029,5.5273,5.3618,5.5108,127663,0
2016-01-25,5.5025,5.5025,5.4527,5.461,33439,0
2016-01-26,5.4527,5.5521,5.4334,5.5521,67562,0
2016-01-27,5.5604,5.6019,5.519,5.5437,50928,0
2016-01-28,5.5687,5.6019,5.5108,5.5862,54569,0
2016-01-29,5.5935,5.7344,5.5935,5.7344,35651,0
2016-02-01,5.7014,5.751,5.6796,5.7428,55447,0
2016-02-02,5.718,5.722,5.6349,5.6591,68990,0
2016-02-03,5.6931,5.6931,5.577,5.6931,64162,0
2016-02-04,5.6764,5.751,5.6681,5.6764,100457,0
2016-02-05,5.6515,5.6564,5.5521,5.5521,78177,0
2016-02-08,5.4444,5.461,5.2951,5.3449,76092,0
2016-02-09,5.2622,5.3367,5.1668,5.2289,109223,0
2016-02-10,5.2372,5.2869,5.1791,5.2372,55938,0
2016-02-11,5.1379,5.1709,5.0134,5.113,171337,0
2016-02-12,5.1958,5.2372,5.1379,5.2372,80634,0
2016-02-16,5.2455,5.3532,5.2455,5.3118,89654,0
2016-02-17,5.3449,5.5025,5.3449,5.4527,94348,0
2016-02-18,5.519,5.5273,5.4618,5.4943,94736,0
2016-02-19,5.3284,5.5025,5.3284,5.4694,143486,0
2016-02-22,5.5521,5.6093,5.519,5.577,55084,0
2016-02-23,5.5687,5.6764,5.5273,5.6764,96118,0
2016-02-24,5.6349,5.6681,5.4527,5.6681,139956,0
2016-02-25,5.6681,5.7841,5.6432,5.7841,38716,0
2016-02-26,5.7428,5.8008,5.7303,5.8008,82124,0
2016-02-29,5.7759,5.8338,5.751,5.8173,69534,0
2016-03-01,5.8422,5.9416,5.8422,5.9334,76827,0
2016-03-02,5.9167,5.983,5.8753,5.9664,72048,0
2016-03-03,5.9416,6.1488,5.925,6.1488,80272,0
2016-03-04,6.0409,6.1256,6.0079,6.0991,89818,0
2016-03-07,6.0577,6.1156,6.0409,6.0494,81166,0
2016-03-08,5.983,6.0409,5.9664,5.9996,81325,0
2016-03-09,5.9996,6.0991,5.9664,6.0163,131976,0
2016-03-10,6.0327,6.0494,5.9499,6.0079,64167,0
2016-03-11,6.0494,6.1323,6.0394,6.1323,132063,0
2016-03-14,6.0895,6.2092,6.0724,6.1238,74777,0
2016-03-15,6.0809,6.098,6.0639,6.0938,41018,0
2016-03-16,6.0468,6.1408,6.0468,6.1323,75718,0
2016-03-17,6.0809,6.1964,6.0809,6.1835,49117,0
2016-03-18,6.2261,6.3202,6.2176,6.2433,80017,0
2016-03-21,6.2261,6.2422,6.1578,6.2347,80314,0
2016-03-22,6.1835,6.2347,6.1835,6.2092,63175,0
2016-03-23,6.2347,6.2347,6.1323,6.1323,158429,0
2016-03-24,6.1237,6.1323,6.0809,6.098,174952,0
2016-03-28,6.0809,6.1749,6.0553,6.0639,188070,0
2016-03-29,6.098,6.2092,6.0895,6.2092,30306,0
2016-03-30,6.2689,6.3116,6.2433,6.303,83957,0
2016-03-31,6.2689,6.3116,6.2176,6.2774,62539,0
2016-04-01,6.2092,6.2774,6.1493,6.1493,58692,0
2016-04-04,6.2347,6.2689,6.1493,6.1493,135907,0
2016-04-05,6.0724,6.1493,6.0468,6.0468,79780,0
2016-04-06,6.0724,6.1408,6.0468,6.1151,77993,0
2016-04-07,6.0639,6.098,6.0381,6.0381,81913,0
2016-04-08,6.0895,6.0933,6.0127,6.0127,65137,0
2016-04-11,6.0041,6.1237,5.987,6.0297,121642,0
2016-04-12,6.0297,6.1237,6.0127,6.0127,88153,0
2016-04-13,6.0895,6.1664,6.0724,6.0895,109088,0
2016-04-14,6.098,6.1835,6.098,6.1065,70609,0
2016-04-15,6.1493,6.1749,6.1065,6.1408,81106,0
2016-04-18,6.1237,6.2176,6.1065,6.2176,105894,0
2016-04-19,6.2092,6.2347,6.2006,6.2261,86626,0
2016-04-20,6.2347,6.2433,6.2006,6.2433,73502,0
2016-04-21,6.2092,6.2518,6.192,6.2518,101331,0
2016-04-22,6.2176,6.2859,6.2176,6.2433,92383,0
2016-04-25,6.2433,6.2518,6.1578,6.2006,152992,0
2016-04-26,6.2433,6.2518,6.2006,6.2433,51015,0
2016-04-27,6.2433,6.2774,6.2021,6.2604,144226,0
2016-04-28,6.2176,6.3329,6.2176,6.2176,58262,0
2016-04-29,6.2433,6.2467,6.1664,6.2176,66568,0
2016-05-02,6.2604,6.2681,6.2347,6.2604,105461,0
2016-05-03,6.2347,6.2356,6.1835,6.2261,58047,0
2016-05-04,6.192,6.2092,6.1493,6.1578,60367,0
2016-05-05,6.2261,6.2261,6.1408,6.1578,66876,0
2016-05-06,6.1408,6.1421,6.0895,6.1323,101843,0
2016-05-09,6.1408,6.1664,6.1151,6.1493,72145,0
2016-05-10,6.1578,6.2176,6.1578,6.2006,47797,0
2016-05-11,6.2006,6.2176,6.1237,6.1493,106532,0
2016-05-12,6.1664,6.1664,6.098,6.1408,135568,0
2016-05-13,6.1151,6.1379,6.0639,6.0809,69471,0
2016-05-16,6.0895,6.1578,6.0809,6.1493,150963,0
2016-05-17,6.1237,6.1577,6.0809,6.098,99331,0
2016-05-18,6.0895,6.1345,6.0639,6.0809,49754,0
2016-05-19,6.0639,6.0724,5.9956,6.0468,76949,0
2016-05-20,6.0639,6.098,6.0453,6.0639,53554,0
2016-05-23,6.1151,6.1237,6.0868,6.098,86702,0
2016-05-24,6.1323,6.1835,6.0896,6.1749,70066,0
2016-05-25,6.192,6.253,6.1237,6.2176,102093,0
2016-05-26,6.2176,6.2433,6.2006,6.2433,62731,0
2016-05-27,6.2774,6.2944,6.2604,6.2774,61699,0
2016-05-31,6.3372,6.3372,6.2774,6.2774,161057,0
2016-06-01,6.2774,6.3202,6.2604,6.2774,115086,0
2016-06-02,6.2859,6.3202,6.2774,6.2859,70307,0
2016-06-03,6.3202,6.3287,6.2859,6.3116,117767,0
2016-06-06,6.3202,6.4055,6.3202,6.3541,154759,0
2016-06-07,6.3541,6.42,6.3541,6.3628,188097,0
2016-06-08,6.3713,6.4482,6.3713,6.3884,131817,0
2016-06-09,6.3628,6.399,6.3541,6.3713,112617,0
2016-06-10,6.3713,6.3799,6.2689,6.2774,186069,0
2016-06-13,6.2774,6.303,6.2092,6.2176,180411,0
2016-06-14,6.2528,6.2895,6.1648,6.1823,124581,0
2016-06-15,6.2001,6.2528,6.2001,6.2001,42332,0
2016-06-16,6.2001,6.2001,6.1209,6.1471,125976,0
2016-06-17,6.1296,6.1911,6.1296,6.1648,35388,0
2016-06-20,6.2881,6.3497,6.2001,6.2089,90735,0
2016-06-21,6.2528,6.2528,6.2089,6.244,54728,0
2016-06-22,6.2352,6.2969,6.2264,6.244,81759,0
2016-06-23,6.3322,6.3322,6.2881,6.2969,163315,0
2016-06-24,6.1209,6.2528,6.1209,6.156,344766,0
2016-06-27,6.1383,6.1648,5.9094,5.9446,195864,0
2016-06-28,5.971,6.1031,5.971,6.0855,125616,0
2016-06-29,6.1296,6.1912,6.1209,6.156,98050,0
2016-06-30,6.2001,6.2792,6.156,6.2089,111503,0
2016-07-01,6.2176,6.2704,6.2176,6.2617,64898,0
2016-07-05,6.244,6.2792,6.2264,6.244,105479,0
2016-07-06,6.1823,6.2448,6.1648,6.2176,72079,0
2016-07-07,6.2089,6.2792,6.2089,6.2352,69111,0
2016-07-08,6.3056,6.341,6.3056,6.3179,54585,0
2016-07-11,6.3322,6.3761,6.3229,6.3673,68236,0
2016-07-12,6.3849,6.4291,6.3761,6.4291,187879,0
2016-07-13,6.4465,6.4555,6.4202,6.4555,94067,0
2016-07-14,6.4731,6.4731,6.4465,6.4465,101676,0
2016-07-15,6.4642,6.4642,6.4465,6.4642,69861,0
2016-07-18,6.4555,6.4818,6.4465,6.4642,92007,0
2016-07-19,6.4465,6.4731,6.4247,6.4599,140420,0
2016-07-20,6.4642,6.5082,6.4465,6.4905,123311,0
2016-07-21,6.4994,6.5259,6.4818,6.4906,82594,0
2016-07-22,6.5082,6.5786,6.4994,6.5786,145410,0
2016-07-25,6.5523,6.569,6.5171,6.5523,46465,0
2016-07-26,6.5435,6.5699,6.5259,6.5259,100819,0
2016-07-27,6.5612,6.5612,6.5347,6.5435,75756,0
2016-07-28,6.5259,6.5522,6.5171,6.5347,55320,0
2016-07-29,6.5259,6.5874,6.5259,6.5699,93309,0
2016-08-01,6.5874,6.6095,6.5347,6.5435,109454,0
2016-08-02,6.5435,6.5569,6.4555,6.4818,95774,0
2016-08-03,6.4642,6.5259,6.4642,6.5171,80604,0
2016-08-04,6.5347,6.5347,6.4994,6.5171,77809,0
2016-08-05,6.5347,6.6139,6.5347,6.5963,474008,0
2016-08-08,6.6052,6.6139,6.5963,6.5963,302182,0
2016-08-09,6.6227,6.6404,6.5919,6.6052,118785,0
2016-08-10,6.6315,6.6492,6.6052,6.6492,132046,0
2016-08-11,6.6668,6.7812,6.6492,6.7372,429329,0
2016-08-12,6.7372,6.7812,6.7195,6.7812,244988,0
2016-08-15,6.7812,6.8077,6.7636,6.7812,144186,0
2016-08-16,6.7812,6.7901,6.7636,6.7901,112274,0
2016-08-17,6.7461,6.7857,6.7381,6.7636,170454,0
2016-08-18,6.7901,6.8165,6.785,6.8077,118101,0
2016-08-19,6.8165,6.8165,6.7812,6.7901,174993,0
2016-08-22,6.7812,6.8165,6.7725,6.7988,108039,0
2016-08-23,6.8252,6.8517,6.7988,6.8165,123480,0
2016-08-24,6.8165,6.8517,6.7988,6.8077,74315,0
2016-08-25,6.7901,6.8165,6.7812,6.7821,56406,0
2016-08-26,6.7988,6.7988,6.7372,6.7372,94154,0
2016-08-29,6.7461,6.8077,6.7461,6.7548,96245,0
2016-08-30,6.7548,6.7725,6.7372,6.7461,79851,0
2016-08-31,6.7372,6.7812,6.725,6.7812,131779,0
2016-09-01,6.7812,6.7812,6.7372,6.7725,123574,0
2016-09-02,6.8165,6.8517,6.8142,6.8517,81945,0
2016-09-06,6.8517,6.8782,6.8252,6.8606,113177,0
2016-09-07,6.8693,6.9222,6.8444,6.9222,113672,0
2016-09-08,6.9309,6.9574,6.8782,6.9574,88121,0
2016-09-09,6.9045,6.9133,6.8428,6.8428,128291,0
2016-09-12,6.7988,6.8606,6.7812,6.8252,159682,0
2016-09-13,6.7901,6.8869,6.6931,6.7548,151954,0
2016-09-14,6.8092,6.8546,6.7155,6.8092,117011,0
2016-09-15,6.8002,6.8274,6.7548,6.791,132515,0
2016-09-16,6.782,6.8002,6.7095,6.7095,60475,0
2016-09-19,6.7185,6.7711,6.6505,6.655,98256,0
2016-09-20,6.7095,6.7185,6.6823,6.7185,66083,0
2016-09-21,6.7276,6.7677,6.7005,6.7548,92662,0
2016-09-22,6.8002,6.8274,6.7548,6.8002,65586,0
2016-09-23,6.8365,6.8636,6.7458,6.773,122270,0
2016-09-26,6.7367,6.8909,6.7367,6.8454,170319,0
2016-09-27,6.8274,7.1266,6.8274,6.9815,201115,0
2016-09-28,7.0178,7.1175,6.9545,7.0449,228768,0
2016-09-29,7.0359,7.0567,6.8909,6.8999,71833,0
2016-09-30,6.9362,7.0088,6.9362,6.9724,50601,0
2016-10-03,6.9634,7.0269,6.9622,7.0178,66878,0
2016-10-04,7.0449,7.0722,6.9452,6.9634,37548,0
2016-10-05,7.0088,7.0088,6.9724,6.9996,29490,0
2016-10-06,7.0269,7.0269,6.9452,6.9452,40332,0
2016-10-07,6.9362,6.9815,6.9362,6.9362,37936,0
2016-10-10,6.9452,6.9996,6.9362,6.9362,51828,0
2016-10-11,6.9544,6.9901,6.8909,6.8999,51758,0
2016-10-12,6.9089,6.9362,6.8909,6.8909,36337,0
2016-10-13,6.8454,6.8909,6.7915,6.859,109208,0
2016-10-14,6.9089,6.9211,6.8546,6.8636,76904,0
2016-10-17,6.8183,6.8454,6.773,6.773,83976,0
2016-10-18,6.8274,6.8274,6.7005,6.7095,136101,0
2016-10-19,6.6732,6.9089,6.6732,6.791,220067,0
2016-10-20,6.791,6.8083,6.7095,6.7458,98828,0
2016-10-21,6.7276,6.7796,6.7095,6.7548,57052,0
2016-10-24,6.8183,6.8454,6.8093,6.8365,62070,0
2016-10-25,6.8274,6.8536,6.8274,6.8274,33984,0
2016-10-26,6.8183,6.8818,6.8183,6.8637,47232,0
2016-10-27,6.8818,6.8818,6.8183,6.8454,37656,0
2016-10-28,6.8274,6.8727,6.7458,6.7458,58764,0
2016-10-31,6.8546,6.9008,6.7548,6.8183,138529,0
2016-11-01,6.8183,6.8727,6.7383,6.791,32015,0
2016-11-02,6.7639,6.774,6.6188,6.6188,70938,0
2016-11-03,6.6188,6.6823,6.5462,6.5462,92056,0
2016-11-04,6.5826,6.6732,6.4828,6.51,80157,0
2016-11-07,6.6007,6.7095,6.5462,6.5553,51458,0
2016-11-08,6.5462,6.6113,6.5281,6.5735,63655,0
2016-11-09,6.4828,6.7005,6.4828,6.6098,104124,0
2016-11-10,6.6642,6.6642,6.5826,6.6188,79662,0
2016-11-11,6.6007,6.6461,6.5809,6.6188,75832,0
2016-11-14,6.5916,6.6914,6.5916,6.6642,95456,0
2016-11-15,6.6461,6.8002,6.6461,6.8002,109529,0
2016-11-16,6.8002,6.8546,6.7185,6.7458,70002,0
2016-11-17,6.7639,6.8002,6.7095,6.7548,87591,0
2016-11-18,6.8092,6.8183,6.7548,6.7639,54143,0
2016-11-21,6.7548,6.773,6.6371,6.7639,133766,0
2016-11-22,6.8183,6.8727,6.8002,6.8727,104991,0
2016-11-23,6.8636,6.874,6.7639,6.791,96195,0
2016-11-25,6.8365,6.8546,6.782,6.782,28835,0
2016-11-28,6.7639,6.7909,6.7548,6.7639,97422,0
2016-11-29,6.8002,6.8365,6.8002,6.8365,53626,0
2016-11-30,6.8636,6.9089,6.7458,6.7458,91136,0
2016-12-01,6.7005,6.8002,6.6642,6.7367,74676,0
2016-12-02,6.7005,6.8002,6.6842,6.7548,51903,0
2016-12-05,6.773,6.8454,6.773,6.782,31786,0
2016-12-06,6.782,6.8002,6.7458,6.7909,72690,0
2016-12-07,6.7447,6.8827,6.7447,6.8375,118526,0
2016-12-08,6.8282,6.8607,6.7076,6.754,187704,0
2016-12-09,6.7818,6.8188,6.7354,6.7899,84566,0
2016-12-12,6.791,6.791,6.689,6.7262,93864,0
2016-12-13,6.7726,6.7818,6.7076,6.7633,86152,0
2016-12-14,6.754,6.7688,6.7262,6.7262,48720,0
2016-12-15,6.7169,6.7818,6.689,6.7447,129049,0
2016-12-16,6.7633,6.7818,6.7179,6.754,133438,0
2016-12-19,6.7726,6.8654,6.7169,6.8467,227721,0
2016-12-20,6.8375,6.9025,6.8124,6.9025,141317,0
2016-12-21,6.9117,6.9581,6.837,6.8467,89077,0
2016-12-22,6.8654,6.9117,6.8375,6.8746,55626,0
2016-12-23,6.8467,6.8813,6.7818,6.7818,64128,0
2016-12-27,6.7447,6.8097,6.7262,6.7818,133167,0
2016-12-28,6.7818,6.791,6.6983,6.7262,149325,0
2016-12-29,6.7262,6.754,6.6983,6.7262,81204,0
2016-12-30,6.7169,6.7262,6.6612,6.7169,112515,0
2017-01-03,6.7076,6.7633,6.6983,6.7447,66401,0
2017-01-04,6.8004,6.8189,6.7818,6.8097,54183,0
2017-01-05,6.8467,6.8838,6.8098,6.8838,57538,0
2017-01-06,6.8467,6.9303,6.8467,6.9025,85407,0
2017-01-09,6.9117,6.9579,6.8931,6.9395,44910,0
2017-01-10,6.9303,6.9472,6.8746,6.9117,40028,0
2017-01-11,6.9117,6.9488,6.8755,6.9303,57755,0
2017-01-12,6.9117,6.9581,6.8719,6.9488,38519,0
2017-01-13,6.9395,6.9766,6.9395,6.9766,50302,0
2017-01-17,6.9303,7.023,6.9117,6.9859,174977,0
2017-01-18,7.0138,7.0138,6.9025,6.9674,131073,0
2017-01-19,6.9395,6.9581,6.9117,6.9488,107608,0
2017-01-20,6.9674,6.9859,6.9502,6.9859,62274,0
2017-01-23,7.0045,7.0416,6.9488,7.0416,53805,0
2017-01-24,7.0879,7.0879,7.023,7.0602,72746,0
2017-01-25,7.0787,7.1158,7.0694,7.1066,92366,0
2017-01-26,7.0787,7.1436,7.0602,7.1344,93772,0
2017-01-27,7.1529,7.1727,7.1344,7.1623,80457,0
2017-01-30,7.1158,7.1529,7.0879,7.1436,55912,0
2017-01-31,7.125,7.1715,7.125,7.1715,63771,0
2017-02-01,7.1807,7.19,7.1624,7.19,34779,0
2017-02-02,7.1715,7.19,7.1344,7.1436,57600,0
2017-02-03,7.1807,7.2178,7.1624,7.2178,29322,0
2017-02-06,7.1994,7.2178,7.1823,7.1994,35215,0
2017-02-07,7.1994,7.2272,7.1623,7.1623,73938,0
2017-02-08,7.1529,7.1623,7.125,7.1529,49672,0
2017-02-09,7.1529,7.1994,7.1529,7.1807,56039,0
2017-02-10,7.1994,7.2457,7.19,7.2457,46503,0
2017-02-13,7.2457,7.2921,7.2457,7.2921,62711,0
2017-02-14,7.2828,7.3014,7.2457,7.3014,88746,0
2017-02-15,7.2921,7.357,7.2828,7.357,59695,0
2017-02-16,7.357,7.3756,7.3106,7.357,117246,0
2017-02-17,7.357,7.3663,7.3199,7.3663,66248,0
2017-02-21,7.4035,7.4219,7.3756,7.4035,113277,0
2017-02-22,7.3942,7.4219,7.357,7.3942,58460,0
2017-02-23,7.4126,7.4219,7.4035,7.4035,53723,0
2017-02-24,7.4035,7.4683,7.4035,7.4591,126688,0
2017-02-27,7.4776,7.4869,7.4591,7.4869,167333,0
2017-02-28,7.4683,7.5221,7.3895,7.4035,149553,0
2017-03-01,7.4405,7.4869,7.427,7.4498,59192,0
2017-03-02,7.4405,7.4777,7.3756,7.4126,83873,0
2017-03-03,7.4126,7.4498,7.4035,7.4405,66189,0
2017-03-06,7.4126,7.4405,7.4126,7.4313,90601,0
2017-03-07,7.4219,7.4508,7.3848,7.4035,58074,0
2017-03-08,7.4405,7.4683,7.3997,7.4498,97377,0
2017-03-09,7.4498,7.4683,7.255,7.3292,106553,0
2017-03-10,7.3756,7.4497,7.3685,7.4405,56109,0
2017-03-13,7.4405,7.4869,7.4355,7.4869,80561,0
2017-03-14,7.4776,7.5147,7.4405,7.5054,155842,0
2017-03-15,7.5245,7.5966,7.4864,7.5723,98096,0
2017-03-16,7.5627,7.6008,7.5341,7.5436,51904,0
2017-03-17,7.5913,7.6008,7.5627,7.5913,45707,0
2017-03-20,7.6008,7.6104,7.5341,7.5723,55558,0
2017-03-21,7.5913,7.658,7.496,7.5245,110877,0
2017-03-22,7.4864,7.5913,7.4768,7.496,61059,0
2017-03-23,7.4864,7.5245,7.4673,7.496,97550,0
2017-03-24,7.5341,7.5723,7.496,7.5531,84587,0
2017-03-27,7.5341,7.658,7.5245,7.6486,213454,0
2017-03-28,7.639,7.7057,7.5245,7.6008,247333,0
2017-03-29,7.5913,7.6486,7.5733,7.6104,57425,0
2017-03-30,7.6199,7.6676,7.6199,7.6294,25887,0
2017-03-31,7.6199,7.6962,7.6199,7.6962,35078,0
2017-04-03,7.7249,7.7249,7.658,7.6867,53830,0
2017-04-04,7.6676,7.7057,7.6487,7.6676,43547,0
2017-04-05,7.6962,7.7725,7.6867,7.6962,104187,0
2017-04-06,7.7343,7.7534,7.658,7.7249,100912,0
2017-04-07,7.7343,7.763,7.709,7.763,47470,0
2017-04-10,7.763,7.8393,7.7439,7.8106,95763,0
2017-04-11,7.8011,7.8679,7.7538,7.8679,107538,0
2017-04-12,7.8297,7.8414,7.7153,7.7534,125046,0
2017-04-13,7.782,7.8202,7.7057,7.782,75601,0
2017-04-17,7.782,7.8106,7.763,7.7916,41918,0
2017-04-18,7.7725,7.8202,7.7534,7.763,67793,0
2017-04-19,7.7916,7.8488,7.7534,7.8488,99973,0
2017-04-20,7.8297,7.906,7.8114,7.8869,64108,0
2017-04-21,7.8965,7.9346,7.8869,7.9346,61204,0
2017-04-24,7.9918,8.0491,7.8202,7.8202,224823,0
2017-04-25,7.8488,7.9537,7.8373,7.9537,84359,0
2017-04-26,7.9632,8.0109,7.9537,7.9918,95711,0
2017-04-27,8.0014,8.0299,7.9823,7.9823,54329,0
2017-04-28,8.0491,8.0777,8.0172,8.0777,68263,0
2017-05-01,8.1062,8.1444,8.0777,8.1444,36741,0
2017-05-02,8.1825,8.2327,8.1071,8.1444,68572,0
2017-05-03,8.1731,8.1825,8.1254,8.1444,65974,0
2017-05-04,8.1158,8.1825,7.9442,8.0968,133725,0
2017-05-05,8.1254,8.1254,8.0691,8.0777,56491,0
2017-05-08,8.1349,8.1349,8.0491,8.0777,42653,0
2017-05-09,8.0491,8.0872,8.0109,8.0109,60215,0
2017-05-10,8.0491,8.0872,8.0205,8.0205,43546,0
2017-05-11,8.0491,8.0496,7.9537,7.9537,82793,0
2017-05-12,7.9918,8.0777,7.9442,8.0777,65961,0
2017-05-15,8.0491,8.2112,8.0491,8.0968,80607,0
2017-05-16,8.1254,8.1444,8.0777,8.0872,68824,0
2017-05-17,8.0205,8.0777,7.9442,7.9442,61553,0
2017-05-18,7.906,8.0586,7.8869,7.9823,86782,0
2017-05-19,8.0299,8.1349,8.0299,8.1062,47445,0
2017-05-22,8.1921,8.2588,8.1539,8.1635,70648,0
2017-05-23,8.2017,8.2684,8.2017,8.2588,91660,0
2017-05-24,8.2875,8.2875,8.2312,8.2494,42833,0
2017-05-25,8.3065,8.4114,8.297,8.3638,182675,0
2017-05-26,8.3638,8.421,8.3428,8.3447,105284,0
2017-05-30,8.402,8.4272,8.3447,8.3447,59118,0
2017-05-31,8.4496,8.4877,8.3638,8.3638,84847,0
2017-06-01,8.4496,8.5831,8.2207,8.3351,259452,0
2017-06-02,8.3447,8.4238,8.3447,8.421,52473,0
2017-06-05,8.4783,8.5736,8.4591,8.5267,59536,0
2017-06-06,8.545,8.5736,8.5081,8.5171,60785,0
2017-06-07,8.564,8.6403,8.5463,8.6213,86866,0
2017-06-08,8.6499,8.6499,8.6117,8.6499,95588,0
2017-06-09,8.6499,8.7166,8.6499,8.6594,88472,0
2017-06-12,8.6022,8.7357,8.526,8.7357,143300,0
2017-06-13,8.8311,8.8311,8.6213,8.8215,103811,0
2017-06-14,8.7532,8.8997,8.6066,8.8411,111251,0
2017-06-15,8.802,8.8094,8.5028,8.5089,150547,0
2017-06-16,8.5675,8.5773,8.5089,8.5382,77333,0
2017-06-19,8.548,8.6457,8.548,8.6262,95154,0
2017-06-20,8.6457,8.6816,8.5285,8.5871,92058,0
2017-06-21,8.548,8.5662,8.4796,8.4796,82227,0
2017-06-22,8.5187,8.6359,8.4601,8.6066,75160,0
2017-06-23,8.6848,8.6877,8.5285,8.548,117520,0
2017-06-26,8.6359,8.7825,8.6115,8.7434,156894,0
2017-06-27,8.7629,8.8215,8.6945,8.8215,117685,0
2017-06-28,8.8411,8.8486,8.7239,8.7727,79757,0
2017-06-29,8.7922,8.802,8.6652,8.6945,81576,0
2017-06-30,8.6848,8.7336,8.6164,8.7336,50142,0
2017-07-03,8.7922,8.8411,8.7336,8.8215,35838,0
2017-07-05,8.7922,8.7982,8.7141,8.7434,43007,0
2017-07-06,8.7336,8.7825,8.7043,8.7434,66523,0
2017-07-07,8.802,8.9046,8.7922,8.8411,110726,0
2017-07-10,8.8997,8.9095,8.8508,8.8508,38183,0
2017-07-11,8.8704,8.8704,8.8118,8.8313,45709,0
2017-07-12,8.8899,8.9033,8.8508,8.8704,45128,0
2017-07-13,8.9095,8.9095,8.8508,8.8802,56994,0
2017-07-14,8.8704,8.9192,8.8606,8.8997,66027,0
2017-07-17,8.9095,8.9681,8.9095,8.9095,46796,0
2017-07-18,8.9778,8.9974,8.8704,8.9378,65279,0
2017-07-19,8.9095,8.9876,8.9095,8.9485,74757,0
2017-07-20,9.0169,9.0267,8.9485,8.9485,67240,0
2017-07-21,8.9485,9.0365,8.9444,8.9583,83270,0
2017-07-24,9.0267,9.0267,8.9778,8.9875,64530,0
2017-07-25,9.056,9.056,8.9876,9.0072,58541,0
2017-07-26,8.9876,9.056,8.9876,8.9876,57156,0
2017-07-27,9.0658,9.1244,8.9876,9.0072,89189,0
2017-07-28,9.1342,9.1342,9.0169,9.1048,48447,0
2017-07-31,9.1048,9.3393,9.0853,9.3393,186437,0
2017-08-01,9.4175,9.592,9.3002,9.4663,140873,0
2017-08-02,9.564,9.564,9.3629,9.3686,139756,0
2017-08-03,9.3491,9.3784,9.2709,9.2807,72007,0
2017-08-04,9.2663,9.2663,9.1732,9.183,67788,0
2017-08-07,9.2123,9.2318,9.183,9.1928,40181,0
2017-08-08,9.2514,9.2956,9.2062,9.2514,89124,0
2017-08-09,9.3002,9.3002,9.1244,9.127,54837,0
2017-08-10,9.1342,9.1342,8.8533,8.8606,120764,0
2017-08-11,8.7922,8.8997,8.4894,8.8802,123057,0
2017-08-14,8.9388,9.0169,8.9192,8.9681,68630,0
2017-08-15,8.9681,9.0072,8.929,9.0072,43646,0
2017-08-16,9.0169,9.0951,9.0072,9.056,71096,0
2017-08-17,9.0462,9.0658,8.9485,8.9583,58045,0
2017-08-18,8.9192,8.9583,8.8313,8.9192,86637,0
2017-08-21,8.9388,8.9533,8.8802,8.8802,56832,0
2017-08-22,8.9388,9.0298,8.9388,9.0267,23440,0
2017-08-23,9.0169,9.0268,8.9915,9.0169,23701,0
2017-08-24,8.9876,9.0202,8.9087,8.9681,34016,0
2017-08-25,8.9876,9.0267,8.9778,8.9974,29411,0
2017-08-28,9.0072,9.0072,8.9681,8.9681,27428,0
2017-08-29,8.9192,9.0169,8.9192,8.9876,42715,0
2017-08-30,9.0169,9.0755,9.0072,9.056,66360,0
2017-08-31,9.1048,9.183,9.0843,9.1048,57402,0
2017-09-01,9.1146,9.2123,9.1146,9.1732,23542,0
2017-09-05,9.2221,9.2221,8.929,9.0267,111240,0
2017-09-06,9.056,9.2709,9.056,9.2123,100479,0
2017-09-07,9.2807,9.2807,9.1342,9.1521,74049,0
2017-09-08,9.2318,9.2318,9.1159,9.1402,35833,0
2017-09-11,9.2123,9.2302,9.1732,9.1928,77034,0
2017-09-12,9.2709,9.2905,9.2123,9.2905,44014,0
2017-09-13,9.3295,9.3588,9.2906,9.31,32668,0
2017-09-14,9.34,9.34,9.1801,9.24,42266,0
2017-09-15,9.22,9.3799,9.22,9.32,70288,0
2017-09-18,9.38,9.44,9.335,9.3647,70347,0
2017-09-19,9.35,9.4499,9.3462,9.38,34998,0
2017-09-20,9.42,9.51,9.42,9.46,103346,0
2017-09-21,9.5,9.51,9.43,9.5,55867,0
2017-09-22,9.51,9.86,9.4735,9.69,252137,0
2017-09-25,9.8,9.84,9.63,9.65,107886,0
2017-09-26,9.7,9.76,9.66,9.71,66387,0
2017-09-27,9.7,9.7482,9.6377,9.65,66236,0
2017-09-28,9.7,9.7,9.5391,9.59,84141,0
2017-09-29,9.62,9.7,9.6,9.68,51000,0
2017-10-02,9.73,9.76,9.67,9.67,40645,0
2017-10-03,9.7,9.76,9.65,9.68,65060,0
2017-10-04,9.68,9.76,9.68,9.69,49756,0
2017-10-05,9.71,9.78,9.71,9.74,59480,0
2017-10-06,9.7,9.73,9.66,9.66,50866,0
2017-10-09,9.71,9.73,9.6599,9.69,30631,0
2017-10-10,9.69,9.7,9.63,9.65,46255,0
2017-10-11,9.66,9.69,9.53,9.55,102406,0
2017-10-12,9.5,9.55,9.38,9.52,143011,0
2017-10-13,9.48,9.52,9.45,9.47,76800,0
2017-10-16,9.46,9.52,9.46,9.48,46355,0
2017-10-17,9.52,9.52,9.43,9.44,35756,0
2017-10-18,9.42,9.47,9.42,9.44,49875,0
2017-10-19,9.4,9.4059,9.355,9.38,82940,0
2017-10-20,9.4,9.4452,9.31,9.37,74743,0
2017-10-23,9.36,9.36,9.22,9.22,74881,0
2017-10-24,9.22,9.24,9.13,9.2,98587,0
2017-10-25,9.2,9.2,9.01,9.03,118165,0
2017-10-26,9.07,9.091,8.58,8.58,285561,0
2017-10-27,8.64,8.83,8.64,8.713,109788,0
2017-10-30,8.83,8.9,8.72,8.75,73238,0
2017-10-31,8.77,8.9648,8.77,8.9,105139,0
2017-11-01,8.96,9.03,8.96,8.98,38493,0
2017-11-02,9,9.03,8.89,8.93,65641,0
2017-11-03,8.86,8.8705,8.79,8.79,63622,0
2017-11-06,8.74,8.77,8.702,8.72,131951,0
2017-11-07,8.74,8.8,8.715,8.75,61623,0
2017-11-08,8.79,8.93,8.74,8.87,79729,0
2017-11-09,8.85,8.88,8.716,8.78,68721,0
2017-11-10,8.77,8.85,8.7505,8.77,72427,0
