2016-01-04,26.15,26.5,25.65,26.19,410054,0
2016-01-05,26.19,26.19,24.02,24.52,486362,0
2016-01-06,24.17,24.28,23.22,23.99,559091,0
2016-01-07,23.53,24.15,22.84,23.13,649353,0
2016-01-08,23.23,23.4399,22.45,22.54,489950,0
2016-01-11,22.73,23.35,22.45,23.31,298253,0
2016-01-12,23.45,23.838,22.88,23.42,386409,0
2016-01-13,23.85,23.91,22.32,22.4,475936,0
2016-01-14,22.59,23.69,21.51,23.34,327964,0
2016-01-15,22.6,22.81,21.23,22.45,392674,0
2016-01-19,22.78,23.16,21.76,22.24,325000,0
2016-01-20,21.82,23.29,21.29,22.93,342523,0
2016-01-21,23.18,23.37,22.37,22.54,247866,0
2016-01-22,22.92,23.5,22.75,23.5,251200,0
2016-01-25,23.52,24.22,23.38,23.47,294279,0
2016-01-26,23.52,24.86,22.87,24.62,605303,0
2016-01-27,24.82,24.97,23.57,23.79,477719,0
2016-01-28,24.05,24.4,21.8,22.1,802390,0
2016-01-29,26.3,27.68,25.59,26.15,2368139,0
2016-02-01,26.15,26.42,25.37,26.3,778183,0
2016-02-02,26.12,26.68,25.17,25.7,565107,0
2016-02-03,26,26,24.505,25.03,470961,0
2016-02-04,25.62,25.9899,24.95,25.35,355034,0
2016-02-05,25,25,22.85,22.89,481420,0
2016-02-08,22.43,22.51,21.23,21.76,654495,0
2016-02-09,21.41,22.61,21.24,21.88,432278,0
2016-02-10,22.15,23.66,22.1133,22.71,578315,0
2016-02-11,22.15,23.05,22.1,22.67,535689,0
2016-02-12,23.25,23.32,22.35,22.54,491348,0
2016-02-16,22.84,23.93,22.71,23.78,333529,0
2016-02-17,23.74,24.91,23.34,24.3,485726,0
2016-02-18,24.4,24.61,23.53,23.6,398310,0
2016-02-19,23.56,24.7,23.5,24.16,315123,0
2016-02-22,24.57,24.64,23.93,24.46,329593,0
2016-02-23,24.37,25.19,24.37,24.76,255508,0
2016-02-24,24.27,26.52,24.1205,26.3,671013,0
2016-02-25,26.45,26.5,25.735,26.22,278836,0
2016-02-26,26.43,27.09,26.05,27.07,509843,0
2016-02-29,26.8,27.98,26.74,27.37,703767,0
2016-03-01,27.73,28.74,27.54,28.68,529549,0
2016-03-02,28.53,28.75,27.97,28.55,292780,0
2016-03-03,28.48,28.57,27.43,28.1,332229,0
2016-03-04,28.19,28.91,27.76,28.51,232263,0
2016-03-07,28.32,28.66,28.07,28.44,248178,0
2016-03-08,28.4,29.2,28.2958,28.53,430208,0
2016-03-09,28.55,29.11,28.44,28.9,357754,0
2016-03-10,29.17,29.42,28.54,28.86,392629,0
2016-03-11,29.04,29.83,28.56,29.72,418618,0
2016-03-14,29.58,30.84,29.53,29.84,805740,0
2016-03-15,29.62,29.97,28.88,29.05,298631,0
2016-03-16,28.99,30.29,28.83,30.04,572002,0
2016-03-17,30.04,30.58,29.75,30.19,348009,0
2016-03-18,30.41,30.62,29.96,30.44,475578,0
2016-03-21,30.44,31,30.44,30.66,392724,0
2016-03-22,30.42,32,30.42,31.65,407768,0
2016-03-23,31.54,31.6,30.346,30.87,448302,0
2016-03-24,30.51,31.3199,30.05,31.04,356618,0
2016-03-28,31.31,31.335,30.45,30.83,260367,0
2016-03-29,30.73,32,30.7201,31.83,357014,0
2016-03-30,31.78,31.94,30,30.32,559977,0
2016-03-31,30.25,31.31,30.22,31.02,361570,0
2016-04-01,30.72,31.43,30.63,31.23,279006,0
2016-04-04,31.22,31.44,30.8,31.28,397999,0
2016-04-05,30.95,31.19,30.63,30.88,248660,0
2016-04-06,30.9,32.22,30.87,32.16,326749,0
2016-04-07,31.98,32.12,30,30.47,480804,0
2016-04-08,30.73,31.17,29.65,29.76,481934,0
2016-04-11,29.92,30.8,29.24,29.32,384602,0
2016-04-12,29.45,29.45,28.5,28.7,352418,0
2016-04-13,28.84,30.48,28.84,30.48,509934,0
2016-04-14,30.5,31.05,30.4,30.57,258465,0
2016-04-15,29.54,29.83,28.16,29.04,808162,0
2016-04-18,29.23,31.05,29,30.46,464354,0
2016-04-19,30.52,30.79,30.12,30.26,239750,0
2016-04-20,30.5,31.66,30.21,31.31,409351,0
2016-04-21,31.68,31.99,31.25,31.39,198162,0
2016-04-22,31.17,31.46,30.85,31.33,316600,0
2016-04-25,31.35,31.5,30.88,31.04,306862,0
2016-04-26,31.26,31.28,30.58,31.16,357039,0
2016-04-27,30.82,31.22,30.5601,30.98,395193,0
2016-04-28,30.8,31.25,29.65,29.89,679642,0
2016-04-29,34.49,35.02,31.1,32.59,2240228,0
2016-05-02,32.81,33.78,31.27,31.7,1093620,0
2016-05-03,31.51,31.64,30.541,30.6,404343,0
2016-05-04,30.42,31.07,30.2,30.54,438136,0
2016-05-05,30.66,30.9,29.944,30.14,297913,0
2016-05-06,29.79,30.09,28.75,29.44,379781,0
2016-05-09,29.59,29.81,29.2,29.34,272625,0
2016-05-10,29.66,30.82,29.61,30.53,405367,0
2016-05-11,29.97,30.01,29.38,29.51,470576,0
2016-05-12,29.68,29.68,28.5,28.87,441590,0
2016-05-13,28.79,29.43,28.75,29.28,319143,0
2016-05-16,29.32,29.44,28.78,29.18,468723,0
2016-05-17,29.04,29.51,28.68,28.81,321079,0
2016-05-18,28.77,29.44,28.65,29.38,483228,0
2016-05-19,29.14,29.44,28.43,28.71,320076,0
2016-05-20,28.94,29.73,28.87,29.65,489638,0
2016-05-23,29.59,30.22,29.46,30.05,615751,0
2016-05-24,30.1,31.15,30.09,31.13,723097,0
2016-05-25,31.17,31.3599,30.76,30.96,494923,0
2016-05-26,30.97,31.47,30.92,31.23,295063,0
2016-05-27,30.96,31.105,30.02,31.02,474202,0
2016-05-31,31.14,31.329,30.81,31.15,760762,0
2016-06-01,30.99,32.1825,30.78,31.78,483617,0
2016-06-02,31.73,32.32,31.63,32.28,283347,0
2016-06-03,32.22,32.22,31.4,31.66,303223,0
2016-06-06,31.9,33.32,31.69,33.02,606438,0
2016-06-07,33.28,33.95,33,33.48,508207,0
2016-06-08,33.45,33.77,33.25,33.69,374036,0
2016-06-09,33.55,34.14,33.4,33.93,567446,0
2016-06-10,33.61,33.86,33.29,33.61,451762,0
2016-06-13,33.42,33.73,32.845,32.92,316173,0
2016-06-14,32.8,33.5,32.55,33.29,309141,0
2016-06-15,33.32,33.69,33.02,33.41,293531,0
2016-06-16,33.12,33.655,32.22,33.55,574358,0
2016-06-17,33.85,35.35,33.33,35.02,1541445,0
2016-06-20,35.19,37.64,34.5,36.5,2837765,0
2016-06-21,36.58,37.5,36.5,37.03,870862,0
2016-06-22,37.17,38.59,37.17,38.24,1154589,0
2016-06-23,38.5,38.96,38.09,38.49,807996,0
2016-06-24,36.82,38.17,36.33,36.51,1029232,0
2016-06-27,36.38,36.64,33.78,35.47,962211,0
2016-06-28,35.72,36.2,34.93,35.49,699344,0
2016-06-29,35.98,36.55,35.7,36.46,705574,0
2016-06-30,36.58,37.43,36.19,37.39,749859,0
2016-07-01,37.28,38.16,37.0625,37.38,311334,0
2016-07-05,37.01,37.3,36.51,36.85,258662,0
2016-07-06,36.52,37.91,35.58,37.68,461650,0
2016-07-07,37.93,39.585,37.82,39.27,957000,0
2016-07-08,39.5,40,39.1,39.73,529658,0
2016-07-11,40,41.54,39.76,41.09,743141,0
2016-07-12,41.14,41.2299,40.23,40.46,640588,0
2016-07-13,40.64,41.0325,39.8,39.98,591856,0
2016-07-14,40.4,40.4,39.4451,39.78,340077,0
2016-07-15,39.96,39.96,38.92,39.64,366611,0
2016-07-18,39.91,42.13,39.91,41.58,1188969,0
2016-07-19,41.65,41.95,41.0101,41.32,486146,0
2016-07-20,41.52,41.71,41.08,41.14,451352,0
2016-07-21,41.14,41.44,39.32,39.68,1152265,0
2016-07-22,39.87,43.28,39.83,42.32,1207066,0
2016-07-25,42.57,43.38,42.21,42.55,741716,0
2016-07-26,42.7,43.25,42.165,42.61,523231,0
2016-07-27,42.94,43.04,41.85,41.97,527660,0
2016-07-28,42.18,42.59,41.12,41.71,871360,0
2016-07-29,43.33,46.96,42.1,46.72,3728414,0
2016-08-01,45.41,45.76,44.24,45.49,1131355,0
2016-08-02,45.6,46.04,44.46,44.62,891464,0
2016-08-03,44.26,44.61,43.811,44.08,427957,0
2016-08-04,44.43,45.07,44.064,44.57,831842,0
2016-08-05,44.91,45.74,44.85,45.08,481996,0
2016-08-08,45.08,45.12,44.22,44.79,413859,0
2016-08-09,45.05,46.74,44.51,46.36,790518,0
2016-08-10,46.18,46.31,44.8896,45.74,557970,0
2016-08-11,45.8,46.044,45.25,45.51,458567,0
2016-08-12,45.49,46.5,45.19,45.91,450344,0
2016-08-15,45.75,47.45,45.68,46.82,665902,0
2016-08-16,45.93,46.79,44.62,45.52,801869,0
2016-08-17,45.64,45.71,44.3301,44.87,519220,0
2016-08-18,44.97,45.57,44.5,45.17,472874,0
2016-08-19,44.96,45.77,44.7325,45.13,391250,0
2016-08-22,45,45.3399,44.04,44.91,442791,0
2016-08-23,45.41,46,45.28,45.48,507066,0
2016-08-24,45.38,45.643,44.55,44.71,463551,0
2016-08-25,44.86,45,44.05,44.79,257491,0
2016-08-26,44.91,44.91,43.44,44.37,656921,0
2016-08-29,44.19,44.78,44.07,44.39,340116,0
2016-08-30,44.65,46.87,44.57,46.68,2107478,0
2016-08-31,46.83,46.93,43.85,44.2,998378,0
2016-09-01,44.01,44.38,43.27,43.56,791076,0
2016-09-02,43.9,44.8944,43.58,44.53,332487,0
2016-09-06,44.75,45.2,44.54,45.04,491874,0
2016-09-07,45.24,46.83,45.09,46.24,1015537,0
2016-09-08,46.28,46.79,46.025,46.43,672266,0
2016-09-09,45.92,46.5972,44.74,45.05,755663,0
2016-09-12,44.53,46.67,44.11,46.59,574315,0
2016-09-13,46.17,46.249,44,45.12,640528,0
2016-09-14,45.45,49.34,45.265,48.27,1931473,0
2016-09-15,48.75,51.22,48.37,50.81,1410215,0
2016-09-16,50.71,51.85,50.52,51.78,1356842,0
2016-09-19,52.1,55,51.941,53.7,1964014,0
2016-09-20,53.7,53.989,51.68,52.02,871716,0
2016-09-21,52.15,54.05,52.08,53.81,827618,0
2016-09-22,54.24,54.959,53.38,54.01,682627,0
2016-09-23,54.11,54.44,53.05,53.6,544598,0
2016-09-26,53.32,54.25,53.21,53.26,599723,0
2016-09-27,53.38,56.38,53.38,55.67,1312249,0
2016-09-28,55.68,56.14,54.14,56.13,1096739,0
2016-09-29,55.95,56.0695,54.26,55.09,857019,0
2016-09-30,55.02,55.68,54.36,54.8,841011,0
2016-10-03,54.65,55.9,54.03,54.95,619808,0
2016-10-04,55.38,55.66,54.26,55.13,612671,0
2016-10-05,52.23,53.5,49.98,51.81,2065299,0
2016-10-06,51.21,52.02,50.78,51.63,612488,0
2016-10-07,51.36,52.07,50.6,51.48,811183,0
2016-10-10,51.95,53.2,51.88,53.19,776479,0
2016-10-11,52.81,53.5,49.43,49.97,1344110,0
2016-10-12,49.3,50.57,48.601,49.77,1350556,0
2016-10-13,50.95,51.15,49.11,49.93,1273113,0
2016-10-14,50.2,50.53,49.6,49.64,625722,0
2016-10-17,50.02,50.39,49.47,49.62,453107,0
2016-10-18,50.54,51,49.81,50.45,353142,0
2016-10-19,50.46,51.44,49.9,50.89,621453,0
2016-10-20,50.59,50.71,49.97,50.64,370569,0
2016-10-21,49.99,50.54,49.76,50.47,375570,0
2016-10-24,51.27,52.3599,51.01,51.31,646057,0
2016-10-25,51.43,51.5768,49.7101,50.38,479207,0
2016-10-26,50.05,51.31,49.89,50,577726,0
2016-10-27,50.53,50.53,47.1572,47.38,1425817,0
2016-10-28,50.94,56.795,50.94,55.01,4118215,0
2016-10-31,55,55.4,53.2,55.3,811039,0
2016-11-01,55.3,55.9,53.55,54.6,921517,0
2016-11-02,54,54.54,52.66,52.9,706567,0
2016-11-03,53,53.65,52.01,52.7,474076,0
2016-11-04,53.25,55,52.2,54.05,614962,0
2016-11-07,55.4,58.2,55.205,57.85,1196547,0
2016-11-08,57.85,58.1,55.555,56.6,661887,0
2016-11-09,55.5,58.55,54.75,57.15,844505,0
2016-11-10,58.45,59.4,55.7,56.3,786053,0
2016-11-11,56.45,59.25,56.3,59,607168,0
2016-11-14,59.5,59.8,57,57.4,679005,0
2016-11-15,57.9,59.2809,57.2,57.45,1028057,0
2016-11-16,57,58.5,56.45,58.2,679427,0
2016-11-17,58.05,59.75,57.75,57.95,657085,0
2016-11-18,58.1,59.4,57.55,58.65,560992,0
2016-11-21,59.5,60.4029,58.4,60.05,658199,0
2016-11-22,59.8,60.1,59.05,59.95,370431,0
2016-11-23,60,60.15,59.3,59.8,440660,0
2016-11-25,60.1,61.25,60.05,60.35,243902,0
2016-11-28,60.9,61.11,58.35,58.75,639491,0
2016-11-29,58.7,60.3,58.5261,59.2,560406,0
2016-11-30,59.6,59.745,52.26,53.35,1904372,0
2016-12-01,54,54.2,48,48.8,2875200,0
2016-12-02,47.85,49.82,47.3,48.5,1110821,0
2016-12-05,48.75,51,48.31,50.45,1147150,0
2016-12-06,50.7,50.7367,48.6,49.6,667770,0
2016-12-07,49.9,50.4,47.45,48.35,1265167,0
2016-12-08,48.35,48.75,46.05,47.95,1376772,0
2016-12-09,50,50.35,47.1,47.5,1055235,0
2016-12-12,47.25,47.6,46.34,47.5,656851,0
2016-12-13,47.7,48.2,45.5,46.45,1358232,0
2016-12-14,46.3,47.55,46.05,46.45,797797,0
2016-12-15,46.2,46.9,45.51,46.15,749258,0
2016-12-16,46.4,48.725,46.25,47.7,1091977,0
2016-12-19,47.65,48.65,46.6,47.65,714579,0
2016-12-20,47.7,48.1,46.8,47.45,526314,0
2016-12-21,48.15,49,47.4,48.25,532871,0
2016-12-22,48.3,48.4375,46.875,47.25,454316,0
2016-12-23,47.2,47.8,46.75,47.1,283841,0
2016-12-27,47.05,47.5,46.6,47.45,356579,0
2016-12-28,47.35,47.45,45.4,45.55,455908,0
2016-12-29,45.35,45.95,44.75,45.9,463619,0
2016-12-30,45.95,46.15,44.95,45.55,472659,0
2017-01-03,45.95,46.05,43.75,44.35,1086966,0
2017-01-04,44.5,46.125,43.2,44.7,889401,0
2017-01-05,44.65,44.8,43.05,43.95,989098,0
2017-01-06,44.1,44.6,43.3,44.45,839588,0
2017-01-09,44.5,46.2,44.5,45.6,800148,0
2017-01-10,45.65,47.95,45.65,47.8,922957,0
2017-01-11,47.9,48.25,47.1,47.85,868726,0
2017-01-12,47.55,47.6,45.25,45.25,821405,0
2017-01-13,45.55,46.145,44.25,45.35,998077,0
2017-01-17,45,45,43.75,44.05,1018479,0
2017-01-18,33.2,33.5,30.5,31.4,12964148,0
2017-01-19,32.15,33.05,31.5,32.85,2925451,0
2017-01-20,32.9,34.8,32.9,34.2,2358760,0
2017-01-23,34.2,34.29,32.05,32.45,1734884,0
2017-01-24,32.75,33.3,32.25,32.9,1129861,0
2017-01-25,33.35,34,32.3,32.8,1242698,0
2017-01-26,32.9,33.2,31.75,32.5,728974,0
2017-01-27,32.45,32.95,32,32.95,859540,0
2017-01-30,32.65,32.95,31.8,32.65,873194,0
2017-01-31,32.55,33.3,32.3,33.15,854721,0
2017-02-01,33.5,33.75,32.5,33.35,1379206,0
2017-02-02,33.05,33.05,31.76,32.1,2120317,0
2017-02-03,28.5,31.8,28.5,30.4,5789313,0
2017-02-06,30.2,32.2,29.6,31.4,2038205,0
2017-02-07,31.6,33.25,31,32.55,1481772,0
2017-02-08,32.4,32.475,31.45,32.4,864033,0
2017-02-09,32.4,33.1,32.2,32.6,1005065,0
2017-02-10,32.8,32.95,32.15,32.8,771169,0
2017-02-13,32.95,33.4,32.6,33.4,1061930,0
2017-02-14,33.25,34.2,33.05,33.95,1148488,0
2017-02-15,33.55,35.85,33.55,34.95,1609188,0
2017-02-16,34.75,35.05,33.9,35,1548943,0
2017-02-17,34.75,35.9,34.7,35.6,1255921,0
2017-02-21,35.45,36.6,35.2,36.3,936193,0
2017-02-22,36.15,36.6,35.7,35.95,604592,0
2017-02-23,35.9,35.9,34.15,35.65,1031133,0
2017-02-24,35,35.9,34.8003,35.6,594731,0
2017-02-27,35.45,35.55,34.65,34.75,1009744,0
2017-02-28,34.6,34.9,33.95,34.05,685851,0
2017-03-01,34.85,35.25,33.9,34,1017902,0
2017-03-02,34,34.05,32.9,33,1153885,0
2017-03-03,33,33.15,32.15,32.3,1417942,0
2017-03-06,32.15,32.25,31.2,31.55,1325712,0
2017-03-07,31.4,31.9,31.2,31.7,842220,0
2017-03-08,31.85,32.85,31.8077,32.55,616303,0
2017-03-09,32.55,33.1,32.1,32.9,752134,0
2017-03-10,33.1,33.6,32.9,33.25,768511,0
2017-03-13,33.4,34.75,33.4,34.35,867827,0
2017-03-14,34.2,34.6,33.7,34.25,986962,0
2017-03-15,34.3,35.3,33.95,34.85,1329461,0
2017-03-16,35.2,36.025,35.05,35.8,1261191,0
2017-03-17,36.85,36.9755,35.95,36.6,2504280,0
2017-03-20,36.55,36.95,35.85,36.5,1011842,0
2017-03-21,36.75,36.75,35.3,35.6,1241422,0
2017-03-22,35.6,36,34.7,35,1111384,0
2017-03-23,35.1,35.3,34.3,34.35,842849,0
2017-03-24,34.75,35,34.15,34.45,863661,0
2017-03-27,34.2,35.6,33.4,35.35,581711,0
2017-03-28,35.5,36,34.575,34.9,679569,0
2017-03-29,34.8,35.15,34.625,34.85,313203,0
2017-03-30,34.8,35.5,34.8,35.15,336231,0
2017-03-31,35.2,35.775,35,35.55,359034,0
2017-04-03,35.6,35.95,35.225,35.4,406115,0
2017-04-04,35.25,35.55,34.6,34.9,479204,0
2017-04-05,34.9,35.3,34.1,34.1,499072,0
2017-04-06,34.2,34.8,33.7,34.55,581940,0
2017-04-07,34.55,34.805,34.2,34.7,375328,0
2017-04-10,34.65,34.7,33.75,34.05,807158,0
2017-04-11,34,34.414,33.8,34.05,654228,0
2017-04-12,34.05,34.175,33.6,33.85,490714,0
2017-04-13,33.8,34.3,33.5,33.8,529703,0
2017-04-17,33.95,34.4,33.6,34.35,632757,0
2017-04-18,35.85,36.6,34.95,35.45,3005738,0
2017-04-19,35.6,35.65,34.5,35.2,6493592,0
2017-04-20,35.4,35.6,34.6,35,998097,0
2017-04-21,36,37.4,35.8,37.4,2448083,0
2017-04-24,37.85,37.9,36.4,36.55,1370510,0
2017-04-25,36.6,37.35,36.05,36.3,958179,0
2017-04-26,36.3,36.75,36,36.6,857458,0
2017-04-27,36.6,37.2,35.75,36,1563809,0
2017-04-28,30,31.7,29.95,31.7,5882683,0
2017-05-01,31.5,31.7,30.25,30.75,2654738,0
2017-05-02,30.65,31.1,30.275,30.8,2103856,0
2017-05-03,30.75,32.35,30.4,32.35,1792315,0
2017-05-04,32.35,33.65,32.05,32.9,2453714,0
2017-05-05,32.85,35.6,32.65,35,2235508,0
2017-05-08,38.6,41.9,38.35,41.2,5300049,0
2017-05-09,40.95,41.2,39.8,40.2,2032654,0
2017-05-10,40.2,40.6165,39.75,39.75,1313825,0
2017-05-11,39.65,39.65,37.85,37.95,2090137,0
2017-05-12,38,39.35,37.05,39.35,1516755,0
2017-05-15,39.55,40.15,39.2,39.25,1699613,0
2017-05-16,39.25,39.85,38.65,39.5,1381463,0
2017-05-17,38.9,39.35,37.95,38.15,876906,0
2017-05-18,38.05,38.1,37.25,37.85,1118476,0
2017-05-19,38,38.2,37.6,37.65,784167,0
2017-05-22,37.6,38.7,37.6,38.7,693285,0
2017-05-23,38.8,38.95,37.65,38.1,818128,0
2017-05-24,38.2,39.25,38.05,39.2,660263,0
2017-05-25,39.35,40.65,39.1,39.15,1061365,0
2017-05-26,39.1,39.1,38.4,39.05,573219,0
2017-05-30,38.95,39.2,38.55,38.6,535767,0
2017-05-31,38.7,38.9,37.7,38.15,946608,0
2017-06-01,38.35,39.325,38.05,39.3,907153,0
2017-06-02,39.4,40.15,39.25,39.3,512243,0
2017-06-05,42.55,44.55,42.5,42.85,2214089,0
2017-06-06,42.9,43.45,42.6,43.05,686334,0
2017-06-07,42.9,43.35,41.65,41.85,1253589,0
2017-06-08,41.8,42.45,41.68,42.25,743471,0
2017-06-09,42.5,42.625,39.85,40.5,1158160,0
2017-06-12,39.9,40.5,38.676,40.25,1151754,0
2017-06-13,40.5,40.95,40.1,40.35,703387,0
2017-06-14,40.3,40.55,40,40.5,510409,0
2017-06-15,39.95,40.65,39.4,40.25,604754,0
2017-06-16,40.05,41.2,39.3,39.7,866458,0
2017-06-19,39.9,40,38.5,39.25,973406,0
2017-06-20,39.35,39.65,38.675,38.85,427684,0
2017-06-21,39.1,39.4,38.45,39.1,412809,0
2017-06-22,39.4,40.5,39.2,40.15,482036,0
2017-06-23,40.3,41.25,40.128,40.8,1227689,0
2017-06-26,40.85,41.3,39.95,40,737939,0
2017-06-27,39.85,39.95,38.85,39.5,595622,0
2017-06-28,39.6148,40.1,39.1,40.1,466946,0
2017-06-29,39.85,40.2,38.65,39.3,510810,0
2017-06-30,39.25,39.9,38.75,39.35,955691,0
2017-07-03,39.3,39.895,38.65,39,233746,0
2017-07-05,38.9,39.3,38.5,38.85,562183,0
2017-07-06,38.55,38.85,37.525,37.65,820883,0
2017-07-07,37.25,39.45,37.25,39.05,705195,0
2017-07-10,39.1,39.35,38.45,38.8,672465,0
2017-07-11,38.85,40,38.85,39.55,657552,0
2017-07-12,39.95,40,39,39.35,984378,0
2017-07-13,39.55,39.85,38.15,38.3,789967,0
2017-07-14,38.4,38.7,37.85,38.3,857851,0
2017-07-17,38.4,38.775,37.95,38.4,746678,0
2017-07-18,38.35,38.9,38.05,38.75,614040,0
2017-07-19,38.8,39.5314,38.6,39.1,670648,0
2017-07-20,39,39.25,38.65,38.95,1888046,0
2017-07-21,39.1,39.25,38.8,38.9,442683,0
2017-07-24,39,39.3,38.45,39.25,426707,0
2017-07-25,39.2,39.75,38.75,39.2,634150,0
2017-07-26,39.3,39.65,38.8,39.25,1052609,0
2017-07-27,39.4,39.575,37.4,37.75,1375173,0
2017-07-28,41.7,42.7,39.85,40.4,1606298,0
2017-07-31,41.05,41.1,39.4,39.75,1458435,0
2017-08-01,39.95,41.225,39.55,40.65,532945,0
2017-08-02,40.9,40.9,39.6,40.3,539722,0
2017-08-03,40.3,40.7,39.8,40.25,444546,0
2017-08-04,40.5,40.75,40,40.4,367505,0
2017-08-07,40.3,41.1,39.95,40.75,349564,0
2017-08-08,40.7,41.125,40.15,40.25,428786,0
2017-08-09,40.1,40.6,39.975,40.3,277081,0
2017-08-10,40.1,40.15,38.95,39.1,481066,0
2017-08-11,38.7,39.71,38.5,39.5,387071,0
2017-08-14,39.8,40.15,39.55,40.15,593037,0
2017-08-15,40,40.25,39.4,40,427141,0
2017-08-16,39.75,40.05,39.6,39.95,708106,0
2017-08-17,39.55,39.75,39.1,39.25,441206,0
2017-08-18,39.1,39.7,39,39.5,303556,0
2017-08-21,39.45,39.95,39.1,39.35,344745,0
2017-08-22,39.5,40.075,39.3,39.95,308423,0
2017-08-23,39.65,40.25,39.4,40.2,256681,0
2017-08-24,40.25,40.7,40.2,40.65,259078,0
2017-08-25,40.75,41.4,40.65,40.8,699827,0
2017-08-28,40.95,41.2,40.5,41.1,297860,0
2017-08-29,40.95,42.05,40.85,41.95,561399,0
2017-08-30,42,43,41.75,42.65,1026180,0
2017-08-31,42.7,43.3,42.45,42.95,636555,0
2017-09-01,43.05,43.8,42.9,43.65,500051,0
2017-09-05,43.55,44.025,42.65,42.8,1029904,0
2017-09-06,42.8,43.15,42.55,43,707791,0
2017-09-07,43.25,43.55,42.7,43.4,728020,0
2017-09-08,43.2,43.4,42.2,42.35,516113,0
2017-09-11,42.75,47.55,42.425,43.5,2249149,0
2017-09-12,43.8,45.15,42.75,44.7,1395093,0
2017-09-13,44.7,45,44.15,44.7,648590,0
2017-09-14,44.55,44.6,43.9,44.4,751324,0
2017-09-15,44.1,44.5,42.7,43.75,2442886,0
2017-09-18,43.7,43.7,42.8,43.2,811570,0
2017-09-19,43.25,43.55,42.55,43.5,499261,0
2017-09-20,43.3,43.45,42.718,43.35,552764,0
2017-09-21,43.2,43.45,42.41,43.05,466725,0
2017-09-22,42.7,43.3,42.55,43.1,748263,0
2017-09-25,42.95,43.2003,41.45,41.95,1049863,0
2017-09-26,42.25,42.6,41.1,41.55,824931,0
2017-09-27,41.7,42.9,41.7,42.1,680929,0
2017-09-28,41.95,42.3,41.55,42.05,331247,0
2017-09-29,42,42.925,41.975,42.15,455350,0
2017-10-02,42.25,42.9,42.15,42.9,952204,0
2017-10-03,42.85,43.15,42.45,42.95,775546,0
2017-10-04,42.85,43.45,42.65,43.1,644718,0
2017-10-05,43.25,43.65,43.05,43.55,480277,0
2017-10-06,40.2,42,40.2,40.55,1652428,0
2017-10-09,40.4,41.05,39.7,39.8,812433,0
2017-10-10,40.1,40.1,38.4,38.8,998008,0
2017-10-11,38.8,39.1,37.4,37.8,986322,0
2017-10-12,37.8,37.9,37.1,37.8,810238,0
2017-10-13,37.95,37.95,35.95,36.25,1297999,0
2017-10-16,36.2,36.8,35.25,35.4,1090529,0
2017-10-17,36,37.1,35.35,35.85,856884,0
2017-10-18,35.75,36.5,35.25,36.4,686031,0
2017-10-19,36.1,36.6,35.55,36.55,594997,0
2017-10-20,36.85,37,36.2,36.4,637384,0
2017-10-23,36.5,36.5,36,36.2,443959,0
2017-10-24,36.35,36.6,36.2,36.25,444218,0
2017-10-25,36.25,36.55,35.45,36.25,832579,0
2017-10-26,36.25,36.75,35.45,36.15,1166142,0
2017-10-27,38.2,38.75,38.05,38.7,11860044,0
2017-10-30,38.575,38.65,38.45,38.5,2021110,0
2017-10-31,38.5,38.95,38.45,38.5,1485368,0
2017-11-01,38.55,38.95,38.55,38.95,1323465,0
2017-11-02,38.9,39,38.75,38.95,1427506,0
2017-11-03,38.85,39.55,38.775,39.55,1594321,0
2017-11-06,39.5,39.625,38.875,39.3,1044231,0
2017-11-07,39.15,39.2,38.9,38.95,675670,0
2017-11-08,38.95,39.1,38.825,39,392586,0
2017-11-09,38.85,39,38.55,38.65,482108,0
2017-11-10,38.6,38.8,38.55,38.65,326216,0
