2016-01-04,7.6576,8.194,7.5467,8.1109,1325854,0
2016-01-05,8.1571,8.2681,7.7872,8.074,813892,0
2016-01-06,8.0461,8.0461,7.6761,7.8056,1001280,0
2016-01-07,7.6115,7.6391,7.1952,7.3618,2098540,0
2016-01-08,7.4726,7.4726,6.8807,6.9087,2507969,0
2016-01-11,6.9826,6.9826,6.2612,6.3907,1111578,0
2016-01-12,6.4645,6.5087,5.8357,6.03,1687509,0
2016-01-13,6.298,6.3583,5.7526,5.9283,1296476,0
2016-01-14,5.9467,6.4831,5.7062,6.298,1115274,0
2016-01-15,5.993,6.1225,5.7526,5.8636,830775,0
2016-01-19,5.9376,6.0854,5.4196,5.623,1060180,0
2016-01-20,5.4196,5.438,4.8462,5.3457,1066975,0
2016-01-21,5.3642,5.993,5.3642,5.8636,743480,0
2016-01-22,6.1595,6.733,6.1132,6.548,950007,0
2016-01-25,6.4739,6.9179,6.3814,6.5107,681996,0
2016-01-26,6.5757,6.7051,6.298,6.6865,647516,0
2016-01-27,6.548,6.9087,6.4645,6.6309,773894,0
2016-01-28,7.0196,7.8243,6.7884,7.0842,926134,0
2016-01-29,7.2229,7.371,6.733,6.9087,770281,0
2016-02-01,6.7884,7.3341,6.5203,7.1952,658559,0
2016-02-02,6.9456,7.149,6.3454,6.4276,685681,0
2016-02-03,6.6496,7.0933,6.03,6.8531,510537,0
2016-02-04,6.8899,7.2138,6.7421,6.8716,555922,0
2016-02-05,6.7421,7.1677,6.5757,6.8807,823880,0
2016-02-08,6.7699,6.8067,6.2242,6.5296,604562,0
2016-02-09,6.4739,6.5296,5.5769,5.9467,748065,0
2016-02-10,5.956,6.5387,5.6415,6.3907,548069,0
2016-02-11,6.2612,6.2612,5.6323,5.8727,551495,0
2016-02-12,6.0115,6.5664,6.0115,6.548,527319,0
2016-02-16,6.6309,6.8162,6.4739,6.7237,453529,0
2016-02-17,6.7699,7.4911,6.7699,7.3433,690878,0
2016-02-18,7.4911,7.9538,7.2277,7.8889,1086496,0
2016-02-19,7.8796,8.194,7.5284,7.8703,801438,0
2016-02-22,7.7779,8.1571,7.5375,8.1017,726064,0
2016-02-23,8.0184,8.0925,7.8427,7.9075,483845,0
2016-02-24,7.6761,7.8981,7.3895,7.7779,570126,0
2016-02-25,7.9538,8.7554,7.7687,8.4993,1173743,0
2016-02-26,8.4993,8.7859,8.1479,8.7213,1309794,0
2016-02-29,8.6658,8.846,8.4437,8.7859,1257971,0
2016-03-01,8.5548,8.8969,8.1873,8.8507,963165,0
2016-03-02,8.7491,9.3307,8.527,9.2026,1129302,0
2016-03-03,9.1277,9.812,9.0896,9.689,643261,0
2016-03-04,9.842,10.73,9.699,10.29,890782,0
2016-03-07,10.272,11.021,10.252,10.984,1067644,0
2016-03-08,10.722,10.722,9.868,10.3,851910,0
2016-03-09,10.394,10.881,10.148,10.525,895255,0
2016-03-10,10.479,10.516,9.944,10.449,909489,0
2016-03-11,10.591,10.714,10.385,10.609,475031,0
2016-03-14,10.552,11.349,10.459,11.218,969240,0
2016-03-15,10.947,11.021,10.479,10.581,390626,0
2016-03-16,10.252,10.422,9.689,10.29,1291429,0
2016-03-17,10.479,10.525,10.234,10.385,748874,0
2016-03-18,10.543,10.665,10,10.225,760065,0
2016-03-21,10.148,10.346,9.953,10.055,557146,0
2016-03-22,9.944,10.281,9.832,10.187,513089,0
2016-03-23,10.018,10.079,9.0612,9.0989,849336,0
2016-03-24,8.902,9.2586,8.6956,8.7895,1115542,0
2016-03-28,8.7802,8.9958,8.4893,8.8176,390666,0
2016-03-29,8.6581,8.9395,8.4706,8.8645,356720,0
2016-03-30,8.9958,9.249,8.8176,8.9208,625511,0
2016-03-31,8.9208,9.2114,8.9208,9.1372,895043,0
2016-04-01,8.8832,8.8925,8.5832,8.705,438706,0
2016-04-04,8.6956,8.9301,8.5737,8.6018,369117,0
2016-04-05,8.5362,8.8011,8.4517,8.6956,505585,0
2016-04-06,8.8176,9.1786,8.5832,9.1277,1546984,0
2016-04-07,9.0431,9.4272,9.0146,9.2586,390570,0
2016-04-08,9.38,9.709,9.3512,9.502,435177,0
2016-04-11,9.653,9.953,9.4834,9.851,858264,0
2016-04-12,9.915,10.403,9.877,10.385,571123,0
2016-04-13,10.413,10.872,10.356,10.684,733315,0
2016-04-14,10.778,10.816,10.543,10.722,440470,0
2016-04-15,10.665,11.07,10.665,10.788,735522,0
2016-04-18,10.459,11.115,10.327,10.852,386019,0
2016-04-19,10.937,11.209,10.808,11.088,541290,0
2016-04-20,11.021,11.397,10.862,11.304,505613,0
2016-04-21,11.388,11.463,11.088,11.341,374085,0
2016-04-22,11.773,12.618,11.716,12.175,1730383,0
2016-04-25,12.194,12.301,11.799,11.848,588180,0
2016-04-26,11.997,11.997,11.144,11.848,716881,0
2016-04-27,11.997,12.457,11.585,12.252,1482602,0
2016-04-28,12.252,12.852,12.11,12.429,1288564,0
2016-04-29,12.56,12.645,11.921,12.016,642744,0
2016-05-02,11.921,12.119,11.763,12.007,563816,0
2016-05-03,11.858,11.956,11.193,11.463,903744,0
2016-05-04,11.463,11.755,11.134,11.463,644957,0
2016-05-05,11.745,11.858,11.153,11.351,655697,0
2016-05-06,11.079,12.297,10.947,11.472,997088,0
2016-05-09,11.416,11.49,10.571,11.004,746582,0
2016-05-10,11.105,11.632,10.852,11.604,1011968,0
2016-05-11,11.538,12.663,11.538,12.485,1288725,0
2016-05-12,12.609,12.855,11.499,11.642,602638,0
2016-05-13,11.566,12.034,11.168,11.197,706625,0
2016-05-16,11.49,11.861,11.414,11.499,398917,0
2016-05-17,11.528,11.955,11.471,11.499,354565,0
2016-05-18,11.471,11.556,10.835,10.94,462341,0
2016-05-19,10.76,11.006,10.5,10.968,387537,0
2016-05-20,11.035,11.188,10.864,10.959,305738,0
2016-05-23,10.809,10.992,10.618,10.789,322382,0
2016-05-24,10.844,11.243,10.609,11.064,487078,0
2016-05-25,11.148,11.784,11.148,11.604,463966,0
2016-05-26,11.775,11.792,11.223,11.282,331490,0
2016-05-27,11.206,11.518,11.064,11.49,289074,0
2016-05-31,11.471,12.088,11.414,11.801,501064,0
2016-06-01,11.613,11.925,11.395,11.851,438279,0
2016-06-02,11.632,12.049,11.585,11.983,358496,0
2016-06-03,12.088,12.324,11.861,12.172,642706,0
2016-06-06,12.324,12.599,12.2,12.514,570783,0
2016-06-07,12.552,13.006,12.501,12.882,676557,0
2016-06-08,13.12,13.32,12.994,13.13,504710,0
2016-06-09,12.902,13.292,12.694,13.272,549968,0
2016-06-10,13.045,13.348,12.438,12.466,683289,0
2016-06-13,12.324,12.655,11.87,12.2,712837,0
2016-06-14,12.106,12.41,11.656,12.011,813857,0
2016-06-15,11.906,12.229,11.632,11.88,537633,0
2016-06-16,11.756,11.756,11.323,11.67,479885,0
2016-06-17,11.811,12.263,11.67,11.801,777806,0
2016-06-20,11.955,12.144,11.594,11.831,763638,0
2016-06-21,11.737,11.747,11.376,11.622,681334,0
2016-06-22,11.688,11.87,11.395,11.632,537232,0
2016-06-23,11.87,12.381,11.775,12.372,507413,0
2016-06-24,11.528,11.841,11.311,11.698,1126483,0
2016-06-27,11.433,11.965,10.978,11.101,1042210,0
2016-06-28,11.395,11.975,11.272,11.935,725376,0
2016-06-29,12.125,12.4,11.945,12.4,599235,0
2016-06-30,12.324,12.457,12.011,12.305,370733,0
2016-07-01,12.295,12.855,12.295,12.828,459984,0
2016-07-05,12.533,12.684,11.518,11.897,800678,0
2016-07-06,11.831,12.438,11.698,12.333,470246,0
2016-07-07,12.466,12.751,11.955,12.324,729564,0
2016-07-08,12.495,12.769,12.41,12.447,398536,0
2016-07-11,12.674,12.882,12.49,12.579,605739,0
2016-07-12,12.872,13.341,12.872,13.11,652574,0
2016-07-13,13.11,13.406,12.778,12.882,582862,0
2016-07-14,13.045,13.196,12.818,12.902,259841,0
2016-07-15,13.045,13.045,12.742,12.769,569533,0
2016-07-18,12.628,12.965,12.543,12.872,615508,0
2016-07-19,12.864,12.973,12.385,12.41,742633,0
2016-07-20,12.154,12.723,11.872,12.674,603931,0
2016-07-21,12.647,13.253,12.57,12.647,468213,0
2016-07-22,12.609,12.733,12.428,12.618,338473,0
2016-07-25,12.457,12.647,12.41,12.524,610541,0
2016-07-26,12.57,13.105,12.57,12.996,599769,0
2016-07-27,13.064,13.262,12.618,12.742,378706,0
2016-07-28,12.703,12.842,12.324,12.438,389047,0
2016-07-29,12.363,12.713,12.22,12.674,425122,0
2016-08-01,12.533,12.533,12.144,12.286,546123,0
2016-08-02,12.476,12.579,11.68,11.821,642050,0
2016-08-03,11.831,12.4,11.756,12.39,458849,0
2016-08-04,13.036,13.154,12.574,12.742,705135,0
2016-08-05,12.864,13.433,12.733,13.302,940252,0
2016-08-08,13.519,13.983,13.367,13.774,799616,0
2016-08-09,13.908,13.954,13.728,13.84,651425,0
2016-08-10,13.945,13.964,13.456,13.575,467037,0
2016-08-11,13.786,13.862,13.575,13.661,857770,0
2016-08-12,13.642,13.786,13.404,13.575,538406,0
2016-08-15,13.825,13.967,13.7,13.805,620428,0
2016-08-16,13.815,14.246,13.72,14.063,926881,0
2016-08-17,14.036,14.207,13.805,14.082,605024,0
2016-08-18,14.236,14.413,14.044,14.207,1026172,0
2016-08-19,14.131,14.131,13.747,13.843,582251,0
2016-08-22,13.651,13.651,13.336,13.422,502380,0
2016-08-23,13.442,13.681,13.422,13.605,491651,0
2016-08-24,13.509,13.69,13.259,13.336,530712,0
2016-08-25,13.289,13.355,13.03,13.145,323491,0
2016-08-26,13.231,13.394,12.805,12.945,381729,0
2016-08-29,12.905,13.079,12.858,13.02,341001,0
2016-08-30,13.06,13.25,12.854,12.955,326818,0
2016-08-31,12.503,13.06,12.503,13.02,541662,0
2016-09-01,12.905,13.169,12.724,13.087,497421,0
2016-09-02,13.327,13.47,13.135,13.404,657665,0
2016-09-06,13.442,13.575,12.955,12.972,1164925,0
2016-09-07,12.964,13.509,12.753,13.384,821188,0
2016-09-08,13.518,13.625,13.269,13.442,1059229,0
2016-09-09,13.202,13.221,12.82,12.875,701349,0
2016-09-12,12.647,12.849,12.615,12.724,448227,0
2016-09-13,12.475,12.561,12.058,12.178,748736,0
2016-09-14,12.083,12.245,11.863,12.13,644199,0
2016-09-15,12.235,12.48,12.168,12.388,316343,0
2016-09-16,12.225,12.503,12.216,12.37,391111,0
2016-09-19,12.532,12.858,12.321,12.36,374856,0
2016-09-20,12.38,12.542,12.159,12.398,288498,0
2016-09-21,12.599,12.858,12.503,12.78,500697,0
2016-09-22,13.069,13.096,12.762,12.925,310721,0
2016-09-23,12.858,13.069,12.475,12.513,362979,0
2016-09-26,12.579,12.895,12.503,12.77,438125,0
2016-09-27,12.542,12.77,12.44,12.685,328787,0
2016-09-28,12.839,13.585,12.724,13.575,587861,0
2016-09-29,13.595,13.805,13.289,13.374,541300,0
2016-09-30,13.518,14.017,13.365,13.93,597299,0
2016-10-03,13.872,13.872,13.46,13.747,450862,0
2016-10-04,13.835,14.022,13.595,13.739,425231,0
2016-10-05,14.017,14.341,13.892,14.246,481123,0
2016-10-06,14.322,14.697,14.236,14.486,692564,0
2016-10-07,14.581,14.81,14.418,14.637,638401,0
2016-10-10,14.858,15.241,14.782,15.223,435780,0
2016-10-11,15.135,15.72,15.121,15.615,1074553,0
2016-10-12,15.51,15.959,15.293,15.95,680054,0
2016-10-13,15.816,15.931,15.453,15.779,713066,0
2016-10-14,15.95,16.083,15.585,15.672,699411,0
2016-10-17,15.653,15.844,15.27,15.413,485728,0
2016-10-18,15.558,15.988,15.558,15.844,435491,0
2016-10-19,15.988,16.466,15.844,16.037,509593,0
2016-10-20,16.037,16.443,15.892,16.323,518352,0
2016-10-21,16.083,16.323,15.94,16.132,381154,0
2016-10-24,16.323,16.466,15.917,16.132,475939,0
2016-10-25,16.037,16.083,15.413,15.749,498713,0
2016-10-26,15.653,15.892,15.318,15.413,563602,0
2016-10-27,15.558,15.988,15.27,15.605,361012,0
2016-10-28,15.605,15.725,14.84,14.935,489066,0
2016-10-31,14.887,15.126,14.456,14.697,505345,0
2016-11-01,14.792,15.079,14.266,14.647,574059,0
2016-11-02,14.408,14.505,13.952,14.361,827517,0
2016-11-03,14.505,15.089,14.456,14.743,715910,0
2016-11-04,14.6,14.84,14.217,14.505,519149,0
2016-11-07,14.792,15.198,14.743,15.03,352837,0
2016-11-08,14.887,15.461,14.84,15.079,361904,0
2016-11-09,15.02,15.697,15.02,15.359,733384,0
2016-11-10,15.406,15.745,15.07,15.31,576331,0
2016-11-11,15.116,15.504,14.924,15.359,377510,0
2016-11-14,15.406,15.793,15.406,15.649,333399,0
2016-11-15,15.89,16.036,15.649,15.986,447089,0
2016-11-16,15.938,16.082,15.6,15.745,373898,0
2016-11-17,15.938,16.228,15.31,15.359,421301,0
2016-11-18,15.359,15.697,14.973,15.456,317640,0
2016-11-21,15.793,15.842,15.504,15.793,234014,0
2016-11-22,15.89,15.89,15.504,15.842,274051,0
2016-11-23,15.552,15.89,15.406,15.842,382861,0
2016-11-25,15.745,15.793,15.214,15.406,206847,0
2016-11-28,15.456,15.552,14.804,14.828,342174,0
2016-11-29,14.633,14.875,14.248,14.394,587777,0
2016-11-30,15.166,15.6,14.973,15.166,430085,0
2016-12-01,15.456,15.504,14.731,14.973,764658,0
2016-12-02,14.779,15.6,14.779,15.406,359597,0
2016-12-05,15.504,15.89,15.503,15.6,465842,0
2016-12-06,15.552,15.6,15.406,15.406,314404,0
2016-12-07,15.456,15.527,15.02,15.166,300585,0
2016-12-08,15.166,15.504,14.828,15.214,722666,0
2016-12-09,15.214,15.745,15.214,15.504,294658,0
2016-12-12,15.697,15.842,15.116,15.456,324840,0
2016-12-13,15.504,15.842,15.214,15.406,299032,0
2016-12-14,15.214,15.406,14.495,14.586,317671,0
2016-12-15,14.537,14.973,14.394,14.924,560780,0
2016-12-16,15.02,15.456,15.02,15.359,452260,0
2016-12-19,15.504,15.504,14.875,14.924,316376,0
2016-12-20,15.07,15.31,14.9,15.166,179487,0
2016-12-21,15.07,15.649,14.924,15.406,244171,0
2016-12-22,15.456,16.082,15.456,15.842,558964,0
2016-12-23,15.89,16.081,15.745,15.986,339701,0
2016-12-27,16.082,16.179,15.649,15.649,333924,0
2016-12-28,16.036,16.179,15.552,15.6,387197,0
2016-12-29,15.697,15.793,15.456,15.745,197733,0
2016-12-30,15.697,15.793,15.456,15.552,203991,0
2017-01-03,15.842,16.518,15.745,16.324,388317,0
2017-01-04,16.324,16.615,16.132,16.421,335080,0
2017-01-05,16.518,16.952,16.421,16.469,277221,0
2017-01-06,16.566,16.566,16.324,16.421,168244,0
2017-01-09,16.277,16.518,16.082,16.179,149287,0
2017-01-10,16.228,16.662,16.179,16.324,162746,0
2017-01-11,16.421,16.615,16.277,16.518,279963,0
2017-01-12,16.662,16.759,16.228,16.615,366030,0
2017-01-13,16.615,17.001,16.615,16.712,231348,0
2017-01-17,17.001,17.049,16.179,16.324,605211,0
2017-01-18,16.179,16.277,15.793,16.132,448006,0
2017-01-19,16.132,16.277,15.793,15.89,353346,0
2017-01-20,15.986,16.759,15.986,16.421,387395,0
2017-01-23,16.228,16.566,16.179,16.324,212436,0
2017-01-24,16.277,16.421,15.842,16.277,275456,0
2017-01-25,16.615,16.808,16.277,16.712,571089,0
2017-01-26,16.856,17.242,16.712,16.904,395253,0
2017-01-27,16.952,16.952,16.662,16.808,259471,0
2017-01-30,16.615,16.856,15.962,16.036,225920,0
2017-01-31,15.986,16.324,15.938,16.132,342936,0
2017-02-01,16.324,16.566,15.745,16.228,319140,0
2017-02-02,16.228,16.277,15.89,15.938,204591,0
2017-02-03,15.986,16.421,15.986,16.421,163003,0
2017-02-06,16.421,16.421,15.842,15.938,213666,0
2017-02-07,15.89,15.986,15.214,15.552,413288,0
2017-02-08,15.504,15.697,15.262,15.456,343386,0
2017-02-09,15.552,15.938,15.504,15.504,254089,0
2017-02-10,15.697,15.842,15.504,15.745,181606,0
2017-02-13,15.745,15.938,15.504,15.745,354104,0
2017-02-14,15.745,15.793,15.456,15.649,380690,0
2017-02-15,15.793,15.842,15.504,15.649,439113,0
2017-02-16,15.697,15.793,15.31,15.359,451324,0
2017-02-17,14.633,15.6,13.813,15.406,1085861,0
2017-02-21,15.745,15.938,15.262,15.89,618644,0
2017-02-22,15.649,15.745,15.406,15.456,394247,0
2017-02-23,15.697,15.745,15.214,15.456,576169,0
2017-02-24,15.262,15.456,15.166,15.166,440880,0
2017-02-27,15.116,15.31,14.683,14.731,342893,0
2017-02-28,14.633,15.214,14.537,14.924,386316,0
2017-03-01,15.02,15.552,14.973,15.456,438090,0
2017-03-02,15.299,15.376,14.763,14.861,528557,0
2017-03-03,14.714,15.006,14.519,14.812,1207114,0
2017-03-06,14.617,15.056,14.227,14.812,326677,0
2017-03-07,14.861,15.105,14.714,14.909,339214,0
2017-03-08,14.909,15.299,14.666,14.714,465431,0
2017-03-09,14.519,14.763,14.422,14.617,520625,0
2017-03-10,14.714,14.812,14.52,14.569,287023,0
2017-03-13,14.569,14.861,14.422,14.519,346556,0
2017-03-14,14.374,14.374,13.974,14.227,332245,0
2017-03-15,14.324,14.666,14.13,14.569,513346,0
2017-03-16,14.666,14.861,14.374,14.714,297820,0
2017-03-17,14.812,15.081,14.763,14.959,549776,0
2017-03-20,14.959,15.178,14.812,15.006,331349,0
2017-03-21,15.006,15.202,14.398,14.422,346478,0
2017-03-22,14.374,14.593,13.74,13.934,589318,0
2017-03-23,13.934,14.617,13.837,14.324,367014,0
2017-03-24,14.471,14.617,14.277,14.422,313738,0
2017-03-27,14.13,14.422,13.837,14.374,348306,0
2017-03-28,14.422,14.714,14.277,14.471,302230,0
2017-03-29,14.471,14.909,14.374,14.666,491759,0
2017-03-30,14.714,14.909,14.519,14.861,271986,0
2017-03-31,14.812,15.105,14.666,14.959,322474,0
2017-04-03,14.959,15.299,14.812,15.153,521209,0
2017-04-04,15.202,15.396,15.056,15.153,385378,0
2017-04-05,15.25,15.396,14.519,14.519,354364,0
2017-04-06,14.666,14.714,14.422,14.569,235036,0
2017-04-07,14.569,14.617,14.179,14.277,337046,0
2017-04-10,14.374,14.763,14.277,14.714,332624,0
2017-04-11,14.714,14.959,14.569,14.763,205598,0
2017-04-12,14.714,14.812,14.081,14.227,467931,0
2017-04-13,14.081,14.324,13.691,13.74,359874,0
2017-04-17,13.789,13.934,13.351,13.497,484281,0
2017-04-18,13.448,13.619,13.302,13.594,354786,0
2017-04-19,13.594,13.74,13.302,13.351,654194,0
2017-04-20,13.497,13.497,13.009,13.156,429870,0
2017-04-21,13.106,13.253,13.034,13.156,460807,0
2017-04-24,13.399,13.862,13.302,13.642,443094,0
2017-04-25,13.642,14.13,13.546,14.081,850773,0
2017-04-26,13.984,14.324,13.899,14.277,713382,0
2017-04-27,14.13,14.178,13.642,13.642,477688,0
2017-04-28,13.691,13.789,13.424,13.642,716693,0
2017-05-01,13.546,13.74,13.497,13.594,461877,0
2017-05-02,13.594,13.685,13.205,13.253,571169,0
2017-05-03,13.059,13.302,12.912,12.962,542386,0
2017-05-04,12.863,12.962,12.474,12.717,683295,0
2017-05-05,13.205,13.497,12.571,13.399,1030284,0
2017-05-08,13.351,13.497,12.912,13.156,536753,0
2017-05-09,13.106,13.253,12.912,13.106,679000,0
2017-05-10,13.156,13.837,13.156,13.594,596566,0
2017-05-11,13.141,13.584,13.141,13.387,434060,0
2017-05-12,13.437,13.7,13.437,13.634,322013,0
2017-05-15,13.88,14.076,13.56,13.634,365801,0
2017-05-16,13.683,13.805,13.289,13.289,564896,0
2017-05-17,13.191,13.437,12.993,12.993,559943,0
2017-05-18,12.846,13.437,12.846,13.387,524003,0
2017-05-19,13.387,13.83,13.387,13.683,497995,0
2017-05-22,13.781,13.83,13.584,13.683,331176,0
2017-05-23,13.683,13.978,13.655,13.928,358743,0
2017-05-24,13.928,14.076,13.584,13.634,618605,0
2017-05-25,13.584,13.928,13.387,13.535,361697,0
2017-05-26,13.486,13.634,13.191,13.584,383915,0
2017-05-30,13.338,13.486,12.993,13.092,433153,0
2017-05-31,13.043,13.092,12.551,12.747,524109,0
2017-06-01,12.747,13.437,12.698,13.387,423197,0
2017-06-02,13.141,13.387,12.993,13.043,385079,0
2017-06-05,12.993,13.264,12.945,13.141,180825,0
2017-06-06,12.993,13.338,12.747,13.239,564147,0
2017-06-07,13.191,13.584,13.191,13.338,609263,0
2017-06-08,13.338,13.683,13.289,13.387,350546,0
2017-06-09,13.338,13.683,13.338,13.486,537800,0
2017-06-12,13.634,14.372,13.535,14.372,641892,0
2017-06-13,14.765,14.963,14.445,14.667,530882,0
2017-06-14,14.618,14.618,13.781,13.781,496731,0
2017-06-15,13.732,13.83,13.338,13.387,515763,0
2017-06-16,13.338,13.88,13.338,13.88,421187,0
2017-06-19,13.88,14.028,13.732,13.83,208345,0
2017-06-20,13.634,13.88,13.437,13.88,366612,0
2017-06-21,13.88,13.978,13.56,13.88,644579,0
2017-06-22,13.978,14.274,13.88,14.028,288281,0
2017-06-23,14.126,14.519,13.978,14.47,445525,0
2017-06-26,14.569,14.815,14.372,14.765,346084,0
2017-06-27,14.765,15.159,14.765,14.913,423263,0
2017-06-28,14.963,15.257,14.864,15.061,295484,0
2017-06-29,15.11,15.159,14.958,15.011,452302,0
2017-06-30,15.209,15.209,14.913,15.011,307827,0
2017-07-03,15.159,15.75,15.036,15.7,286979,0
2017-07-05,15.652,15.7,15.307,15.455,468380,0
2017-07-06,15.553,15.7,15.184,15.307,383487,0
2017-07-07,15.307,15.504,15.159,15.405,307714,0
2017-07-10,15.307,15.946,15.307,15.898,413699,0
2017-07-11,15.898,16.094,15.652,16.046,328820,0
2017-07-12,16.094,16.636,16.046,16.291,581121,0
2017-07-13,16.242,16.537,16.217,16.439,497159,0
2017-07-14,16.488,16.734,16.365,16.537,490582,0
2017-07-17,16.537,17.227,16.488,17.079,566685,0
2017-07-18,17.128,17.473,16.833,16.882,680325,0
2017-07-19,16.833,17.423,16.783,17.275,953345,0
2017-07-20,17.275,17.522,17.079,17.128,1059213,0
2017-07-21,17.128,17.227,16.783,16.833,616947,0
2017-07-24,16.882,17.546,16.734,17.473,577859,0
2017-07-25,17.62,17.817,17.374,17.669,533424,0
2017-07-26,17.62,17.817,17.522,17.571,557209,0
2017-07-27,17.522,17.916,17.374,17.62,706090,0
2017-07-28,17.571,17.866,17.522,17.817,435198,0
2017-07-31,17.817,18.064,17.571,17.964,357212,0
2017-08-01,17.916,18.064,17.571,17.62,534837,0
2017-08-02,17.571,17.718,17.227,17.473,794296,0
2017-08-03,16.833,17.768,15.898,16.144,1726406,0
2017-08-04,16.144,16.685,16.094,16.587,835964,0
2017-08-07,16.587,16.734,16.39,16.636,428049,0
2017-08-08,16.488,17.325,16.488,16.636,623343,0
2017-08-09,16.587,16.685,16.144,16.587,520349,0
2017-08-10,16.577,16.676,16.08,16.13,679197,0
2017-08-11,15.733,16.18,15.584,16.031,556992,0
2017-08-14,16.18,16.254,15.981,16.18,338162,0
2017-08-15,16.08,16.229,15.783,16.13,400709,0
2017-08-16,16.18,16.328,15.807,15.981,612113,0
2017-08-17,15.981,16.13,15.733,15.783,319437,0
2017-08-18,15.683,16.105,15.683,15.981,249734,0
2017-08-21,15.981,16.279,15.931,16.08,329103,0
2017-08-22,16.13,16.626,16.031,16.477,393468,0
2017-08-23,16.378,17.222,16.378,16.577,681526,0
2017-08-24,16.577,16.825,16.477,16.726,211375,0
2017-08-25,16.825,17.048,16.726,16.874,236164,0
2017-08-28,16.874,17.023,16.626,16.924,316403,0
2017-08-29,16.676,16.825,16.429,16.676,449473,0
2017-08-30,16.626,16.726,16.378,16.378,175694,0
2017-08-31,16.13,16.775,16.08,16.676,414635,0
2017-09-01,16.775,16.775,16.403,16.626,226158,0
2017-09-05,16.726,16.775,16.279,16.378,330948,0
2017-09-06,16.477,16.701,16.378,16.676,208316,0
2017-09-07,16.676,16.676,16.18,16.527,279733,0
2017-09-08,16.527,16.577,16.229,16.378,207766,0
2017-09-11,16.428,16.676,16.229,16.279,280067,0
2017-09-12,16.328,16.428,16.105,16.13,320863,0
2017-09-13,15.534,16.998,15.485,16.825,654884,0
2017-09-14,16.775,16.974,16.527,16.726,248170,0
2017-09-15,16.874,17.073,16.676,16.726,342813,0
2017-09-18,16.676,16.924,16.527,16.775,197337,0
2017-09-19,16.775,16.775,16.577,16.775,166385,0
2017-09-20,16.676,17.123,16.676,16.874,242604,0
2017-09-21,16.874,16.874,16.13,16.18,488747,0
2017-09-22,16.229,16.676,16.18,16.577,340432,0
2017-09-25,16.676,16.919,16.477,16.527,331176,0
2017-09-26,16.279,16.825,16.279,16.726,368820,0
2017-09-27,16.726,16.974,16.676,16.726,560109,0
2017-09-28,16.775,16.974,16.577,16.924,224462,0
2017-09-29,16.874,17.47,16.874,17.321,526216,0
2017-10-02,17.172,17.371,17.023,17.371,297835,0
2017-10-03,17.371,17.668,17.321,17.619,465708,0
2017-10-04,17.668,17.693,17.271,17.321,447674,0
2017-10-05,17.371,17.47,17.123,17.222,503231,0
2017-10-06,17.123,17.321,16.974,17.073,317564,0
2017-10-09,17.123,17.321,16.924,17.023,354455,0
2017-10-10,17.222,17.371,16.825,16.874,294134,0
2017-10-11,16.924,17.123,16.85,17.123,316602,0
2017-10-12,16.974,17.47,16.974,17.371,375394,0
2017-10-13,17.619,17.718,17.371,17.47,329078,0
2017-10-16,17.668,17.842,17.569,17.668,289134,0
2017-10-17,17.718,17.941,17.569,17.619,316762,0
2017-10-18,17.668,18.066,17.47,17.619,471353,0
2017-10-19,17.42,17.817,17.073,17.222,405121,0
2017-10-20,17.47,17.668,17.321,17.371,224158,0
2017-10-23,17.321,17.42,16.825,16.825,403814,0
2017-10-24,16.874,17.123,16.676,16.676,235804,0
2017-10-25,16.626,16.676,16.031,16.279,356208,0
2017-10-26,16.378,16.527,16.08,16.428,552462,0
2017-10-27,16.328,17.396,16.328,17.023,978137,0
2017-10-30,17.172,17.768,17.023,17.172,531839,0
2017-10-31,17.271,17.271,16.676,17.123,389543,0
2017-11-01,17.371,17.371,16.825,17.123,437356,0
2017-11-02,17.321,17.47,16.726,16.974,360864,0
2017-11-03,16.974,18.165,16.974,18.115,630500,0
2017-11-06,18.214,18.611,18.115,18.512,763828,0
2017-11-07,18.76,19.058,18.413,18.76,571213,0
2017-11-08,18.562,18.86,18.264,18.314,681846,0
2017-11-09,18.264,19.033,18.264,18.81,590878,0
2017-11-10,18.8,19.2,18.6,18.8,297703,0
