2016-01-04,80.695,80.695,78.743,79.952,1230476,0
2016-01-05,80.428,80.464,79.037,80.237,1134168,0
2016-01-06,79.094,79.342,78.039,78.648,908814,0
2016-01-07,77.194,78.305,76.727,76.954,843327,0
2016-01-08,77.21,77.639,74.644,74.747,1279912,0
2016-01-11,75.898,75.975,74.339,75.232,1277254,0
2016-01-12,75.689,76.117,74.832,75.775,919874,0
2016-01-13,76.041,76.175,73.577,73.643,1070596,0
2016-01-14,73.852,75.259,73.252,74.689,1071995,0
2016-01-15,73.159,74.822,72.786,74.659,1427168,0
2016-01-19,75.299,75.48,73.633,74.511,1029890,0
2016-01-20,73.577,76.079,72.92,75.204,1339007,0
2016-01-21,75.309,76.773,74.679,75.375,839105,0
2016-01-22,76.364,76.549,75.023,75.859,655275,0
2016-01-25,75.585,76.098,75.186,75.452,925957,0
2016-01-26,75.699,78.295,75.699,78.068,908958,0
2016-01-27,78.029,79.475,77.475,78.039,790029,0
2016-01-28,78.762,79.37,77.648,79.305,761906,0
2016-01-29,79.608,82.073,79.255,81.988,1351401,0
2016-02-01,79.342,80.261,78.048,79.838,1345952,0
2016-02-02,78.971,79.142,78.295,78.658,547937,0
2016-02-03,79.313,80.018,78.324,79.769,860497,0
2016-02-04,79.4,81.92,79.4,81.854,1091528,0
2016-02-05,81.845,81.845,80.274,80.695,1039608,0
2016-02-08,79.912,81.37,79.152,81.131,1175874,0
2016-02-09,80.428,82.757,80.428,82.196,1093521,0
2016-02-10,82.531,83.348,81.54,82.035,1010742,0
2016-02-11,81.169,82.757,80.665,82.245,1481268,0
2016-02-12,82.711,84.014,82.301,83.595,1725569,0
2016-02-16,84.079,87.458,81.121,85.261,2401549,0
2016-02-17,84.842,85.679,84.204,85.652,1295321,0
2016-02-18,85.765,86.85,85.563,86.382,1153497,0
2016-02-19,85.805,87.962,85.469,87.601,1388576,0
2016-02-22,88.276,88.621,87.505,87.906,853489,0
2016-02-23,87.829,88.276,87.096,87.298,561784,0
2016-02-24,86.116,86.668,85.688,86.621,863509,0
2016-02-25,87.155,87.648,86.326,87.412,710068,0
2016-02-26,87.724,87.952,86.326,86.83,695582,0
2016-02-29,86.792,87.2,85.775,85.775,1058554,0
2016-03-01,86.555,88.561,86.373,88.514,906897,0
2016-03-02,88.158,89.795,87.64,89.632,1121850,0
2016-03-03,89.72,90.132,89.126,90.008,590466,0
2016-03-04,89.882,90.063,89.23,89.738,725748,0
2016-03-07,89.488,90.77,89.344,90.552,786370,0
2016-03-08,90.093,90.677,89.758,89.949,718990,0
2016-03-09,90.054,90.361,88.942,90.017,518137,0
2016-03-10,90.237,90.351,89.049,89.998,567789,0
2016-03-11,90.765,91.53,90.562,91.386,692684,0
2016-03-14,91.214,91.463,90.765,91.034,417638,0
2016-03-15,90.458,91.079,90.227,90.917,489512,0
2016-03-16,90.811,91.742,90.425,91.579,587869,0
2016-03-17,91.847,94.424,91.501,94.299,1390479,0
2016-03-18,94.692,94.692,93.188,93.954,1421500,0
2016-03-21,93.716,93.878,92.546,93.447,804349,0
2016-03-22,93.552,93.609,92.824,92.901,743084,0
2016-03-23,93.158,94.019,92.509,93.542,673862,0
2016-03-24,93.073,93.716,92.881,93.639,631805,0
2016-03-28,93.954,94.252,93.581,93.754,370662,0
2016-03-29,93.773,94.654,93.466,94.492,707385,0
2016-03-30,94.943,95.248,94.424,94.98,416297,0
2016-03-31,94.98,95.429,94.396,95.211,710725,0
2016-04-01,94.511,95.622,94.319,95.555,683092,0
2016-04-04,94.798,94.903,93.688,94.204,892497,0
2016-04-05,94.414,94.75,93.275,93.639,1231858,0
2016-04-06,93.754,94.012,92.499,93.945,971621,0
2016-04-07,93.744,94.003,92.36,92.862,541965,0
2016-04-08,93.562,93.686,92.804,93.131,552681,0
2016-04-11,93.466,93.936,92.747,92.747,576342,0
2016-04-12,92.948,93.716,91.962,93.515,954729,0
2016-04-13,94.012,95.286,93.916,95.181,658314,0
2016-04-14,95.143,95.345,94.003,94.309,846708,0
2016-04-15,94.673,95.632,94.473,95.248,794023,0
2016-04-18,94.816,95.661,94.607,95.661,1055324,0
2016-04-19,95.824,95.824,92.509,92.834,1742984,0
2016-04-20,92.767,93.151,91.589,92.459,1046536,0
2016-04-21,92.69,92.968,91.78,92.172,759701,0
2016-04-22,92.191,93.341,92.181,92.737,767549,0
2016-04-25,92.709,92.997,92.201,92.853,404931,0
2016-04-26,92.881,94.262,92.881,94.118,524273,0
2016-04-27,93.954,94.348,93.399,94.128,615890,0
2016-04-28,93.524,94.108,93.054,93.275,504307,0
2016-04-29,92.862,92.862,91.589,91.962,989493,0
2016-05-02,92.144,92.834,92.02,92.718,500007,0
2016-05-03,91.932,92.546,91.703,92.365,793763,0
2016-05-04,92.047,92.278,91.415,92.057,666831,0
2016-05-05,92.335,93.207,91.847,91.952,658761,0
2016-05-06,91.904,92.978,91.435,92.948,395208,0
2016-05-09,92.565,93.332,92.479,92.958,564873,0
2016-05-10,93.188,93.974,93.188,93.86,441023,0
2016-05-11,93.447,93.974,92.01,92.106,619474,0
2016-05-12,92.297,93.198,92.287,93.054,591619,0
2016-05-13,92.891,93.475,91.857,92.057,473658,0
2016-05-16,92.287,93.284,92.057,92.891,754202,0
2016-05-17,92.593,93.007,90.054,90.39,1163360,0
2016-05-18,90.083,90.791,89.031,90.246,854917,0
2016-05-19,89.049,90.045,88.396,89.576,731235,0
2016-05-20,90.063,90.974,89.998,90.207,727258,0
2016-05-23,90.063,90.112,89.307,89.805,559103,0
2016-05-24,90.151,91.559,90.054,91.329,579357,0
2016-05-25,91.376,92.613,91.205,92.268,571255,0
2016-05-26,92.191,92.881,91.876,92.297,471954,0
2016-05-27,92.556,93.007,92.536,93.007,418527,0
2016-05-31,93.39,93.39,92.154,92.871,775958,0
2016-06-01,92.676,93.063,92.378,92.918,587122,0
2016-06-02,92.445,93.594,92.088,93.517,702078,0
2016-06-03,93.063,93.101,92.262,92.774,604052,0
2016-06-06,92.686,93.854,92.29,93.554,638467,0
2016-06-07,93.864,94.337,93.679,94.037,362479,0
2016-06-08,94.066,94.462,93.969,94.249,433333,0
2016-06-09,93.699,94.172,93.121,93.804,519788,0
2016-06-10,93.333,93.507,92.629,93.101,343443,0
2016-06-13,92.619,93,91.672,91.77,509679,0
2016-06-14,91.393,92.329,91.393,92.214,546884,0
2016-06-15,92.329,93.381,92.271,92.58,453800,0
2016-06-16,92.214,93.439,91.914,93.188,454691,0
2016-06-17,93.236,93.824,92.918,93.497,752090,0
2016-06-20,94.452,94.886,94.094,94.172,413844,0
2016-06-21,94.375,94.384,93.834,94.114,398826,0
2016-06-22,94.384,94.886,94.269,94.5,505782,0
2016-06-23,95.514,95.928,95.08,95.908,351879,0
2016-06-24,92.774,94.152,92.774,93.439,1232398,0
2016-06-27,92.734,92.764,90.785,91.953,704109,0
2016-06-28,92.619,94.274,92.281,93.979,791211,0
2016-06-29,94.79,95.88,94.547,95.687,538851,0
2016-06-30,96.188,97.707,95.639,97.687,1046175,0
2016-07-01,97.433,98.856,97.164,98.545,790078,0
2016-07-05,98.328,98.486,96.892,97.637,939294,0
2016-07-06,98.052,100.32,97.647,99.62,1354669,0
2016-07-07,99.82,100.3,98.614,99.312,791921,0
2016-07-08,100.36,101.33,99.77,101.28,507526,0
2016-07-11,101.75,102.18,101.34,101.52,482852,0
2016-07-12,101.67,102.24,101.12,101.47,695445,0
2016-07-13,101.84,101.84,100.33,100.69,799363,0
2016-07-14,100.83,101.07,99.89,100.17,728384,0
2016-07-15,100.38,100.38,98.975,99.332,694486,0
2016-07-18,99.213,99.312,98.171,98.387,939800,0
2016-07-19,96.478,97.746,94.867,96.228,1694866,0
2016-07-20,96.266,97.203,95.963,96.488,825136,0
2016-07-21,96.478,96.495,95.098,95.3,659153,0
2016-07-22,95.205,96.498,94.953,96.382,584999,0
2016-07-25,96.198,96.931,95.986,96.931,548743,0
2016-07-26,96.649,97.58,96.649,97.453,608587,0
2016-07-27,97.609,98.358,97.242,98.151,759039,0
2016-07-28,97.804,99.213,97.413,99.024,840040,0
2016-07-29,98.683,98.975,97.902,98.633,845811,0
2016-08-01,98.515,98.535,97.56,98.387,583848,0
2016-08-02,98.21,98.427,96.912,97.028,492056,0
2016-08-03,96.921,97.184,96.238,97.184,473925,0
2016-08-04,95.542,97.707,95.542,97.252,521059,0
2016-08-05,97.657,98.397,97.53,98.122,435159,0
2016-08-08,98.565,98.776,97.746,97.883,742421,0
2016-08-09,97.629,97.941,97.087,97.203,383055,0
2016-08-10,97.393,97.746,97.087,97.647,696342,0
2016-08-11,98.072,98.796,97.814,98.407,678236,0
2016-08-12,98.299,98.299,97.59,97.921,430437,0
2016-08-15,97.911,99.114,97.864,98.905,412834,0
2016-08-16,99.064,99.223,98.151,98.456,410123,0
2016-08-17,98.23,98.995,98.132,98.876,415715,0
2016-08-18,98.776,99.73,98.663,99.72,430118,0
2016-08-19,99.391,100.34,99.153,100.14,659047,0
2016-08-22,99.88,100.16,99.124,99.342,542330,0
2016-08-23,99.372,100.45,99.213,100.36,688195,0
2016-08-24,100.29,100.96,100.01,100.76,529411,0
2016-08-25,100.38,100.88,100.08,100.5,557128,0
2016-08-26,100.47,101.12,99.233,99.68,520472,0
2016-08-29,99.75,101.47,99.68,101.4,474979,0
2016-08-30,101.41,101.44,99.9,100.06,628267,0
2016-08-31,99.78,99.78,98.756,99.193,822362,0
2016-09-01,99.372,99.6,98.624,99.381,549139,0
2016-09-02,100.37,100.37,99.431,99.77,471371,0
2016-09-06,99.69,100.03,97.873,98.082,742725,0
2016-09-07,98.141,98.2,96.892,97.393,910445,0
2016-09-08,97.276,97.325,96.717,96.833,539083,0
2016-09-09,96.115,96.144,94.173,94.183,863683,0
2016-09-12,93.601,95.824,93.28,95.707,662477,0
2016-09-13,95.037,95.561,94.154,94.289,949894,0
2016-09-14,94.494,94.959,93.737,93.94,737580,0
2016-09-15,93.62,94.261,93.445,94.086,1057569,0
2016-09-16,93.746,94.707,93.183,94.339,809707,0
2016-09-19,94.581,96.388,94.153,95.766,622620,0
2016-09-20,96.27,96.727,95.727,95.892,511536,0
2016-09-21,96.018,97.106,95.979,97.038,433499,0
2016-09-22,97.365,98.925,97.242,98.535,849227,0
2016-09-23,97.981,98.132,95.683,95.766,784856,0
2016-09-26,95.183,95.961,95.037,95.659,512212,0
2016-09-27,95.727,97.53,95.727,97.502,661863,0
2016-09-28,97.413,98.004,97.067,97.824,556240,0
2016-09-29,97.687,98.092,96.649,96.697,554072,0
2016-09-30,97.116,97.921,97.101,97.54,675470,0
2016-10-03,96.688,97.252,96.183,96.941,724564,0
2016-10-04,96.843,97.433,95.213,95.542,496257,0
2016-10-05,96.057,96.396,95.727,96.047,671874,0
2016-10-06,95.688,96.542,95.125,96.349,558045,0
2016-10-07,97.048,97.048,95.027,95.426,446428,0
2016-10-10,95.883,96.125,95.455,95.571,249319,0
2016-10-11,95.242,95.416,94.378,94.475,453951,0
2016-10-12,95.163,95.797,94.435,95.251,321544,0
2016-10-13,94.551,95.037,93.823,94.873,464435,0
2016-10-14,95.299,95.805,95.009,95.173,362526,0
2016-10-17,94.921,95.406,94.611,94.999,602232,0
2016-10-18,95.737,96.097,93.484,93.561,864819,0
2016-10-19,90.017,91.813,87.959,89.454,2857702,0
2016-10-20,89.144,89.164,86.239,86.919,1446949,0
2016-10-21,86.289,88.143,85.947,87.968,1213873,0
2016-10-24,88.512,89.198,88.121,88.385,807503,0
2016-10-25,87.891,88.328,87.638,87.871,858365,0
2016-10-26,87.687,88.531,87.579,88.425,585215,0
2016-10-27,88.736,88.736,86.531,86.57,931904,0
2016-10-28,86.754,88.085,86.696,87.24,616573,0
2016-10-31,87.482,88.085,87.008,87.968,774167,0
2016-11-01,88.24,88.24,85.939,86.425,777454,0
2016-11-02,86.299,86.842,85.589,85.881,777839,0
2016-11-03,86.065,86.313,85.142,85.366,693008,0
2016-11-04,85.628,86.133,85.045,85.133,679527,0
2016-11-07,86.347,86.405,85.414,86.065,891144,0
2016-11-08,85.939,86.355,85.492,86.143,650040,0
2016-11-09,84.637,87.65,84.103,87.569,1031081,0
2016-11-10,87.968,91.833,87.968,90.793,1992710,0
2016-11-11,90.434,92.037,90.434,91.882,846694,0
2016-11-14,92.037,93.697,91.922,93.368,1141380,0
2016-11-15,93.571,94.504,92.299,93.299,869832,0
2016-11-16,92.979,93.61,92.008,92.59,605751,0
2016-11-17,92.677,92.677,91.502,91.862,899847,0
2016-11-18,91.766,92.125,91.26,91.813,1069895,0
2016-11-21,91.949,93.504,91.833,93.183,664530,0
2016-11-22,93.571,94.524,93.202,94.358,517348,0
2016-11-23,94.086,95.027,94.067,94.494,535479,0
2016-11-25,94.591,95.213,94.086,95.067,233922,0
2016-11-28,94.766,95.115,93.795,94.241,631956,0
2016-11-29,94.241,94.503,93.504,93.756,516610,0
2016-11-30,93.659,94.524,93.425,93.445,1063722,0
2016-12-01,93.377,94.756,93.28,93.435,730269,0
2016-12-02,93.514,94.203,92.756,92.979,521444,0
2016-12-05,93.465,94.979,93.445,94.532,604859,0
2016-12-06,94.561,95.135,93.823,94.669,629802,0
2016-12-07,94.94,97.637,94.842,97.58,591769,0
2016-12-08,97.286,97.56,96.142,96.641,631202,0
2016-12-09,96.387,97.12,95.712,96.426,764953,0
2016-12-12,96.24,96.348,95.204,96.016,676584,0
2016-12-13,96.348,97.687,95.889,97.59,949329,0
2016-12-14,97.247,97.687,95.585,95.732,786137,0
2016-12-15,95.575,96.69,95.263,95.957,551864,0
2016-12-16,96.201,96.905,95.458,95.79,780348,0
2016-12-19,96.044,96.572,95.517,96.358,435866,0
2016-12-20,96.778,97.191,96.191,96.514,447656,0
2016-12-21,96.308,96.915,95.634,95.644,447519,0
2016-12-22,95.752,95.79,93.933,94.412,523173,0
2016-12-23,94.617,95.39,94.515,94.735,257181,0
2016-12-27,94.735,95.556,94.735,95.399,265172,0
2016-12-28,95.605,95.663,94.177,94.216,347059,0
2016-12-29,94.246,94.637,93.786,94.294,382920,0
2016-12-30,94.51,94.773,92.76,93.404,624718,0
2017-01-03,94.266,94.383,92.31,93.493,662899,0
2017-01-04,94.04,94.949,93.805,94.949,555347,0
2017-01-05,94.226,94.568,93.581,94.51,424032,0
2017-01-06,94.5,94.627,93.942,94.011,409352,0
2017-01-09,93.982,94.334,93.424,93.903,621604,0
2017-01-10,93.952,95.517,93.542,95.106,481201,0
2017-01-11,94.949,95.412,94.578,95.301,479632,0
2017-01-12,95.136,96.016,94.334,95.897,559526,0
2017-01-13,95.957,96.827,95.957,96.368,515640,0
2017-01-17,96.024,96.768,94.773,95.38,714792,0
2017-01-18,95.253,97.355,94.989,97.071,880648,0
2017-01-19,97.051,98.161,96.133,96.895,791817,0
2017-01-20,97.12,97.794,96.749,97.511,680204,0
2017-01-23,95.634,95.996,93.531,94.099,1280357,0
2017-01-24,94.353,95.184,93.923,94.754,935615,0
2017-01-25,95.223,95.976,95.027,95.624,652913,0
2017-01-26,95.263,95.849,94.06,94.969,856707,0
2017-01-27,95.37,95.428,94.167,94.51,670222,0
2017-01-30,94.627,94.94,93.601,94.91,623762,0
2017-01-31,94.578,95.253,93.688,94.647,696151,0
2017-02-01,94.725,95.673,93.659,94.187,621223,0
2017-02-02,94.207,94.891,93.923,94.461,374981,0
2017-02-03,94.588,95.331,94.373,94.969,487318,0
2017-02-06,94.803,95.624,94.645,95.037,473738,0
2017-02-07,95.126,95.565,94.373,94.803,381415,0
2017-02-08,94.822,96.856,94.723,96.827,885951,0
2017-02-09,96.807,97.864,96.699,97.443,544332,0
2017-02-10,97.511,97.687,96.729,97.55,494436,0
2017-02-13,97.765,98.013,96.846,97.657,535389,0
2017-02-14,96.749,97.736,96.68,97.433,504811,0
2017-02-15,97.374,97.883,97.179,97.883,499064,0
2017-02-16,97.994,98.368,96.318,97.013,723955,0
2017-02-17,96.836,98.417,96.749,98.417,922952,0
2017-02-21,98.348,98.643,94.199,95.487,1557582,0
2017-02-22,94.813,95.243,93.728,93.845,925562,0
2017-02-23,93.845,93.845,92.76,92.877,1032433,0
2017-02-24,92.574,94.129,92.486,94.099,688193,0
2017-02-27,94.129,94.548,93.454,94.03,681666,0
2017-02-28,93.688,93.903,93.151,93.571,777518,0
2017-03-01,94.383,95.086,94.079,94.412,725708,0
2017-03-02,94.343,94.363,93.523,93.728,620712,0
2017-03-03,93.738,93.845,92.262,92.583,801950,0
2017-03-06,92.252,92.574,91.9,92.075,677213,0
2017-03-07,91.928,92.055,91.352,91.43,557157,0
2017-03-08,91.396,92.163,91.356,91.73,565657,0
2017-03-09,91.839,91.937,91.396,91.534,781506,0
2017-03-10,91.878,92.173,91.356,91.789,661158,0
2017-03-13,91.789,92.784,91.455,92.705,750486,0
2017-03-14,92.519,92.922,92.243,92.627,494694,0
2017-03-15,92.765,93.079,92.154,92.529,841650,0
2017-03-16,92.961,93.286,92.459,92.833,417328,0
2017-03-17,93.139,93.552,92.557,93.454,1314023,0
2017-03-20,93.503,93.503,92.69,92.893,467699,0
2017-03-21,93.207,93.207,91.583,91.878,701869,0
2017-03-22,91.937,92.125,91.288,92.045,531019,0
2017-03-23,91.937,92.391,91.297,92.026,519773,0
2017-03-24,92.085,92.331,91.248,91.425,538963,0
2017-03-27,90.904,91.42,90.657,91.346,463411,0
2017-03-28,90.952,92.011,90.691,91.681,524625,0
2017-03-29,91.553,92.045,90.884,91.258,907592,0
2017-03-30,91.198,92.282,90.638,90.932,514261,0
2017-03-31,90.884,91.859,90.529,91.002,695969,0
2017-04-03,91.09,91.09,87.873,88.963,1321344,0
2017-04-04,88.677,89.279,88.392,88.658,924835,0
2017-04-05,88.835,89.879,88.559,88.855,823500,0
2017-04-06,88.953,89.269,88.294,88.943,594553,0
2017-04-07,88.707,89.229,88.461,88.491,419666,0
2017-04-10,88.629,89.663,88.363,88.422,701112,0
2017-04-11,88.313,89.229,87.988,89.229,704565,0
2017-04-12,88.776,88.855,87.821,88.057,723401,0
2017-04-13,87.929,88.677,87.526,87.584,624627,0
2017-04-17,87.762,88.757,87.762,88.727,823843,0
2017-04-18,88.441,89.337,87.949,88.767,1100784,0
2017-04-19,91.474,93.542,90.12,90.51,1938698,0
2017-04-20,90.746,91.76,90.706,91.484,999716,0
2017-04-21,91.484,92.095,91.188,91.691,734322,0
2017-04-24,92.537,92.537,91.248,92.173,952685,0
2017-04-25,92.675,93.149,91.602,91.868,646612,0
2017-04-26,92.154,92.459,91.494,91.711,676163,0
2017-04-27,91.927,92.459,91.474,91.908,756918,0
2017-04-28,91.927,91.927,89.791,90.618,1575861,0
2017-05-01,90.794,90.794,89.545,89.948,784290,0
2017-05-02,90.017,90.676,89.869,90.666,673219,0
2017-05-03,90.736,90.804,90.046,90.657,735696,0
2017-05-04,90.648,91.15,90.283,90.844,828836,0
2017-05-05,91.002,91.317,90.43,91.317,601806,0
2017-05-08,91.336,91.504,90.804,91.13,487306,0
2017-05-09,91.238,91.573,90.814,91.415,452713,0
2017-05-10,91.415,91.415,90.628,91.376,643261,0
2017-05-11,90.904,90.904,89.317,90.45,586144,0
2017-05-12,90.204,90.366,89.623,90.046,524021,0
2017-05-15,90.125,91.455,89.938,90.46,870905,0
2017-05-16,90.686,90.686,89.445,90.145,527303,0
2017-05-17,89.771,90.48,89.307,89.741,819418,0
2017-05-18,89.731,90.922,89.535,90.253,858510,0
2017-05-19,90.322,91.07,89.289,90.716,2557744,0
2017-05-22,90.736,91.445,90.676,91.051,685124,0
2017-05-23,90.007,90.253,88.185,89.269,1401395,0
2017-05-24,88.895,89.455,88.461,88.796,921479,0
2017-05-25,89.111,90.125,88.658,89.968,621178,0
2017-05-26,90.106,92.459,89.909,91.859,1161499,0
2017-05-30,91.642,92.154,90.567,91.13,1049088,0
2017-05-31,91.13,91.297,90.638,91.208,1207597,0
2017-06-01,91.622,92.912,91.105,92.675,692529,0
2017-06-02,92.853,93.404,92.524,92.843,815201,0
2017-06-05,92.695,92.95,92.134,92.351,616173,0
2017-06-06,92.016,92.016,90.302,90.716,725865,0
2017-06-07,90.245,91.366,90.245,91.108,652486,0
2017-06-08,91.118,91.158,90.056,90.166,612910,0
2017-06-09,90.225,90.979,89.828,90.88,698026,0
2017-06-12,90.88,92.675,90.88,92.229,570658,0
2017-06-13,92.239,93.201,91.604,93.112,583819,0
2017-06-14,92.695,94.342,92.626,93.509,802356,0
2017-06-15,92.983,94.213,92.834,94.084,622092,0
2017-06-16,93.965,94.888,93.003,94.848,1364917,0
2017-06-19,95.076,95.106,92.656,92.745,990828,0
2017-06-20,92.259,92.279,90.374,90.542,884104,0
2017-06-21,90.572,90.761,88.886,89.173,982073,0
2017-06-22,89.114,89.431,88.301,88.955,927098,0
2017-06-23,88.935,90.195,88.568,90.017,2262529,0
2017-06-26,90.265,90.949,89.888,90.433,585849,0
2017-06-27,90.364,91.068,89.838,90.126,658900,0
2017-06-28,90.562,91.971,90.443,91.207,635770,0
2017-06-29,91.267,91.654,89.997,90.394,636081,0
2017-06-30,90.652,92.497,90.473,92.021,834119,0
2017-07-03,92.06,93.221,91.257,92.913,545423,0
2017-07-05,91.177,91.857,88.102,88.449,1832769,0
2017-07-06,86.406,87.884,85.523,86.049,1723620,0
2017-07-07,86.148,86.693,85.83,86.168,824876,0
2017-07-10,85.93,86.128,84.194,84.422,1417913,0
2017-07-11,84.382,84.65,83.152,83.598,1115548,0
2017-07-12,83.777,83.906,82.894,83.33,1467387,0
2017-07-13,83.38,83.42,82.15,83.033,2469373,0
2017-07-14,83.34,83.459,82.616,82.686,1138301,0
2017-07-17,82.785,83.955,82.775,83.4,1131262,0
2017-07-18,83.261,83.598,82.011,82.348,1333167,0
2017-07-19,82.576,82.686,81.763,82.299,3114864,0
2017-07-20,81.763,83.628,80.215,81.039,2528311,0
2017-07-21,81.525,82.755,81.346,82.051,1698917,0
2017-07-24,81.971,82.031,80.854,81.158,974131,0
2017-07-25,81.545,83.008,81.465,82.656,1053582,0
2017-07-26,82.785,82.894,82.13,82.15,978372,0
2017-07-27,82.348,84.313,82.11,84.114,1234214,0
2017-07-28,84.055,84.541,82.616,83.261,979132,0
2017-07-31,83.43,84.362,83.399,84.253,1991983,0
2017-08-01,84.332,84.63,83.162,84.283,976059,0
2017-08-02,83.975,84.541,83.648,83.757,661032,0
2017-08-03,83.648,84.263,83.36,83.44,565374,0
2017-08-04,83.631,83.757,83.033,83.211,521341,0
2017-08-07,83.231,83.747,82.884,83.479,441606,0
2017-08-08,83.549,83.916,82.656,82.785,544217,0
2017-08-09,82.636,82.993,82.249,82.815,656198,0
2017-08-10,82.319,82.542,81.436,81.634,560517,0
2017-08-11,81.456,82.269,81.446,82.15,474171,0
2017-08-14,82.636,83.251,82.061,83.102,685312,0
2017-08-15,81.346,81.644,79.223,79.838,2214964,0
2017-08-16,80.344,81.922,80.087,81.594,921279,0
2017-08-17,81.584,82.388,80.781,80.84,742848,0
2017-08-18,80.622,81.317,80.563,80.95,704456,0
2017-08-21,81.098,82.448,80.705,82.011,1018381,0
2017-08-22,82.299,82.537,81.545,81.981,637527,0
2017-08-23,81.704,82.14,81.426,81.912,487579,0
2017-08-24,82.299,82.646,81.555,81.823,671059,0
2017-08-25,81.991,83.201,81.991,82.636,520214,0
2017-08-28,82.815,82.864,81.793,82.289,415150,0
2017-08-29,81.694,82.17,81.138,81.178,547543,0
2017-08-30,81.217,82.383,80.979,82.239,626712,0
2017-08-31,82.249,82.884,82.09,82.17,1045929,0
2017-09-01,82.567,83.459,82.438,83.172,446318,0
2017-09-05,82.864,84.243,82.864,83.638,857675,0
2017-09-06,83.965,84.67,83.753,84.63,903570,0
2017-09-07,84.79,84.79,84.02,84.44,921763,0
2017-09-08,84.53,85.67,84.31,85.35,744465,0
2017-09-11,85.68,86.49,85.3175,85.82,752145,0
2017-09-12,86.02,87.12,85.95,86.44,964098,0
2017-09-13,86.39,86.95,86.155,86.94,556258,0
2017-09-14,86.92,86.92,86.05,86.39,512746,0
2017-09-15,86.32,86.73,86.03,86.65,906759,0
2017-09-18,86.88,86.98,86.42,86.88,731565,0
2017-09-19,87.17,87.25,84.84,85.86,1174730,0
2017-09-20,86.02,87.24,85.83,86.72,875053,0
2017-09-21,86.8,87.005,86.27,86.35,408305,0
2017-09-22,86.47,88.1,86.45,87.98,789329,0
2017-09-25,97.01,97.645,92.5999,93.22,4275233,0
2017-09-26,93.7,95.65,93.53,94.16,1764309,0
2017-09-27,94.15,94.84,92.92,94.46,1299166,0
2017-09-28,93.94,95.34,93.86,95.19,835196,0
2017-09-29,95.47,96.05,95.03,95.65,737417,0
2017-10-02,95.49,96.67,94.94,96.37,729472,0
2017-10-03,96.37,96.54,95.36,95.95,562041,0
2017-10-04,95.75,95.77,95.08,95.49,652103,0
2017-10-05,95.31,95.8,95,95.79,720756,0
2017-10-06,95.43,95.845,95.25,95.55,570463,0
2017-10-09,95.76,95.84,95.1,95.18,445350,0
2017-10-10,95.31,95.98,95.16,95.52,687868,0
2017-10-11,95.61,95.98,95.2,95.5,686888,0
2017-10-12,95.43,96.19,94.81,95.86,482155,0
2017-10-13,95.88,96.5,95.51,95.86,527897,0
2017-10-16,95.87,96.14,95.39,96.01,361949,0
2017-10-17,96.26,97.02,96.15,96.86,611929,0
2017-10-18,97.42,98.62,97.09,98.04,1235794,0
2017-10-19,92.33,92.49,88.12,89.71,2664861,0
2017-10-20,89.64,89.64,88.135,88.63,1596562,0
2017-10-23,88.69,89.87,88.31,89.27,1489451,0
2017-10-24,89.71,90.33,88.83,88.91,1165803,0
2017-10-25,89.02,89.16,88.06,88.46,695871,0
2017-10-26,88.45,90.03,87.33,89.4,980650,0
2017-10-27,89.1,89.205,87.95,88.35,751449,0
2017-10-30,87.83,88.59,87.66,88.04,617899,0
2017-10-31,88.16,88.72,87.82,88.23,569575,0
2017-11-01,88.8,88.8,87.37,87.43,618256,0
2017-11-02,87.36,88.78,86.45,88.53,624222,0
2017-11-03,88.55,88.7,87.76,87.8,567549,0
2017-11-06,88.03,88.03,86.99,87.26,568950,0
2017-11-07,87.18,87.805,86.05,86.43,728740,0
2017-11-08,86.66,86.8,85.83,86.02,1280750,0
2017-11-09,85.68,86.31,85.2,85.56,1015506,0
2017-11-10,85.06,86.36,85,85.45,1228194,0
