2016-01-04,22.556,23.95,22.313,23.857,10708828,0
2016-01-05,23.893,24.717,23.777,24.576,12294014,0
2016-01-06,24.23,24.576,23.445,23.65,7372839,0
2016-01-07,23.239,25.063,23.201,25.007,12661235,0
2016-01-08,23.417,23.65,21.163,21.424,18837157,0
2016-01-11,21.518,21.546,20.902,21.21,10844202,0
2016-01-12,21.368,21.709,20.919,21.368,6506588,0
2016-01-13,21.471,21.704,20.981,21.022,5731195,0
2016-01-14,21.004,22.098,20.819,21.714,7880123,0
2016-01-15,21.153,22.172,21.153,21.751,8660612,0
2016-01-19,21.603,21.836,20.928,21.228,5740333,0
2016-01-20,20.91,21.313,20.171,20.995,6324445,0
2016-01-21,21.144,21.724,21.013,21.509,5871066,0
2016-01-22,21.827,22.159,21.509,22.126,5546057,0
2016-01-25,22.228,22.528,21.452,21.565,6620025,0
2016-01-26,21.593,22.631,21.546,22.341,6018217,0
2016-01-27,22.211,22.715,21.939,22.219,4419522,0
2016-01-28,22.556,22.64,22.211,22.453,3483187,0
2016-01-29,22.688,23.196,22.5,23.116,6223871,0
2016-02-01,22.902,23.249,22.584,23.136,5761378,0
2016-02-02,22.912,23.436,22.49,22.715,6316733,0
2016-02-03,22.893,23.088,22.247,22.864,6355607,0
2016-02-04,22.323,22.845,22.135,22.349,7902808,0
2016-02-05,22.275,22.471,21.629,22.228,6594683,0
2016-02-08,21.873,22.519,21.818,22.436,9088308,0
2016-02-09,22.323,23.156,21.574,21.761,9617798,0
2016-02-10,21.994,22.069,20.947,21.087,9022110,0
2016-02-11,20.789,21.304,20.6,20.976,5439007,0
2016-02-12,21.21,22.228,21.116,22.192,4204833,0
2016-02-16,22.462,22.944,21.88,22.93,6605850,0
2016-02-17,23.098,24.081,23.058,23.799,6510400,0
2016-02-18,23.874,24.493,23.388,24.483,5927083,0
2016-02-19,24.081,24.735,23.529,24.538,7068877,0
2016-02-22,24.679,25.502,24.659,25.305,6041826,0
2016-02-23,25.267,25.731,25.072,25.492,4707270,0
2016-02-24,25.156,25.727,24.623,25.512,10373524,0
2016-02-25,25.418,25.895,24.913,25.811,8949334,0
2016-02-26,25.343,26.129,24.5,25.464,10526026,0
2016-02-29,25.539,26.101,25.389,25.857,6929500,0
2016-03-01,25.914,26.417,25.904,26.334,5963914,0
2016-03-02,26.372,26.531,26.12,26.531,4412301,0
2016-03-03,26.455,26.727,26.174,26.689,5066821,0
2016-03-04,26.737,27.998,26.698,27.39,9101033,0
2016-03-07,27.1,28.213,27.072,27.531,7725300,0
2016-03-08,27.85,28.342,27.672,27.756,11048589,0
2016-03-09,27.952,28.139,27.578,27.775,4545025,0
2016-03-10,27.979,28.29,27.251,27.672,6442248,0
2016-03-11,28.092,28.27,27.728,28.213,4999049,0
2016-03-14,28.083,28.42,27.998,28.222,3147998,0
2016-03-15,28.12,28.213,27.174,27.783,7931925,0
2016-03-16,26.886,27.456,26.791,27.381,6412430,0
2016-03-17,27.437,28.018,27.345,27.961,4515337,0
2016-03-18,28.092,28.513,27.998,28.42,9819214,0
2016-03-21,28.353,28.42,27.756,27.895,3514386,0
2016-03-22,27.886,27.979,27.158,27.193,7154645,0
2016-03-23,27.278,27.278,26.791,26.858,4327612,0
2016-03-24,26.867,26.927,26.4,26.895,5077842,0
2016-03-28,27.064,27.428,26.989,27.148,3573424,0
2016-03-29,27.193,27.667,27.007,27.596,4762957,0
2016-03-30,27.783,27.969,27.554,27.736,5182970,0
2016-03-31,27.85,28.055,27.424,27.493,5772614,0
2016-04-01,27.345,27.694,27.148,27.55,5287741,0
2016-04-04,27.983,28.37,27.664,27.823,6413782,0
2016-04-05,27.664,27.758,27.027,27.042,5730653,0
2016-04-06,27.106,27.425,26.805,27.2,4808537,0
2016-04-07,26.965,27.2,26.015,26.089,10903843,0
2016-04-08,24.119,24.222,22.159,22.478,35035288,0
2016-04-11,22.62,23.139,22.181,22.601,11702034,0
2016-04-12,22.564,22.611,21.904,22.224,9819253,0
2016-04-13,22.375,22.677,22.319,22.554,5099377,0
2016-04-14,22.355,22.517,22.122,22.346,4191691,0
2016-04-15,22.375,22.657,22.224,22.536,5215331,0
2016-04-18,22.404,22.564,22.055,22.507,3844923,0
2016-04-19,22.62,22.724,22.31,22.583,5363186,0
2016-04-20,22.649,22.978,22.564,22.677,4783685,0
2016-04-21,22.771,22.875,22.385,22.46,3330442,0
2016-04-22,22.404,22.657,22.385,22.583,2948480,0
2016-04-25,22.45,22.536,21.932,22.065,3695192,0
2016-04-26,22.112,22.507,21.828,22.498,4028070,0
2016-04-27,22.177,22.639,21.914,22.592,3680703,0
2016-04-28,22.478,22.536,22.131,22.177,4134794,0
2016-04-29,22.177,22.177,21.679,21.847,4054662,0
2016-05-02,21.773,21.876,21.396,21.659,6674836,0
2016-05-03,21.536,21.574,21.131,21.329,6448045,0
2016-05-04,21.188,21.584,21.15,21.433,5143672,0
2016-05-05,21.17,21.207,20.443,20.612,8299156,0
2016-05-06,20.477,20.528,19.896,20.424,10550455,0
2016-05-09,20.452,20.868,20.452,20.556,5606748,0
2016-05-10,18.37,18.53,17.889,18.191,32806858,0
2016-05-11,18.021,18.313,17.484,17.512,10683072,0
2016-05-12,17.08,17.512,16.616,16.833,15255672,0
2016-05-13,16.598,17.248,16.339,16.607,10729440,0
2016-05-16,16.561,16.852,16.471,16.541,10061660,0
2016-05-17,16.561,16.683,16.249,16.334,7170585,0
2016-05-18,16.192,16.259,16.023,16.107,6555528,0
2016-05-19,16.315,16.484,16.023,16.286,10814546,0
2016-05-20,16.409,17.06,16.315,16.976,16118695,0
2016-05-23,16.985,17.598,16.908,17.352,18635376,0
2016-05-24,17.464,17.652,16.966,17.05,9919160,0
2016-05-25,17.106,17.295,17.05,17.229,8729009,0
2016-05-26,17.379,17.417,16.981,17.021,6277878,0
2016-05-27,17.06,17.229,16.976,17.088,5321226,0
2016-05-31,17.182,17.244,16.701,16.956,11915725,0
2016-06-01,16.908,17.153,16.711,16.843,9931960,0
2016-06-02,16.852,17.417,16.843,17.275,9891991,0
2016-06-03,17.908,18.313,17.625,17.993,11456352,0
2016-06-06,17.926,18.116,17.747,17.955,6515220,0
2016-06-07,18.048,18.445,17.964,18.304,5667115,0
2016-06-08,18.407,18.464,18.191,18.407,4639917,0
2016-06-09,18.341,18.341,17.908,18.2,4775686,0
2016-06-10,17.738,17.945,17.494,17.832,4685406,0
2016-06-13,17.832,18.03,17.692,17.823,5106721,0
2016-06-14,17.738,18.106,17.616,17.918,5350003,0
2016-06-15,17.984,18.651,17.955,18.219,5720345,0
2016-06-16,18.048,18.275,17.846,18.228,4932215,0
2016-06-17,18.275,19.257,18.266,18.973,11281649,0
2016-06-20,19.199,19.831,19.199,19.529,15334640,0
2016-06-21,19.51,19.51,19.077,19.368,5996680,0
2016-06-22,19.51,19.774,19.397,19.425,4384967,0
2016-06-23,19.679,19.859,19.585,19.727,4735127,0
2016-06-24,18.963,19.397,18.944,19.227,9645018,0
2016-06-27,19.086,19.119,18.219,18.916,8136693,0
2016-06-28,19.048,19.783,19.001,19.548,6693015,0
2016-06-29,19.643,20.02,19.585,19.791,6150417,0
2016-06-30,19.877,20,19.407,20,6028280,0
2016-07-01,19.98,20.467,19.962,20.391,5798759,0
2016-07-05,20.296,20.41,19.753,20.267,7268190,0
2016-07-06,20.219,20.819,20.01,20.763,12469256,0
2016-07-07,20.724,20.858,20.267,20.609,11639130,0
2016-07-08,21.687,22.116,21.544,21.629,14297888,0
2016-07-11,21.848,22.106,21.61,21.821,8134882,0
2016-07-12,22.096,22.326,21.926,22.267,4444207,0
2016-07-13,22.249,22.277,21.782,22.182,6389809,0
2016-07-14,22.382,22.431,22.049,22.116,4272038,0
2016-07-15,22.22,22.402,22.116,22.162,4376743,0
2016-07-18,22.257,22.802,22.162,22.753,5782556,0
2016-07-19,22.658,22.945,22.658,22.821,6525437,0
2016-07-20,22.955,23.15,22.739,23.078,3561195,0
2016-07-21,23.125,23.336,23.02,23.087,4725885,0
2016-07-22,23.097,23.211,22.792,23.192,4748800,0
2016-07-25,23.735,24.107,23.621,23.945,11036636,0
2016-07-26,24.04,24.717,24.04,24.545,7689748,0
2016-07-27,24.584,24.726,24.03,24.373,7288489,0
2016-07-28,24.393,24.421,23.669,24.04,7498602,0
2016-07-29,24.059,24.584,23.831,24.574,7017560,0
2016-08-01,24.383,24.489,24.04,24.355,7314240,0
2016-08-02,24.355,24.355,23.03,23.069,9263261,0
2016-08-03,22.734,23.916,21.868,23.831,9395279,0
2016-08-04,23.869,24.269,23.869,24.011,9414276,0
2016-08-05,24.107,24.602,24.05,24.431,5059179,0
2016-08-08,24.469,24.649,24.355,24.411,4366903,0
2016-08-09,23.964,24.011,22.668,22.878,11884062,0
2016-08-10,22.991,23.404,22.84,22.896,6436233,0
2016-08-11,23.516,23.969,23.459,23.802,7203980,0
2016-08-12,23.85,24.088,23.687,23.812,5939505,0
2016-08-15,23.974,24.345,23.85,24.192,4891649,0
2016-08-16,24.107,24.212,23.863,23.955,4674840,0
2016-08-17,23.726,24.307,23.717,24.259,5392202,0
2016-08-18,24.44,24.774,24.116,24.659,9951539,0
2016-08-19,24.679,25.669,24.489,25.623,18569806,0
2016-08-22,25.536,25.908,25.375,25.593,7884513,0
2016-08-23,25.728,25.908,25.546,25.718,5143379,0
2016-08-24,25.583,25.755,25.356,25.375,4714343,0
2016-08-25,25.375,25.46,24.994,25.145,5823874,0
2016-08-26,25.251,25.517,25.05,25.231,3597594,0
2016-08-29,25.184,25.392,25.06,25.231,3866489,0
2016-08-30,25.03,25.099,24.107,24.145,7180251,0
2016-08-31,24.202,24.241,23.478,23.697,7739477,0
2016-09-01,23.821,23.84,23.197,23.392,7346938,0
2016-09-02,22.868,23.202,22.487,22.792,7614016,0
2016-09-06,22.83,22.83,22.239,22.326,8113594,0
2016-09-07,22.144,22.783,22.144,22.668,6753822,0
2016-09-08,22.526,22.773,22.487,22.601,4454125,0
2016-09-09,22.487,22.526,22.216,22.249,4420770,0
2016-09-12,22.135,22.821,22.011,22.716,5157716,0
2016-09-13,22.487,22.678,21.963,21.963,6882021,0
2016-09-14,22.001,22.22,21.868,21.963,4322919,0
2016-09-15,21.868,22.477,21.734,22.458,4616507,0
2016-09-16,22.352,22.553,22.159,22.267,5306402,0
2016-09-19,22.362,22.526,22.086,22.086,3114992,0
2016-09-20,21.868,21.953,21.429,21.524,7441331,0
2016-09-21,21.601,21.668,21.134,21.42,7912952,0
2016-09-22,21.544,21.668,21.229,21.515,5707026,0
2016-09-23,21.487,21.868,21.487,21.553,3844031,0
2016-09-26,21.496,21.524,21.144,21.182,4009408,0
2016-09-27,21.258,21.382,20.972,21.238,4981495,0
2016-09-28,21.277,21.333,20.819,21.02,4241251,0
2016-09-29,21.039,21.172,20.678,20.678,3821854,0
2016-09-30,20.838,21.307,20.753,21.191,4468495,0
2016-10-03,21.075,21.229,20.768,21.008,5588317,0
2016-10-04,21.027,21.163,20.864,20.97,3499554,0
2016-10-05,21.008,21.779,21.008,21.692,5837798,0
2016-10-06,21.586,22.038,21.335,21.932,7951040,0
2016-10-07,23.358,25.677,23.349,25.273,33089671,0
2016-10-10,25.418,25.87,25.321,25.437,8953524,0
2016-10-11,25.36,25.773,25.283,25.572,4650273,0
2016-10-12,25.572,25.933,25.36,25.851,5039551,0
2016-10-13,25.687,25.697,25.216,25.552,3541063,0
2016-10-14,25.552,25.773,25.37,25.466,2867133,0
2016-10-17,25.418,25.648,25.129,25.187,3841448,0
2016-10-18,25.389,25.389,24.783,24.946,5988810,0
2016-10-19,25.022,25.572,24.83,25.524,4478980,0
2016-10-20,25.456,25.697,25.38,25.495,2244378,0
2016-10-21,25.235,25.442,25.091,25.427,2350120,0
2016-10-24,25.495,25.823,25.341,25.562,2637967,0
2016-10-25,25.158,25.621,24.951,25.621,2865195,0
2016-10-26,25.447,26.323,25.447,25.996,5178928,0
2016-10-27,26.092,26.178,25.533,25.63,3153722,0
2016-10-28,25.591,26.318,25.591,26.168,4496303,0
2016-10-31,26.255,26.583,26.217,26.563,6184305,0
2016-11-01,26.052,26.583,25.658,25.841,6420986,0
2016-11-02,25.648,26.082,25.612,25.909,4467486,0
2016-11-03,25.321,25.533,24.532,24.677,7768665,0
2016-11-04,24.811,25.264,24.734,24.802,4940956,0
2016-11-07,25.216,26.006,25.216,25.966,7024130,0
2016-11-08,26.265,26.553,25.177,25.495,7474740,0
2016-11-09,25.138,26.477,25.005,26.391,6429703,0
2016-11-10,26.698,28.046,26.698,27.517,8955869,0
2016-11-11,27.295,28.056,27.132,27.989,6248865,0
2016-11-14,28.238,29.365,28.191,28.98,7550517,0
2016-11-15,28.845,29.009,28.182,28.729,3619145,0
2016-11-16,28.018,29.365,28.018,29.298,5171967,0
2016-11-17,29.298,29.596,28.927,29.567,5510846,0
2016-11-18,27.198,27.324,24.369,24.657,32830801,0
2016-11-21,24.715,25.38,23.992,24.06,12264103,0
2016-11-22,24.292,25.11,24.234,24.908,10089977,0
2016-11-23,24.465,25.413,24.388,25.206,6104880,0
2016-11-25,25.408,25.476,24.541,24.619,2693995,0
2016-11-28,24.687,24.811,24.426,24.532,9103395,0
2016-11-29,24.619,24.792,24.215,24.301,6151159,0
2016-11-30,24.166,24.705,23.877,24.041,7210758,0
2016-12-01,23.935,24.797,23.896,24.118,6866968,0
2016-12-02,23.511,23.992,23.116,23.395,8037894,0
2016-12-05,23.482,24.436,23.435,24.022,7570107,0
2016-12-06,24.166,24.378,23.964,24.33,4983227,0
2016-12-07,24.311,25.515,24.262,25.515,6810989,0
2016-12-08,25.515,25.755,24.976,25.495,8385819,0
2016-12-09,25.466,25.621,24.763,24.976,6190951,0
2016-12-12,24.956,25.283,24.637,24.898,4381102,0
2016-12-13,24.976,25.062,24.426,24.541,5939536,0
2016-12-14,24.6,24.936,24.388,24.445,4481845,0
2016-12-15,24.455,24.787,24.359,24.619,4554298,0
2016-12-16,24.571,24.591,22.905,23.02,8925454,0
2016-12-19,23.146,23.425,22.881,23.04,5653951,0
2016-12-20,23.184,23.632,23.141,23.242,4296755,0
2016-12-21,23.223,23.405,22.78,22.866,3456801,0
2016-12-22,22.789,22.847,21.49,21.644,7184959,0
2016-12-23,21.788,22.355,21.668,21.74,4638593,0
2016-12-27,21.865,22.236,21.774,21.875,2677287,0
2016-12-28,21.845,22.029,21.595,21.855,2782038,0
2016-12-29,21.924,22.144,21.712,21.884,3957779,0
2016-12-30,21.817,22.147,21.641,21.826,4897057,0
2017-01-03,22.098,22.935,22.069,22.838,9402791,0
2017-01-04,23.742,24.248,23.493,23.538,10161883,0
2017-01-05,22.341,23.149,22.128,22.614,13660290,0
2017-01-06,23.665,23.79,22.527,22.702,16819685,0
2017-01-09,22.789,23.372,22.565,23.188,7413998,0
2017-01-10,23.119,23.48,23.052,23.256,6008615,0
2017-01-11,23.538,23.665,22.619,23.052,4125255,0
2017-01-12,23.052,23.508,22.896,23.344,6737164,0
2017-01-13,23.392,23.548,22.935,23.013,4867216,0
2017-01-17,23.217,24.107,23.129,23.489,7457915,0
2017-01-18,23.431,23.489,22.819,23.314,4906790,0
2017-01-19,23.392,23.586,23.124,23.217,4232278,0
2017-01-20,23.441,23.635,23.334,23.538,3999890,0
2017-01-23,23.295,23.489,22.866,23.109,3549537,0
2017-01-24,23.266,23.568,23.159,23.518,5325940,0
2017-01-25,23.586,23.757,23.411,23.675,5075875,0
2017-01-26,23.645,23.869,23.207,23.217,5623929,0
2017-01-27,23.236,23.314,21.919,21.962,6268830,0
2017-01-30,22.098,22.37,21.797,22.254,6447639,0
2017-01-31,21.914,22.448,21.427,22.4,9187310,0
2017-02-01,22.487,22.537,21.534,21.914,8385915,0
2017-02-02,22.001,22.44,21.797,22.166,4754924,0
2017-02-03,22.283,22.836,22.098,22.341,5534913,0
2017-02-06,22.303,22.507,22.206,22.35,6292406,0
2017-02-07,22.254,22.467,22.04,22.118,6040107,0
2017-02-08,22.157,22.75,21.894,22.672,4011687,0
2017-02-09,22.477,23.441,22.43,23.314,6280374,0
2017-02-10,23.441,23.976,23.401,23.693,6147971,0
2017-02-13,23.693,23.713,22.799,22.983,5984088,0
2017-02-14,22.993,23.538,22.906,23.538,4485548,0
2017-02-15,23.548,23.733,23.207,23.723,5355127,0
2017-02-16,23.733,23.86,23.256,23.401,4177424,0
2017-02-17,23.246,23.869,23.081,23.8,4326019,0
2017-02-21,24.102,24.51,23.927,24.345,5964932,0
2017-02-22,24.452,24.569,23.869,24.19,4820144,0
2017-02-23,23.927,23.966,23.226,23.314,8288699,0
2017-02-24,23.635,24.423,22.565,24.024,11923967,0
2017-02-27,24.014,24.646,23.887,24.51,5933076,0
2017-02-28,24.365,24.452,23.762,24.141,6990685,0
2017-03-01,24.257,24.374,23.314,23.665,7219966,0
2017-03-02,23.81,24.74,23.635,24.442,7848197,0
2017-03-03,24.462,24.618,23.82,24.014,5796459,0
2017-03-06,23.985,24.083,23.396,23.723,4013336,0
2017-03-07,23.645,23.917,23.489,23.518,5315351,0
2017-03-08,23.538,23.723,23.382,23.568,6362366,0
2017-03-09,23.461,23.655,23.304,23.471,4142241,0
2017-03-10,23.615,23.79,23.396,23.606,3226990,0
2017-03-13,23.606,23.723,22.819,22.896,5122332,0
2017-03-14,22.896,23.076,22.58,23.052,3775336,0
2017-03-15,23.178,23.295,22.828,23.217,4382194,0
2017-03-16,23.188,23.392,23.022,23.275,2911279,0
2017-03-17,23.382,23.498,23.154,23.441,5441596,0
2017-03-20,23.451,23.508,22.721,22.819,4743521,0
2017-03-21,22.838,22.856,21.641,22.196,8994606,0
2017-03-22,22.176,22.458,21.826,22.44,3904354,0
2017-03-23,22.955,23.222,22.614,22.662,5478925,0
2017-03-24,22.614,22.702,22.4,22.634,3597672,0
2017-03-27,22.39,22.964,22.39,22.643,3939871,0
2017-03-28,22.652,23.159,22.477,23.129,3235809,0
2017-03-29,23.266,24.18,23.159,24.044,8979419,0
2017-03-30,23.947,24.229,23.573,23.78,8321605,0
2017-03-31,23.665,24.034,23.601,23.625,6080818,0
2017-04-03,23.606,23.655,23.134,23.282,5811213,0
2017-04-04,23.204,23.232,22.476,22.771,5943292,0
2017-04-05,22.899,23.086,22.462,22.486,4514564,0
2017-04-06,22.751,23.842,22.751,23.615,8407477,0
2017-04-07,23.557,23.979,23.507,23.596,5611697,0
2017-04-10,23.734,24.263,23.714,23.861,3774300,0
2017-04-11,23.89,24.058,23.517,24.058,4537255,0
2017-04-12,24.077,24.146,23.822,23.861,2826145,0
2017-04-13,23.832,23.945,23.252,23.262,5293861,0
2017-04-17,23.567,23.645,23.213,23.459,5344249,0
2017-04-18,23.409,23.615,23.272,23.488,3363978,0
2017-04-19,23.567,24.131,23.469,23.782,4549604,0
2017-04-20,24.352,24.981,24.235,24.961,10320590,0
2017-04-21,25.039,25.187,24.636,25.147,5229930,0
2017-04-24,25.432,25.687,25.133,25.402,7055606,0
2017-04-25,25.677,25.677,25.197,25.452,3728647,0
2017-04-26,25.658,25.953,25.579,25.775,4274183,0
2017-04-27,26.238,26.238,25.639,25.874,3284678,0
2017-04-28,25.825,25.855,25.462,25.727,4315746,0
2017-05-01,25.785,25.845,25.236,25.432,4442847,0
2017-05-02,25.432,25.775,25.334,25.775,4182007,0
2017-05-03,25.639,25.84,25.384,25.639,3703444,0
2017-05-04,25.599,25.815,25.226,25.236,3808615,0
2017-05-05,25.422,25.923,25.402,25.855,3926936,0
2017-05-08,26.002,26.002,25.609,25.845,4752261,0
2017-05-09,26.051,26.218,25.855,25.933,2955874,0
2017-05-10,25.894,26.395,25.757,26.247,4764053,0
2017-05-11,26.336,26.336,25.059,25.294,6840670,0
2017-05-12,25.216,25.256,24.421,24.618,5291533,0
2017-05-15,24.804,25.009,24.499,24.656,6658047,0
2017-05-16,24.568,24.568,23.812,24.146,7277501,0
2017-05-17,23.782,23.812,23.109,23.124,9533328,0
2017-05-18,23.586,23.753,22.663,22.771,13187431,0
2017-05-19,23.567,23.635,21.632,21.877,20003820,0
2017-05-22,21.917,22.153,21.607,21.838,8522329,0
2017-05-23,21.838,22.123,21.632,21.917,8414595,0
2017-05-24,21.897,21.975,21.578,21.789,6885280,0
2017-05-25,22.083,22.162,21.592,21.622,6997198,0
2017-05-26,21.534,22.143,21.46,22.015,6226132,0
2017-05-30,22.083,22.398,22.025,22.133,5630257,0
2017-05-31,22.202,22.241,21.77,22.093,7330611,0
2017-06-01,22.133,22.555,21.932,22.378,6047088,0
2017-06-02,22.516,22.545,22.005,22.153,6178094,0
2017-06-05,22.418,22.506,21.897,22.035,7675771,0
2017-06-06,21.838,21.877,21.504,21.691,9051696,0
2017-06-07,21.78,21.975,21.627,21.73,5043338,0
2017-06-08,21.799,22.118,21.672,21.887,5764059,0
2017-06-09,21.937,22.516,21.789,22.418,6432805,0
2017-06-12,22.349,22.928,22.33,22.713,9081896,0
2017-06-13,22.673,23.076,22.481,22.997,6161457,0
2017-06-14,22.987,22.987,22.476,22.83,4927185,0
2017-06-15,22.653,22.928,22.388,22.673,5748058,0
2017-06-16,22.447,22.536,22.133,22.476,6548490,0
2017-06-19,22.604,22.731,22.192,22.614,4333164,0
2017-06-20,22.585,22.653,21.672,21.73,4764231,0
2017-06-21,21.7,21.799,21.387,21.504,5902787,0
2017-06-22,21.514,21.868,21.411,21.622,4548963,0
2017-06-23,21.672,21.76,21.397,21.573,6598094,0
2017-06-26,21.642,21.975,21.642,21.77,5820839,0
2017-06-27,21.77,22.28,21.77,22.113,8043148,0
2017-06-28,22.192,22.368,21.975,22.074,5337514,0
2017-06-29,22.113,22.285,21.622,21.828,5556979,0
2017-06-30,21.838,21.997,21.6,21.819,7015486,0
2017-07-03,21.987,22.826,21.977,22.731,5578656,0
2017-07-05,22.692,23.059,22.563,22.9,6469204,0
2017-07-06,22.364,22.682,22.275,22.533,9885391,0
2017-07-07,22.592,22.781,22.444,22.463,6640979,0
2017-07-10,22.275,22.295,20.856,21.045,12799752,0
2017-07-11,21.035,21.174,20.871,21.035,6382531,0
2017-07-12,21.114,21.442,21.064,21.402,6077893,0
2017-07-13,21.521,22.9,21.412,22.602,14611787,0
2017-07-14,23.188,23.416,22.9,23.098,10325279,0
2017-07-17,22.989,23.476,22.92,23.178,4633413,0
2017-07-18,23.118,23.178,22.672,22.89,3226834,0
2017-07-19,22.979,23.178,22.841,23.108,2608673,0
2017-07-20,23.178,23.476,22.89,23.327,3546843,0
2017-07-21,23.287,23.664,23.108,23.595,5152319,0
2017-07-24,23.327,23.431,22.9,22.989,3835767,0
2017-07-25,23.198,24.034,23.149,23.783,4895960,0
2017-07-26,23.763,23.803,23.426,23.773,2870371,0
2017-07-27,23.783,24.125,23.634,24.071,4469596,0
2017-07-28,24.031,24.061,23.406,23.605,6030405,0
2017-07-31,23.704,23.734,23.446,23.644,11486999,0
2017-08-01,23.654,23.763,23.287,23.694,6461501,0
2017-08-02,23.575,23.694,23.074,23.237,4492714,0
2017-08-03,23.138,23.724,23.138,23.287,3674451,0
2017-08-04,23.466,23.743,23.386,23.684,2856144,0
2017-08-07,23.743,24.001,23.684,23.853,3339820,0
2017-08-08,24.081,24.676,24.051,24.388,5493740,0
2017-08-09,24.101,24.12,23.227,23.585,5757355,0
2017-08-10,23.357,23.357,22.791,22.87,5166894,0
2017-08-11,22.821,23.327,22.781,22.97,3718379,0
2017-08-14,23.208,23.297,22.821,22.92,4748089,0
2017-08-15,22.821,22.821,21.888,21.898,6975242,0
2017-08-16,22.404,22.721,22.315,22.394,5011628,0
2017-08-17,22.166,22.751,22.037,22.503,10051232,0
2017-08-18,22.821,23.714,21.868,22.473,18604777,0
2017-08-21,22.503,22.503,21.67,22.394,7947395,0
2017-08-22,22.553,22.87,22.334,22.781,4477794,0
2017-08-23,22.761,23.084,22.751,23.009,5570515,0
2017-08-24,23.386,23.823,23.039,23.128,6492323,0
2017-08-25,23.208,23.724,23.208,23.585,4502182,0
2017-08-28,23.624,23.684,23.118,23.208,3836755,0
2017-08-29,22.999,23.456,22.801,23.406,2974133,0
2017-08-30,23.327,23.436,23.208,23.297,2419669,0
2017-08-31,23.317,23.575,23.277,23.436,3529762,0
2017-09-01,23.724,24.15,23.664,24.061,3883128,0
2017-09-05,24.12,24.309,23.743,23.843,6050284,0
2017-09-06,24.13,25.703,24.111,25.619,13983086,0
2017-09-07,25.688,25.797,25.142,25.708,6277868,0
2017-09-08,25.658,25.728,25.083,25.5,5608293,0
2017-09-11,25.569,25.916,25.381,25.738,5955099,0
2017-09-12,26.323,27.861,25.996,27.395,14819863,0
2017-09-13,26.958,28.258,26.799,28,11119057,0
2017-09-14,27.96,28.104,27.375,27.583,6331807,0
2017-09-15,27.494,27.95,27.405,27.772,5110940,0
2017-09-18,27.782,27.99,27.464,27.682,4957991,0
2017-09-19,28.179,28.278,27.494,27.722,5634282,0
2017-09-20,27.732,27.94,27.34,27.782,4709731,0
2017-09-21,27.831,27.921,27.514,27.643,2766777,0
2017-09-22,27.623,28.268,27.558,28.139,5160735,0
2017-09-25,28.188,29.022,28.179,28.893,6185077,0
2017-09-26,28.933,29.33,28.843,29.081,3702175,0
2017-09-27,29.141,29.538,28.883,29.468,4661538,0
2017-09-28,29.339,29.488,29.012,29.29,3385993,0
2017-09-29,29.379,29.449,29.057,29.3,3458845,0
2017-10-02,29.091,29.339,28.427,29.27,5794308,0
2017-10-03,29.36,29.46,28.71,28.96,3446461,0
2017-10-04,29.04,29.7,28.855,28.99,5215515,0
2017-10-05,28.9,29.69,28.8,29.58,4591947,0
2017-10-06,29.26,29.64,29.17,29.39,4272982,0
2017-10-09,29.41,29.465,28.68,28.73,5062362,0
2017-10-10,28.75,29.26,28.44,28.7,5066576,0
2017-10-11,28.76,28.76,28.23,28.42,4419398,0
2017-10-12,28.11,28.38,27.17,27.21,8962792,0
2017-10-13,27.45,27.93,27.17,27.25,7549540,0
2017-10-16,26.77,27.36,26.53,27.2,7391328,0
2017-10-17,27.2,27.2,26.25,26.55,7262511,0
2017-10-18,26.55,26.89,26.17,26.66,4986325,0
2017-10-19,26.45,26.77,26.26,26.61,6612265,0
2017-10-20,26.88,27.055,26.62,26.96,5875408,0
2017-10-23,27.04,27.74,26.81,27.2,7572544,0
2017-10-24,27.21,27.4,26.925,27.18,3563137,0
2017-10-25,27.03,27.265,26.36,27.11,5552945,0
2017-10-26,27.26,27.635,26.865,27.28,3681047,0
2017-10-27,26.75,26.83,26.25,26.68,5716514,0
2017-10-30,26.63,26.63,25.75,26.08,5750383,0
2017-10-31,26.05,26.32,25.98,25.99,3936856,0
2017-11-01,26.11,26.315,25.72,25.98,3563057,0
2017-11-02,26.19,26.61,26.11,26.45,5087655,0
2017-11-03,26.28,26.64,26.08,26.38,3322222,0
2017-11-06,26.48,26.69,26.01,26.06,3217345,0
2017-11-07,26.09,26.11,25.36,25.71,3924971,0
2017-11-08,25.47,25.9,25.41,25.67,4115089,0
2017-11-09,25.49,26.64,25.43,26.35,4383616,0
2017-11-10,26.35,27.44,26.35,27.23,6373137,0
