2016-01-04,9.2361,9.2719,9.1543,9.2265,23938,0
2016-01-05,9.2361,9.309,9.2361,9.2719,13132,0
2016-01-06,9.1443,9.2458,9.1168,9.1543,34393,0
2016-01-07,8.9981,9.0996,8.9616,8.9616,53142,0
2016-01-08,9.035,9.0436,8.8796,8.9072,40927,0
2016-01-11,8.9072,8.9362,8.7788,8.8249,79122,0
2016-01-12,8.898,8.9249,8.7424,8.8608,31042,0
2016-01-13,8.8796,8.8796,8.5869,8.6508,48598,0
2016-01-14,8.6873,8.7607,8.6051,8.7607,36155,0
2016-01-15,8.5959,8.6417,8.3767,8.4588,67626,0
2016-01-19,8.5228,8.6234,8.3307,8.3767,48772,0
2016-01-20,8.2851,8.2893,7.9375,8.2119,103413,0
2016-01-21,8.2028,8.4406,8.1748,8.2485,29778,0
2016-01-22,8.3216,8.4588,8.3216,8.4223,56343,0
2016-01-25,8.4131,8.4681,8.3034,8.3034,52384,0
2016-01-26,8.349,8.4315,8.3307,8.3947,93808,0
2016-01-27,8.3857,8.4862,8.3072,8.3307,29758,0
2016-01-28,8.4495,8.4495,8.2485,8.2759,52253,0
2016-01-29,8.2851,8.4495,8.2851,8.4406,29945,0
2016-02-01,8.4223,8.5869,8.4223,8.5504,49286,0
2016-02-02,8.5504,8.5733,8.4771,8.4771,59629,0
2016-02-03,8.5411,8.659,8.4588,8.6508,46087,0
2016-02-04,8.6051,8.7149,8.6051,8.66,32103,0
2016-02-05,8.66,8.7058,8.4495,8.4681,57647,0
2016-02-08,8.4131,8.4131,8.2302,8.3307,45866,0
2016-02-09,8.221,8.4223,8.1754,8.2485,60025,0
2016-02-10,8.3307,8.4314,8.3034,8.3034,30157,0
2016-02-11,8.1844,8.2394,8.1287,8.1937,38875,0
2016-02-12,8.2119,8.2943,8.2119,8.2485,60517,0
2016-02-16,8.3307,8.4588,8.3216,8.4039,59102,0
2016-02-17,8.4862,8.6417,8.4862,8.6326,41655,0
2016-02-18,8.6417,8.6965,8.6144,8.66,23889,0
2016-02-19,8.6417,8.6873,8.5786,8.6234,40113,0
2016-02-22,8.7058,8.8341,8.7058,8.7725,49614,0
2016-02-23,8.7515,8.7788,8.6873,8.7058,26226,0
2016-02-24,8.6417,8.7393,8.6144,8.724,29639,0
2016-02-25,8.724,8.8515,8.724,8.8515,20895,0
2016-02-26,8.9249,8.9616,8.9127,8.9343,24048,0
2016-02-29,8.9531,8.9531,8.8433,8.8433,25688,0
2016-03-01,8.8702,8.9887,8.8451,8.9343,35920,0
2016-03-02,8.9436,9.035,8.9436,9.0169,39391,0
2016-03-03,9.035,9.0531,8.9933,9.0531,34329,0
2016-03-04,9.0436,9.1443,8.9981,9.0901,29655,0
2016-03-07,9.0265,9.1443,8.9887,9.0901,54218,0
2016-03-08,9.0901,9.1168,9.0265,9.0265,19016,0
2016-03-09,9.0712,9.0996,9.0531,9.0893,26195,0
2016-03-10,9.0616,9.1349,9.0265,9.0436,31310,0
2016-03-11,9.1263,9.1725,9.1263,9.1629,24902,0
2016-03-14,9.1725,9.2092,9.0893,9.1745,48465,0
2016-03-15,9.0986,9.1253,9.0417,9.0798,21885,0
2016-03-16,8.9962,9.0493,8.9222,9.0341,44687,0
2016-03-17,9.0417,9.0417,8.9596,8.9867,73473,0
2016-03-18,8.9962,9.0788,8.9962,9.0512,79769,0
2016-03-21,9.0247,9.1158,9.015,9.0702,60039,0
2016-03-22,9.015,9.1543,9.015,9.1543,43406,0
2016-03-23,9.0986,9.1629,9.0512,9.0893,34898,0
2016-03-24,9.0893,9.1443,9.0417,9.0417,74785,0
2016-03-28,9.0417,9.1044,9.0056,9.015,39995,0
2016-03-29,9.0341,9.1102,8.9962,9.0702,43301,0
2016-03-30,9.1629,9.2092,9.1263,9.1349,60977,0
2016-03-31,9.1349,9.2467,9.1158,9.1443,61812,0
2016-04-01,9.0607,9.2274,9.0607,9.2274,34135,0
2016-04-04,9.2092,9.2836,9.2092,9.2467,29228,0
2016-04-05,9.2188,9.2188,9.1349,9.1349,85615,0
2016-04-06,9.1158,9.3109,9.1158,9.3011,42542,0
2016-04-07,9.2836,9.3285,9.2467,9.2506,37813,0
2016-04-08,9.3305,9.3363,9.2371,9.2467,34409,0
2016-04-11,9.2836,9.3061,9.1629,9.1812,33317,0
2016-04-12,9.1443,9.2467,9.1443,9.2399,44603,0
2016-04-13,9.2467,9.3392,9.2467,9.3011,58344,0
2016-04-14,9.3011,9.3061,9.265,9.265,39711,0
2016-04-15,9.2563,9.265,9.1725,9.2467,32842,0
2016-04-18,9.2563,9.348,9.1841,9.3129,52052,0
2016-04-19,9.3109,9.4048,9.3109,9.3577,53404,0
2016-04-20,9.3851,9.4493,9.3305,9.4315,46898,0
2016-04-21,9.3851,9.4493,9.3753,9.4226,34155,0
2016-04-22,9.4137,9.4493,9.3753,9.4493,37139,0
2016-04-25,9.4315,9.4404,9.3851,9.4137,41897,0
2016-04-26,9.4404,9.4493,9.4137,9.4305,35281,0
2016-04-27,9.4404,9.4967,9.4315,9.4404,34276,0
2016-04-28,9.4404,9.4967,9.4137,9.469,67097,0
2016-04-29,9.4315,9.4591,9.3207,9.3753,24948,0
2016-05-02,9.3851,9.4591,9.3753,9.4226,32704,0
2016-05-03,9.395,9.4493,9.3753,9.4493,27871,0
2016-05-04,9.348,9.4493,9.3207,9.4404,98818,0
2016-05-05,9.4493,9.469,9.395,9.4591,62870,0
2016-05-06,9.4315,9.4927,9.4187,9.4878,31348,0
2016-05-09,9.4967,9.572,9.4967,9.533,30598,0
2016-05-10,9.607,9.671,9.543,9.597,46745,0
2016-05-11,9.627,9.645,9.562,9.636,37601,0
2016-05-12,9.627,9.627,9.348,9.4591,78395,0
2016-05-13,9.4967,9.523,9.4493,9.4503,13331,0
2016-05-16,9.4789,9.514,9.4493,9.4967,43671,0
2016-05-17,9.4404,9.505,9.4226,9.4404,30583,0
2016-05-18,9.4315,9.4898,9.348,9.4878,46752,0
2016-05-19,9.4591,9.523,9.3851,9.4591,54835,0
2016-05-20,9.4878,9.523,9.4591,9.469,26680,0
2016-05-23,9.4789,9.543,9.4789,9.4967,45979,0
2016-05-24,9.543,9.572,9.4977,9.572,33161,0
2016-05-25,9.562,9.681,9.533,9.572,42598,0
2016-05-26,9.607,9.645,9.546,9.589,38312,0
2016-05-27,9.58,9.728,9.58,9.728,28673,0
2016-05-31,9.793,9.793,9.645,9.645,44599,0
2016-06-01,9.654,9.812,9.654,9.802,78937,0
2016-06-02,9.765,9.922,9.728,9.886,45339,0
2016-06-03,9.877,9.877,9.821,9.848,38506,0
2016-06-06,9.877,9.922,9.877,9.922,28681,0
2016-06-07,9.922,10.053,9.877,10.025,60837,0
2016-06-08,10.07,10.145,9.986,10.136,61347,0
2016-06-09,10.117,10.136,9.867,10.006,62104,0
2016-06-10,9.941,9.979,9.849,9.858,34821,0
2016-06-13,9.849,9.932,9.746,9.746,44795,0
2016-06-14,9.765,9.83,9.69,9.71,30615,0
2016-06-15,9.784,9.822,9.7,9.738,34756,0
2016-06-16,9.71,9.745,9.645,9.71,26675,0
2016-06-17,9.69,9.728,9.625,9.625,31670,0
2016-06-20,9.746,9.897,9.746,9.775,31019,0
2016-06-21,9.84,9.84,9.755,9.805,20370,0
2016-06-22,9.822,10.047,9.755,9.822,61457,0
2016-06-23,9.869,9.915,9.84,9.888,48855,0
2016-06-24,9.653,9.784,9.578,9.662,120241,0
2016-06-27,9.55,9.587,9.4374,9.4848,46193,0
2016-06-28,9.54,9.69,9.54,9.68,38364,0
2016-06-29,9.738,9.999,9.738,9.888,60727,0
2016-06-30,9.944,10.074,9.878,10.009,53803,0
2016-07-01,10.084,10.141,10.038,10.057,34203,0
2016-07-05,10.057,10.074,9.999,10.047,41649,0
2016-07-06,9.944,10.122,9.944,10.057,46054,0
2016-07-07,10.159,10.206,10.038,10.094,48280,0
2016-07-08,10.169,10.291,10.169,10.234,37758,0
2016-07-11,10.291,10.376,10.234,10.281,56243,0
2016-07-12,10.441,10.441,10.271,10.366,105358,0
2016-07-13,10.469,10.469,10.234,10.271,61475,0
2016-07-14,10.469,10.469,10.319,10.366,49755,0
2016-07-15,10.421,10.469,10.346,10.412,33860,0
2016-07-18,10.478,10.478,10.346,10.404,50979,0
2016-07-19,10.441,10.441,10.331,10.394,39862,0
2016-07-20,10.404,10.496,10.388,10.441,55559,0
2016-07-21,10.487,10.506,10.412,10.421,35936,0
2016-07-22,10.366,10.46,10.366,10.412,37246,0
2016-07-25,10.431,10.469,10.412,10.469,20406,0
2016-07-26,10.496,10.496,10.431,10.478,37179,0
2016-07-27,10.431,10.441,10.393,10.421,49423,0
2016-07-28,10.441,10.441,10.376,10.412,19499,0
2016-07-29,10.451,10.46,10.366,10.46,31987,0
2016-08-01,10.431,10.46,10.394,10.46,46852,0
2016-08-02,10.421,10.421,10.309,10.385,104933,0
2016-08-03,10.356,10.441,10.291,10.421,57992,0
2016-08-04,10.478,10.506,10.378,10.506,52602,0
2016-08-05,10.506,10.516,10.478,10.496,40013,0
2016-08-08,10.516,10.545,10.506,10.506,37261,0
2016-08-09,10.545,10.611,10.531,10.553,60638,0
2016-08-10,10.619,10.619,10.487,10.516,30046,0
2016-08-11,10.536,10.553,10.421,10.496,21738,0
2016-08-12,10.478,10.524,10.46,10.487,20700,0
2016-08-15,10.526,10.553,10.488,10.553,33449,0
2016-08-16,10.526,10.571,10.451,10.536,73679,0
2016-08-17,10.496,10.496,10.385,10.412,36522,0
2016-08-18,10.394,10.45,10.346,10.366,42867,0
2016-08-19,10.346,10.376,10.309,10.329,35222,0
2016-08-22,10.346,10.412,10.309,10.404,16912,0
2016-08-23,10.412,10.478,10.366,10.385,26363,0
2016-08-24,10.431,10.431,10.271,10.309,23931,0
2016-08-25,10.338,10.338,10.189,10.206,49887,0
2016-08-26,10.254,10.346,10.188,10.263,30740,0
2016-08-29,10.281,10.394,10.244,10.338,43739,0
2016-08-30,10.366,10.366,10.179,10.234,39205,0
2016-08-31,10.263,10.356,10.169,10.206,26851,0
2016-09-01,10.197,10.309,10.197,10.263,29152,0
2016-09-02,10.319,10.319,10.271,10.3,15105,0
2016-09-06,10.366,10.366,10.3,10.319,16651,0
2016-09-07,10.366,10.381,10.271,10.309,16064,0
2016-09-08,10.346,10.366,10.263,10.309,29153,0
2016-09-09,10.244,10.346,10.084,10.122,37531,0
2016-09-12,10.029,10.122,9.977,10.095,39041,0
2016-09-13,10.047,10.047,9.69,9.915,48659,0
2016-09-14,9.944,9.96,9.878,9.897,19635,0
2016-09-15,9.878,9.954,9.868,9.944,27235,0
2016-09-16,9.99,9.99,9.858,9.934,26581,0
2016-09-19,10.01,10.059,9.897,9.897,23045,0
2016-09-20,9.99,10.058,9.973,10.04,48614,0
2016-09-21,10.066,10.083,9.973,10.066,19123,0
2016-09-22,10.086,10.143,10.01,10.143,55785,0
2016-09-23,10.125,10.183,10.062,10.134,27136,0
2016-09-26,10.134,10.258,10.08,10.125,47607,0
2016-09-27,10.116,10.2,10.076,10.2,18205,0
2016-09-28,10.2,10.2,10.059,10.106,23320,0
2016-09-29,10.116,10.143,9.934,9.934,32549,0
2016-09-30,9.924,9.968,9.839,9.888,123920,0
2016-10-03,9.924,9.924,9.888,9.905,26204,0
2016-10-04,9.897,9.915,9.897,9.898,42511,0
2016-10-05,9.954,9.96,9.888,9.905,27442,0
2016-10-06,9.878,9.905,9.868,9.878,25167,0
2016-10-07,9.897,9.915,9.868,9.868,15760,0
2016-10-10,9.897,9.939,9.878,9.878,12377,0
2016-10-11,9.888,9.93,9.753,9.763,35402,0
2016-10-12,9.736,9.851,9.736,9.745,21166,0
2016-10-13,9.687,9.707,9.641,9.653,34200,0
2016-10-14,9.668,9.781,9.631,9.66,11478,0
2016-10-17,9.641,9.642,9.545,9.555,29972,0
2016-10-18,9.592,9.615,9.565,9.574,17993,0
2016-10-19,9.584,9.697,9.565,9.641,24226,0
2016-10-20,9.611,9.81,9.601,9.611,15438,0
2016-10-21,9.611,9.677,9.555,9.555,13702,0
2016-10-24,9.592,9.606,9.4888,9.4888,46407,0
2016-10-25,9.4789,9.584,9.4789,9.555,60218,0
2016-10-26,9.4986,9.535,9.3831,9.4591,121131,0
2016-10-27,9.4127,9.4127,9.3265,9.3558,71167,0
2016-10-28,9.2797,9.3071,9.2313,9.2506,114865,0
2016-10-31,9.2506,9.3071,9.2226,9.2797,33932,0
2016-11-01,9.2033,9.213,9.1177,9.1367,93253,0
2016-11-02,9.0607,9.1364,8.9467,8.9611,49374,0
2016-11-03,8.9657,9.037,8.9087,8.9278,41297,0
2016-11-04,8.8612,8.8898,8.8233,8.8328,66994,0
2016-11-07,8.8992,8.9942,8.8328,8.9087,44072,0
2016-11-08,8.8898,9.0874,8.7663,8.8804,87193,0
2016-11-09,9.0512,9.2699,8.9467,9.1938,179898,0
2016-11-10,9.213,9.2885,9.0741,9.2699,56396,0
2016-11-11,9.1841,9.2226,9.1177,9.2226,66589,0
2016-11-14,9.2409,9.2409,9.1648,9.2033,38341,0
2016-11-15,9.2313,9.2602,9.1648,9.2033,82237,0
2016-11-16,9.1648,9.2699,9.1648,9.2409,22320,0
2016-11-17,9.2895,9.2895,9.2033,9.2033,17798,0
2016-11-18,9.2409,9.2467,9.1552,9.1562,19468,0
2016-11-21,9.1177,9.2005,9.1177,9.1754,22466,0
2016-11-22,9.213,9.2895,9.1687,9.2797,46246,0
2016-11-23,9.2033,9.2506,9.1938,9.1956,23380,0
2016-11-25,9.2506,9.2973,9.2015,9.2506,23560,0
2016-11-28,9.1938,9.2602,9.1415,9.1851,20033,0
2016-11-29,9.1552,9.213,9.1552,9.1889,20197,0
2016-11-30,9.1745,9.2226,8.9562,8.9657,40736,0
2016-12-01,8.9942,9.0368,8.8804,8.9753,43341,0
2016-12-02,8.9753,9.0893,8.9753,9.0893,33078,0
2016-12-05,9.0893,9.0893,8.9753,8.9849,60064,0
2016-12-06,8.9183,9.0512,8.9183,9.0512,53207,0
2016-12-07,9.003,9.1572,8.9549,9.109,65546,0
2016-12-08,9.1187,9.1187,8.9067,8.9645,90905,0
2016-12-09,8.9549,9.0416,8.9549,9.0127,48049,0
2016-12-12,9.003,9.109,9.003,9.0416,77232,0
2016-12-13,9.0416,9.1379,9.032,9.1187,119974,0
2016-12-14,9.0993,9.1282,8.9454,9.032,67709,0
2016-12-15,9.003,9.0993,8.9164,9.0801,128426,0
2016-12-16,9.0127,9.0801,9.003,9.0512,57129,0
2016-12-19,9.0898,9.1379,9.0127,9.0801,127779,0
2016-12-20,9.0898,9.1282,9.0705,9.0957,82393,0
2016-12-21,9.0416,9.1475,9.0416,9.0801,105551,0
2016-12-22,9.0801,9.1861,9.0801,9.1475,70121,0
2016-12-23,9.1475,9.2053,9.1475,9.1668,52307,0
2016-12-27,9.2535,9.263,9.1861,9.2053,47122,0
2016-12-28,9.1668,9.1956,9.1282,9.1282,48819,0
2016-12-29,9.1282,9.1861,9.0991,9.109,48219,0
2016-12-30,9.0898,9.1378,8.9934,9.0857,102383,0
2017-01-03,9.1764,9.263,9.1187,9.2149,66598,0
2017-01-04,9.2245,9.3051,9.2078,9.2924,68751,0
2017-01-05,9.3109,9.3109,9.2438,9.3109,62016,0
2017-01-06,9.3109,9.388,9.2865,9.3402,53006,0
2017-01-09,9.3499,9.3695,9.3402,9.3597,37696,0
2017-01-10,9.3695,9.3979,9.3402,9.3979,79757,0
2017-01-11,9.388,9.4838,9.3499,9.4177,81980,0
2017-01-12,9.388,9.3999,9.3597,9.3783,61276,0
2017-01-13,9.3597,9.4256,9.3597,9.388,35026,0
2017-01-17,9.4177,9.4177,9.3597,9.388,57947,0
2017-01-18,9.388,9.388,9.3207,9.3207,84123,0
2017-01-19,9.2827,9.3597,9.2827,9.3207,45131,0
2017-01-20,9.2827,9.3402,9.2827,9.3109,22363,0
2017-01-23,9.3011,9.3207,9.2438,9.2729,40627,0
2017-01-24,9.1956,9.3011,9.1956,9.2924,42785,0
2017-01-25,9.3109,9.3979,9.3109,9.3305,38833,0
2017-01-26,9.3402,9.3783,9.3305,9.3402,36962,0
2017-01-27,9.3402,9.3499,9.3207,9.3499,26072,0
2017-01-30,9.3402,9.3402,9.2631,9.3011,38279,0
2017-01-31,9.2535,9.388,9.2535,9.388,34244,0
2017-02-01,9.4177,9.4453,9.388,9.4364,45396,0
2017-02-02,9.4266,9.4651,9.395,9.4177,50644,0
2017-02-03,9.4177,9.4848,9.388,9.4364,55374,0
2017-02-06,9.4364,9.4749,9.4078,9.4453,43677,0
2017-02-07,9.4177,9.4937,9.4177,9.4552,29143,0
2017-02-08,9.4651,9.4977,9.4552,9.4749,30127,0
2017-02-09,9.4947,9.562,9.4947,9.562,41747,0
2017-02-10,9.582,9.599,9.532,9.597,97103,0
2017-02-13,9.599,9.686,9.582,9.668,45069,0
2017-02-14,9.639,9.676,9.59,9.659,33250,0
2017-02-15,9.659,9.773,9.659,9.773,58015,0
2017-02-16,9.753,9.783,9.686,9.686,31790,0
2017-02-17,9.629,9.717,9.629,9.639,40327,0
2017-02-21,9.649,9.86,9.649,9.83,137867,0
2017-02-22,9.822,9.86,9.803,9.83,72348,0
2017-02-23,9.899,9.907,9.773,9.822,59472,0
2017-02-24,9.86,9.899,9.822,9.89,61257,0
2017-02-27,9.84,9.867,9.773,9.822,105426,0
2017-02-28,9.793,9.822,9.793,9.793,38144,0
2017-03-01,9.84,9.89,9.83,9.88,53502,0
2017-03-02,9.83,9.83,9.763,9.763,77752,0
2017-03-03,9.773,9.822,9.773,9.803,53417,0
2017-03-06,9.773,9.825,9.736,9.763,67767,0
2017-03-07,9.726,9.754,9.689,9.706,40488,0
2017-03-08,9.706,9.783,9.699,9.726,41599,0
2017-03-09,9.676,9.773,9.676,9.753,50362,0
2017-03-10,9.783,9.784,9.726,9.753,28684,0
2017-03-13,9.745,9.822,9.736,9.763,16518,0
2017-03-14,9.696,9.736,9.696,9.706,38865,0
2017-03-15,9.754,9.842,9.726,9.832,43007,0
2017-03-16,9.832,9.852,9.806,9.852,15177,0
2017-03-17,9.832,9.93,9.814,9.93,31512,0
2017-03-20,9.902,9.902,9.814,9.824,26226,0
2017-03-21,9.832,9.892,9.745,9.754,74580,0
2017-03-22,9.745,9.882,9.686,9.696,38028,0
2017-03-23,9.686,9.794,9.686,9.736,76875,0
2017-03-24,9.804,9.804,9.696,9.736,40331,0
2017-03-27,9.736,9.804,9.706,9.774,44855,0
2017-03-28,9.754,9.847,9.678,9.696,96869,0
2017-03-29,9.696,9.745,9.676,9.686,46889,0
2017-03-30,9.676,9.764,9.658,9.726,60266,0
2017-03-31,9.716,9.764,9.716,9.745,43392,0
2017-04-03,9.736,9.759,9.696,9.706,37234,0
2017-04-04,9.716,9.716,9.686,9.706,20624,0
2017-04-05,9.716,9.764,9.676,9.686,35448,0
2017-04-06,9.676,9.736,9.676,9.706,38827,0
2017-04-07,9.716,9.754,9.716,9.754,32906,0
2017-04-10,9.754,9.794,9.754,9.794,45488,0
2017-04-11,9.764,9.778,9.726,9.745,75180,0
2017-04-12,9.754,9.794,9.751,9.774,63870,0
2017-04-13,9.764,9.804,9.754,9.764,42353,0
2017-04-17,9.764,9.824,9.764,9.804,58187,0
2017-04-18,9.804,9.852,9.764,9.832,75055,0
2017-04-19,9.842,9.872,9.826,9.842,67160,0
2017-04-20,9.852,9.94,9.852,9.93,37926,0
2017-04-21,9.998,9.998,9.872,9.902,29915,0
2017-04-24,9.95,9.98,9.902,9.93,89600,0
2017-04-25,9.94,10.086,9.94,9.97,78712,0
2017-04-26,9.96,10.018,9.96,9.988,54212,0
2017-04-27,9.988,10.008,9.96,9.988,39231,0
2017-04-28,9.998,10.001,9.97,9.98,23405,0
2017-05-01,9.97,10.076,9.97,10.028,97743,0
2017-05-02,10.048,10.048,10.018,10.048,38813,0
2017-05-03,10.048,10.106,10.048,10.106,62744,0
2017-05-04,10.136,10.136,10.066,10.096,41040,0
2017-05-05,10.106,10.118,10.076,10.076,29963,0
2017-05-08,10.076,10.097,10.066,10.077,31829,0
2017-05-09,10.086,10.086,10.047,10.058,25325,0
2017-05-10,10.038,10.096,10.038,10.066,37403,0
2017-05-11,10.066,10.204,10.066,10.184,44817,0
2017-05-12,10.194,10.214,10.164,10.174,70150,0
2017-05-15,10.164,10.21,10.164,10.194,21091,0
2017-05-16,10.184,10.192,10.076,10.086,31985,0
2017-05-17,10.038,10.052,9.92,9.998,85039,0
2017-05-18,9.998,10.049,9.98,9.998,38501,0
2017-05-19,10.008,10.116,10.008,10.096,47206,0
2017-05-22,10.164,10.214,10.136,10.204,50758,0
2017-05-23,10.204,10.204,10.174,10.184,9053,0
2017-05-24,10.154,10.252,10.136,10.252,32725,0
2017-05-25,10.204,10.282,10.204,10.252,19452,0
2017-05-26,10.214,10.272,10.214,10.26,32246,0
2017-05-30,10.252,10.252,10.223,10.223,21553,0
2017-05-31,10.223,10.31,10.194,10.282,27959,0
2017-06-01,10.252,10.37,10.232,10.37,24260,0
2017-06-02,10.428,10.438,10.388,10.418,8537,0
2017-06-05,10.33,10.428,10.33,10.428,45966,0
2017-06-06,10.379,10.418,10.36,10.398,30676,0
2017-06-07,10.37,10.398,10.37,10.398,13720,0
2017-06-08,10.388,10.422,10.37,10.422,13501,0
2017-06-09,10.398,10.448,10.398,10.418,13242,0
2017-06-12,10.388,10.438,10.36,10.438,20133,0
2017-06-13,10.379,10.435,10.36,10.426,24933,0
2017-06-14,10.497,10.655,10.457,10.509,87324,0
2017-06-15,10.319,10.456,10.319,10.398,34624,0
2017-06-16,10.349,10.394,10.329,10.394,50334,0
2017-06-19,10.418,10.546,10.378,10.546,33250,0
2017-06-20,10.497,10.566,10.477,10.477,27837,0
2017-06-21,10.487,10.556,10.487,10.517,32156,0
2017-06-22,10.536,10.635,10.536,10.615,58625,0
2017-06-23,10.615,10.639,10.556,10.606,45118,0
2017-06-26,10.625,10.721,10.601,10.685,49798,0
2017-06-27,10.685,10.694,10.615,10.615,25199,0
2017-06-28,10.625,10.833,10.625,10.783,86819,0
2017-06-29,10.783,10.813,10.615,10.685,43841,0
2017-06-30,10.655,10.724,10.655,10.714,25605,0
2017-07-03,10.685,10.729,10.635,10.635,13546,0
2017-07-05,10.635,10.639,10.586,10.615,23336,0
2017-07-06,10.615,10.615,10.507,10.517,68758,0
2017-07-07,10.517,10.606,10.507,10.556,42915,0
2017-07-10,10.566,10.566,10.507,10.527,37093,0
2017-07-11,10.497,10.527,10.467,10.467,38256,0
2017-07-12,10.556,10.567,10.487,10.517,22640,0
2017-07-13,10.497,10.596,10.487,10.546,22120,0
2017-07-14,10.536,10.596,10.526,10.586,16963,0
2017-07-17,10.586,10.632,10.517,10.546,22793,0
2017-07-18,10.507,10.546,10.487,10.546,20335,0
2017-07-19,10.556,10.615,10.556,10.586,44384,0
2017-07-20,10.566,10.645,10.556,10.606,38178,0
2017-07-21,10.586,10.614,10.556,10.576,57999,0
2017-07-24,10.576,10.611,10.556,10.566,35963,0
2017-07-25,10.586,10.606,10.556,10.606,42318,0
2017-07-26,10.566,10.586,10.527,10.547,81781,0
2017-07-27,10.566,10.576,10.467,10.467,39545,0
2017-07-28,10.448,10.477,10.428,10.457,40771,0
2017-07-31,10.457,10.517,10.457,10.497,24560,0
2017-08-01,10.477,10.487,10.457,10.467,20925,0
2017-08-02,10.428,10.438,10.398,10.403,50252,0
2017-08-03,10.398,10.428,10.369,10.378,65230,0
2017-08-04,10.388,10.388,10.309,10.319,39418,0
2017-08-07,10.309,10.319,10.24,10.309,52802,0
2017-08-08,10.24,10.339,10.24,10.27,85471,0
2017-08-09,10.23,10.26,10.211,10.24,42352,0
2017-08-10,10.181,10.211,9.875,10.122,121735,0
2017-08-11,10.072,10.211,10.023,10.191,71810,0
2017-08-14,10.201,10.25,10.201,10.25,43178,0
2017-08-15,10.23,10.28,10.211,10.23,18206,0
2017-08-16,10.221,10.275,10.201,10.221,30466,0
2017-08-17,10.102,10.201,10.063,10.151,60017,0
2017-08-18,10.122,10.122,10.043,10.112,25696,0
2017-08-21,10.033,10.102,10.033,10.102,26439,0
2017-08-22,10.072,10.171,10.072,10.151,33533,0
2017-08-23,10.142,10.142,10.092,10.132,25486,0
2017-08-24,10.112,10.122,10.013,10.063,111965,0
2017-08-25,10.033,10.102,10.013,10.063,70314,0
2017-08-28,10.082,10.112,10.043,10.102,52044,0
2017-08-29,10.092,10.092,10.023,10.072,30934,0
2017-08-30,10.053,10.092,10.033,10.082,44087,0
2017-08-31,10.082,10.161,10.082,10.161,41415,0
2017-09-01,10.142,10.207,10.122,10.171,46291,0
2017-09-05,10.171,10.189,10.053,10.102,58042,0
2017-09-06,10.112,10.122,10.063,10.112,38529,0
2017-09-07,10.122,10.201,10.092,10.191,47234,0
2017-09-08,10.122,10.209,10.082,10.181,33749,0
2017-09-11,10.211,10.28,10.211,10.27,76697,0
2017-09-12,10.24,10.29,10.191,10.26,39198,0
2017-09-13,10.24,10.27,10.23,10.26,39857,0
2017-09-14,10.18,10.23,10.15,10.21,42904,0
2017-09-15,10.19,10.225,10.15,10.21,32995,0
2017-09-18,10.22,10.29,10.22,10.28,120329,0
2017-09-19,10.26,10.26,10.14,10.18,90075,0
2017-09-20,10.19,10.19,10.05,10.15,109374,0
2017-09-21,10.11,10.1203,10.0563,10.1,60228,0
2017-09-22,10.07,10.13,10.055,10.09,55630,0
2017-09-25,10.09,10.13,10.08,10.13,81495,0
2017-09-26,10.13,10.14,10.1,10.1,77274,0
2017-09-27,10.1,10.13,10.05,10.09,124966,0
2017-09-28,10.01,10.14,10.01,10.12,38633,0
2017-09-29,10.07,10.149,10.06,10.11,66564,0
2017-10-02,10.11,10.1983,10.1,10.16,91912,0
2017-10-03,10.2,10.24,10.16,10.22,89345,0
2017-10-04,10.17,10.24,10.16,10.2,101679,0
2017-10-05,10.2,10.2768,10.18,10.26,28893,0
2017-10-06,10.22,10.2732,10.2,10.27,19289,0
2017-10-09,10.25,10.25,10.15,10.15,36950,0
2017-10-10,10.12,10.13,10.06,10.1,101596,0
2017-10-11,10.12,10.12,10.08,10.09,120814,0
2017-10-12,10.07,10.15,10.07,10.1,64553,0
2017-10-13,10.09,10.14,10.06,10.1,44381,0
2017-10-16,10.07,10.12,10.05,10.1,181294,0
2017-10-17,10.2,10.2208,10.13,10.22,97220,0
2017-10-18,10.22,10.25,10.14,10.14,67674,0
2017-10-19,10.12,10.16,10.11,10.14,31445,0
2017-10-20,10.15,10.1759,10.1,10.12,55926,0
2017-10-23,10.14,10.16,10.1,10.101,39212,0
2017-10-24,10.08,10.11,10.03,10.03,105104,0
2017-10-25,10.03,10.0392,9.97,9.97,55479,0
2017-10-26,9.97,10.04,9.91,9.92,49741,0
2017-10-27,9.91,9.98,9.9,9.97,34965,0
2017-10-30,9.95,9.95,9.8501,9.86,64977,0
2017-10-31,9.86,9.919,9.86,9.86,56139,0
2017-11-01,9.92,9.92,9.85,9.87,50225,0
2017-11-02,9.83,9.84,9.65,9.65,96658,0
2017-11-03,9.65,9.7199,9.65,9.65,70863,0
2017-11-06,9.59,9.6293,9.52,9.53,301209,0
2017-11-07,9.5,9.53,9.5,9.52,144811,0
2017-11-08,9.5,9.585,9.5,9.56,111281,0
2017-11-09,9.53,9.5999,9.53,9.59,123171,0
2017-11-10,9.57,9.584,9.54,9.58,53307,0
