2016-01-04,16.839,16.994,16.221,16.956,334184,0
2016-01-05,17.101,17.29,16.886,17.236,223639,0
2016-01-06,17.111,17.273,17.003,17.119,351852,0
2016-01-07,16.931,16.988,16.498,16.714,328366,0
2016-01-08,16.759,16.965,16.57,16.57,213359,0
2016-01-11,16.633,16.769,16.301,16.479,186102,0
2016-01-12,16.57,16.839,15.868,16.128,304539,0
2016-01-13,16.147,16.219,15.499,15.588,360366,0
2016-01-14,15.615,16.099,15.237,15.786,224422,0
2016-01-15,15.398,15.571,15.02,15.435,299386,0
2016-01-19,15.652,15.652,15.059,15.219,244853,0
2016-01-20,14.948,15.273,14.13,15.102,416416,0
2016-01-21,15.093,15.462,14.914,14.948,237206,0
2016-01-22,15.227,15.716,14.967,15.707,268378,0
2016-01-25,15.588,15.786,15.21,15.247,181102,0
2016-01-26,15.336,15.516,14.948,15.481,128551,0
2016-01-27,15.398,15.615,15.059,15.165,182264,0
2016-01-28,15.364,15.571,15.282,15.481,127438,0
2016-01-29,15.534,16.236,15.534,16.164,308678,0
2016-02-01,16.074,16.111,15.769,15.994,162579,0
2016-02-02,15.796,16.003,15.668,15.84,146547,0
2016-02-03,15.76,16.084,15.552,15.644,201750,0
2016-02-04,15.644,15.885,15.39,15.534,147060,0
2016-02-05,15.534,15.534,14.967,15.3,281426,0
2016-02-08,15.155,15.948,15.011,15.859,385315,0
2016-02-09,15.588,16.029,15.525,15.644,215760,0
2016-02-10,15.615,16.119,15.571,15.697,126628,0
2016-02-11,15.435,15.677,15.247,15.598,143472,0
2016-02-12,15.76,15.76,15.345,15.634,108417,0
2016-02-16,15.769,16.066,15.644,16.048,98411,0
2016-02-17,16.164,16.301,16.011,16.219,171022,0
2016-02-18,16.236,16.301,15.823,16.182,118609,0
2016-02-19,16.164,16.201,15.731,15.84,197574,0
2016-02-22,15.932,16.147,15.803,16.048,204871,0
2016-02-23,16.029,16.048,15.309,15.327,216933,0
2016-02-24,15.237,15.724,15.201,15.561,285333,0
2016-02-25,15.624,16.111,15.525,16.084,145506,0
2016-02-26,15.571,15.985,15.39,15.75,234061,0
2016-02-29,15.716,15.903,15.58,15.859,212786,0
2016-03-01,15.948,16.019,15.677,15.823,131506,0
2016-03-02,15.803,16.249,15.75,16.229,176881,0
2016-03-03,16.219,16.436,15.994,16.317,206828,0
2016-03-04,16.498,16.839,16.363,16.471,195075,0
2016-03-07,16.471,16.574,16.309,16.471,100837,0
2016-03-08,16.327,16.479,16.111,16.128,132116,0
2016-03-09,16.164,16.282,16.011,16.264,79394,0
2016-03-10,16.264,16.407,16.102,16.291,104953,0
2016-03-11,16.498,16.597,16.245,16.597,160504,0
2016-03-14,16.498,16.749,16.407,16.732,109944,0
2016-03-15,16.633,16.769,16.57,16.623,100130,0
2016-03-16,16.706,17.065,16.623,16.984,173944,0
2016-03-17,17.029,17.416,16.974,17.236,171463,0
2016-03-18,17.336,17.398,17.047,17.119,349892,0
2016-03-21,17.137,17.177,16.749,16.858,126666,0
2016-03-22,16.741,17.047,16.661,16.902,88487,0
2016-03-23,16.886,16.931,16.471,16.471,96826,0
2016-03-24,16.363,16.831,16.245,16.805,136671,0
2016-03-28,16.849,17.069,16.503,16.595,116424,0
2016-03-29,16.521,17.207,16.493,17.187,220231,0
2016-03-30,17.179,17.353,16.977,17.207,138892,0
2016-03-31,17.207,17.665,17.115,17.592,230503,0
2016-04-01,17.426,17.601,17.362,17.499,134847,0
2016-04-04,17.49,17.546,17.051,17.123,144886,0
2016-04-05,17.033,17.187,16.933,17.024,101418,0
2016-04-06,16.987,17.152,16.943,17.088,105591,0
2016-04-07,17.098,17.098,16.704,16.84,166295,0
2016-04-08,17.007,17.207,16.869,17.207,121107,0
2016-04-11,17.271,17.536,17.143,17.381,155011,0
2016-04-12,17.371,17.463,17.024,17.069,136378,0
2016-04-13,17.281,17.636,17.033,17.381,238950,0
2016-04-14,17.473,17.7,17.417,17.675,133904,0
2016-04-15,17.563,17.692,17.509,17.601,113362,0
2016-04-18,17.572,17.828,17.39,17.792,155022,0
2016-04-19,17.765,17.856,17.646,17.783,78875,0
2016-04-20,17.966,18.03,17.838,17.856,131942,0
2016-04-21,17.838,18.15,17.822,18.003,169220,0
2016-04-22,18.003,18.223,17.966,18.113,136590,0
2016-04-25,18.121,18.288,17.966,18.24,118412,0
2016-04-26,18.304,18.531,18.25,18.432,177586,0
2016-04-27,18.398,18.506,17.985,18.121,213344,0
2016-04-28,18.059,18.077,17.528,17.554,114004,0
2016-04-29,17.572,17.773,17.408,17.756,133892,0
2016-05-02,17.966,18.579,17.783,18.304,192249,0
2016-05-03,18.104,18.195,17.729,17.985,110294,0
2016-05-04,17.966,18.177,17.773,18.03,143422,0
2016-05-05,18.763,19.211,18.25,18.461,175108,0
2016-05-06,18.461,18.634,18.076,18.269,173158,0
2016-05-09,18.259,18.793,18.232,18.672,165912,0
2016-05-10,18.873,18.873,18.415,18.735,114441,0
2016-05-11,18.735,18.908,18.442,18.608,106456,0
2016-05-12,18.579,18.725,18.406,18.618,91203,0
2016-05-13,18.625,18.754,18.47,18.588,94771,0
2016-05-16,18.588,18.9,18.579,18.835,172743,0
2016-05-17,18.854,18.946,18.304,18.47,165142,0
2016-05-18,18.552,18.672,18.195,18.304,161669,0
2016-05-19,18.25,18.314,17.901,18.113,186497,0
2016-05-20,18.121,18.447,18.04,18.131,189095,0
2016-05-23,18.214,18.406,18.168,18.195,129053,0
2016-05-24,18.359,18.881,18.352,18.818,299980,0
2016-05-25,18.763,18.908,18.452,18.618,161096,0
2016-05-26,18.562,18.698,18.479,18.525,87747,0
2016-05-27,18.534,18.641,18.432,18.625,159408,0
2016-05-31,18.698,18.754,18.424,18.608,206569,0
2016-06-01,18.534,18.69,18.388,18.579,156213,0
2016-06-02,18.608,18.662,18.442,18.552,188855,0
2016-06-03,18.598,18.854,18.544,18.845,188542,0
2016-06-06,18.937,19.39,18.818,19.331,166090,0
2016-06-07,19.293,19.522,19.237,19.367,104287,0
2016-06-08,19.412,19.595,19.348,19.522,157313,0
2016-06-09,19.44,19.467,19.174,19.44,104000,0
2016-06-10,19.221,19.569,19.148,19.412,158137,0
2016-06-13,19.467,19.559,19.221,19.237,113355,0
2016-06-14,19.221,19.385,19.092,19.267,118659,0
2016-06-15,19.321,19.559,19.237,19.357,106322,0
2016-06-16,18.681,18.9,18.579,18.835,1864704,0
2016-06-17,18.845,19.23,18.717,19.23,889679,0
2016-06-20,19.321,19.321,18.863,18.955,386343,0
2016-06-21,18.771,19.028,18.625,18.827,216116,0
2016-06-22,18.726,19.037,18.712,18.735,221121,0
2016-06-23,18.891,19.128,18.745,19.001,165283,0
2016-06-24,18.618,19.111,18.314,18.771,499344,0
2016-06-27,18.662,18.69,18.352,18.406,411853,0
2016-06-28,18.552,18.963,18.547,18.781,256371,0
2016-06-29,18.9,19.293,18.873,19.285,226567,0
2016-06-30,19.285,19.77,19.082,19.77,315973,0
2016-07-01,19.77,20.02,19.646,19.89,223933,0
2016-07-05,19.723,19.835,19.547,19.648,176222,0
2016-07-06,19.612,19.723,19.496,19.51,92978,0
2016-07-07,19.454,19.566,19.082,19.175,154473,0
2016-07-08,19.557,20.186,19.491,20.104,417238,0
2016-07-11,20.14,20.707,20.122,20.697,284830,0
2016-07-12,20.753,20.847,20.474,20.818,272633,0
2016-07-13,20.864,20.916,20.577,20.903,181894,0
2016-07-14,20.929,20.938,20.72,20.837,165844,0
2016-07-15,20.958,20.958,20.68,20.883,200290,0
2016-07-18,20.883,21.087,20.883,21.022,152013,0
2016-07-19,21.097,21.097,20.929,21.032,132317,0
2016-07-20,21.087,21.325,20.982,21.218,150845,0
2016-07-21,21.181,21.217,20.624,20.762,215418,0
2016-07-22,20.735,21.051,20.735,21.013,86936,0
2016-07-25,20.967,21.133,20.929,21.022,179330,0
2016-07-26,20.986,21.069,20.67,20.735,209004,0
2016-07-27,20.772,20.903,20.707,20.847,107805,0
2016-07-28,20.772,21.013,20.688,20.938,97976,0
2016-07-29,20.837,21.069,20.828,20.873,729393,0
2016-08-01,20.938,21.198,20.787,21.171,222649,0
2016-08-02,21.162,21.162,20.494,20.605,286157,0
2016-08-03,20.772,20.837,20.327,20.79,227615,0
2016-08-04,20.911,21.347,20.897,21.069,220890,0
2016-08-05,21.152,21.338,21.125,21.338,162817,0
2016-08-08,21.347,21.375,21.051,21.162,121648,0
2016-08-09,21.208,21.846,21.208,21.737,286976,0
2016-08-10,21.737,22.024,21.644,21.84,246067,0
2016-08-11,21.941,22.118,21.775,21.905,215620,0
2016-08-12,21.801,22.016,21.487,21.775,116265,0
2016-08-15,21.784,21.95,21.579,21.682,170563,0
2016-08-16,21.532,21.755,21.282,21.403,253460,0
2016-08-17,21.292,21.467,21.117,21.226,155449,0
2016-08-18,21.208,21.493,21.069,21.236,150329,0
2016-08-19,21.245,21.255,20.977,21.245,290751,0
2016-08-22,21.3,21.7,21.171,21.662,218865,0
2016-08-23,21.801,22.001,21.69,21.941,245165,0
2016-08-24,21.84,21.95,21.719,21.755,149796,0
2016-08-25,21.719,21.932,21.662,21.801,100627,0
2016-08-26,21.82,21.932,21.565,21.662,102867,0
2016-08-29,21.784,21.95,21.737,21.914,163543,0
2016-08-30,21.905,22.146,21.782,22.136,134933,0
2016-08-31,22.173,22.332,21.905,22.257,292048,0
2016-09-01,22.35,22.396,22.163,22.378,285318,0
2016-09-02,22.443,23,22.443,22.935,290017,0
2016-09-06,22.925,23.13,22.731,22.916,227823,0
2016-09-07,22.897,23.167,22.787,23.1,188033,0
2016-09-08,23.297,23.398,22.852,22.971,191303,0
2016-09-09,22.731,22.887,21.245,21.264,442828,0
2016-09-12,21.226,21.794,21.162,21.765,304775,0
2016-09-13,21.45,21.682,21.329,21.44,645461,0
2016-09-14,21.44,21.514,20.855,20.864,582241,0
2016-09-15,20.79,20.977,20.53,20.828,274574,0
2016-09-16,20.818,21.506,20.799,21.477,682349,0
2016-09-19,21.562,21.737,21.273,21.514,265162,0
2016-09-20,21.672,21.672,21.365,21.394,170256,0
2016-09-21,21.719,21.858,21.403,21.794,183587,0
2016-09-22,21.988,22.387,21.924,22.072,213474,0
2016-09-23,21.998,22.201,21.82,21.866,112957,0
2016-09-26,21.784,21.905,21.496,21.514,163125,0
2016-09-27,21.579,21.775,21.542,21.7,122009,0
2016-09-28,21.682,21.858,21.562,21.84,138319,0
2016-09-29,21.746,22.006,21.634,21.96,344984,0
2016-09-30,22.043,22.053,21.682,21.69,310268,0
2016-10-03,21.963,21.963,21.079,21.118,336031,0
2016-10-04,21.174,21.259,20.365,20.61,405654,0
2016-10-05,20.656,20.685,20.064,20.337,367260,0
2016-10-06,20.355,20.6,20.129,20.299,226694,0
2016-10-07,20.375,20.411,20.027,20.103,239059,0
2016-10-10,20.299,20.647,20.205,20.647,192260,0
2016-10-11,20.563,20.892,20.515,20.826,158101,0
2016-10-12,20.797,20.977,20.703,20.863,176829,0
2016-10-13,20.722,20.994,20.722,20.872,261762,0
2016-10-14,21.06,21.089,20.703,20.713,275398,0
2016-10-17,20.779,20.928,20.524,20.524,208176,0
2016-10-18,20.543,20.685,20.299,20.309,394386,0
2016-10-19,20.384,20.402,20.111,20.12,276670,0
2016-10-20,20.073,20.477,20.008,20.309,286745,0
2016-10-21,20.243,20.428,19.885,20.318,300290,0
2016-10-24,20.534,20.835,20.261,20.722,277190,0
2016-10-25,20.779,20.948,20.45,20.892,297440,0
2016-10-26,20.92,21.221,20.92,21.118,211765,0
2016-10-27,21.295,21.295,20.647,20.741,225365,0
2016-10-28,20.769,21.155,20.769,21.126,319319,0
2016-10-31,21.221,21.513,20.994,21.493,299095,0
2016-11-01,21.391,21.53,20.779,20.797,326159,0
2016-11-02,20.741,20.741,20.054,20.064,264179,0
2016-11-03,20.036,20.12,19.321,19.331,382732,0
2016-11-04,18.485,18.87,18.437,18.766,3704162,0
2016-11-07,18.917,19.275,18.841,19.03,751733,0
2016-11-08,19.189,19.744,18.945,19.415,578597,0
2016-11-09,18.335,18.682,17.282,18.626,1327540,0
2016-11-10,18.352,18.786,18.099,18.653,949887,0
2016-11-11,18.653,19.275,18.607,19.049,1028007,0
2016-11-14,18.917,18.917,18.222,18.325,1003586,0
2016-11-15,18.212,18.644,17.686,18.541,658871,0
2016-11-16,18.569,19.265,18.371,19.143,572463,0
2016-11-17,19.058,19.557,18.889,19.179,455657,0
2016-11-18,19.114,19.171,18.475,19.068,397390,0
2016-11-21,19.162,19.641,19.114,19.491,337438,0
2016-11-22,19.593,19.791,19.491,19.613,262760,0
2016-11-23,19.593,19.904,19.377,19.491,355069,0
2016-11-25,19.51,19.65,19.462,19.593,118870,0
2016-11-28,19.66,20.017,19.377,19.406,330405,0
2016-11-29,19.321,19.575,19.143,19.179,355178,0
2016-11-30,19.143,19.201,18.578,18.692,502303,0
2016-12-01,18.495,18.587,17.884,18.099,671390,0
2016-12-02,18.043,18.279,17.732,18.024,479575,0
2016-12-05,18.175,18.587,18.099,18.485,326578,0
2016-12-06,18.512,18.512,18.295,18.325,206978,0
2016-12-07,18.288,18.673,18.239,18.361,331134,0
2016-12-08,18.381,18.522,18.156,18.428,318769,0
2016-12-09,18.428,18.612,18.352,18.437,364335,0
2016-12-12,18.381,18.658,18.325,18.371,334894,0
2016-12-13,18.335,18.456,18.175,18.381,614460,0
2016-12-14,18.758,18.758,17.884,17.892,519396,0
2016-12-15,17.93,18.016,17.695,17.742,504593,0
2016-12-16,17.818,18.437,17.769,18.371,2214456,0
2016-12-19,18.428,18.663,18.231,18.607,381115,0
2016-12-20,18.617,18.738,18.551,18.617,385490,0
2016-12-21,18.578,18.71,18.269,18.305,329804,0
2016-12-22,18.249,18.419,17.864,18.193,302471,0
2016-12-23,18.146,18.371,18.024,18.371,185992,0
2016-12-27,18.228,18.544,18.19,18.334,174203,0
2016-12-28,18.286,18.381,17.597,17.885,502868,0
2016-12-29,17.845,18.228,17.845,18.219,300363,0
2016-12-30,18.209,18.267,18.065,18.161,421020,0
2017-01-03,18.344,18.438,18.142,18.286,463241,0
2017-01-04,18.324,18.458,18.161,18.352,435015,0
2017-01-05,18.247,18.401,18.18,18.286,204224,0
2017-01-06,18.304,18.745,18.157,18.658,273700,0
2017-01-09,18.898,19.348,18.888,19.099,442958,0
2017-01-10,18.984,19.375,18.773,19.261,471946,0
2017-01-11,19.204,19.241,18.86,18.936,265412,0
2017-01-12,18.945,19.041,18.572,18.725,183102,0
2017-01-13,18.821,18.919,18.361,18.458,410482,0
2017-01-17,18.458,18.764,18.411,18.631,234079,0
2017-01-18,18.64,18.697,18.428,18.544,194183,0
2017-01-19,18.477,18.554,17.98,18.114,340090,0
2017-01-20,18.114,18.334,18.114,18.294,321979,0
2017-01-23,18.324,18.391,18.267,18.304,137754,0
2017-01-24,18.352,18.391,18.123,18.228,344241,0
2017-01-25,18.371,18.411,18.142,18.361,262801,0
2017-01-26,18.314,18.391,18.152,18.19,192823,0
2017-01-27,18.19,18.208,18.037,18.133,176401,0
2017-01-30,18.114,18.152,17.693,17.693,244889,0
2017-01-31,17.721,17.826,17.272,17.482,498184,0
2017-02-01,17.588,17.711,17.32,17.406,289690,0
2017-02-02,17.454,17.788,17.32,17.721,208469,0
2017-02-03,17.721,17.932,17.54,17.549,367548,0
2017-02-06,17.501,17.654,17.262,17.33,279750,0
2017-02-07,17.397,17.491,17.31,17.464,256803,0
2017-02-08,17.397,17.617,17.234,17.568,223765,0
2017-02-09,17.511,17.932,17.511,17.875,184113,0
2017-02-10,17.875,18.391,17.875,18.152,237075,0
2017-02-13,18.228,18.352,18.027,18.2,262058,0
2017-02-14,18.18,18.314,17.999,18.075,284335,0
2017-02-15,17.96,18.18,17.796,18.123,216382,0
2017-02-16,18.114,18.314,18.114,18.219,136284,0
2017-02-17,18.237,18.42,18.104,18.411,238913,0
2017-02-21,18.428,18.831,18.324,18.668,246752,0
2017-02-22,18.698,18.698,18.237,18.352,262841,0
2017-02-23,18.448,18.898,18.352,18.869,249396,0
2017-02-24,18.984,19.874,18.477,18.945,590214,0
2017-02-27,18.955,19.117,18.563,19.051,427728,0
2017-02-28,18.974,19.108,18.85,18.927,400978,0
2017-03-01,18.936,19.318,18.678,19.08,296637,0
2017-03-02,19.224,19.224,18.974,19.022,208668,0
2017-03-03,19.003,19.204,18.756,18.955,172139,0
2017-03-06,19.003,19.11,18.879,19.06,171309,0
2017-03-07,18.314,18.515,18.277,18.496,3116328,0
2017-03-08,18.505,18.601,18.094,18.171,917446,0
2017-03-09,18.171,18.266,17.674,17.885,657990,0
2017-03-10,17.951,18.085,17.597,17.654,510056,0
2017-03-13,17.826,18.228,17.645,17.913,557773,0
2017-03-14,17.885,17.932,17.597,17.617,412052,0
2017-03-15,17.635,18.257,17.635,18.142,494772,0
2017-03-16,18.142,18.304,18.027,18.294,369201,0
2017-03-17,18.314,18.391,18.142,18.361,830187,0
2017-03-20,18.334,18.436,18.047,18.294,441048,0
2017-03-21,18.304,18.591,18.286,18.496,537931,0
2017-03-22,18.505,18.563,18.114,18.19,452178,0
2017-03-23,18.247,18.397,18.142,18.209,221217,0
2017-03-24,18.361,18.84,18.304,18.544,601450,0
2017-03-27,18.554,19.06,18.544,18.955,657883,0
2017-03-28,18.984,19.127,18.745,18.888,554093,0
2017-03-29,18.917,19.156,18.888,19.051,344247,0
2017-03-30,19.174,19.414,19.06,19.338,449839,0
2017-03-31,19.348,19.405,19.261,19.318,673980,0
2017-04-03,19.338,19.358,19.124,19.24,333869,0
2017-04-04,19.192,19.317,19.027,19.27,325666,0
2017-04-05,19.3,19.526,19.182,19.25,416522,0
2017-04-06,19.24,19.358,18.978,19.328,404964,0
2017-04-07,19.348,19.824,19.328,19.62,654720,0
2017-04-10,19.62,19.785,19.591,19.698,680442,0
2017-04-11,19.698,19.902,19.668,19.892,436410,0
2017-04-12,19.883,20.256,19.868,20.175,421026,0
2017-04-13,20.175,20.447,20.106,20.349,356148,0
2017-04-17,20.369,20.758,20.369,20.748,508799,0
2017-04-18,20.748,20.962,20.563,20.932,467988,0
2017-04-19,20.904,21.244,20.902,21.204,479501,0
2017-04-20,21.156,21.214,20.806,20.932,412018,0
2017-04-21,20.904,21.01,20.67,20.758,336665,0
2017-04-24,20.922,21.058,20.748,21.02,268193,0
2017-04-25,21.04,21.36,21.02,21.302,471219,0
2017-04-26,21.331,21.652,21.146,21.574,466198,0
2017-04-27,21.574,21.764,21.477,21.584,334666,0
2017-04-28,21.584,21.584,21.214,21.312,486036,0
2017-05-01,21.312,21.623,21.234,21.496,258287,0
2017-05-02,21.477,21.526,21.103,21.272,494210,0
2017-05-03,21.37,21.37,20.884,21.108,358843,0
2017-05-04,21.05,21.214,20.874,21.204,175835,0
2017-05-05,21.272,21.477,21.078,21.399,194870,0
2017-05-08,21.448,21.448,21.176,21.195,268997,0
2017-05-09,21.224,21.224,21.03,21.136,176725,0
2017-05-10,21.176,21.428,21,21.35,242897,0
2017-05-11,21.322,21.477,21.078,21.409,191059,0
2017-05-12,21.438,21.691,21.322,21.642,237109,0
2017-05-15,21.603,21.973,21.594,21.895,335875,0
2017-05-16,21.905,21.905,21.545,21.633,138737,0
2017-05-17,21.438,21.584,21.272,21.282,311659,0
2017-05-18,21.156,21.234,21,21.108,307629,0
2017-05-19,21.058,21.146,20.922,21.078,336508,0
2017-05-22,21.126,21.423,21.108,21.399,233593,0
2017-05-23,21.487,21.516,21.254,21.516,237789,0
2017-05-24,21.555,21.615,21.428,21.613,264475,0
2017-05-25,21.633,21.72,21.526,21.681,231721,0
2017-05-26,21.71,21.769,21.462,21.749,209305,0
2017-05-30,21.749,21.749,21.418,21.584,249596,0
2017-05-31,21.467,21.701,21.282,21.302,356560,0
2017-06-01,21.272,21.516,21.166,21.448,203795,0
2017-06-02,21.555,21.779,21.545,21.613,314960,0
2017-06-05,21.487,21.745,21.341,21.37,273662,0
2017-06-06,21.39,21.959,21.302,21.71,783587,0
2017-06-07,21.885,22.333,21.797,22.177,588920,0
2017-06-08,22.235,22.43,22.041,22.333,423726,0
2017-06-09,22.498,22.828,22.381,22.41,421451,0
2017-06-12,22.459,22.585,22.371,22.478,274122,0
2017-06-13,22.508,22.692,22.362,22.624,223169,0
2017-06-14,22.663,22.74,22.381,22.41,248278,0
2017-06-15,22.362,22.42,22.293,22.362,342002,0
2017-06-16,22.216,22.731,22.197,22.722,1000910,0
2017-06-19,22.77,22.959,22.512,22.945,271792,0
2017-06-20,22.945,23.013,22.682,22.838,275040,0
2017-06-21,22.838,22.964,22.702,22.808,270210,0
2017-06-22,22.984,23.509,22.886,23.46,516488,0
2017-06-23,23.538,23.723,23.285,23.529,589793,0
2017-06-26,23.616,23.975,23.557,23.859,297539,0
2017-06-27,23.859,23.907,23.392,23.441,379876,0
2017-06-28,23.645,23.645,23.013,23.14,343664,0
2017-06-29,23.14,23.14,22.119,22.371,731643,0
2017-06-30,22.498,22.546,22.138,22.235,492692,0
2017-07-03,22.344,22.738,22.226,22.669,191790,0
2017-07-05,22.689,22.719,22.314,22.433,275643,0
2017-07-06,22.314,22.383,22.058,22.176,286687,0
2017-07-07,22.216,22.561,22.152,22.492,249512,0
2017-07-10,22.492,22.629,22.137,22.146,277576,0
2017-07-11,22.156,22.403,21.979,22.294,231476,0
2017-07-12,22.452,22.689,22.452,22.63,164278,0
2017-07-13,22.669,22.689,22.334,22.452,174553,0
2017-07-14,22.511,22.63,22.433,22.452,175375,0
2017-07-17,22.442,22.536,22.275,22.383,241633,0
2017-07-18,22.364,22.581,22.181,22.324,315967,0
2017-07-19,22.344,22.551,22.294,22.442,149526,0
2017-07-20,22.502,22.768,22.462,22.719,157954,0
2017-07-21,22.867,22.916,22.679,22.699,182317,0
2017-07-24,22.719,22.807,22.521,22.61,128645,0
2017-07-25,22.63,22.758,22.574,22.729,152890,0
2017-07-26,22.748,22.778,22.59,22.65,108825,0
2017-07-27,22.659,22.718,22.393,22.61,265911,0
2017-07-28,22.61,22.916,22.521,22.896,106935,0
2017-07-31,22.995,23.028,22.62,22.936,206422,0
2017-08-01,23.054,23.054,22.748,22.886,172733,0
2017-08-02,22.936,22.936,22.699,22.827,137926,0
2017-08-03,22.975,23.944,22.975,23.301,505321,0
2017-08-04,23.35,23.735,23.271,23.636,272841,0
2017-08-07,23.725,24.1,23.618,23.873,434472,0
2017-08-08,23.952,23.952,23.303,23.449,361012,0
2017-08-09,23.36,23.646,23.32,23.429,259359,0
2017-08-10,23.409,23.449,22.936,22.936,250435,0
2017-08-11,22.817,23.044,22.758,22.906,170868,0
2017-08-14,22.906,23.804,22.906,23.784,281077,0
2017-08-15,23.784,23.853,23.646,23.784,224976,0
2017-08-16,23.557,23.666,22.216,22.393,1667089,0
2017-08-17,22.344,23.577,22.344,22.916,1073013,0
2017-08-18,22.729,22.995,22.709,22.837,214173,0
2017-08-21,22.886,23.172,22.817,23.133,213565,0
2017-08-22,23.222,23.429,23.182,23.271,296726,0
2017-08-23,23.251,23.389,23.153,23.33,157068,0
2017-08-24,23.33,23.429,22.916,22.995,170443,0
2017-08-25,23.005,23.33,22.807,23.143,186620,0
2017-08-28,23.271,23.34,23.004,23.311,236605,0
2017-08-29,23.241,23.32,23.034,23.084,247601,0
2017-08-30,23.074,23.118,22.886,23.005,145840,0
2017-08-31,23.064,23.143,22.847,22.886,336236,0
2017-09-01,22.906,22.946,22.738,22.817,194681,0
2017-09-05,22.807,22.957,22.541,22.768,291441,0
2017-09-06,22.817,23.034,22.65,22.798,220220,0
2017-09-07,22.847,23.113,22.827,23.034,238240,0
2017-09-08,23.034,23.261,22.916,22.985,243953,0
2017-09-11,23.133,23.439,23.133,23.261,256356,0
2017-09-12,23.261,23.419,23.153,23.182,173669,0
2017-09-13,23.192,23.547,23.182,23.449,187714,0
2017-09-14,23.34,23.656,23.281,23.587,209834,0
2017-09-15,23.626,23.962,23.488,23.962,915717,0
2017-09-18,23.942,24.011,23.676,23.794,286511,0
2017-09-19,23.833,23.952,23.488,23.912,254961,0
2017-09-20,24.001,24.001,23.705,23.794,188427,0
2017-09-21,23.764,23.922,23.705,23.745,159978,0
2017-09-22,23.764,23.971,23.745,23.824,146554,0
2017-09-25,23.833,23.88,23.608,23.774,164326,0
2017-09-26,23.863,23.962,23.794,23.833,149214,0
2017-09-27,23.922,24.267,23.557,24.1,277622,0
2017-09-28,24.09,24.169,23.942,24.169,206152,0
2017-09-29,24.208,24.238,23.893,24.041,220620,0
2017-10-02,24.169,24.258,23.962,24.08,355687,0
2017-10-03,24.248,24.248,23.971,24.08,351821,0
2017-10-04,24.08,24.329,24.07,24.11,242008,0
2017-10-05,24.15,24.23,24,24.1,237623,0
2017-10-06,24.1,24.135,23.73,23.82,186100,0
2017-10-09,23.82,24.02,23.82,23.91,165735,0
2017-10-10,23.9,24.26,23.9,24.18,175052,0
2017-10-11,24.18,24.4624,24.18,24.28,219155,0
2017-10-12,24.37,24.47,24.165,24.29,188239,0
2017-10-13,24.35,24.4598,24.13,24.18,170614,0
2017-10-16,24.35,24.53,24.231,24.46,213927,0
2017-10-17,24.5,24.7,24.37,24.38,164394,0
2017-10-18,24.36,24.92,24.36,24.7,343475,0
2017-10-19,24.56,25,24.56,24.74,273860,0
2017-10-20,24.88,25.25,24.8,25.22,459836,0
2017-10-23,25.22,25.28,24.3947,24.71,411336,0
2017-10-24,24.81,25.0201,24.66,24.73,216927,0
2017-10-25,24.61,24.645,23.92,24.17,303042,0
2017-10-26,24.22,24.43,24.15,24.18,197785,0
2017-10-27,24.28,24.49,24.0033,24.45,300732,0
2017-10-30,24.4501,24.46,23.76,23.93,213004,0
2017-10-31,23.93,24.2,23.78,24.06,365465,0
2017-11-01,24.28,24.34,23.995,24.18,237942,0
2017-11-02,23.75,23.945,22.3,23.31,991777,0
2017-11-03,23.03,24.04,23,24.02,388833,0
2017-11-06,23.99,24.27,23.51,23.66,287991,0
2017-11-07,23.62,23.81,23.465,23.51,282634,0
2017-11-08,23.3,23.7,23.29,23.55,229630,0
2017-11-09,23.5,23.99,23.48,23.83,323377,0
2017-11-10,23.89,23.9413,23.49,23.52,167286,0
