2016-01-04,61.312,61.937,60.716,61.873,2690457,0
2016-01-05,61.973,63.738,61.657,63.411,3698989,0
2016-01-06,62.878,63.474,62.696,63.276,2864746,0
2016-01-07,62.642,63.213,61.157,61.466,4882592,0
2016-01-08,61.666,62.162,61.475,61.602,2541219,0
2016-01-11,61.891,62.624,61.701,62.018,2883096,0
2016-01-12,62.272,62.387,61.249,61.547,2546784,0
2016-01-13,61.585,61.992,59.936,60.236,3499526,0
2016-01-14,60.056,60.635,59.63,60.065,3529512,0
2016-01-15,59.285,60.191,59.005,60,3071441,0
2016-01-19,60.588,61.919,60.281,61.312,2614750,0
2016-01-20,60.851,61.206,57.63,58.364,3565646,0
2016-01-21,58.941,60.154,57.983,59.241,2458466,0
2016-01-22,59.829,61.783,59.712,61.294,2127283,0
2016-01-25,61.23,61.919,60.289,60.39,2094832,0
2016-01-26,60.644,61.447,59.412,59.712,5377567,0
2016-01-27,58.995,59.132,54.944,55.73,7329000,0
2016-01-28,55.549,56.137,54.581,54.673,5500858,0
2016-01-29,55.441,56.301,54.762,56.291,4865054,0
2016-02-01,56.001,57.278,55.685,56.843,2588450,0
2016-02-02,56.843,56.872,55.857,55.92,3603344,0
2016-02-03,56.391,57.64,56.146,57.593,2781521,0
2016-02-04,57.413,57.815,56.843,57.622,2636442,0
2016-02-05,57.502,57.986,56.798,57.887,3512644,0
2016-02-08,57.777,57.986,54.256,55.558,3945490,0
2016-02-09,54.916,54.962,49.9,51.119,8236924,0
2016-02-10,51.339,51.789,51,51.091,2913027,0
2016-02-11,50.147,50.651,48.422,49.23,6171194,0
2016-02-12,49.798,50.753,49.065,49.89,4322440,0
2016-02-16,50.496,51.339,49.871,51.321,3985804,0
2016-02-17,51.403,52.25,50.88,51.845,6347221,0
2016-02-18,52.275,54.513,51.467,53.815,4192490,0
2016-02-19,53.595,55.068,53.063,54.291,4277868,0
2016-02-22,54.596,55.375,54.256,55.329,2892517,0
2016-02-23,55.164,56.798,55.035,55.64,3047585,0
2016-02-24,55.375,56.54,55.135,56.437,2876341,0
2016-02-25,56.724,57.512,56.442,57.475,2813918,0
2016-02-26,57.429,58.41,57.281,58.235,2567537,0
2016-02-29,58.217,59.061,58.126,58.492,3503074,0
2016-03-01,58.831,60.528,58.694,60.509,2618036,0
2016-03-02,60.509,61.381,60.189,61.381,2040188,0
2016-03-03,61.454,61.692,59.658,60.518,3541192,0
2016-03-04,60.518,60.914,59.996,60.703,2109060,0
2016-03-07,60.298,61.592,60.005,61.326,1848639,0
2016-03-08,61.169,61.473,60.204,60.401,2420286,0
2016-03-09,60.537,61.307,60.391,60.987,1853321,0
2016-03-10,60.528,60.914,58.979,59.731,3598898,0
2016-03-11,60.199,61.144,60.18,61.033,4300887,0
2016-03-14,60.877,61.086,60.199,61.013,2153104,0
2016-03-15,60.786,60.96,59.392,60.298,2197709,0
2016-03-16,60.116,61.272,59.455,61.033,2634749,0
2016-03-17,61.29,62.125,60.877,61.969,2547571,0
2016-03-18,62.115,62.308,61.546,61.575,3923299,0
2016-03-21,61.419,61.905,61.243,61.298,2178264,0
2016-03-22,60.95,61.419,60.674,61.209,2414861,0
2016-03-23,61.282,61.785,60.776,61.335,1879201,0
2016-03-24,60.94,61.565,60.401,61.409,1777774,0
2016-03-28,61.419,62.398,61.298,62.042,1555878,0
2016-03-29,62.052,63.839,61.868,63.647,2755246,0
2016-03-30,63.774,63.831,63.097,63.17,2002160,0
2016-03-31,63.06,64.142,62.831,63.593,3237436,0
2016-04-01,62.71,63.647,62.38,63.427,1995114,0
2016-04-04,63.637,64.088,63.436,63.831,2116699,0
2016-04-05,63.729,64.335,63.252,63.656,1786716,0
2016-04-06,63.602,63.849,63.27,63.344,2012536,0
2016-04-07,63.235,63.903,62.844,63.069,2440530,0
2016-04-08,63.27,63.885,63.014,63.545,1992411,0
2016-04-11,63.71,64.104,63.463,63.783,2034410,0
2016-04-12,64.122,64.417,63.758,64.088,1516390,0
2016-04-13,64.196,64.196,63.647,63.866,1572200,0
2016-04-14,63.839,64.104,63.446,63.894,2236389,0
2016-04-15,63.849,64.49,63.766,64.022,1861920,0
2016-04-18,64.069,64.802,63.812,64.783,1518033,0
2016-04-19,64.812,65.416,64.646,65.416,1758922,0
2016-04-20,65.389,65.407,63.114,63.298,2027740,0
2016-04-21,63.298,63.417,61.033,61.096,2932252,0
2016-04-22,61.444,62.876,61.226,62.61,2289788,0
2016-04-25,62.554,63.554,62.364,63.554,1627305,0
2016-04-26,63.684,64.49,63.45,63.647,1452549,0
2016-04-27,63.5,64.122,63.097,64.014,1829355,0
2016-04-28,63.519,64.252,63.519,63.885,1552052,0
2016-04-29,63.471,63.885,62.766,63.666,1872776,0
2016-05-02,63.903,64.709,63.71,64.454,1949245,0
2016-05-03,64.17,66.362,63.876,65.894,3025162,0
2016-05-04,65.617,68.305,65.617,68.212,5371487,0
2016-05-05,67.921,68.416,66.949,67.619,3393400,0
2016-05-06,67.59,68.62,66.819,68.267,2530424,0
2016-05-09,68.573,69.558,68.184,69.316,3077186,0
2016-05-10,69.261,69.261,66.513,67.767,4079198,0
2016-05-11,67.683,67.728,65.511,65.938,3953511,0
2016-05-12,66.235,67.284,65.706,66.893,2176054,0
2016-05-13,66.765,66.838,65.985,66.597,1804091,0
2016-05-16,66.578,67.905,66.476,67.404,1505556,0
2016-05-17,67.348,67.368,65.92,66.449,2144841,0
2016-05-18,66.17,66.17,63.229,64.36,4268532,0
2016-05-19,63.617,63.99,63.303,63.469,3886478,0
2016-05-20,63.952,64.128,62.82,63.609,3646366,0
2016-05-23,63.85,63.98,63.265,63.395,2595484,0
2016-05-24,63.823,64.315,63.414,63.74,2349940,0
2016-05-25,63.841,63.99,62.654,63.666,2283770,0
2016-05-26,63.72,64.148,63.498,63.961,1490963,0
2016-05-27,63.98,64.722,63.961,64.276,1290453,0
2016-05-31,64.323,64.444,63.478,63.942,4744749,0
2016-06-01,63.794,64.38,63.656,64.018,2030104,0
2016-06-02,63.906,64.463,63.691,64.463,1892581,0
2016-06-03,65.112,66.366,65.047,66.179,3280198,0
2016-06-06,66.078,66.253,64.593,64.786,3050985,0
2016-06-07,64.983,65.734,64.786,65.614,2592405,0
2016-06-08,65.558,66.796,65.26,66.634,2427437,0
2016-06-09,66.43,67.164,66.197,66.95,2194520,0
2016-06-10,66.494,67.209,66.494,66.941,2053814,0
2016-06-13,67.033,67.993,67.033,67.469,2424803,0
2016-06-14,67.46,68.146,66.922,67.654,3118088,0
2016-06-15,67.703,68.592,67.609,68.202,2421840,0
2016-06-16,67.979,68.592,67.496,68.545,1921078,0
2016-06-17,68.424,69.343,67.924,68.898,8408459,0
2016-06-20,69.13,69.139,67.934,68.008,2874245,0
2016-06-21,68.092,68.443,67.561,68.136,2252295,0
2016-06-22,67.414,67.478,66.809,67.154,2231181,0
2016-06-23,67.738,67.905,66.765,67.777,1570113,0
2016-06-24,66.151,68.424,66.022,67.265,5836582,0
2016-06-27,66.95,68.36,66.718,68.072,2785901,0
2016-06-28,68.258,69.335,67.855,69.316,2051924,0
2016-06-29,69.455,70.327,69.065,70.077,2464162,0
2016-06-30,70.179,70.743,69.352,70.679,2691623,0
2016-07-01,70.66,71.617,70.494,70.709,2453582,0
2016-07-05,70.541,71.219,70.521,71.171,1800237,0
2016-07-06,70.949,71.2,70.425,70.884,2548205,0
2016-07-07,70.457,70.56,68.927,69.445,2479690,0
2016-07-08,69.9,70.383,69.158,70.169,2469422,0
2016-07-11,70.318,70.827,69.593,70.709,1525008,0
2016-07-12,70.652,71.061,70.077,70.541,1925583,0
2016-07-13,70.847,71.459,70.521,71.403,1881518,0
2016-07-14,71.403,71.427,70.223,70.679,1646129,0
2016-07-15,70.818,71.061,70.151,70.985,1625028,0
2016-07-18,71.107,71.804,70.875,71.627,1156315,0
2016-07-19,71.646,72.007,71.235,71.969,1635407,0
2016-07-20,71.895,72.035,71.589,72.017,1142290,0
2016-07-21,71.681,72.448,71.514,72.434,1163500,0
2016-07-22,72.378,73.436,72.296,73.073,1346423,0
2016-07-25,73.213,73.399,72.579,73.073,1215828,0
2016-07-26,72.981,73.019,71.913,72.165,1433914,0
2016-07-27,72.165,72.321,70.757,71.785,1874052,0
2016-07-28,71.663,72.925,71.506,72.722,1804776,0
2016-07-29,72.851,74.224,72.851,73.611,2069865,0
2016-08-01,73.603,74.411,72.945,73.872,2077259,0
2016-08-02,73.37,73.835,71.736,72.192,2409859,0
2016-08-03,71.96,72.23,70.447,71.878,2550159,0
2016-08-04,71.878,72.146,71.478,72.109,1580453,0
2016-08-05,72.203,72.597,71.461,71.667,1607665,0
2016-08-08,71.781,72.69,71.631,72.296,1681585,0
2016-08-09,72.193,73.563,71.415,73.432,2421514,0
2016-08-10,73.638,74.285,73.478,74.033,2140832,0
2016-08-11,73.994,74.06,72.53,72.954,2190996,0
2016-08-12,73.16,74.52,72.935,73.525,1760216,0
2016-08-15,73.618,73.853,72.887,72.954,1773077,0
2016-08-16,72.765,72.906,71.669,71.941,1729694,0
2016-08-17,72.109,72.494,71.395,72.249,2082221,0
2016-08-18,72.249,72.494,71.696,72.146,1315547,0
2016-08-19,71.911,72.176,71.381,71.555,1890846,0
2016-08-22,71.742,72.226,71.574,71.911,1636895,0
2016-08-23,72.231,72.353,71.817,72.166,1255962,0
2016-08-24,72.166,72.389,71.17,71.584,1132243,0
2016-08-25,71.667,72.53,71.591,72.249,1532909,0
2016-08-26,72.381,72.794,70.504,71.105,2042125,0
2016-08-29,71.395,72.569,71.359,72.211,1581752,0
2016-08-30,72.353,72.456,71.536,72.249,1191137,0
2016-08-31,72.091,72.549,71.526,72.016,2407806,0
2016-09-01,72.016,72.052,71.293,71.716,1346100,0
2016-09-02,71.977,72.925,71.676,71.967,1786405,0
2016-09-06,72.203,73.16,71.733,73.112,1997662,0
2016-09-07,73.085,73.366,72.675,73.366,1374221,0
2016-09-08,73.01,73.065,72.26,72.605,3398805,0
2016-09-09,71.801,72.071,68.975,69.199,3399272,0
2016-09-12,69.088,70.467,68.853,70.157,2319016,0
2016-09-13,69.669,69.914,68.327,68.58,2019545,0
2016-09-14,68.929,69.623,68.6,69.003,2054111,0
2016-09-15,68.769,69.228,68.374,69.069,1720460,0
2016-09-16,68.853,69.021,68.289,68.675,3594134,0
2016-09-19,69.097,69.257,68.505,68.73,2784000,0
2016-09-20,69.398,69.398,68.646,68.665,2695514,0
2016-09-21,68.76,69.904,67.877,69.753,3081808,0
2016-09-22,70.288,71.584,70.27,71.395,3092322,0
2016-09-23,71.349,72.095,70.672,71.686,1776223,0
2016-09-26,71.235,72.372,71.235,72.061,3001566,0
2016-09-27,72.268,72.419,70.738,70.862,2562514,0
2016-09-28,70.927,71.817,70.927,71.733,1747821,0
2016-09-29,71.34,71.892,70.382,71.133,1835800,0
2016-09-30,71.706,72.146,70.11,70.157,2239091,0
2016-10-03,69.866,70.232,69.078,69.238,1972131,0
2016-10-04,69.153,69.209,67.08,67.446,2642867,0
2016-10-05,67.624,68.045,65.822,66.038,3034722,0
2016-10-06,65.832,66.412,64.845,65.991,3267517,0
2016-10-07,66.347,67.08,64.988,65.249,2930730,0
2016-10-10,65.307,66.051,65.212,65.484,1363122,0
2016-10-11,65.297,65.662,64.405,64.499,1892397,0
2016-10-12,64.509,65.174,64.489,64.855,1513712,0
2016-10-13,64.744,65.793,64.564,65.577,1698985,0
2016-10-14,66.329,66.329,64.654,65.147,1607795,0
2016-10-17,65.297,65.691,64.939,65.053,1594389,0
2016-10-18,65.662,66.376,65.409,65.991,1570310,0
2016-10-19,66.076,66.541,65.832,66.235,2092123,0
2016-10-20,66.253,66.741,65.963,66.507,1725963,0
2016-10-21,66.103,66.516,65.944,66.15,1350034,0
2016-10-24,66.479,67.276,66.142,66.487,1195043,0
2016-10-25,66.422,66.714,66.009,66.591,1192411,0
2016-10-26,66.094,66.226,65.005,65.391,1146316,0
2016-10-27,65.081,65.165,63.449,64.18,1986551,0
2016-10-28,64.518,64.884,63.904,64.227,2074230,0
2016-10-31,64.639,64.884,64.087,64.303,2661934,0
2016-11-01,64.068,64.312,62.361,63.25,4147505,0
2016-11-02,63.204,64.011,62.867,63.064,4271421,0
2016-11-03,62.932,62.932,61.693,61.909,3587511,0
2016-11-04,61.843,62.388,61.072,61.928,2771335,0
2016-11-07,62.727,63.003,61.728,62.974,2368764,0
2016-11-08,62.717,63.012,61.662,61.767,2832447,0
2016-11-09,60.123,60.768,58.364,59.657,5213076,0
2016-11-10,59.485,59.513,56.462,58.002,6416460,0
2016-11-11,57.812,59.01,57.717,58.487,3510595,0
2016-11-14,58.335,60.902,57.631,60.578,3540883,0
2016-11-15,60.721,61.938,59.285,59.666,2692574,0
2016-11-16,59.77,60.341,59.228,59.904,2623232,0
2016-11-17,59.931,60.341,58.629,58.924,2143547,0
2016-11-18,58.99,59.581,58.649,59.409,2290440,0
2016-11-21,59.657,59.895,58.677,58.801,2431066,0
2016-11-22,59.047,59.495,58.611,59.343,2732986,0
2016-11-23,58.848,59.248,58.354,59.115,2217449,0
2016-11-25,59.105,60.056,58.811,59.552,859396,0
2016-11-28,59.571,60.445,59.37,60.275,2593221,0
2016-11-29,60.312,61.101,59.939,61.025,2564848,0
2016-11-30,60.255,60.655,59.352,59.684,4747054,0
2016-12-01,59.456,59.505,58.068,58.382,2565492,0
2016-12-02,58.963,60.55,58.905,59.684,2828025,0
2016-12-05,59.637,59.998,59.01,59.571,2785924,0
2016-12-06,59.561,60.749,59.424,60.417,2588080,0
2016-12-07,60.721,62.085,60.613,62.053,2955608,0
2016-12-08,61.596,62.461,61.177,62.376,2229299,0
2016-12-09,62.299,63.183,62.251,62.433,1744672,0
2016-12-12,62.281,63.335,61.843,63.259,2195568,0
2016-12-13,63.355,63.441,62.765,63.307,2402562,0
2016-12-14,63.279,63.307,61.225,61.31,2890078,0
2016-12-15,61.064,61.319,59.941,60.217,4217592,0
2016-12-16,60.741,62.347,60.741,61.967,5291241,0
2016-12-19,62.489,63.603,62.489,63.107,1916893,0
2016-12-20,63.04,63.696,62.689,63.183,1458354,0
2016-12-21,63.193,63.887,62.033,62.09,1719335,0
2016-12-22,61.843,62.327,61.273,62.119,1355840,0
2016-12-23,62.223,62.479,61.843,62.281,956344,0
2016-12-27,62.327,62.841,62.023,62.613,1282350,0
2016-12-28,62.613,62.689,61.814,62.175,1045008,0
2016-12-29,62.299,63.003,61.919,62.527,1584897,0
2016-12-30,62.661,63.763,62.393,63.629,1775705,0
2017-01-03,63.801,63.801,56.482,62.908,2192952,0
2017-01-04,62.85,63.611,62.651,63.392,2174253,0
2017-01-05,63.992,64.951,63.117,64.809,2343519,0
2017-01-06,64.723,65.294,64.163,65.076,2007445,0
2017-01-09,65.218,65.463,64.628,65.027,1900254,0
2017-01-10,64.552,64.552,62.86,63.05,3420869,0
2017-01-11,63.04,63.755,62.469,63.126,2883269,0
2017-01-12,62.832,63.659,62.537,63.553,1694980,0
2017-01-13,63.441,63.773,62.946,63.374,1216518,0
2017-01-17,63.773,64.305,63.639,63.982,1545446,0
2017-01-18,63.963,64.296,63.669,63.773,2645214,0
2017-01-19,63.421,63.544,62.784,63.126,1861530,0
2017-01-20,62.898,63.506,62.565,63.468,1620654,0
2017-01-23,63.553,64.467,63.231,64.343,1982413,0
2017-01-24,64.191,64.637,63.649,63.982,1962555,0
2017-01-25,63.934,64.115,62.774,63.088,1652480,0
2017-01-26,63.202,63.593,62.689,62.879,1803509,0
2017-01-27,63.098,63.325,62.438,62.689,1250872,0
2017-01-30,62.803,63.303,62.461,63.069,1329788,0
2017-01-31,63.202,63.715,62.903,63.032,2694900,0
2017-02-01,62.888,63.383,62.023,62.053,2147353,0
2017-02-02,62.195,63.174,62.165,63.069,1816396,0
2017-02-03,63.252,63.858,62.742,63.031,1870966,0
2017-02-06,63.156,63.945,63.031,63.744,1876703,0
2017-02-07,63.898,64.225,63.368,63.454,1460404,0
2017-02-08,63.483,63.994,63.483,63.609,2089941,0
2017-02-09,63.59,63.831,62.809,62.992,1716151,0
2017-02-10,62.886,63.469,62.665,63.454,1517629,0
2017-02-13,63.58,64.148,63.156,63.858,1813544,0
2017-02-14,64.004,64.042,62.491,63.108,1398029,0
2017-02-15,62.848,63.282,62.26,63.175,1757227,0
2017-02-16,63.262,64.437,63.262,63.657,1398686,0
2017-02-17,63.985,64.196,62.983,63.503,2283054,0
2017-02-21,63.609,64.629,63.108,64.485,2108736,0
2017-02-22,65.324,65.806,64.649,65.218,2768862,0
2017-02-23,65.536,66.421,65.111,66.325,1840842,0
2017-02-24,66.287,67.53,65.718,67.491,2571088,0
2017-02-27,67.346,67.944,67.202,67.472,1632685,0
2017-02-28,67.472,68.136,67.298,67.799,2450796,0
2017-03-01,67.192,67.54,66.479,66.932,2497493,0
2017-03-02,66.692,67.472,66.23,67.385,2266926,0
2017-03-03,67.376,67.376,66.297,67.019,1505234,0
2017-03-06,66.547,66.97,65.747,66.026,1533650,0
2017-03-07,65.805,66.099,65.208,65.979,1264464,0
2017-03-08,65.324,65.506,64.514,64.562,1939745,0
2017-03-09,64.514,64.659,63.185,63.387,1986658,0
2017-03-10,63.58,64.466,63.334,63.744,2257071,0
2017-03-13,63.744,64.216,62.954,63.58,2128053,0
2017-03-14,63.446,63.714,62.867,63.627,1792152,0
2017-03-15,63.84,64.89,63.695,64.774,2382121,0
2017-03-16,64.543,65.083,64.466,64.823,1774035,0
2017-03-17,64.967,65.439,64.611,64.813,3594539,0
2017-03-20,65.468,65.699,64.746,65.295,2243037,0
2017-03-21,65.419,65.66,65.034,65.332,2007005,0
2017-03-22,65.506,66.277,65.342,66.143,1806339,0
2017-03-23,66.18,67.722,65.93,67.048,2674316,0
2017-03-24,67.221,67.404,66.98,67.115,1349621,0
2017-03-27,67.192,68.185,67,67.558,2516672,0
2017-03-28,67.462,68.089,67.279,68.021,2004931,0
2017-03-29,67.944,68.474,67.858,68.329,2423447,0
2017-03-30,68.136,68.377,67.674,68.185,1887949,0
2017-03-31,68.059,68.531,67.895,68.223,2751334,0
2017-04-03,68.223,68.637,67.915,68.541,2104526,0
2017-04-04,68.358,68.541,67.867,67.992,2942744,0
2017-04-05,68.012,68.907,67.858,68.686,2222861,0
2017-04-06,68.608,69.225,68.233,68.955,2273554,0
2017-04-07,69.004,69.822,69.004,69.61,2245845,0
2017-04-10,69.62,70.351,69.379,70.217,1740649,0
2017-04-11,70.207,70.41,69.976,70.121,1323330,0
2017-04-12,70.121,70.488,69.793,70.256,1581292,0
2017-04-13,70.217,70.632,70.025,70.179,1888552,0
2017-04-17,70.468,70.766,70.361,70.699,1353663,0
2017-04-18,70.746,71.768,70.622,71.517,2542241,0
2017-04-19,71.45,71.527,70.873,71.161,2388257,0
2017-04-20,71.055,71.392,70.892,71.354,1679255,0
2017-04-21,71.104,71.556,70.863,70.978,2394589,0
2017-04-24,71.161,71.233,68.81,69.841,3067531,0
2017-04-25,69.832,70.063,69.504,70.005,1154657,0
2017-04-26,69.774,69.822,69.051,69.195,1622121,0
2017-04-27,69.322,70.087,68.897,69.513,1336749,0
2017-04-28,69.408,69.408,67.992,68.82,1995896,0
2017-05-01,68.907,69.351,68.329,68.589,1734537,0
2017-05-02,68.686,68.82,67.828,68.156,2624254,0
2017-05-03,68.377,68.551,67.009,67.25,2265165,0
2017-05-04,67.192,67.438,66.421,67.298,2046646,0
2017-05-05,67.22,68.215,67.064,68.089,1935673,0
2017-05-08,68.235,68.247,67.318,68.011,1858762,0
2017-05-09,68.039,68.098,66.976,67.337,1701609,0
2017-05-10,67.473,68.479,67.162,68.293,1536084,0
2017-05-11,68.089,69.815,67.737,69.747,1902925,0
2017-05-12,69.932,70.527,69.737,70.088,2481915,0
2017-05-15,70.235,70.859,69.854,69.903,1534236,0
2017-05-16,70.029,70.215,69.318,69.844,1430419,0
2017-05-17,69.913,71.093,69.708,70.489,2602748,0
2017-05-18,70.547,71.308,70.137,71.142,1991421,0
2017-05-19,71.415,71.649,70.585,71.444,1958951,0
2017-05-22,71.405,71.766,71.088,71.6,1706562,0
2017-05-23,71.727,72.117,71.424,71.454,1689144,0
2017-05-24,71.62,72.078,71.6,71.727,1152643,0
2017-05-25,71.776,71.942,71.317,71.366,1280337,0
2017-05-26,71.532,71.678,70.595,70.751,1416258,0
2017-05-30,70.722,71.181,70.567,70.722,1276509,0
2017-05-31,70.732,71.181,70.614,70.761,2563040,0
2017-06-01,70.605,71.229,70.029,71.171,1532763,0
2017-06-02,71.542,72.273,71.444,71.98,1521468,0
2017-06-05,71.766,71.844,71.288,71.668,896189,0
2017-06-06,71.804,71.844,71.171,71.239,906789,0
2017-06-07,71.239,71.58,71.073,71.386,1374738,0
2017-06-08,71.376,71.552,70.336,71.112,1133013,0
2017-06-09,71.054,71.756,70.635,71.649,1262560,0
2017-06-12,71.658,72.342,71.268,72.224,2065781,0
2017-06-13,72.146,72.517,71.864,72.322,1594556,0
2017-06-14,73.103,73.737,72.345,72.615,2390711,0
2017-06-15,72.332,73.365,72.234,72.839,1765292,0
2017-06-16,72.985,74.204,72.868,73.746,4043306,0
2017-06-19,73.815,74.38,73.6,74.38,2086363,0
2017-06-20,74.429,75.336,74.156,75.034,2270763,0
2017-06-21,75.053,75.307,74.654,75.258,1807262,0
2017-06-22,75.151,75.765,74.81,75.59,1680046,0
2017-06-23,75.424,76.253,75.229,75.531,2265726,0
2017-06-26,75.765,76.087,75.278,75.755,1135550,0
2017-06-27,75.521,75.883,74.488,74.624,1513933,0
2017-06-28,74.644,75.326,74.176,74.654,1401462,0
2017-06-29,74.292,74.458,72.634,72.673,2162777,0
2017-06-30,72.995,73.531,72.615,73.015,1950912,0
2017-07-03,73.297,74.048,72.907,73.902,958423,0
2017-07-05,73.931,73.931,72.819,73.249,1384917,0
2017-07-06,72.927,72.927,71.229,71.278,1527529,0
2017-07-07,71.308,71.454,70.391,71.112,1532230,0
2017-07-10,71.249,71.395,70.713,70.751,1146133,0
2017-07-11,70.8,71.112,70.313,70.829,1009110,0
2017-07-12,71.337,72.117,71.337,71.902,1046449,0
2017-07-13,71.736,71.854,71.317,71.502,980423,0
2017-07-14,72.078,72.283,71.731,71.942,1115022,0
2017-07-17,71.912,72.371,71.708,72.039,1318614,0
2017-07-18,72.108,72.498,71.834,72.234,1287295,0
2017-07-19,72.195,72.449,71.766,72.312,1220625,0
2017-07-20,72.498,72.663,71.874,71.892,1327725,0
2017-07-21,71.864,72.371,71.502,72.117,1258203,0
2017-07-24,72.146,72.263,71.015,71.356,1901680,0
2017-07-25,71.512,71.552,70.517,71.22,1663825,0
2017-07-26,71.249,71.776,70.878,71.493,1033064,0
2017-07-27,71.21,71.649,70.429,71.005,1431872,0
2017-07-28,72.576,72.576,70.693,71.278,1399506,0
2017-07-31,71.415,71.804,70.625,71.59,2182065,0
2017-08-01,71.796,71.874,69.913,70.547,2144207,0
2017-08-02,70.351,70.672,70.069,70.654,1492491,0
2017-08-03,70.654,71.386,70.127,71.268,1673590,0
2017-08-04,71.209,71.407,70.765,70.913,1354207,0
2017-08-07,70.913,71.407,70.469,71.002,1269285,0
2017-08-08,70.824,71.259,70.567,71.022,1555855,0
2017-08-09,71.081,71.278,70.265,70.331,1238157,0
2017-08-10,70.301,70.617,69.62,69.699,1505350,0
2017-08-11,69.985,69.985,68.958,69.501,1363940,0
2017-08-14,69.728,71.061,69.6,70.834,1626428,0
2017-08-15,70.646,70.646,69.916,70.331,1611263,0
2017-08-16,70.538,71.456,70.38,71.081,1682898,0
2017-08-17,70.814,71.328,70.192,70.192,1360041,0
2017-08-18,70.301,70.37,69.659,69.748,1392466,0
2017-08-21,69.867,71.229,69.669,71.061,1396113,0
2017-08-22,71.061,71.16,69.852,70.025,1191865,0
2017-08-23,69.995,70.883,69.854,70.666,941298,0
2017-08-24,70.597,71.061,70.4,70.498,1529791,0
2017-08-25,70.874,71.426,70.735,71.002,1317582,0
2017-08-28,71.091,71.12,70.192,70.331,943736,0
2017-08-29,70.577,71.308,70.469,71.012,1528856,0
2017-08-30,70.893,71.782,70.883,71.584,2304483,0
2017-08-31,71.881,72.473,71.693,72.285,2631608,0
2017-09-01,72.295,72.838,72.256,72.73,1753614,0
2017-09-05,72.917,73.45,72.7,73.115,2431426,0
2017-09-06,73.282,73.677,72.522,72.73,2282832,0
2017-09-07,72.878,73.273,72.547,73.045,1099323,0
2017-09-08,72.966,73.855,72.818,73.717,1469827,0
2017-09-11,73.618,74.467,73.401,74.398,1744632,0
2017-09-12,74.289,74.615,73.085,73.391,1443127,0
2017-09-13,73.312,73.529,72.878,73.154,1509335,0
2017-09-14,73.065,73.5,72.562,73.5,1673232,0
2017-09-15,73.312,73.667,72.67,73.618,2845861,0
2017-09-18,73.569,73.756,73.006,73.361,1449238,0
2017-09-19,73.45,73.677,72.335,72.493,1702972,0
2017-09-20,72.769,72.927,71.969,72.266,2157783,0
2017-09-21,72.256,72.463,71.249,71.278,1586333,0
2017-09-22,71.407,71.466,69.896,70.054,1877081,0
2017-09-25,70.182,70.597,70.025,70.4,1532618,0
2017-09-26,70.331,70.982,69.778,70.893,2846540,0
2017-09-27,70.34,70.745,68.879,69.018,2410427,0
2017-09-28,68.919,69.699,68.879,69.679,1167220,0
2017-09-29,69.462,70.054,69.067,69.383,2088678,0
2017-10-02,69.965,69.965,68.603,68.662,1800718,0
2017-10-03,68.711,69.304,68.326,68.554,1566643,0
2017-10-04,68.099,68.099,67.132,67.754,3329561,0
2017-10-05,68.011,68.297,67.537,67.645,2079308,0
2017-10-06,67.428,67.517,66.599,67.477,2942651,0
2017-10-09,67.527,67.941,67.31,67.379,1284854,0
2017-10-10,67.556,67.843,66.747,67.142,2723685,0
2017-10-11,67.102,67.428,66.871,67.073,2014098,0
2017-10-12,66.974,67.142,66.234,67.142,1419623,0
2017-10-13,67.477,67.685,66.974,67.329,1948743,0
2017-10-16,67.379,67.556,66.895,67.201,1291407,0
2017-10-17,66.885,67.418,66.767,67.319,1289869,0
2017-10-18,67.319,67.635,66.964,67.438,1285529,0
2017-10-19,67.448,67.774,67.112,67.31,1236873,0
2017-10-20,67.339,67.339,66.885,67.3,1549742,0
2017-10-23,67.477,67.517,66.51,66.628,1356602,0
2017-10-24,66.658,66.777,65.71,65.997,1671783,0
2017-10-25,65.523,65.908,64.565,65.355,1577654,0
2017-10-26,65.809,66.006,64.792,64.921,1148601,0
2017-10-27,64.881,66.954,64.861,66.303,1955223,0
2017-10-30,66.283,66.569,65.947,66.352,1293013,0
2017-10-31,66.327,66.372,65.335,66.105,1402526,0
2017-11-01,66.145,66.569,65.819,66.164,1208241,0
2017-11-02,66.401,67.222,66.322,66.855,1908351,0
2017-11-03,66.569,67.379,66.451,67.28,1414550,0
2017-11-06,67.69,68.02,67.39,68,2125987,0
2017-11-07,69.07,69.8,68.3,68.59,2738092,0
2017-11-08,68.55,69.19,68.2,68.75,2141612,0
2017-11-09,68.5,68.875,68.02,68.28,1452299,0
2017-11-10,68,68.53,68,68.12,1400065,0
