2016-01-04,60.2488,60.96,58.84,60.85,217158,0
2016-01-05,60.83,62.15,60.83,62,96793,0
2016-01-06,61.66,63.22,61.64,63.22,68826,0
2016-01-07,61.65,61.87,60.49,60.49,46884,0
2016-01-08,61.08,61.1399,60.67,60.81,2249,0
2016-01-11,61.12,61.12,60.9901,60.9901,712,0
2016-01-12,60.44,60.6614,60.44,60.63,405474,0
2016-01-13,60.77,60.9,60.55,60.55,130661,0
2016-01-14,59.8,59.96,59.37,59.7921,5853,0
2016-01-15,60.39,60.39,58.84,59.49,19616,0
2016-01-19,60.44,60.44,60.44,60.44,0,0
2016-01-20,60.16,60.27,57.86,58.51,62895,0
2016-01-21,58.71,59.6099,58.19,58.95,54900,0
2016-01-22,60.13,60.75,60.12,60.55,16893,0
2016-01-25,59.99,60.46,59.8,59.81,12986,0
2016-01-26,59.8,59.8,59.22,59.22,24468,0
2016-01-27,59.75,59.75,56.14,56.6,171673,0
2016-01-28,56.01,56.48,55.74,55.92,313300,0
2016-01-29,56.2,56.8,55.96,56.76,118100,0
2016-02-01,56.76,57.36,56.53,57.15,70994,0
2016-02-02,56.76,56.76,56.3801,56.4,67692,0
2016-02-03,56.4,57.491,56,57.491,132484,0
2016-02-04,57.28,57.72,57.21,57.72,5721,0
2016-02-05,57.37,57.75,57.31,57.55,16966,0
2016-02-08,57.6,57.6,55.2,56.2,14075,0
2016-02-09,55.55,55.72,52.17,53.27,119275,0
2016-02-10,53.31,53.7,52.95,53.02,126641,0
2016-02-11,51.84,52.7916,51.3607,51.7701,53470,0
2016-02-12,52,52.5999,51.9977,52.28,6476,0
2016-02-16,52.64,53.2,52.64,53.2,5228,0
2016-02-17,53.78,53.81,53.26,53.26,16586,0
2016-02-18,54,55.4,54,55.09,36635,0
2016-02-19,54.93,56.72,54.93,55.6869,11792,0
2016-02-22,55.26,56.22,55.26,56.09,11631,0
2016-02-23,56.54,57.095,56.32,56.45,6760,0
2016-02-24,56.29,57.2,56.16,57.2,7517,0
2016-02-25,57.2,57.99,57.2,57.8,20749,0
2016-02-26,58,58.37,57.74,58.2,15455,0
2016-02-29,58.79,58.81,58.23,58.23,45768,0
2016-03-01,59,59.77,58.96,59.7,24575,0
2016-03-02,60.0996,60.54,60.0996,60.4935,32730,0
2016-03-03,60.49,60.49,59.5,59.8585,29754,0
2016-03-04,59.8,60.2126,59.7637,60.2126,8244,0
2016-03-07,60.17,60.6599,59.75,60.41,15457,0
2016-03-08,61.01,61.01,59.95,60.13,14487,0
2016-03-09,60.505,60.57,60.2608,60.2608,8423,0
2016-03-10,60.15,60.15,59.1,59.58,27096,0
2016-03-11,60.29,60.6,60.1397,60.17,16570,0
2016-03-14,60.4,60.52,60.0201,60.29,74831,0
2016-03-15,59.81,60.0499,59.35,60.02,3156,0
2016-03-16,59.87,60.67,59.5,60.65,60428,0
2016-03-17,60.67,61.25,60.6,61.2499,40196,0
2016-03-18,61.38,61.52,61,61.0799,3900,0
2016-03-21,60.8809,61.03,60.7,60.82,16571,0
2016-03-22,60.539,60.7868,60.539,60.605,39088,0
2016-03-23,60.5599,61.03,60.445,60.85,12193,0
2016-03-24,60.76,60.8899,60.27,60.64,14247,0
2016-03-28,60.76,61.4,60.76,61.12,19375,0
2016-03-29,60.57,61.7,60.31,61.6999,81627,0
2016-03-30,61.67,61.89,61.33,61.6079,108662,0
2016-03-31,61.67,62.1,61.4884,62.1,40519,0
2016-04-01,61.48,61.56,61.13,61.56,5549,0
2016-04-04,61.75,62.0899,61.52,62.038,176256,0
2016-04-05,62,62.1,61.43,61.69,16755,0
2016-04-06,61.7,61.85,61.52,61.65,8055,0
2016-04-07,61.61,61.88,61.178,61.23,5697,0
2016-04-08,61.5691,61.85,61.54,61.57,14290,0
2016-04-11,62.01,62.12,61.73,61.92,16302,0
2016-04-12,61.9,62.53,61.9,62.35,5607,0
2016-04-13,62.26,62.36,61.99,62.13,9385,0
2016-04-14,62.11,62.4,61.93,62.3,47859,0
2016-04-15,62.39,62.62,61.78,61.78,66979,0
2016-04-18,62.3,62.86,62.06,62.8,18899,0
2016-04-19,63.04,63.25,62.8,63.25,50314,0
2016-04-20,63.04,63.04,61.66,61.77,32052,0
2016-04-21,61.64,61.64,60.2,60.34,193982,0
2016-04-22,60.96,61.5,60.8552,61.3502,156136,0
2016-04-25,61.88,62.05,61.3499,61.87,7292,0
2016-04-26,62.36,62.67,62.06,62.19,5375,0
2016-04-27,62.17,62.59,62,62.59,16496,0
2016-04-28,62.541,62.541,62.2719,62.42,99804,0
2016-04-29,61.76,62.34,61.69,62.33,6172,0
2016-05-02,62.93,62.93,62.3961,62.78,18434,0
2016-05-03,62.78,64.07,62.77,63.78,178794,0
2016-05-04,64.65,65.8,64.65,65.74,576169,0
2016-05-05,65.5326,65.5326,64.91,65.16,68466,0
2016-05-06,64.82,66.05,64.82,65.56,121320,0
2016-05-09,66.19,66.72,66.19,66.49,156017,0
2016-05-10,65.56,65.56,64.49,64.96,20514,0
2016-05-11,64.53,64.65,63.6,64.01,41755,0
2016-05-12,64.05,64.87,64.05,64.51,167372,0
2016-05-13,64.33,64.57,64.1015,64.57,2625,0
2016-05-16,64.85,65.48,64.76,65.24,11053,0
2016-05-17,64.77,64.77,64.02,64.45,58939,0
2016-05-18,63.69,63.7,62.05,62.77,345003,0
2016-05-19,62.17,62.6482,62.17,62.5099,73347,0
2016-05-20,62.8,62.8,62.15,62.1564,11094,0
2016-05-23,62.75,62.86,62.4455,62.55,292702,0
2016-05-24,62.53,62.805,62.4461,62.73,4658,0
2016-05-25,62.75,62.7861,62.211,62.53,34388,0
2016-05-26,62.7494,62.96,62.5,62.72,3921,0
2016-05-27,62.63,63.33,62.63,63,2672,0
2016-05-31,62.49,62.87,62.49,62.64,21182,0
2016-06-01,63.05,63.05,62.72,62.7899,11653,0
2016-06-02,62.8,63.1405,62.8,63.1405,4788,0
2016-06-03,64.25,64.7799,64.0582,64.73,6598,0
2016-06-06,64.43,64.43,63.5744,63.7299,64391,0
2016-06-07,64.15,64.6,64.15,64.3299,32597,0
2016-06-08,64.17,65.31,64.16,65.25,8353,0
2016-06-09,65.06,65.53,64.813,65.53,85444,0
2016-06-10,65.52,65.53,65.4168,65.4999,6464,0
2016-06-13,65.44,66.17,65.44,65.9,36534,0
2016-06-14,66.22,66.25,65.58,66.03,45916,0
2016-06-15,66.28,66.552,66.2,66.552,4753,0
2016-06-16,66.08,66.54,66.0799,66.54,118799,0
2016-06-17,66.9499,67.16,66.9,67.1,6275,0
2016-06-20,66.96,66.96,66.125,66.21,91061,0
2016-06-21,66.4399,66.44,66.1945,66.44,293264,0
2016-06-22,65.36,65.5696,65.35,65.5696,6966,0
2016-06-23,66.12,66.12,65.5,66.01,5475,0
2016-06-24,65.66,66.34,65,65.57,94291,0
2016-06-27,65.5,66.38,65.5,66.31,1134,0
2016-06-28,66.93,66.93,65.59,66.3,69004,0
2016-06-29,66.9,67.23,66.6,67.08,8983,0
2016-06-30,66.96,67.82,66.96,67.8,177399,0
2016-07-01,68.4,68.4,67.16,67.62,41066,0
2016-07-05,67.62,68.05,67.62,68.05,125380,0
2016-07-06,67.8998,68.0199,67.55,68,156862,0
2016-07-07,68.19,68.19,66.62,66.89,110190,0
2016-07-08,67.4999,67.55,66.86,67.36,24326,0
2016-07-11,67.42,68.0999,67.25,68,161903,0
2016-07-12,68.25,68.25,67.48,67.84,186046,0
2016-07-13,68.9,68.9,68.01,68.51,6996,0
2016-07-14,68.66,68.66,67.69,67.873,14214,0
2016-07-15,67.56,68.3899,67.56,68.03,227189,0
2016-07-18,68.2,68.77,68.195,68.726,18327,0
2016-07-19,68.04,69.17,68.04,68.96,539046,0
2016-07-20,68.73,69.03,68.73,69,4640,0
2016-07-21,69.08,69.53,68.98,69.53,6203,0
2016-07-22,69.75,70.102,69.5819,70.09,12967,0
2016-07-25,70.38,70.38,69.7301,70.08,6757,0
2016-07-26,69.62,69.62,69.18,69.35,8622,0
2016-07-27,69.07,69.07,68.3701,68.77,40757,0
2016-07-28,69.19,69.8,68.9901,69.5501,111904,0
2016-07-29,70.34,70.8899,70.25,70.25,26713,0
2016-08-01,69.98,70.47,69.91,70.47,7024,0
2016-08-02,69.69,69.7,69,69.0901,5970,0
2016-08-03,68.3256,69.03,68,69.03,4629,0
2016-08-04,68.9654,69.3,68.8492,69.3,46042,0
2016-08-05,68.87,69.08,68.721,68.85,11610,0
2016-08-08,69.1,69.56,69.1,69.35,48736,0
2016-08-09,69.24,70.3,69.24,70.25,46487,0
2016-08-10,70.59,70.85,70.59,70.79,30006,0
2016-08-11,70.58,70.58,69.55,69.55,319745,0
2016-08-12,70.37,71.19,70.23,70.4699,47176,0
2016-08-15,69.96,70.39,69.96,70.13,5822,0
2016-08-16,68.97,69.16,68.8301,69.16,3198,0
2016-08-17,69.18,69.42,68.7817,69.2,7500,0
2016-08-18,69.32,69.32,69,69.184,2269,0
2016-08-19,69.24,69.28,68.66,68.67,2674,0
2016-08-22,68.9,68.9,68.87,68.87,1841,0
2016-08-23,69.23,69.44,69.21,69.33,3742,0
2016-08-24,69.21,69.21,68.56,68.74,25450,0
2016-08-25,69.55,69.55,69.38,69.4,2899,0
2016-08-26,69.59,69.59,67.94,68.59,5612,0
2016-08-29,69.49,69.5,69.3599,69.5,37359,0
2016-08-30,69.25,69.38,69.0809,69.2301,26049,0
2016-08-31,69.415,69.52,68.9475,69.02,8747,0
2016-09-01,68.99,69.04,68.9134,69,4511,0
2016-09-02,69.65,69.855,69.2299,69.35,1923,0
2016-09-06,69.75,70.1,69.75,70.1,59144,0
2016-09-07,70.15,70.2,70.0501,70.2,30299,0
2016-09-08,69.4,69.88,69.4,69.85,2277,0
2016-09-09,68.45,68.45,66.72,66.89,36784,0
2016-09-12,66.54,67.76,66.54,67.52,3547,0
2016-09-13,66.89,67.1,66.28,66.49,106934,0
2016-09-14,66.67,66.7527,66.57,66.57,74291,0
2016-09-15,66.55,66.89,66.49,66.7999,3564,0
2016-09-16,66.31,66.5,66.31,66.5,1624,0
2016-09-19,66.81,66.81,66.2701,66.55,40180,0
2016-09-20,66.69,66.96,65.13,65.13,17504,0
2016-09-21,66.1,67.47,65.83,67.31,5103,0
2016-09-22,68.66,68.68,68.5207,68.5207,2539,0
2016-09-23,68.48,69.2499,68.48,69.1,4274,0
2016-09-26,68.39,69.43,68.39,69.13,1050161,0
2016-09-27,69.34,69.34,68.17,68.17,315621,0
2016-09-28,67.87,68.16,67.4906,68.16,71289,0
2016-09-29,67.75,67.758,67.43,67.43,7380,0
2016-09-30,67.47,67.47,66.55,66.55,23805,0
2016-10-03,66.11,66.84,65.88,66.05,8173,0
2016-10-04,65.78,66.39,64.17,64.37,231744,0
2016-10-05,64.43,64.43,63,63.6,161555,0
2016-10-06,63.04,63.54,62.86,63.02,38233,0
2016-10-07,63.56,63.6,62.56,62.7899,3406,0
2016-10-10,62.88,63.18,62.68,63.04,11673,0
2016-10-11,62.68,62.74,62.08,62.12,28609,0
2016-10-12,62.57,62.57,62.17,62.35,26898,0
2016-10-13,62.43,63.08,62.43,62.9,64997,0
2016-10-14,62.72,63.08,62.6,62.83,99902,0
2016-10-17,63.19,63.19,62.52,62.65,3095,0
2016-10-18,63.28,63.5,63.02,63.42,78718,0
2016-10-19,63.25,63.6337,63.19,63.54,54798,0
2016-10-20,63.2898,63.7,63.286,63.53,14297,0
2016-10-21,63.53,63.71,63.18,63.71,27866,0
2016-10-24,63.55,64.24,63.36,63.55,15343,0
2016-10-25,63.57,63.75,63.5,63.75,15706,0
2016-10-26,63.14,63.14,62.74,62.84,3799,0
2016-10-27,62,62.01,61.33,62,56881,0
2016-10-28,61.6,62.33,61.6,61.96,9940,0
2016-10-31,61.82,62.32,61.79,61.79,61210,0
2016-11-01,62,62,60.46,60.91,27632,0
2016-11-02,61.12,61.35,60.85,60.85,115779,0
2016-11-03,60.78,60.78,60.03,60.17,262172,0
2016-11-04,60.06,61.72,59.44,60.1,30351,0
2016-11-07,60.05,61.1,60.05,60.9,34054,0
2016-11-08,60.18,60.75,60.01,60.45,40025,0
2016-11-09,59.81,59.81,57.53,58.605,23552,0
2016-11-10,58.46,58.46,56.82,57.4,462620,0
2016-11-11,57.21,58.1673,57.21,57.66,10670,0
2016-11-14,57.63,59.4105,56.71,59.08,99761,0
2016-11-15,59.37,59.79,58.26,58.45,27228,0
2016-11-16,58.75,59.08,58.37,58.43,239962,0
2016-11-17,57.78,58.48,57.77,57.77,247219,0
2016-11-18,57.88,58.1113,57.73,58.08,240765,0
2016-11-21,58.57,58.57,57.65,57.65,21085,0
2016-11-22,58,58.2,57.99,58.2,15058,0
2016-11-23,57.85,57.92,57.48,57.91,7426,0
2016-11-25,58.66,58.66,58.45,58.45,24816,0
2016-11-28,58.1,58.9,58.1,58.9,1538,0
2016-11-29,58.35,59.5,58.35,59.5,37137,0
2016-11-30,58.31,58.76,58.19,58.19,27251,0
2016-12-01,57.97,58.17,57.18,57.5189,30356,0
2016-12-02,57.66,59.05,57.66,58.26,17751,0
2016-12-05,58.17,58.59,58.17,58.17,62328,0
2016-12-06,58.84,59.05,58.65,59.05,81972,0
2016-12-07,59.26,59.94,59.26,59.84,98107,0
2016-12-08,58.66,60.1,58.66,60.01,7476,0
2016-12-09,60.57,60.57,60.05,60.22,18885,0
2016-12-12,60.17,61.29,59.87,60.63,13952,0
2016-12-13,60.36,60.6824,60.36,60.6824,90618,0
2016-12-14,60.4,61.2,59.14,59.25,64180,0
2016-12-15,58.74,59.13,58.28,58.42,11678,0
2016-12-16,57.82,59.91,57.82,59.72,10569,0
2016-12-19,60.44,60.77,60.37,60.56,6889,0
2016-12-20,60.94,61.0283,60.28,60.5,41456,0
2016-12-21,61.01,61.01,59.73,59.95,63863,0
2016-12-22,61.15,61.15,59.45,59.78,8272,0
2016-12-23,59.92,60.06,59.58,60.06,5622,0
2016-12-27,59.8834,60.33,59.85,60.25,14238,0
2016-12-28,59.42,60.45,58.7534,59.2,17904,0
2016-12-29,58.78,59.42,58.78,59.1,37561,0
2016-12-30,59.1,60.18,59.1,60.18,10616,0
2017-01-03,59.61,59.9,59.26,59.43,100072,0
2017-01-04,59.5,59.99,59.33,59.33,10439,0
2017-01-05,59.71,60.9199,59.71,60.76,82975,0
2017-01-06,60.75,61.25,60.66,60.97,77695,0
2017-01-09,60.96,62.19,60.83,60.92,185236,0
2017-01-10,60.13,60.45,59.6735,59.68,14834,0
2017-01-11,60.78,60.78,59.39,59.87,24366,0
2017-01-12,59.61,60.28,59.5,60.08,178193,0
2017-01-13,60.03,60.11,59.8,60.06,14553,0
2017-01-17,60.89,61.81,60.2301,60.48,34954,0
2017-01-18,60.4801,60.605,60.3,60.33,195657,0
2017-01-19,59.98,60.06,59.53,59.79,16091,0
2017-01-20,59.05,60.149,59.05,59.1,76939,0
2017-01-23,59.3,60.799,59.3,60.6,51412,0
2017-01-24,60.6,60.79,60.329,60.549,31414,0
2017-01-25,61.99,61.99,59.6001,59.87,15826,0
2017-01-26,60.2,60.26,59.52,59.62,22866,0
2017-01-27,59.771,59.91,59.29,59.74,22862,0
2017-01-30,59.57,60,59.57,59.81,29281,0
2017-01-31,60.59,60.59,59.75,59.99,18334,0
2017-02-01,60,60.0503,59.2001,59.33,5374,0
2017-02-02,59.35,59.9799,59.35,59.81,140477,0
2017-02-03,60.31,60.31,59.79,59.889,6339,0
2017-02-06,60.41,60.54,60.2599,60.3629,25374,0
2017-02-07,60.6,60.6,60.2463,60.26,23147,0
2017-02-08,60.46,60.5,60.12,60.12,707567,0
2017-02-09,60.47,60.47,59.88,59.88,2429,0
2017-02-10,61.35,61.35,59.89,60.2,18041,0
2017-02-13,60.32,61.035,60.2843,60.85,54436,0
2017-02-14,61.35,61.35,59.62,60.4,27823,0
2017-02-15,59.58,60.2059,59.58,60.15,16819,0
2017-02-16,60.55,60.8,60.26,60.34,33602,0
2017-02-17,59.94,60.4001,59.89,60.14,5329,0
2017-02-21,60.2048,61,60.15,60.9848,14412,0
2017-02-22,61.47,61.93,61.24,61.34,16525,0
2017-02-23,61.25,62.43,61.25,62.32,12600,0
2017-02-24,62.06,63.21,62,63.21,85406,0
2017-02-27,63.12,63.29,63.02,63.22,4972,0
2017-02-28,63.6,63.6,63.2,63.44,275956,0
2017-03-01,63.98,63.98,62.52,62.69,141411,0
2017-03-02,62.62,62.75,62.5,62.75,38153,0
2017-03-03,62.67,62.75,62.365,62.44,37660,0
2017-03-06,62.25,62.33,61.875,62.08,5264,0
2017-03-07,61.81,62.02,61.6,62.02,2615,0
2017-03-08,61.35,61.35,60.98,61.07,6217,0
2017-03-09,61.1,61.1,60,60.1101,22912,0
2017-03-10,59.36,60.57,59.36,60.25,3311,0
2017-03-13,60.47,60.47,60.05,60.07,13596,0
2017-03-14,59.88,60.5,59.76,60.5,30109,0
2017-03-15,60.97,61.33,60.44,61.16,45200,0
2017-03-16,61.35,61.45,61.17,61.25,5521,0
2017-03-17,61.5799,61.63,61.09,61.09,7546,0
2017-03-20,61,61.61,61,61.52,11884,0
2017-03-21,61.69,61.82,61.18,61.67,6911,0
2017-03-22,61.74,62.34,61.74,62.34,12647,0
2017-03-23,62.34,63.2,62.03,63.1,38654,0
2017-03-24,63.08,63.12,62.77,62.83,8216,0
2017-03-27,63.08,63.75,63.08,63.34,17864,0
2017-03-28,64,64,63.17,63.74,4475,0
2017-03-29,63.07,63.16,62.9,62.99,912518,0
2017-03-30,62.91,63.1,62.85,62.97,121642,0
2017-03-31,63.08,63.17,62.84,63.12,261314,0
2017-04-03,63,63.35,63,63.35,128239,0
2017-04-04,62.77,63.24,62.77,62.77,22452,0
2017-04-05,62.8,63.32,62.77,63.32,25289,0
2017-04-06,63.25,63.56,63.22,63.56,9545,0
2017-04-07,63.85,64.23,63.85,64.23,17645,0
2017-04-10,65.48,65.48,64.08,64.5,16305,0
2017-04-11,64.44,64.63,64.1,64.1,105876,0
2017-04-12,64.26,64.71,64.26,64.41,17998,0
2017-04-13,64.53,64.68,64.52,64.68,927,0
2017-04-17,64.84,64.89,64.59,64.8,12950,0
2017-04-18,64.96,65.62,64.96,65.58,133665,0
2017-04-19,65.14,65.36,65.081,65.31,8645,0
2017-04-20,66.39,66.39,65.2,65.2001,4464,0
2017-04-21,65.38,65.58,65.1201,65.32,39344,0
2017-04-24,65.9,65.9,63.81,64.45,51353,0
2017-04-25,65.43,65.43,64.24,64.6,5106,0
2017-04-26,64,64.32,63.77,63.77,11467,0
2017-04-27,64.02,64.53,63.64,64.09,81661,0
2017-04-28,63.27,63.43,63.05,63.33,32631,0
2017-05-01,63.926,64.109,63.4055,63.58,28627,0
2017-05-02,63.04,63.46,63.04,63.26,4896,0
2017-05-03,62.95,62.95,62.46,62.55,65815,0
2017-05-04,62.13,62.6278,61.97,62.6278,10183,0
2017-05-05,62.89,63.19,62.87,63.19,64293,0
2017-05-08,62.97,63.13,62.94,63.13,240066,0
2017-05-09,62.78,62.795,62.4,62.4,6850,0
2017-05-10,62.47,63.46,62.47,63.28,4969,0
2017-05-11,63.28,64.29,63.13,64.29,18424,0
2017-05-12,64.45,64.83,64.36,64.44,12558,0
2017-05-15,65,65,64.4,64.5,7605,0
2017-05-16,64.1983,64.525,64.03,64.39,10657,0
2017-05-17,63.76,65.21,63.76,64.93,60792,0
2017-05-18,65.04,65.52,65.04,65.42,14440,0
2017-05-19,65.35,65.6209,65.35,65.44,17382,0
2017-05-22,65.24,65.75,65.24,65.75,2836,0
2017-05-23,65.86,65.94,65.4671,65.6,7053,0
2017-05-24,65.61,65.75,65.61,65.75,1281,0
2017-05-25,65.18,65.65,65.18,65.49,3037,0
2017-05-26,65.49,65.49,64.8946,65.07,4580,0
2017-05-30,64.86,65.29,64.82,65.03,6119,0
2017-05-31,65.12,65.12,64.82,64.86,10752,0
2017-06-01,64.46,65.31,64.46,65.3,3323,0
2017-06-02,65.75,66.05,65.68,65.89,3367,0
2017-06-05,65.59,65.71,65.5,65.55,17049,0
2017-06-06,65.5,65.67,65.2595,65.2595,142373,0
2017-06-07,64.75,65.43,64.75,65.35,132126,0
2017-06-08,67.25,67.25,64.67,65.22,8977,0
2017-06-09,65.1936,65.47,65.1936,65.47,14311,0
2017-06-12,65.5,66.05,65.5,66.03,116968,0
2017-06-13,66.15,66.28,66.01,66.16,176452,0
2017-06-14,66.78,67.28,66.35,66.54,14509,0
2017-06-15,66.31,66.92,66.29,66.31,140482,0
2017-06-16,66.64,67.5,66.64,67.37,64809,0
2017-06-19,67.54,67.78,67.37,67.78,29422,0
2017-06-20,67.71,68.57,67.71,68.31,90725,0
2017-06-21,68.36,68.57,68.24,68.53,250811,0
2017-06-22,69.82,69.82,68.509,68.83,16822,0
2017-06-23,69,69.1113,68.71,68.71,3451,0
2017-06-26,68.94,69.22,68.94,69.09,9854,0
2017-06-27,69,69,68.1,68.15,27789,0
2017-06-28,67.34,67.86,66.99,67.5,14936,0
2017-06-29,66.58,66.66,65.97,65.98,67176,0
2017-06-30,66.39,66.46,65.8601,66.26,70417,0
2017-07-03,66.19,67.01,66.19,67.01,6938,0
2017-07-05,66.6916,66.6916,66.1401,66.49,22078,0
2017-07-06,66.01,66.15,64.76,64.76,135046,0
2017-07-07,64.23,64.88,64.23,64.61,5189,0
2017-07-10,64.85,64.97,64.53,64.58,213411,0
2017-07-11,64.492,64.85,64.19,64.71,9269,0
2017-07-12,65.31,65.53,65.22,65.3,13353,0
2017-07-13,65.28,65.37,64.96,64.96,49099,0
2017-07-14,64.96,65.65,64.96,65.29,19216,0
2017-07-17,66.17,66.7,65.52,65.63,64397,0
2017-07-18,65.37,66.95,65.37,66.95,87240,0
2017-07-19,67.15,67.15,65.51,65.84,23753,0
2017-07-20,66.1,66.1,65.3,65.3,127650,0
2017-07-21,65.46,66,65.46,66,55670,0
2017-07-24,66.91,66.91,62.05,62.05,38188,0
2017-07-25,65.15,65.19,64.28,65.16,46178,0
2017-07-26,65.26,65.35,64.62,64.9,26340,0
2017-07-27,63.25,65.23,63.25,65.23,57643,0
2017-07-28,65.31,65.42,64.695,65.29,43628,0
2017-07-31,65.5,65.5,64.72,65.4,32183,0
2017-08-01,65.28,65.79,64.26,64.69,51045,0
2017-08-02,64.63,65.42,64.4654,64.55,28677,0
2017-08-03,64.6636,65.2,64.33,65.2,126559,0
2017-08-04,64.48,65.31,64.43,65.03,14233,0
2017-08-07,65.21,65.22,64.73,65.1,5852,0
2017-08-08,63.8,65.25,63.8,65.25,3946,0
2017-08-09,65.27,65.27,64.11,64.27,143169,0
2017-08-10,64.35,64.35,63.97,64.12,3405,0
2017-08-11,63.94,64.19,63.63,63.84,40306,0
2017-08-14,64.26,64.91,64.26,64.72,11008,0
2017-08-15,63.83,64.4,63.83,64.17,18853,0
2017-08-16,65.1636,65.17,65,65.17,11250,0
2017-08-17,65.08,65.08,64.32,64.32,11062,0
2017-08-18,64.62,64.62,64.17,64.37,8039,0
2017-08-21,64.57,65.17,64.57,65.1,2456,0
2017-08-22,64.8,64.85,64.42,64.57,9053,0
2017-08-23,65.0259,65.1,64.46,64.78,14128,0
2017-08-24,64.9408,65.06,64.63,64.63,27883,0
2017-08-25,65.13,65.13,65.13,65.13,100,0
2017-08-28,65.47,65.47,64.67,64.96,5213,0
2017-08-29,65.21,65.21,65.17,65.17,623,0
2017-08-30,65.2001,65.4181,65.2001,65.3,2669,0
2017-08-31,66.03,66.15,65.9419,66.15,18772,0
2017-09-01,66.01,66.26,65.96,66.1,109470,0
2017-09-05,66.75,66.765,66.05,66.05,66827,0
2017-09-06,66.47,66.64,66.15,66.23,26777,0
2017-09-07,66.1,66.56,66.1,66.19,18477,0
2017-09-08,66.43,66.83,66.4201,66.83,49822,0
2017-09-11,67.17,67.53,67.17,67.53,15237,0
2017-09-12,67.23,67.23,67.06,67.06,1300,0
2017-09-13,66.61,66.82,66.16,66.57,37931,0
2017-09-14,66.46,66.8,66.3716,66.69,4790,0
2017-09-15,66.62,67.05,66.59,67.05,1743,0
2017-09-18,66.81,66.81,66.69,66.7,1593,0
2017-09-19,66.999,67,66.1,66.1,14895,0
2017-09-20,66.35,66.35,65.905,65.93,137043,0
2017-09-21,65.95,65.9797,65.43,65.43,3378,0
2017-09-22,65.1999,65.1999,64.45,64.6,42864,0
2017-09-25,64.79,66.17,64.77,64.8,27975,0
2017-09-26,64.57,65.25,64.57,65.25,282573,0
2017-09-27,64.65,64.65,63.7,63.7,108504,0
2017-09-28,63.23,63.61,63.1699,63.61,40472,0
2017-09-29,63.58,63.58,63.05,63.43,41169,0
2017-10-02,63.13,63.13,62.83,62.83,2216,0
2017-10-03,62.87,63,62.511,62.58,4871,0
2017-10-04,61.66,62.18,61.66,61.97,62685,0
2017-10-05,62.24,62.35,61.91,61.91,54370,0
2017-10-06,61.75,61.89,61.31,61.8,31077,0
2017-10-09,62.23,62.23,61.69,61.69,3531,0
2017-10-10,61.7208,61.99,61.35,61.58,6410,0
2017-10-11,61.55,61.83,61.4929,61.5946,10529,0
2017-10-12,61.5,61.7,61.07,61.63,9386,0
2017-10-13,61.32,62.09,61.32,61.95,4946,0
2017-10-16,62.25,62.25,61.5301,61.8,38581,0
2017-10-17,61.72,61.83,61.55,61.75,7696,0
2017-10-18,61.99,62.01,61.75,62,60063,0
2017-10-19,62,62.02,61.7601,61.9048,295123,0
2017-10-20,62,62.16,61.49,62.16,167163,0
2017-10-23,62.03,62.03,61.5002,61.55,71774,0
2017-10-24,61.15,61.35,60.92,61.08,27803,0
2017-10-25,60.48,60.48,60.11,60.35,13960,0
2017-10-26,60.78,61.26,60.2,60.49,10686,0
2017-10-27,60.73,61.72,60.73,61.4,7052,0
2017-10-30,61.38,61.45,61.05,61.4213,6949,0
2017-10-31,60.42,61.33,60.42,61.33,264444,0
2017-11-01,60.96,61.3968,60.96,61.3,4325,0
2017-11-02,61.705,62.05,61.56,61.69,63670,0
2017-11-03,61.92,62.14,61.72,62.14,3136,0
2017-11-06,61.98,62.4499,61.9,62.43,9704,0
2017-11-07,63.15,63.51,63,63.02,17164,0
2017-11-08,62.54,64.39,62.54,62.97,32130,0
2017-11-09,62.8,63.1,62.761,62.84,11842,0
2017-11-10,62.8464,62.8464,62.63,62.6602,4393,0
