2016-01-04,9.1451,9.4121,8.9167,9.4121,14161,0
2016-01-05,9.4527,9.4923,9.1253,9.2935,30612,0
2016-01-06,9.2737,9.4729,9.0759,9.2835,12576,0
2016-01-07,9.244,9.244,8.9572,8.9771,16967,0
2016-01-08,9.0463,9.234,8.7397,8.8188,19408,0
2016-01-11,8.9177,9.1253,8.4883,8.7991,23010,0
2016-01-12,9.1155,9.1352,8.5717,8.9771,30838,0
2016-01-13,8.9572,9.0561,8.7496,8.7496,19933,0
2016-01-14,8.898,8.9376,8.4827,8.73,12962,0
2016-01-15,8.7496,8.8485,8.4135,8.4135,15416,0
2016-01-19,8.4037,8.5026,8.0871,8.2158,20533,0
2016-01-20,8.0577,8.8288,8.0577,8.7892,39834,0
2016-01-21,8.8881,8.8881,8.7002,8.7892,16271,0
2016-01-22,8.8485,8.8881,8.7119,8.8881,13110,0
2016-01-25,8.8782,8.898,8.7002,8.7101,13991,0
2016-01-26,8.73,8.898,8.7002,8.7101,15549,0
2016-01-27,8.898,8.898,8.7991,8.8288,14320,0
2016-01-28,8.8387,8.8485,8.7546,8.7892,8454,0
2016-01-29,8.898,8.898,8.73,8.7695,9785,0
2016-02-01,8.7002,8.7397,8.2454,8.2751,16259,0
2016-02-02,8.1564,8.898,8.1564,8.4037,6148,0
2016-02-03,8.374,8.374,8.0861,8.3047,12478,0
2016-02-04,8.3839,8.4827,8.3047,8.374,8801,0
2016-02-05,8.4037,8.4037,8.1082,8.1465,17163,0
2016-02-08,7.9093,7.9589,7.8895,7.9093,33801,0
2016-02-09,7.8796,7.8945,7.7908,7.8796,21048,0
2016-02-10,7.8599,8.1465,7.7609,7.9193,16178,0
2016-02-11,8.3246,8.4433,8.1564,8.3047,18499,0
2016-02-12,8.4827,8.6408,8.4827,8.6113,13814,0
2016-02-16,8.8485,9.0047,8.697,8.8683,17409,0
2016-02-17,8.6213,8.898,8.463,8.6607,10997,0
2016-02-18,8.5915,8.6113,8.5717,8.6113,8554,0
2016-02-19,8.5124,8.8782,8.5124,8.7002,16795,0
2016-02-22,8.6309,8.967,8.5519,8.7991,10584,0
2016-02-23,8.7991,8.9078,8.6309,8.6902,5561,0
2016-02-24,8.7991,8.9968,8.7091,8.9968,16454,0
2016-02-25,8.8683,8.9277,8.7595,8.8387,33251,0
2016-02-26,8.4622,8.9179,8.4622,8.8188,8402,0
2016-02-29,8.8684,8.912,8.7693,8.7793,14853,0
2016-03-01,8.7495,9.0169,8.5216,8.8188,14545,0
2016-03-02,8.8188,8.908,8.7218,8.908,15004,0
2016-03-03,8.8684,8.908,8.799,8.8387,23842,0
2016-03-04,8.8089,8.9179,8.8032,8.8089,23678,0
2016-03-07,8.8684,9.4133,8.8188,9.3243,75636,0
2016-03-08,9.2845,9.66,9.0566,9.3638,33896,0
2016-03-09,9.66,9.66,9.3143,9.4134,4489,0
2016-03-10,9.4838,9.62,9.3539,9.4537,10467,0
2016-03-11,9.2252,10.82,9.2252,10.544,38901,0
2016-03-14,10.425,11.03,9.999,11.01,27538,0
2016-03-15,10.345,10.8,10.295,10.475,23567,0
2016-03-16,10.175,10.96,10.165,10.66,13891,0
2016-03-17,10.338,11.05,10.338,10.68,41334,0
2016-03-18,10.573,11.088,10.205,10.375,50252,0
2016-03-21,10.68,11.245,10.602,11.235,68256,0
2016-03-22,11.235,11.475,11.05,11.465,21061,0
2016-03-23,11.355,11.545,11.032,11.385,18103,0
2016-03-24,11.315,11.92,11.186,11.92,51713,0
2016-03-28,12.06,12.376,11.93,12.119,59370,0
2016-03-29,12.119,12.217,12.083,12.109,34621,0
2016-03-30,12.188,12.525,12.188,12.455,57381,0
2016-03-31,12.366,12.485,12.336,12.356,47910,0
2016-04-01,12.321,12.555,12.301,12.386,27250,0
2016-04-04,12.535,12.615,12.415,12.555,38422,0
2016-04-05,12.535,12.871,12.515,12.525,43107,0
2016-04-06,12.555,12.871,12.555,12.732,30245,0
2016-04-07,12.555,12.861,12.555,12.664,37168,0
2016-04-08,12.684,12.866,12.198,12.376,44210,0
2016-04-11,12.376,12.816,12.376,12.585,42700,0
2016-04-12,12.585,12.841,12.505,12.535,38319,0
2016-04-13,12.565,12.801,12.535,12.664,54457,0
2016-04-14,12.634,12.732,12.595,12.674,24459,0
2016-04-15,12.674,12.704,12.495,12.605,36871,0
2016-04-18,12.811,12.871,12.555,12.732,55426,0
2016-04-19,12.694,12.871,12.694,12.821,39895,0
2016-04-20,12.723,12.981,12.723,12.841,56810,0
2016-04-21,12.732,12.981,12.704,12.821,45785,0
2016-04-22,12.841,12.931,12.723,12.866,52163,0
2016-04-25,12.831,12.971,12.674,12.941,48222,0
2016-04-26,12.991,12.991,12.795,12.851,62747,0
2016-04-27,12.762,12.981,12.762,12.881,84333,0
2016-04-28,12.961,13.001,12.831,12.911,47768,0
2016-04-29,12.821,12.911,12.821,12.881,43037,0
2016-05-02,12.881,12.881,12.634,12.871,50575,0
2016-05-03,12.881,12.881,12.65,12.841,48370,0
2016-05-04,12.811,12.901,12.811,12.901,44425,0
2016-05-05,12.881,13.337,12.811,13.257,115240,0
2016-05-06,13.229,13.596,13.209,13.476,58868,0
2016-05-09,13.356,13.526,12.811,13.376,40823,0
2016-05-10,11.148,11.245,9.93,10.116,248663,0
2016-05-11,9.99,11.225,9.99,10.83,84621,0
2016-05-12,10.95,11.375,10.8,11.245,107362,0
2016-05-13,11.186,11.721,10.83,11.623,98679,0
2016-05-16,11.335,11.86,11.196,11.702,83245,0
2016-05-17,11.515,11.741,11.176,11.255,63726,0
2016-05-18,11.245,11.465,10.641,10.91,68176,0
2016-05-19,10.82,10.9,10.71,10.87,19518,0
2016-05-20,10.85,11.118,9.92,10.554,34072,0
2016-05-23,10.485,10.76,10.305,10.73,42669,0
2016-05-24,10.72,11.01,10.485,10.82,31009,0
2016-05-25,10.424,10.93,10.415,10.89,20316,0
2016-05-26,10.86,11.005,10.404,10.93,21029,0
2016-05-27,10.87,10.938,10.582,10.72,28311,0
2016-05-31,10.611,10.77,10.174,10.344,62066,0
2016-06-01,10.284,10.414,9.923,10.284,39126,0
2016-06-02,10.294,10.404,10.006,10.334,24130,0
2016-06-03,10.374,10.394,9.908,10.006,26464,0
2016-06-06,9.958,10.234,9.589,10.184,52664,0
2016-06-07,10.154,10.374,10.154,10.324,26561,0
2016-06-08,10.374,10.424,10.234,10.334,42126,0
2016-06-09,10.334,10.444,9.997,10.234,17303,0
2016-06-10,10.184,10.364,9.968,9.988,25099,0
2016-06-13,9.888,10.334,9.2419,9.2816,50122,0
2016-06-14,9.2916,9.52,9.0931,9.371,47254,0
2016-06-15,9.4404,9.539,9.4404,9.4507,19575,0
2016-06-16,9.371,9.4507,9.2816,9.371,13249,0
2016-06-17,9.3808,9.3808,8.9243,8.9342,35340,0
2016-06-20,9.0335,9.2122,9.0335,9.0831,39314,0
2016-06-21,9.1327,9.1905,8.9342,9.0036,37438,0
2016-06-22,9.0632,9.2122,8.9441,9.1923,40123,0
2016-06-23,9.1923,9.549,9.1327,9.539,74204,0
2016-06-24,9.3808,9.618,8.9441,9.1227,107258,0
2016-06-27,9.1823,9.53,9.1823,9.4008,42185,0
2016-06-28,9.4306,9.948,9.4306,9.668,35203,0
2016-06-29,9.908,10.016,9.818,9.958,38366,0
2016-06-30,10.006,10.134,9.883,9.988,26344,0
2016-07-01,9.858,10.075,9.858,10.006,16756,0
2016-07-05,9.848,9.888,9.609,9.718,18895,0
2016-07-06,9.638,9.798,9.4709,9.788,18771,0
2016-07-07,9.778,9.828,9.559,9.678,14604,0
2016-07-08,9.788,9.968,9.559,9.958,30685,0
2016-07-11,9.978,10.016,9.868,9.928,28696,0
2016-07-12,9.928,10.006,9.868,9.997,54103,0
2016-07-13,9.948,10.016,9.858,9.958,26146,0
2016-07-14,10.115,10.154,9.948,10.006,28378,0
2016-07-15,10.065,10.298,10.046,10.134,17787,0
2016-07-18,10.164,10.164,9.828,9.848,19297,0
2016-07-19,9.778,9.838,9.0278,9.698,20590,0
2016-07-20,9.678,9.758,9.525,9.688,20413,0
2016-07-21,9.658,9.838,9.648,9.828,24661,0
2016-07-22,9.918,10.036,9.539,9.997,18913,0
2016-07-25,10.046,10.046,9.788,9.918,13591,0
2016-07-26,10.026,10.164,9.798,10.105,45631,0
2016-07-27,10.125,10.274,9.997,10.144,20716,0
2016-07-28,10.075,10.364,9.997,10.264,15271,0
2016-07-29,10.344,10.344,9.988,10.026,15264,0
2016-08-01,10.105,10.105,10.006,10.065,7677,0
2016-08-02,10.134,10.134,10.006,10.036,6938,0
2016-08-03,10.006,10.092,9.997,10.085,14748,0
2016-08-04,10.105,10.394,10.105,10.174,4589,0
2016-08-05,10.424,10.424,10.214,10.264,9069,0
2016-08-08,10.367,11.336,10.344,11.296,43755,0
2016-08-09,11.366,11.654,11.366,11.566,38224,0
2016-08-10,11.456,11.615,11.456,11.566,48335,0
2016-08-11,11.644,12.062,11.516,11.872,51425,0
2016-08-12,11.962,12.012,11.812,11.912,30885,0
2016-08-15,11.912,12.548,11.902,12.538,93640,0
2016-08-16,12.409,12.409,11.625,12.052,42075,0
2016-08-17,12.032,12.032,11.536,11.733,27783,0
2016-08-18,11.763,12.279,11.694,11.783,15062,0
2016-08-19,11.783,12.205,11.286,11.476,54261,0
2016-08-22,11.426,11.471,11.118,11.187,21586,0
2016-08-23,11.216,11.216,10.82,10.85,35469,0
2016-08-24,10.81,10.9,10.524,10.534,16518,0
2016-08-25,10.76,10.805,10.414,10.454,29799,0
2016-08-26,10.524,10.72,10.194,10.304,27995,0
2016-08-29,10.374,10.602,10.254,10.543,59746,0
2016-08-30,10.622,10.771,10.612,10.661,12236,0
2016-08-31,10.661,10.701,10.224,10.514,12144,0
2016-09-01,10.534,10.671,10.144,10.642,24336,0
2016-09-02,10.632,10.781,10.632,10.741,27722,0
2016-09-06,10.781,10.781,10.424,10.504,17224,0
2016-09-07,10.563,10.731,10.534,10.661,20651,0
2016-09-08,10.656,10.691,10.454,10.504,9976,0
2016-09-09,10.474,10.573,10.095,10.115,34865,0
2016-09-12,9.987,10.404,9.757,10.404,25125,0
2016-09-13,10.224,10.593,9.837,9.887,11607,0
2016-09-14,9.947,9.947,9.667,9.667,10723,0
2016-09-15,9.727,9.877,9.4913,9.847,9171,0
2016-09-16,9.977,10.164,9.588,9.937,30808,0
2016-09-19,9.996,10.174,9.647,9.707,10455,0
2016-09-20,9.797,9.977,9.697,9.857,15006,0
2016-09-21,9.897,9.957,9.767,9.857,10958,0
2016-09-22,9.907,10.344,9.867,10.204,13684,0
2016-09-23,10.174,10.314,10.174,10.244,1917,0
2016-09-26,10.154,10.284,10.106,10.214,8685,0
2016-09-27,10.234,10.612,10.015,10.553,25821,0
2016-09-28,10.563,10.911,10.214,10.901,27184,0
2016-09-29,10.881,11.044,10.711,10.771,8971,0
2016-09-30,10.731,11.17,10.474,11.061,14874,0
2016-10-03,11.051,11.169,10.911,10.981,10935,0
2016-10-04,10.991,11.278,10.751,10.761,7894,0
2016-10-05,10.981,11.318,10.951,11.238,9573,0
2016-10-06,10.981,11.179,10.722,11.11,9543,0
2016-10-07,11.208,11.238,11.081,11.208,8348,0
2016-10-10,11.258,11.358,11.061,11.15,8494,0
2016-10-11,11.208,11.228,10.791,10.871,8425,0
2016-10-12,10.981,10.991,10.791,10.831,8118,0
2016-10-13,10.751,10.861,10.661,10.671,5646,0
2016-10-14,10.652,10.711,10.504,10.701,7608,0
2016-10-17,10.661,10.661,10.524,10.524,6139,0
2016-10-18,10.652,10.911,10.642,10.671,10626,0
2016-10-19,10.504,10.746,10.304,10.404,6157,0
2016-10-20,10.344,10.961,10.115,10.214,5015,0
2016-10-21,10.105,10.414,10.035,10.274,87593,0
2016-10-24,10.294,10.652,10.279,10.484,118962,0
2016-10-25,10.324,10.353,10.025,10.075,22925,0
2016-10-26,10.045,10.354,9.647,9.707,51959,0
2016-10-27,9.807,9.807,9.4487,9.647,39376,0
2016-10-28,9.708,9.887,9.683,9.747,9360,0
2016-10-31,9.852,9.852,9.617,9.647,21822,0
2016-11-01,9.588,9.617,9.0907,9.399,47358,0
2016-11-02,9.627,9.916,8.9216,8.9415,33120,0
2016-11-03,8.9614,9.797,8.6033,8.7426,50813,0
2016-11-04,8.6928,8.8445,8.1955,8.3249,58594,0
2016-11-07,8.4541,8.9415,8.3447,8.8619,20969,0
2016-11-08,8.842,8.842,8.3149,8.7227,22330,0
2016-11-09,8.6928,9.404,8.5536,9.0707,44677,0
2016-11-10,9.2101,9.887,8.6331,9.637,41139,0
2016-11-11,9.647,9.887,9.2398,9.627,48782,0
2016-11-14,9.907,9.907,9.409,9.4983,40393,0
2016-11-15,9.617,9.617,9.3195,9.389,21019,0
2016-11-16,9.389,9.548,9.2101,9.538,43957,0
2016-11-17,9.548,9.647,9.2299,9.3692,55803,0
2016-11-18,9.548,9.827,9.2796,9.538,71383,0
2016-11-21,9.548,9.877,9.2896,9.877,29899,0
2016-11-22,9.937,10.184,9.2598,9.987,65600,0
2016-11-23,10.035,11.179,10.035,10.504,16174,0
2016-11-25,10.484,10.991,10.424,10.811,7885,0
2016-11-28,10.612,10.612,10.264,10.394,9751,0
2016-11-29,10.394,10.732,10.28,10.504,29056,0
2016-11-30,10.662,11.052,9.4768,10.992,34878,0
2016-12-01,10.962,11.405,10.792,10.972,25178,0
2016-12-02,10.892,11.012,10.712,10.762,24629,0
2016-12-05,10.762,11.007,10.622,10.962,26736,0
2016-12-06,10.912,11.709,10.912,11.59,38312,0
2016-12-07,11.37,11.475,11.191,11.31,43481,0
2016-12-08,11.21,11.46,10.942,11.34,27328,0
2016-12-09,11.56,11.769,11.32,11.659,21352,0
2016-12-12,11.53,11.779,11.151,11.27,27523,0
2016-12-13,11.31,11.31,10.932,11.161,22608,0
2016-12-14,11.131,11.24,10.778,10.862,19147,0
2016-12-15,10.792,11.191,10.752,11.002,28842,0
2016-12-16,11.062,11.121,10.662,10.677,65356,0
2016-12-19,10.792,10.902,10.514,10.752,32337,0
2016-12-20,10.842,11.21,10.842,11.141,32775,0
2016-12-21,11.002,11.29,10.786,11.022,65414,0
2016-12-22,11.022,11.818,10.962,11.729,62235,0
2016-12-23,11.709,11.858,11.47,11.769,53953,0
2016-12-27,11.759,12.128,11.759,12.038,21881,0
2016-12-28,11.948,12.028,11.36,11.659,21475,0
2016-12-29,11.46,11.5,11.072,11.21,23702,0
2016-12-30,11.191,11.201,10.812,11.042,13990,0
2017-01-03,11.091,11.43,10.982,11.22,14257,0
2017-01-04,11.28,11.55,10.942,11.39,22833,0
2017-01-05,11.37,11.51,11.032,11.37,19620,0
2017-01-06,11.46,11.53,11.35,11.42,18130,0
2017-01-09,11.34,11.538,11.161,11.35,17843,0
2017-01-10,11.35,11.918,11.29,11.888,21639,0
2017-01-11,11.838,11.848,11.33,11.649,11356,0
2017-01-12,11.41,11.59,11.36,11.55,11594,0
2017-01-13,11.689,11.898,11.618,11.709,7724,0
2017-01-17,11.639,11.695,11.46,11.649,21533,0
2017-01-18,11.769,11.769,11.4,11.6,10367,0
2017-01-19,11.699,11.699,11.012,11.101,9181,0
2017-01-20,11.072,11.699,11.002,11.151,17996,0
2017-01-23,11.101,11.101,10.772,10.822,8399,0
2017-01-24,10.822,11.062,10.822,11.012,6641,0
2017-01-25,11.111,11.779,11.032,11.629,12851,0
2017-01-26,11.22,11.51,11.111,11.171,18167,0
2017-01-27,11.141,11.141,10.882,11.022,7140,0
2017-01-30,10.872,10.982,10.494,10.514,25321,0
2017-01-31,10.474,10.682,10.264,10.563,16891,0
2017-02-01,10.612,11.012,10.064,10.154,54702,0
2017-02-02,10.034,10.244,9.786,9.856,23635,0
2017-02-03,9.946,10.024,9.816,9.906,34174,0
2017-02-06,9.886,9.966,9.866,9.886,11694,0
2017-02-07,9.886,9.966,9.866,9.866,16171,0
2017-02-08,9.796,9.926,9.4768,9.626,24399,0
2017-02-09,10.494,10.962,9.966,10.514,200107,0
2017-02-10,10.632,10.962,10.612,10.692,22699,0
2017-02-13,10.812,10.852,10.652,10.742,34999,0
2017-02-14,10.579,10.902,10.579,10.882,17926,0
2017-02-15,10.842,11.072,10.812,10.882,25386,0
2017-02-16,10.862,11.111,10.862,10.922,22742,0
2017-02-17,10.962,11.014,10.922,10.962,37830,0
2017-02-21,10.982,11.042,10.962,11.002,10965,0
2017-02-22,11.072,11.111,10.932,10.972,9879,0
2017-02-23,11.002,11.062,10.862,10.972,97319,0
2017-02-24,10.842,10.912,10.682,10.812,16740,0
2017-02-27,10.692,10.772,10.573,10.573,15642,0
2017-02-28,10.418,10.704,10.203,10.433,50979,0
2017-03-01,10.493,11.007,10.388,10.473,28782,0
2017-03-02,10.453,10.543,10.433,10.483,34315,0
2017-03-03,10.483,10.523,10.233,10.443,24572,0
2017-03-06,10.453,10.702,10.263,10.652,48790,0
2017-03-07,10.583,11.082,10.553,10.832,24660,0
2017-03-08,10.932,11.19,10.602,10.632,34384,0
2017-03-09,10.732,10.982,10.533,10.622,24011,0
2017-03-10,10.732,10.812,10.253,10.403,25083,0
2017-03-13,10.309,10.363,10.133,10.253,34537,0
2017-03-14,10.113,10.483,10.022,10.423,21951,0
2017-03-15,10.348,10.732,10.283,10.672,21099,0
2017-03-16,10.782,10.982,10.503,10.732,42050,0
2017-03-17,10.652,10.982,10.573,10.842,67862,0
2017-03-20,10.882,11.331,10.882,11.211,74068,0
2017-03-21,11.351,11.351,10.573,10.602,27143,0
2017-03-22,10.313,10.616,10.193,10.253,45528,0
2017-03-23,10.203,10.712,10.203,10.642,19715,0
2017-03-24,10.67,10.862,10.483,10.543,27689,0
2017-03-27,10.333,10.523,10.333,10.443,9220,0
2017-03-28,10.383,10.888,10.203,10.882,23147,0
2017-03-29,10.832,11.122,10.732,11.032,28676,0
2017-03-30,11.062,11.441,10.992,11.102,36739,0
2017-03-31,11.182,11.348,10.922,11.221,40752,0
2017-04-03,11.281,11.381,11.072,11.082,39510,0
2017-04-04,11.062,11.202,10.732,10.782,70791,0
2017-04-05,10.932,11.022,10.243,10.333,54813,0
2017-04-06,10.483,10.752,10.343,10.443,23038,0
2017-04-07,10.463,10.672,10.413,10.473,33397,0
2017-04-10,10.632,10.812,10.513,10.533,27793,0
2017-04-11,10.573,11.461,10.573,10.702,32261,0
2017-04-12,10.632,10.692,10.283,10.313,10629,0
2017-04-13,10.353,10.378,10.193,10.313,45623,0
2017-04-17,10.453,10.543,10.283,10.503,25611,0
2017-04-18,10.483,10.543,10.403,10.513,10448,0
2017-04-19,10.583,10.872,10.453,10.682,37147,0
2017-04-20,10.722,10.882,10.682,10.862,15663,0
2017-04-21,10.832,10.882,10.752,10.812,31932,0
2017-04-24,10.962,10.962,10.762,10.862,28920,0
2017-04-25,10.962,10.962,10.173,10.403,53733,0
2017-04-26,10.483,10.583,10.373,10.483,65874,0
2017-04-27,10.593,10.602,10.433,10.513,25205,0
2017-04-28,10.583,10.583,10.333,10.483,34926,0
2017-05-01,10.483,10.483,10.293,10.373,18028,0
2017-05-02,10.378,10.393,10.213,10.253,28423,0
2017-05-03,10.183,10.453,10.143,10.343,42577,0
2017-05-04,10.343,10.393,10.183,10.333,17825,0
2017-05-05,10.283,10.742,9.954,10.672,133374,0
2017-05-08,10.583,10.842,10.523,10.832,27673,0
2017-05-09,10.782,11.246,10.782,10.992,29937,0
2017-05-10,10.952,11.032,10.842,11.022,25591,0
2017-05-11,11.032,11.371,11.022,11.321,29489,0
2017-05-12,11.331,11.671,11.331,11.511,26073,0
2017-05-15,11.601,11.711,11.483,11.541,111123,0
2017-05-16,11.467,11.701,11.467,11.671,20572,0
2017-05-17,11.471,11.651,11.401,11.571,31930,0
2017-05-18,11.481,11.701,11.381,11.571,48778,0
2017-05-19,11.531,11.98,11.531,11.92,67690,0
2017-05-22,11.93,12.35,11.801,12.2,20285,0
2017-05-23,11.691,12.37,11.691,11.99,66626,0
2017-05-24,11.85,12.07,11.812,11.99,30162,0
2017-05-25,12,12.22,12,12.11,43740,0
2017-05-26,12,12.2,11.09,12.11,29360,0
2017-05-30,11.88,12.18,11.711,12.06,27418,0
2017-05-31,12.05,12.2,12.05,12.1,10027,0
2017-06-01,12.13,12.2,11.99,12.14,17620,0
2017-06-02,12.15,12.4,11.995,12.29,58659,0
2017-06-05,12.3,12.3,11.85,12.04,95830,0
2017-06-06,11.94,12.5,11.9,12.41,45201,0
2017-06-07,12.37,12.37,12.04,12.17,37816,0
2017-06-08,12.2,12.895,11.995,12.77,35888,0
2017-06-09,12.78,12.8,12.63,12.75,30582,0
2017-06-12,12.74,12.87,12.54,12.73,27805,0
2017-06-13,12.8,12.82,12.65,12.79,40205,0
2017-06-14,12.8,12.9,12.18,12.55,42150,0
2017-06-15,12.45,12.7075,12.31,12.54,29996,0
2017-06-16,12.43,12.64,12.075,12.58,64117,0
2017-06-19,12.224,12.75,12.16,12.59,12869,0
2017-06-20,12.58,12.82,12.17,12.47,12470,0
2017-06-21,12.17,12.43,12,12.11,21891,0
2017-06-22,12.13,12.53,12.04,12.45,11846,0
2017-06-23,12.45,12.59,12.12,12.41,75475,0
2017-06-26,12.35,12.79,12.31,12.6,19868,0
2017-06-27,12.59,12.82,12.49,12.55,17249,0
2017-06-28,12.55,12.8,12.34,12.7,11401,0
2017-06-29,12.7,12.72,12.44,12.53,17306,0
2017-06-30,12.55,12.58,12.37,12.42,8570,0
2017-07-03,12.48,12.64,12.42,12.55,2079,0
2017-07-05,12.55,12.55,12.05,12.2,16786,0
2017-07-06,12.03,12.36,12.03,12.25,11221,0
2017-07-07,12.47,12.48,12.3,12.4,7488,0
2017-07-10,12.31,12.8,12.31,12.55,69804,0
2017-07-11,12.63,12.63,12.11,12.54,15664,0
2017-07-12,12.74,12.75,12.42,12.52,30879,0
2017-07-13,12.51,12.52,12.13,12.4,17942,0
2017-07-14,12.39,12.59,12.246,12.45,23883,0
2017-07-17,12.41,12.75,12.41,12.51,22358,0
2017-07-18,12.44,12.52,12.31,12.37,46148,0
2017-07-19,12.36,12.47,12.28,12.4,9119,0
2017-07-20,12.39,12.58,12.11,12.405,44646,0
2017-07-21,12.69,12.69,12.09,12.26,37994,0
2017-07-24,12.29,12.29,12.06,12.19,20281,0
2017-07-25,12.25,12.6,12.25,12.47,18904,0
2017-07-26,12.55,12.55,12.24,12.26,8316,0
2017-07-27,12.28,12.28,12.06,12.25,27701,0
2017-07-28,12.24,12.25,12.06,12.1,26367,0
2017-07-31,12.2,12.2,12.07,12.1,16789,0
2017-08-01,12.14,12.18,12.07,12.16,20454,0
2017-08-02,12.15,12.27,12.039,12.1,24251,0
2017-08-03,13,14.55,12.75,14.32,284935,0
2017-08-04,14.114,14.46,13.79,13.94,47760,0
2017-08-07,14.05,14.8489,14.05,14.16,236867,0
2017-08-08,14.2,14.38,14.09,14.19,63077,0
2017-08-09,14.15,14.17,13.8001,13.97,31734,0
2017-08-10,14.02,14.19,13.82,13.97,32924,0
2017-08-11,14,14.28,13.98,14.21,40781,0
2017-08-14,14.5,14.5,14.235,14.31,32248,0
2017-08-15,14.32,14.7125,13.95,14.39,43844,0
2017-08-16,14.36,14.49,13.89,13.96,26429,0
2017-08-17,13.87,14.075,13.73,13.8,20281,0
2017-08-18,13.68,13.8,13.58,13.6,34567,0
2017-08-21,13.5,13.7,13.3212,13.64,34616,0
2017-08-22,13.69,13.8,13.47,13.61,19458,0
2017-08-23,13.35,13.85,12.111,13.13,23165,0
2017-08-24,13.25,13.63,13.19,13.38,25025,0
2017-08-25,13.31,13.86,13.31,13.6,40788,0
2017-08-28,13.73,13.73,13.5,13.61,32733,0
2017-08-29,13.59,14.09,13.3,13.97,14322,0
2017-08-30,14.05,14.05,13.57,13.67,34220,0
2017-08-31,13.5043,13.88,13.4201,13.7,22178,0
2017-09-01,13.7184,13.7391,13.44,13.59,11723,0
2017-09-05,13.6,13.75,12.7707,13.52,29541,0
2017-09-06,13.61,13.62,13.33,13.38,8891,0
2017-09-07,13.47,13.6999,13.12,13.43,30047,0
2017-09-08,13.4984,13.4984,13.19,13.31,16610,0
2017-09-11,13.25,14.02,13.16,13.43,57392,0
2017-09-12,13.42,13.88,13.29,13.87,64589,0
2017-09-13,13.88,14.24,13.67,14,48807,0
2017-09-14,14.01,14.215,13.93,13.93,37112,0
2017-09-15,13.98,14.11,13.61,13.97,47763,0
2017-09-18,14.08,14.2,13.9805,14.08,23041,0
2017-09-19,14.195,14.5,14.11,14.44,31282,0
2017-09-20,14.5,14.637,14.3,14.35,32762,0
2017-09-21,14.26,14.4,14.26,14.35,36847,0
2017-09-22,14.4,14.745,14.35,14.57,92991,0
2017-09-25,14.62,14.9162,14.6,14.75,25666,0
2017-09-26,14.81,15.38,14.74,15.08,52352,0
2017-09-27,15.15,15.64,15.15,15.45,40138,0
2017-09-28,15.45,15.5,15.28,15.46,29978,0
2017-09-29,15.47,15.48,14.591,15.27,27831,0
2017-10-02,15.2,15.78,15.2,15.61,57641,0
2017-10-03,15.51,15.8,15.29,15.49,48046,0
2017-10-04,15.4,15.675,15.16,15.22,26285,0
2017-10-05,15.3,15.55,15.13,15.28,85658,0
2017-10-06,15.29,15.37,15.06,15.27,27442,0
2017-10-09,15.41,15.41,15.1,15.18,18001,0
2017-10-10,15.1,15.38,14.9,15.29,26747,0
2017-10-11,15.36,15.8,15.19,15.26,29144,0
2017-10-12,15.27,15.4,15.09,15.21,41610,0
2017-10-13,15.24,15.46,15.23,15.4,20451,0
2017-10-16,15.39,15.5657,15.28,15.52,19216,0
2017-10-17,15.5,15.88,15,15.07,29244,0
2017-10-18,15,15.5,15,15.31,23394,0
2017-10-19,15.3,15.54,15.209,15.49,15652,0
2017-10-20,15.65,15.65,15.4,15.41,28247,0
2017-10-23,15.29,15.38,14.75,14.77,21482,0
2017-10-24,14.83,16.2,14.83,16.09,119764,0
2017-10-25,16.1,16.48,15.903,16.08,80065,0
2017-10-26,16.13,16.6,15.975,16.03,39872,0
2017-10-27,16.01,16.4,15.691,15.91,41573,0
2017-10-30,15.95,16.49,15.661,16.2,74394,0
2017-10-31,16.22,16.6,16.13,16.54,76386,0
2017-11-01,16.64,16.84,16.256,16.5,18709,0
2017-11-02,16.49,17.41,16.46,17.18,93591,0
2017-11-03,17.15,17.18,16.165,16.51,64883,0
2017-11-06,16.51,16.7367,16.34,16.64,44128,0
2017-11-07,16.64,16.9,16.32,16.715,31933,0
2017-11-08,16.65,16.93,16.58,16.74,35250,0
2017-11-09,16.65,17.3,15.61,17.17,145877,0
2017-11-10,17.23,18,17.23,17.35,95796,0
