2016-01-04,2.34,2.5599,2.27,2.36,26837,0
2016-01-05,2.591,3.93,2.47,3.66,578471,0
2016-01-06,3.88,4.71,3.34,4.32,1267458,0
2016-01-07,4.19,4.276,2.9201,3.11,312953,0
2016-01-08,3.08,3.61,2.89,2.89,150037,0
2016-01-11,2.8,2.86,2.4001,2.47,89937,0
2016-01-12,2.34,2.5,2.27,2.35,18374,0
2016-01-13,2.35,2.65,2.35,2.43,77928,0
2016-01-14,2.43,2.61,2.354,2.47,31384,0
2016-01-15,2.48,2.62,2.4499,2.51,31741,0
2016-01-19,2.48,2.48,2.21,2.22,38000,0
2016-01-20,2.2,2.2,2.005,2.14,36918,0
2016-01-21,2.1288,2.43,2.11,2.26,18125,0
2016-01-22,2.18,2.65,2,2.57,149827,0
2016-01-25,2.44,2.64,2.1526,2.39,24750,0
2016-01-26,2.62,2.8,2.39,2.61,36107,0
2016-01-27,2.67,2.79,2.4001,2.53,22782,0
2016-01-28,2.78,2.78,2.46,2.67,8870,0
2016-01-29,2.73,3.12,2.43,2.62,55767,0
2016-02-01,2.39,2.66,2.31,2.5,13772,0
2016-02-02,2.48,2.76,2.3,2.45,92023,0
2016-02-03,2.26,2.33,1.83,2.0524,131134,0
2016-02-04,1.88,2.45,1.88,2.3,69812,0
2016-02-05,2.32,2.32,2.09,2.1599,7760,0
2016-02-08,2.12,2.12,2.05,2.06,7850,0
2016-02-09,2.0462,2.1199,2.0462,2.06,3086,0
2016-02-10,2.2,2.31,2.15,2.21,42910,0
2016-02-11,2.3096,2.37,2.13,2.1303,20208,0
2016-02-12,2.1,2.19,2.03,2.13,25659,0
2016-02-16,2.11,2.17,2.01,2.07,25753,0
2016-02-17,2.018,2.15,2.0101,2.03,34755,0
2016-02-18,2,2.0372,1.8,1.83,37893,0
2016-02-19,1.8,1.88,1.65,1.75,54614,0
2016-02-22,1.83,2.08,1.7302,1.755,47267,0
2016-02-23,1.73,1.79,1.5501,1.57,65008,0
2016-02-24,1.5,1.5,0.9501,1.1801,473634,0
2016-02-25,1.18,1.1974,1.12,1.14,38654,0
2016-02-26,1.2,1.2,1.0501,1.06,46815,0
2016-02-29,1.03,1.1,0.96,1,43169,0
2016-03-01,1.03,1.05,0.96,0.961,43380,0
2016-03-02,0.961,1.03,0.96,0.969,81931,0
2016-03-03,1.02,1.0299,0.95,0.96,23935,0
2016-03-04,0.95,0.98,0.9,0.92,72126,0
2016-03-07,0.9,0.9768,0.9,0.94,71635,0
2016-03-08,0.9975,1.01,0.925,0.925,88240,0
2016-03-09,0.91,0.9199,0.81,0.8401,94915,0
2016-03-10,0.84,0.88,0.84,0.8501,16444,0
2016-03-11,0.8926,0.9,0.79,0.79,97086,0
2016-03-14,0.75,0.828,0.75,0.8073,77718,0
2016-03-15,0.82,0.88,0.78,0.8,42551,0
2016-03-16,0.76,0.77,0.72,0.74,90338,0
2016-03-17,0.7501,2.51,0.7501,1.9,4716626,0
2016-03-18,0.69,0.7489,0.64,0.69,8518536,0
2016-03-21,0.72,0.77,0.7,0.7201,1937682,0
2016-03-22,0.748,0.75,0.67,0.683,1090100,0
2016-03-23,0.7171,0.72,0.665,0.699,751981,0
2016-03-24,0.73,0.78,0.7027,0.7181,2370849,0
2016-03-28,0.74,0.74,0.6911,0.71,735512,0
2016-03-29,0.6826,0.71,0.645,0.68,726799,0
2016-03-30,0.71,0.71,0.6667,0.7,394143,0
2016-03-31,0.71,0.71,0.68,0.6966,272057,0
2016-04-01,0.7,0.7,0.67,0.68,260942,0
2016-04-04,0.69,0.7,0.65,0.6891,365474,0
2016-04-05,0.68,0.69,0.66,0.6603,273344,0
2016-04-06,0.68,0.7,0.66,0.68,137934,0
2016-04-07,0.7098,0.7099,0.64,0.664,535276,0
2016-04-08,0.6601,0.69,0.56,0.5999,1251681,0
2016-04-11,0.6,0.6,0.55,0.57,376617,0
2016-04-12,0.58,0.5925,0.53,0.579,555741,0
2016-04-13,0.557,0.63,0.54,0.62,534480,0
2016-04-14,0.64,0.729,0.6,0.724,1334337,0
2016-04-15,0.73,0.74,0.69,0.71,952390,0
2016-04-18,0.7324,0.745,0.701,0.718,956317,0
2016-04-19,0.719,0.7295,0.665,0.6658,472095,0
2016-04-20,0.67,0.7,0.6,0.65,907868,0
2016-04-21,0.65,0.67,0.61,0.65,266099,0
2016-04-22,0.66,0.7,0.65,0.6825,645779,0
2016-04-25,0.7,0.74,0.6708,0.715,971063,0
2016-04-26,0.7391,0.7391,0.682,0.72,450215,0
2016-04-27,0.7291,0.7291,0.68,0.6917,348943,0
2016-04-28,0.69,0.72,0.68,0.6924,330405,0
2016-04-29,0.695,0.715,0.678,0.678,364293,0
2016-05-02,0.7,0.7098,0.66,0.671,175615,0
2016-05-03,0.67,0.7,0.64,0.645,334994,0
2016-05-04,0.6046,0.67,0.6,0.6201,343380,0
2016-05-05,0.62,0.6495,0.56,0.5845,408232,0
2016-05-06,0.59,0.6,0.5466,0.5883,304382,0
2016-05-09,0.572,0.6399,0.57,0.626,368298,0
2016-05-10,0.64,0.6597,0.5601,0.605,317672,0
2016-05-11,0.61,0.61,0.56,0.575,230449,0
2016-05-12,0.57,0.57,0.5301,0.55,342567,0
2016-05-13,0.52,0.55,0.401,0.4592,942306,0
2016-05-16,0.48,0.48,0.42,0.4601,427509,0
2016-05-17,0.51,0.51,0.46,0.4702,296818,0
2016-05-18,0.49,0.53,0.4401,0.53,612750,0
2016-05-19,0.52,0.5299,0.4901,0.5001,225637,0
2016-05-20,0.51,0.535,0.462,0.535,264685,0
2016-05-23,0.524,0.5763,0.5,0.525,185153,0
2016-05-24,0.57,0.6,0.5022,0.58,389964,0
2016-05-25,0.569,0.6299,0.56,0.6,350667,0
2016-05-26,0.615,0.64,0.6032,0.635,278894,0
2016-05-27,0.65,0.685,0.63,0.68,1087932,0
2016-05-31,0.7,0.71,0.67,0.697,431540,0
2016-06-01,0.7189,0.7189,0.645,0.6698,696183,0
2016-06-02,0.7,0.7,0.655,0.6801,334281,0
2016-06-03,0.6704,0.695,0.61,0.6451,493013,0
2016-06-06,0.66,0.68,0.55,0.56,713204,0
2016-06-07,0.57,0.5985,0.52,0.576,435402,0
2016-06-08,0.59,0.6048,0.56,0.585,158704,0
2016-06-09,0.59,0.6099,0.57,0.5995,251128,0
2016-06-10,0.62,0.62,0.58,0.6,311492,0
2016-06-13,0.6,0.61,0.585,0.6002,241344,0
2016-06-14,0.61,0.61,0.57,0.602,196100,0
2016-06-15,0.61,0.62,0.581,0.6,228928,0
2016-06-16,0.6,0.609,0.58,0.605,73716,0
2016-06-17,0.6,0.61,0.58,0.595,128162,0
2016-06-20,0.65,0.65,0.6,0.6,170993,0
2016-06-21,0.618,0.6355,0.6,0.6066,114964,0
2016-06-22,0.61,0.6325,0.61,0.6303,189434,0
2016-06-23,0.64,0.83,0.615,0.8,2112223,0
2016-06-24,0.72,0.79,0.66,0.71,1257558,0
2016-06-27,0.7,0.75,0.62,0.6299,514982,0
2016-06-28,0.658,0.705,0.6299,0.7,302902,0
2016-06-29,0.7,0.729,0.671,0.71,520756,0
2016-06-30,0.71,0.77,0.6975,0.71,400250,0
2016-07-01,0.731,0.7511,0.69,0.7158,197908,0
2016-07-05,0.7398,0.7398,0.71,0.7141,74893,0
2016-07-06,0.71,0.77,0.62,0.68,115066,0
2016-07-07,0.71,0.71,0.64,0.67,116673,0
2016-07-08,0.659,0.6819,0.6524,0.661,180709,0
2016-07-11,0.67,0.7,0.66,0.6922,166629,0
2016-07-12,0.7,0.71,0.67,0.6973,180180,0
2016-07-13,0.7,0.7,0.6903,0.692,81681,0
2016-07-14,0.7,0.7,0.659,0.6722,160244,0
2016-07-15,0.69,0.69,0.64,0.6818,73408,0
2016-07-18,0.7,0.7,0.651,0.675,77662,0
2016-07-19,0.68,0.8,0.675,0.76,1611514,0
2016-07-20,0.81,1.03,0.71,1,7739975,0
2016-07-21,1.04,1.2,0.831,0.869,4598424,0
2016-07-22,0.733,0.838,0.7202,0.7411,1686974,0
2016-07-25,0.7497,0.7499,0.7005,0.7005,493844,0
2016-07-26,0.701,0.839,0.7,0.715,1032781,0
2016-07-27,0.72,0.77,0.715,0.72,327603,0
2016-07-28,0.756,0.7699,0.7001,0.72,390741,0
2016-07-29,0.72,0.7267,0.7001,0.71,387738,0
2016-08-01,0.755,1.01,0.715,0.9141,5702757,0
2016-08-02,0.93,1.42,0.9241,1.08,15897507,0
2016-08-03,1.12,1.33,1.1,1.13,6135024,0
2016-08-04,1.17,1.19,1.02,1.11,1999141,0
2016-08-05,1.12,1.34,1.1,1.31,5077204,0
2016-08-08,1.52,1.9,1.45,1.81,11889812,0
2016-08-09,1.82,2.07,1.7,1.79,6865362,0
2016-08-10,1.75,1.75,1.46,1.58,3148706,0
2016-08-11,1.59,1.74,1.46,1.66,1938028,0
2016-08-12,1.68,1.71,1.52,1.63,774951,0
2016-08-15,1.65,1.6755,1.52,1.5601,1105198,0
2016-08-16,1.35,1.47,1.29,1.375,1795665,0
2016-08-17,1.4,1.7,1.3,1.57,2926542,0
2016-08-18,1.5,1.7,1.48,1.52,1842501,0
2016-08-19,1.52,1.6,1.5,1.56,929862,0
2016-08-22,1.53,1.6,1.5,1.54,595328,0
2016-08-23,1.63,1.74,1.55,1.63,2250720,0
2016-08-24,1.68,1.8,1.62,1.76,3109256,0
2016-08-25,1.8,1.85,1.63,1.72,3123163,0
2016-08-26,1.7,1.78,1.3,1.5,2398783,0
2016-08-29,1.56,1.62,1.49,1.52,992240,0
2016-08-30,1.56,1.5999,1.43,1.51,907962,0
2016-08-31,1.56,1.56,1.39,1.41,852614,0
2016-09-01,1.42,1.42,1.3,1.36,926917,0
2016-09-02,1.38,1.3899,1.3,1.34,504590,0
2016-09-06,1.4,1.4,1.3,1.3,494075,0
2016-09-07,1.3,1.36,1.3,1.33,512401,0
2016-09-08,1.35,1.47,1.35,1.43,693689,0
2016-09-09,1.41,1.487,1.38,1.4001,430490,0
2016-09-12,1.4,1.4112,1.35,1.35,311404,0
2016-09-13,1.33,1.42,1.32,1.385,592127,0
2016-09-14,1.47,1.472,1.36,1.4,421345,0
2016-09-15,1.44,1.44,1.35,1.39,499911,0
2016-09-16,1.39,1.4,1.34,1.39,398295,0
2016-09-19,1.37,1.43,1.36,1.3965,255224,0
2016-09-20,1.36,1.41,1.35,1.38,416136,0
2016-09-21,1.38,1.44,1.36,1.4,420273,0
2016-09-22,1.42,1.42,1.3316,1.39,456151,0
2016-09-23,1.41,1.47,1.38,1.44,1016138,0
2016-09-26,1.49,1.54,1.41,1.44,1821881,0
2016-09-27,1.43,1.47,1.33,1.389,746079,0
2016-09-28,1.36,1.41,1.35,1.3615,351515,0
2016-09-29,1.38,1.39,1.35,1.37,368613,0
2016-09-30,1.38,1.39,1.34,1.36,292060,0
2016-10-03,1.39,1.39,1.34,1.34,236549,0
2016-10-04,1.37,1.37,1.33,1.33,272221,0
2016-10-05,1.35,1.37,1.33,1.35,309344,0
2016-10-06,1.37,1.37,1.33,1.33,306959,0
2016-10-07,1.36,1.36,1.12,1.24,1004908,0
2016-10-10,1.23,1.23,1.11,1.18,531943,0
2016-10-11,1.16,1.229,1.16,1.18,182940,0
2016-10-12,1.21,1.35,1.19,1.325,829427,0
2016-10-13,1.37,1.37,1.23,1.25,452902,0
2016-10-14,1.26,1.26,1.1601,1.21,520200,0
2016-10-17,1.18,1.27,1.09,1.18,544416,0
2016-10-18,1.21,1.22,1.14,1.17,279317,0
2016-10-19,1.18,1.2,1.11,1.155,367137,0
2016-10-20,1.12,1.23,1.12,1.21,381712,0
2016-10-21,1.23,1.24,1.19,1.23,405543,0
2016-10-24,1.22,1.32,1.21,1.3,566185,0
2016-10-25,1.35,1.37,1.32,1.33,932829,0
2016-10-26,1.34,1.6,1.32,1.48,2028711,0
2016-10-27,1.48,1.59,1.32,1.37,1446392,0
2016-10-28,1.38,1.49,1.35,1.41,562434,0
2016-10-31,1.43,1.43,1.34,1.34,323112,0
2016-11-01,1.36,1.36,1.28,1.31,304983,0
2016-11-02,1.28,1.2924,1.24,1.28,295299,0
2016-11-03,1.27,1.36,1.26,1.29,359096,0
2016-11-04,1.29,1.35,1.28,1.2999,255960,0
2016-11-07,1.32,1.38,1.26,1.38,479429,0
2016-11-08,1.35,1.53,1.3,1.42,1595328,0
2016-11-09,1.43,1.5,1.27,1.37,1145098,0
2016-11-10,1.42,1.42,1.32,1.36,314853,0
2016-11-11,1.42,1.4255,1.32,1.33,413081,0
2016-11-14,1.36,1.46,1.34,1.4499,851401,0
2016-11-15,1.47,1.59,1.45,1.5,1642939,0
2016-11-16,1.65,1.66,1.3,1.5,1444914,0
2016-11-17,1.53,1.5377,1.41,1.4115,526877,0
2016-11-18,1.43,1.4489,1.38,1.42,492785,0
2016-11-21,1.45,1.54,1.43,1.45,1943448,0
2016-11-22,1.46,1.56,1.46,1.53,928205,0
2016-11-23,1.52,2.0201,1.52,1.91,8286516,0
2016-11-25,1.9,2.89,1.9,2.49,19839125,0
2016-11-28,2.95,3.25,2.61,3.23,18228912,0
2016-11-29,3.21,3.35,2.9,2.98,8239615,0
2016-11-30,2.99,3,2.53,2.87,4274447,0
2016-12-01,1.16,1.36,0.92,1.03,12049063,0
2016-12-02,1.08,1.5,1.08,1.24,13795602,0
2016-12-05,1.43,1.44,1.1,1.11,7234379,0
2016-12-06,1.36,1.36,1.15,1.2,8301300,0
2016-12-07,1.22,1.23,1.12,1.17,2041724,0
2016-12-08,1.06,1.0735,0.96,1.03,5265557,0
2016-12-09,1,1.01,0.9577,0.9724,1850973,0
2016-12-12,1,1,0.79,0.8493,2842753,0
2016-12-13,0.84,0.84,0.7525,0.8197,1492461,0
2016-12-14,0.8,0.82,0.77,0.7899,981911,0
2016-12-15,0.7899,0.7899,0.7226,0.73,939061,0
2016-12-16,0.7,0.75,0.65,0.749,1216232,0
2016-12-19,0.6914,0.7479,0.6746,0.6963,817865,0
2016-12-20,0.7,0.8564,0.6823,0.766,2193032,0
2016-12-21,0.77,1.05,0.73,1.01,6682568,0
2016-12-22,1.05,1.17,0.8901,0.92,6769108,0
2016-12-23,0.94,0.966,0.851,0.882,874958,0
2016-12-27,0.882,1,0.882,0.9589,1525314,0
2016-12-28,0.95,0.95,0.8831,0.8902,1065704,0
2016-12-29,0.9,0.94,0.8506,0.86,622113,0
2016-12-30,0.8434,0.89,0.8118,0.855,763555,0
2017-01-03,0.8796,0.894,0.8513,0.871,442913,0
2017-01-04,0.86,0.9247,0.855,0.9,824242,0
2017-01-05,0.9155,0.9155,0.86,0.88,396738,0
2017-01-06,0.8687,1.06,0.8687,0.951,3830518,0
2017-01-09,1,1.05,0.9618,0.98,1173074,0
2017-01-10,1,1.09,0.98,1.0594,2654775,0
2017-01-11,1.09,1.09,0.89,0.9701,1494619,0
2017-01-12,0.9701,0.9977,0.91,0.92,720457,0
2017-01-13,0.9607,0.9607,0.9,0.902,485496,0
2017-01-17,0.89,0.95,0.89,0.947,510548,0
2017-01-18,0.95,0.959,0.9,0.9,324343,0
2017-01-19,0.94,0.94,0.89,0.893,278712,0
2017-01-20,0.9,0.93,0.89,0.93,377218,0
2017-01-23,0.9253,0.93,0.9,0.9299,233744,0
2017-01-24,0.9498,0.98,0.911,0.9601,713120,0
2017-01-25,0.97,0.97,0.9375,0.9418,283062,0
2017-01-26,0.95,0.95,0.93,0.94,255962,0
2017-01-27,0.9352,1.13,0.93,1.08,8286210,0
2017-01-30,1.08,1.08,0.961,1,1419810,0
2017-01-31,0.97,1.03,0.9303,0.9405,1340762,0
2017-02-01,0.95,1,0.95,0.9999,794756,0
2017-02-02,1.03,1.05,0.95,0.97,1331889,0
2017-02-03,0.96,0.9817,0.94,0.94,804289,0
2017-02-06,0.959,0.959,0.89,0.9205,795800,0
2017-02-07,0.91,0.9278,0.9016,0.9107,406305,0
2017-02-08,0.928,0.928,0.89,0.8914,516506,0
2017-02-09,0.9,0.93,0.8914,0.92,448286,0
2017-02-10,0.93,0.98,0.9,0.945,1181355,0
2017-02-13,0.95,0.999,0.9254,0.9399,558959,0
2017-02-14,0.9306,0.95,0.92,0.9339,221613,0
2017-02-15,0.9599,1,0.92,0.951,898439,0
2017-02-16,0.965,0.978,0.941,0.953,378658,0
2017-02-17,1.01,1.05,0.92,0.9266,2144748,0
2017-02-21,0.9302,0.9599,0.9,0.905,761029,0
2017-02-22,0.905,0.9388,0.88,0.8855,622020,0
2017-02-23,0.89,0.9025,0.81,0.84,936989,0
2017-02-24,0.8406,0.8442,0.71,0.8049,1161093,0
2017-02-27,0.84,0.87,0.81,0.865,505680,0
2017-02-28,0.87,0.889,0.831,0.8422,326828,0
2017-03-01,0.85,0.875,0.835,0.85,180874,0
2017-03-02,0.85,0.869,0.831,0.845,217978,0
2017-03-03,0.8297,0.86,0.81,0.827,294142,0
2017-03-06,0.83,0.85,0.82,0.8375,274456,0
2017-03-07,0.83,0.849,0.82,0.8299,199199,0
2017-03-08,0.8698,0.92,0.8238,0.84,891891,0
2017-03-09,0.86,0.949,0.842,0.9175,1119358,0
2017-03-10,0.9175,0.9192,0.9,0.9,267558,0
2017-03-13,1.1405,1.25,0.97,0.9701,11422826,0
2017-03-14,0.97,0.98,0.854,0.9465,1965145,0
2017-03-15,0.89,0.95,0.8849,0.9209,626901,0
2017-03-16,1,1.01,0.9129,0.9599,2134617,0
2017-03-17,0.9151,0.9499,0.88,0.88,819787,0
2017-03-20,0.9,0.93,0.89,0.93,487192,0
2017-03-21,1.03,1.05,0.92,0.99,5502648,0
2017-03-22,1,1.04,0.951,1.03,2848647,0
2017-03-23,0.87,0.94,0.835,0.867,4359224,0
2017-03-24,0.88,0.88,0.85,0.866,899578,0
2017-03-27,0.86,0.87,0.85,0.8521,345120,0
2017-03-28,0.87,0.87,0.8523,0.86,358270,0
2017-03-29,0.855,0.8815,0.842,0.8711,589541,0
2017-03-30,0.87,0.8851,0.8612,0.8702,386964,0
2017-03-31,0.88,0.9,0.8611,0.89,501489,0
2017-04-03,0.89,0.9,0.865,0.868,390990,0
2017-04-04,0.86,0.877,0.849,0.85,498984,0
2017-04-05,0.8616,0.88,0.83,0.83,531384,0
2017-04-06,0.83,0.85,0.801,0.83,532235,0
2017-04-07,0.81,0.8488,0.801,0.8309,472816,0
2017-04-10,0.8343,0.84,0.8101,0.8288,203355,0
2017-04-11,0.8139,0.8288,0.8016,0.81,329499,0
2017-04-12,0.8025,0.8199,0.75,0.78,667076,0
2017-04-13,0.79,0.79,0.733,0.7698,427833,0
2017-04-17,0.79,0.8,0.7218,0.7606,747677,0
2017-04-18,0.79,0.79,0.74,0.761,354376,0
2017-04-19,0.756,0.79,0.75,0.7846,250532,0
2017-04-20,0.7892,0.79,0.77,0.78,344893,0
2017-04-21,0.79,0.7942,0.78,0.7889,238074,0
2017-04-24,0.77,0.7995,0.77,0.777,186889,0
2017-04-25,0.79,0.825,0.775,0.787,684323,0
2017-04-26,0.787,0.8,0.77,0.7799,286462,0
2017-04-27,0.78,0.7899,0.77,0.77,279307,0
2017-04-28,0.79,0.79,0.77,0.785,137489,0
2017-05-01,0.77,0.78,0.7324,0.76,448645,0
2017-05-02,0.75,0.78,0.75,0.7688,168156,0
2017-05-03,0.76,0.7699,0.74,0.75,168783,0
2017-05-04,0.75,0.7674,0.7222,0.7303,231195,0
2017-05-05,0.7303,0.7399,0.71,0.712,222635,0
2017-05-08,0.71,0.71931,0.7,0.71,176390,0
2017-05-09,0.7,0.7299,0.7,0.7005,166427,0
2017-05-10,0.7,0.72,0.7,0.705,162466,0
2017-05-11,0.72,0.74,0.72,0.73,153600,0
2017-05-12,0.75,0.75,0.72,0.72,151204,0
2017-05-15,0.7,0.7125,0.692,0.71,222102,0
2017-05-16,0.69,0.7101,0.63,0.6901,300378,0
2017-05-17,0.7,0.7,0.69,0.69,179172,0
2017-05-18,0.67,0.69,0.67,0.6799,195646,0
2017-05-19,0.68,0.68,0.6601,0.678,182782,0
2017-05-22,0.68,0.74,0.678,0.74,250533,0
2017-05-23,0.735,0.735,0.68,0.697,228041,0
2017-05-24,0.68,0.72,0.68,0.7149,161782,0
2017-05-25,0.717,0.72,0.7,0.719,78618,0
2017-05-26,0.707,0.75,0.7014,0.7014,433924,0
2017-05-30,0.71,0.71,0.674,0.6976,205595,0
2017-05-31,0.7,0.7011,0.66,0.6991,106467,0
2017-06-01,0.701,0.74,0.6704,0.7,277767,0
2017-06-02,0.7,0.725,0.7,0.707,109433,0
2017-06-05,0.73,0.74,0.6901,0.7,193196,0
2017-06-06,0.7004,0.7098,0.6745,0.675,232513,0
2017-06-07,0.69,0.69,0.67,0.68,177599,0
2017-06-08,0.6702,0.6898,0.6702,0.68,66080,0
2017-06-09,0.68,0.6801,0.67,0.67,109093,0
2017-06-12,0.675,0.679,0.6448,0.65,400854,0
2017-06-13,0.65,0.6589,0.6415,0.642,76206,0
2017-06-14,0.64,0.6401,0.62,0.6225,187039,0
2017-06-15,0.62,0.634,0.6102,0.62,126845,0
2017-06-16,0.64,0.64,0.5482,0.605,170996,0
2017-06-19,0.6,0.61,0.592,0.6061,134237,0
2017-06-20,0.6,0.62,0.58,0.5951,291886,0
2017-06-21,0.61,0.61,0.59,0.6,167487,0
2017-06-22,0.61,0.61,0.591,0.5991,244331,0
2017-06-23,0.6,0.6,0.58,0.59,168066,0
2017-06-26,0.59,0.59,0.5558,0.5898,232486,0
2017-06-27,0.56,0.5898,0.55,0.5621,399244,0
2017-06-28,0.65,0.73,0.631,0.6995,2829741,0
2017-06-29,0.709,0.74,0.634,0.6605,1339107,0
2017-06-30,0.64,0.659,0.58,0.609,1036891,0
2017-07-03,0.609,0.62,0.58,0.603,363964,0
2017-07-05,0.596,0.61,0.58,0.601,501753,0
2017-07-06,0.609,0.61,0.55,0.587,492674,0
2017-07-07,0.6,0.6,0.5413,0.57,589873,0
2017-07-10,0.56,0.588,0.542,0.561,389100,0
2017-07-11,0.561,0.5761,0.542,0.55,326711,0
2017-07-12,0.556,0.5699,0.5406,0.5501,274389,0
2017-07-13,0.54,0.5485,0.521,0.5286,403807,0
2017-07-14,0.526,0.55,0.52,0.5401,142371,0
2017-07-17,0.559,0.559,0.5154,0.54,222171,0
2017-07-18,0.545,0.55,0.462,0.5022,452992,0
2017-07-19,0.5,0.5023,0.4838,0.495,341559,0
2017-07-20,0.5,0.519,0.4902,0.51092,271762,0
2017-07-21,0.5002,0.539,0.5002,0.5342,223342,0
2017-07-24,0.5342,0.536,0.5109,0.5202,163066,0
2017-07-25,0.5295,0.5299,0.501,0.5111,129879,0
2017-07-26,0.5105,0.529,0.51,0.5191,79482,0
2017-07-27,0.52,0.53,0.5101,0.52,69239,0
2017-07-28,0.53,0.54,0.5103,0.5299,145837,0
2017-07-31,0.54,0.55,0.5299,0.542,159981,0
2017-08-01,0.5418,0.5418,0.51652,0.5281,113908,0
2017-08-02,0.521,0.56,0.51,0.52,261723,0
2017-08-03,0.53,0.53,0.51,0.53,163705,0
2017-08-04,0.53,0.53,0.5101,0.52,27541,0
2017-08-07,0.52,0.521,0.5006,0.51,117576,0
2017-08-08,0.503,0.5169,0.5,0.502,152678,0
2017-08-09,0.5,0.506,0.491,0.495,196800,0
2017-08-10,0.5,0.5,0.49,0.4901,114667,0
2017-08-11,0.4901,0.5,0.4901,0.4998,119020,0
2017-08-14,0.501,0.51,0.495,0.5001,209684,0
2017-08-15,0.5001,0.51,0.5001,0.5001,56171,0
2017-08-16,0.51,0.51,0.5001,0.5021,49118,0
2017-08-17,0.5021,0.51,0.49,0.5,106640,0
2017-08-18,0.51,0.51,0.475,0.4976,89849,0
2017-08-21,0.4976,0.5001,0.49,0.4907,96883,0
2017-08-22,0.499,0.499,0.4751,0.4751,168616,0
2017-08-23,0.49,0.49,0.4787,0.485,49291,0
2017-08-24,0.5,0.505,0.481133,0.505,71182,0
2017-08-25,0.51,0.5399,0.5,0.5199,769472,0
2017-08-28,0.53,0.53,0.51,0.51,91670,0
2017-08-29,0.51,0.525,0.5061,0.5228,109350,0
2017-08-30,0.5249,0.53,0.5102,0.52894,142048,0
2017-08-31,0.512,0.575,0.512,0.56,721995,0
2017-09-01,0.56,0.5625,0.53,0.5499,200036,0
2017-09-05,0.5585,0.5585,0.5205,0.531,67728,0
2017-09-06,0.53,0.55988,0.53,0.545,145701,0
2017-09-07,0.56,0.56,0.54,0.55081,129001,0
2017-09-08,0.532,0.5589,0.53,0.53,171272,0
2017-09-11,0.54,0.5535,0.5302,0.535,131203,0
2017-09-12,0.555,0.715,0.5549,0.57,5245455,0
2017-09-13,0.58,0.6087,0.56,0.595,696291,0
2017-09-14,0.6012,0.6379,0.585,0.6211,764530,0
2017-09-15,0.625,0.63,0.5903,0.6191,1007001,0
2017-09-18,0.61,0.628,0.6,0.6005,424340,0
2017-09-19,0.6001,0.6149,0.6,0.6041,335348,0
2017-09-20,0.6348,0.6349,0.6192,0.629,228092,0
2017-09-21,0.639,0.6398,0.62,0.6298,197206,0
2017-09-22,0.6362,0.68,0.62001,0.68,515970,0
2017-09-25,0.68,0.68,0.66061,0.6633,194400,0
2017-09-26,0.66,0.67,0.65,0.652,282635,0
2017-09-27,0.68,0.69,0.66,0.6782,408475,0
2017-09-28,0.6858,0.69,0.6699,0.67,233078,0
2017-09-29,0.6879,0.6879,0.615,0.6531,296073,0
2017-10-02,0.6636,0.67,0.6401,0.66,181842,0
2017-10-03,0.65,0.67,0.65,0.66,119966,0
2017-10-04,0.671,0.789,0.6705,0.7099,3720100,0
2017-10-05,0.72,0.77,0.7,0.7462,1272205,0
2017-10-06,0.75,0.78,0.74,0.7589,1158697,0
2017-10-09,0.779,0.78,0.7451,0.75,416605,0
2017-10-10,0.75,0.7541,0.715,0.716,493296,0
2017-10-11,0.721,0.721,0.615,0.6821,695880,0
2017-10-12,0.665,0.665,0.61,0.6366,627136,0
2017-10-13,0.6388,0.6536,0.62,0.6366,150519,0
2017-10-16,0.64,0.6969,0.6366,0.66,347396,0
2017-10-17,0.66,0.6803,0.63,0.63,295930,0
2017-10-18,0.63,0.65,0.62,0.629,166386,0
2017-10-19,0.629,0.6477,0.6,0.63,197571,0
2017-10-20,0.6331,0.67,0.623,0.6496,142248,0
2017-10-23,0.66,0.66,0.615,0.6399,128769,0
2017-10-24,0.628,0.6357,0.615,0.6151,97609,0
2017-10-25,0.615,0.63,0.58,0.59,313932,0
2017-10-26,0.5992,0.5999,0.565,0.568,207259,0
2017-10-27,0.561,0.5779,0.55,0.56,125656,0
2017-10-30,0.572,0.58,0.57,0.57,146804,0
2017-10-31,0.57,0.5899,0.56,0.58,138091,0
2017-11-01,0.599,0.6,0.57,0.577,141227,0
2017-11-02,0.58,0.59996,0.5701,0.58,109532,0
2017-11-03,0.5894,0.62,0.5801,0.6197,233472,0
2017-11-06,0.63,0.63,0.6,0.61,226610,0
2017-11-07,0.61,0.625,0.6,0.62,365213,0
2017-11-08,0.61,0.62,0.56,0.5925,203666,0
2017-11-09,0.5923,0.62,0.5892,0.6133,198475,0
2017-11-10,0.62,0.62,0.61,0.614,181636,0
