2016-01-04,43.439,43.458,43.077,43.204,7012,0
2016-01-05,43.077,43.077,42.716,43.067,7129,0
2016-01-06,42.6,42.998,42.6,42.998,5162,0
2016-01-07,42.998,43.467,42.949,43.467,8550,0
2016-01-08,43.234,43.343,43.067,43.343,18550,0
2016-01-11,43.194,43.206,43.011,43.107,2857,0
2016-01-12,42.929,42.988,42.716,42.794,2167,0
2016-01-13,42.744,42.934,42.716,42.929,7467,0
2016-01-14,42.716,42.716,42.532,42.629,2248,0
2016-01-15,42.707,42.824,42.551,42.639,2437,0
2016-01-19,42.278,42.56,42.003,42.374,96546,0
2016-01-20,41.907,42.024,41.59,41.722,21813,0
2016-01-21,41.713,42.032,41.476,41.78,17554,0
2016-01-22,41.751,42.169,41.751,41.963,38234,0
2016-01-25,42.052,42.384,42.013,42.013,12878,0
2016-01-26,42.013,42.454,41.975,42.146,4209,0
2016-01-27,42.1,42.61,42.1,42.335,27097,0
2016-01-28,42.345,43.214,42.345,42.783,63903,0
2016-01-29,42.735,43.204,42.289,43.204,25199,0
2016-02-01,42.835,43.038,42.532,42.984,5467,0
2016-02-02,42.755,42.939,42.483,42.64,12052,0
2016-02-03,42.959,43.518,42.922,43.127,55171,0
2016-02-04,43.469,43.841,43.363,43.841,5649,0
2016-02-05,43.528,43.528,43.078,43.479,1269,0
2016-02-08,42.883,43.392,42.716,43.392,2092,0
2016-02-09,43.459,43.518,43.137,43.516,13258,0
2016-02-10,43.216,43.694,43.088,43.694,8050,0
2016-02-11,43.157,43.441,43.018,43.088,10797,0
2016-02-12,43.058,43.098,42.7,42.7,1324,0
2016-02-16,42.939,42.939,42.434,42.474,10931,0
2016-02-17,42.999,45.504,42.57,42.572,1612,0
2016-02-18,43.166,43.166,42.669,42.669,2233,0
2016-02-19,42.825,43.226,42.59,42.775,16048,0
2016-02-22,42.815,42.883,42.59,42.883,5987,0
2016-02-23,42.639,42.775,42.58,42.58,12099,0
2016-02-24,42.659,42.805,42.484,42.639,2885,0
2016-02-25,42.855,42.939,42.726,42.755,3204,0
2016-02-26,42.845,42.845,42.503,42.59,5127,0
2016-02-29,42.551,42.578,42.495,42.551,2922,0
2016-03-01,42.572,42.68,42.514,42.582,12020,0
2016-03-02,42.755,42.952,42.755,42.952,5853,0
2016-03-03,42.932,43.64,42.932,43.63,493960,0
2016-03-04,43.788,43.993,43.718,43.933,5840,0
2016-03-07,43.816,44.091,43.66,44.081,10566,0
2016-03-08,43.993,44.181,43.708,43.708,3446,0
2016-03-09,43.963,44.211,43.894,44.121,4768,0
2016-03-10,44.345,45.072,44.345,45.022,9280,0
2016-03-11,45.523,45.805,45.41,45.805,30292,0
2016-03-14,45.32,45.58,45.122,45.513,6022,0
2016-03-15,45.002,45.513,44.934,45.395,5517,0
2016-03-16,44.992,45.776,44.941,45.248,56351,0
2016-03-17,45.825,46.287,45.756,46.277,13048,0
2016-03-18,46.121,46.287,45.984,46.082,21973,0
2016-03-21,46.277,46.287,45.974,45.974,15527,0
2016-03-22,45.835,45.875,45.637,45.776,10093,0
2016-03-23,45.845,45.855,45.593,45.678,12515,0
2016-03-24,45.415,45.678,45.375,45.587,27159,0
2016-03-28,45.914,45.954,45.572,45.954,8069,0
2016-03-29,45.795,46.258,45.66,46.208,25726,0
2016-03-30,46.414,46.552,46.345,46.464,12313,0
2016-03-31,46.648,46.738,46.159,46.159,38352,0
2016-04-01,46.436,46.661,46.389,46.641,30602,0
2016-04-04,46.681,46.681,46.417,46.567,4961,0
2016-04-05,46.495,46.581,46.279,46.309,11802,0
2016-04-06,46.367,46.611,46.345,46.347,19509,0
2016-04-07,46.25,46.416,46.19,46.337,8909,0
2016-04-08,46.505,46.681,46.337,46.563,26136,0
2016-04-11,46.436,46.76,46.436,46.611,6973,0
2016-04-12,46.721,46.76,46.495,46.75,16460,0
2016-04-13,46.581,46.581,46.161,46.161,5603,0
2016-04-14,46.289,46.456,46.273,46.436,5563,0
2016-04-15,46.362,46.927,46.362,46.535,3278,0
2016-04-18,46.611,46.711,46.506,46.681,27218,0
2016-04-19,46.912,47.289,46.912,47.279,22337,0
2016-04-20,47.203,47.259,46.947,46.977,21376,0
2016-04-21,47.232,47.232,46.87,47.017,14086,0
2016-04-22,47.017,47.017,46.701,46.927,17854,0
2016-04-25,46.927,47.056,46.821,46.953,10358,0
2016-04-26,47.25,47.329,47.154,47.203,9951,0
2016-04-27,47.223,47.329,47.056,47.056,10557,0
2016-04-28,47.24,47.399,47.138,47.399,19284,0
2016-04-29,47.579,47.704,47.046,47.046,6677,0
2016-05-02,47.351,48.099,47.351,48.059,6978,0
2016-05-03,48.041,48.041,47.637,47.864,13178,0
2016-05-04,47.923,47.923,47.008,47.527,69505,0
2016-05-05,47.431,47.527,47.11,47.498,4702,0
2016-05-06,47.411,47.577,46.996,47.537,9651,0
2016-05-09,47.47,47.47,46.964,47.185,11091,0
2016-05-10,47.261,47.316,47.04,47.205,5798,0
2016-05-11,47.341,47.479,47.008,47.351,16817,0
2016-05-12,47.351,47.357,47.215,47.242,9010,0
2016-05-13,47.013,47.423,46.377,46.554,18301,0
2016-05-16,47.027,47.145,46.456,46.476,21229,0
2016-05-17,46.988,47.431,46.592,47.185,8497,0
2016-05-18,46.898,46.988,46.446,46.732,8340,0
2016-05-19,46.456,46.785,46.033,46.712,11479,0
2016-05-20,46.362,46.761,46.323,46.761,11944,0
2016-05-23,46.761,46.761,46.093,46.712,7437,0
2016-05-24,46.495,46.706,46.023,46.033,8977,0
2016-05-25,46.642,46.878,46.277,46.327,5463,0
2016-05-26,46.958,46.958,46.572,46.771,7042,0
2016-05-27,46.771,46.808,46.151,46.21,4611,0
2016-05-31,46.309,46.781,46.108,46.781,9765,0
2016-06-01,46.397,46.618,46.089,46.526,6424,0
2016-06-02,46.133,46.841,46.133,46.821,5041,0
2016-06-03,46.821,47.56,46.821,47.333,6692,0
2016-06-06,48.034,48.103,47.293,47.293,8648,0
2016-06-07,47.797,48.093,47.336,47.807,15530,0
2016-06-08,48.354,48.354,47.385,47.472,10411,0
2016-06-09,47.897,48.24,47.049,47.049,6466,0
2016-06-10,47.049,47.51,47.049,47.088,17438,0
2016-06-13,47.049,47.088,46.752,47.078,5009,0
2016-06-14,46.526,46.723,46.133,46.142,24126,0
2016-06-15,46.683,47.137,46.609,46.683,4858,0
2016-06-16,46.073,46.683,45.885,46.583,91824,0
2016-06-17,45.934,47.044,45.934,46.21,15722,0
2016-06-20,47.757,47.757,46.496,46.496,9533,0
2016-06-21,47.107,47.323,46.457,46.782,11607,0
2016-06-22,46.782,47.393,46.442,46.772,18686,0
2016-06-23,47.317,47.857,46.95,47.757,11800,0
2016-06-24,44.909,45.904,44.859,45.047,33097,0
2016-06-27,44.554,45.047,44.11,44.347,16822,0
2016-06-28,44.347,45.805,44.347,45.805,15088,0
2016-06-29,46.181,46.181,45.387,45.387,9388,0
2016-06-30,45.245,46.279,45.157,45.736,12867,0
2016-07-01,45.729,46.55,45.729,45.828,5524,0
2016-07-05,45.729,45.853,45.346,45.365,20906,0
2016-07-06,45.41,45.563,45.189,45.415,7878,0
2016-07-07,45.612,45.612,45.269,45.474,12479,0
2016-07-08,45.7,45.7,45.44,45.642,5054,0
2016-07-11,45.759,45.759,45.563,45.612,3579,0
2016-07-12,46.126,46.175,45.938,46.017,3709,0
2016-07-13,46.145,46.293,46.077,46.122,2836,0
2016-07-14,46.283,46.49,46.283,46.49,2816,0
2016-07-15,46.303,46.303,46.027,46.137,2823,0
2016-07-18,46.176,46.273,46.119,46.119,3518,0
2016-07-19,45.927,45.977,45.799,45.799,3479,0
2016-07-20,45.858,46.067,45.858,45.994,2313,0
2016-07-21,46.092,46.185,45.947,46.185,4874,0
2016-07-22,46.027,46.027,45.849,45.878,2655,0
2016-07-25,45.887,46.126,45.849,46.105,2809,0
2016-07-26,45.967,45.967,45.909,45.937,1616,0
2016-07-27,45.997,46.352,45.947,46.352,7618,0
2016-07-28,46.352,46.471,46.293,46.414,4495,0
2016-07-29,46.727,47.005,46.679,46.756,3362,0
2016-08-01,46.828,46.868,46.65,46.858,15626,0
2016-08-02,47.201,47.201,46.868,46.92,35536,0
2016-08-03,46.928,46.938,46.723,46.785,5683,0
2016-08-04,46.918,46.918,46.67,46.803,16660,0
2016-08-05,46.58,46.769,46.544,46.749,7785,0
2016-08-08,46.749,46.749,46.587,46.61,3236,0
2016-08-09,46.749,46.978,46.749,46.899,3889,0
2016-08-10,47.235,47.235,46.998,47.038,2919,0
2016-08-11,47.048,47.192,47.048,47.136,2512,0
2016-08-12,47.243,47.34,47.166,47.235,7325,0
2016-08-15,47.342,47.412,47.226,47.226,5404,0
2016-08-16,47.569,47.776,47.539,47.619,7796,0
2016-08-17,47.737,47.738,47.559,47.727,17756,0
2016-08-18,47.817,48.202,47.817,48.202,7977,0
2016-08-19,47.956,47.976,47.917,47.94,2604,0
2016-08-22,47.947,48,47.852,48,2566,0
2016-08-23,48.02,48.152,47.986,48,3603,0
2016-08-24,47.877,47.937,47.679,47.817,31129,0
2016-08-25,47.862,47.867,47.679,47.867,4919,0
2016-08-26,47.961,48.025,47.557,47.747,7113,0
2016-08-29,47.519,47.617,47.519,47.617,946,0
2016-08-30,47.442,47.529,47.29,47.29,4822,0
2016-08-31,47.412,47.539,47.359,47.423,8515,0
2016-09-01,47.513,47.797,47.513,47.797,4336,0
2016-09-02,47.956,47.956,47.598,47.618,2231,0
2016-09-06,47.877,48.181,47.867,48.039,6063,0
2016-09-07,48.162,48.162,47.956,47.986,10284,0
2016-09-08,48.35,48.37,48.094,48.182,3188,0
2016-09-09,47.956,48.094,47.797,47.832,13557,0
2016-09-12,47.658,47.829,47.614,47.687,4090,0
2016-09-13,47.678,47.717,47.401,47.513,26305,0
2016-09-14,47.431,47.807,47.431,47.648,2226,0
2016-09-15,47.538,47.6,47.421,47.547,3687,0
2016-09-16,47.281,47.281,46.989,47.175,13167,0
2016-09-19,47.195,47.45,46.688,47.175,76732,0
2016-09-20,47.195,47.215,47.044,47.091,3085,0
2016-09-21,47.095,47.271,46.593,47.261,2569,0
2016-09-22,47.698,47.867,47.46,47.46,7304,0
2016-09-23,47.455,47.628,47.45,47.618,5987,0
2016-09-26,47.48,47.648,47.445,47.581,4850,0
2016-09-27,47.401,47.517,47.316,47.445,6605,0
2016-09-28,47.46,47.608,47.351,47.599,2321,0
2016-09-29,47.528,47.797,47.485,47.538,2584,0
2016-09-30,47.291,47.508,47.291,47.508,3401,0
2016-10-03,47.34,47.498,47.34,47.449,25353,0
2016-10-04,47.35,47.518,47.272,47.33,44430,0
2016-10-05,47.496,47.586,47.31,47.538,4592,0
2016-10-06,47.194,47.34,47.194,47.224,4340,0
2016-10-07,47.42,47.42,47.066,47.36,2677,0
2016-10-10,47.144,47.229,46.976,47.021,4983,0
2016-10-11,46.946,46.972,46.677,46.757,26016,0
2016-10-12,46.558,46.806,46.539,46.658,6813,0
2016-10-13,46.587,46.856,46.587,46.662,2330,0
2016-10-14,46.723,46.723,46.47,46.505,1287486,0
2016-10-17,46.519,46.687,46.425,46.687,16886,0
2016-10-18,46.597,46.745,46.549,46.549,64592,0
2016-10-19,46.549,46.727,46.549,46.603,6425,0
2016-10-20,46.567,46.647,46.48,46.625,30936,0
2016-10-21,46.45,46.48,46.292,46.48,1913,0
2016-10-24,46.322,46.487,46.272,46.322,4798,0
2016-10-25,46.314,46.557,46.314,46.547,3581,0
2016-10-26,46.499,46.627,46.392,46.392,3652,0
2016-10-27,46.045,46.475,46.045,46.43,5614,0
2016-10-28,46.46,46.489,46.331,46.489,6504,0
2016-10-31,46.48,46.647,46.371,46.519,6374,0
2016-11-01,46.756,46.894,46.696,46.812,7530,0
2016-11-02,46.855,47.025,46.794,46.915,20381,0
2016-11-03,46.986,47.162,46.905,47.162,4266,0
2016-11-04,46.925,47.144,46.925,47.134,5979,0
2016-11-07,47.015,47.015,46.756,46.835,5984,0
2016-11-08,46.835,46.965,46.792,46.805,8045,0
2016-11-09,46.35,46.459,46.281,46.37,10782,0
2016-11-10,46.193,46.262,46.193,46.242,9665,0
2016-11-11,46.063,46.063,45.715,45.766,11082,0
2016-11-14,45.261,45.329,45.201,45.208,2565,0
2016-11-15,45.399,45.557,45.271,45.557,41333,0
2016-11-16,45.359,45.478,45.181,45.369,4990,0
2016-11-17,45.508,45.508,45.131,45.131,19185,0
2016-11-18,44.893,44.963,44.744,44.923,5692,0
2016-11-21,44.923,45.131,44.917,45.131,5907,0
2016-11-22,45.086,45.181,44.903,45.031,8800,0
2016-11-23,44.813,44.903,44.64,44.873,19113,0
2016-11-25,45.081,45.19,45.011,45.021,16916,0
2016-11-28,44.833,45.101,44.833,45.101,18057,0
2016-11-29,45.181,45.281,44.981,45.271,4847,0
2016-11-30,45.201,45.201,44.933,45.121,9908,0
2016-12-01,45.171,45.399,45.111,45.399,7635,0
2016-12-02,45.241,45.478,44.476,44.723,705068,0
2016-12-05,45.211,45.725,45.161,45.349,29056,0
2016-12-06,45.557,45.557,45.291,45.494,6279,0
2016-12-07,45.478,45.675,45.478,45.675,7935,0
2016-12-08,45.448,45.448,45.031,45.171,6679,0
2016-12-09,44.981,45.14,44.942,45.063,8984,0
2016-12-12,45.339,45.489,45.271,45.489,12109,0
2016-12-13,45.498,45.735,45.468,45.478,8825,0
2016-12-14,45.597,45.835,45.359,45.369,9279,0
2016-12-15,45.021,45.021,44.605,44.743,5402,0
2016-12-16,44.694,44.952,44.645,44.743,17479,0
2016-12-19,44.922,45.001,44.655,44.728,224691,0
2016-12-20,44.496,44.753,44.496,44.753,17095,0
2016-12-21,44.952,44.991,44.792,44.872,11813,0
2016-12-22,45.041,45.131,44.832,44.942,10421,0
2016-12-23,44.962,45.021,44.832,44.842,4815,0
2016-12-27,44.842,44.892,44.842,44.842,2733,0
2016-12-28,44.753,44.922,44.545,44.842,26545,0
2016-12-29,45.001,45.31,45.001,45.31,2234,0
2016-12-30,45.399,45.548,45.295,45.498,11398,0
2017-01-03,45.211,45.211,44.812,44.932,35245,0
2017-01-04,45.171,45.437,45.171,45.31,6935,0
2017-01-05,45.775,45.887,45.587,45.775,34655,0
2017-01-06,45.637,45.875,45.637,45.725,13921,0
2017-01-09,45.557,45.855,45.557,45.755,214342,0
2017-01-10,45.725,45.924,45.715,45.845,4544,0
2017-01-11,45.537,45.825,45.231,45.825,49153,0
2017-01-12,46.034,46.113,45.974,46.044,4061,0
2017-01-13,45.984,46.194,45.904,45.984,3245,0
2017-01-17,46.253,46.53,46.253,46.282,69984,0
2017-01-18,46.154,46.261,46.074,46.074,7810,0
2017-01-19,46.094,46.094,45.984,46.069,2915,0
2017-01-20,46.084,46.41,46.074,46.41,3822,0
2017-01-23,46.44,46.598,46.44,46.57,5885,0
2017-01-24,46.559,46.758,46.53,46.537,2977,0
2017-01-25,46.648,46.728,46.559,46.638,6378,0
2017-01-26,46.51,46.55,46.351,46.46,10282,0
2017-01-27,46.47,46.52,46.371,46.401,2819,0
2017-01-30,46.174,46.47,46.174,46.45,6073,0
2017-01-31,46.678,46.825,46.638,46.738,5446,0
2017-02-01,46.632,46.8,46.589,46.692,2761,0
2017-02-02,47.011,47.011,46.692,46.831,12576,0
2017-02-03,46.712,46.886,46.682,46.81,4360,0
2017-02-06,46.662,46.762,46.545,46.652,4042,0
2017-02-07,46.364,46.514,46.364,46.514,1978,0
2017-02-08,46.543,46.622,46.484,46.484,3231,0
2017-02-09,46.474,46.494,46.364,46.454,3781,0
2017-02-10,46.157,46.344,46.157,46.247,941,0
2017-02-13,46.334,46.334,46.167,46.256,3086,0
2017-02-14,46.344,46.344,46.037,46.206,6064,0
2017-02-15,46.057,51.173,46.043,46.236,50755,0
2017-02-16,46.464,46.662,46.464,46.572,18759,0
2017-02-17,46.509,46.514,46.315,46.414,22097,0
2017-02-21,46.027,46.177,46.027,46.113,5645,0
2017-02-22,46.07,46.841,45.987,46.153,2232,0
2017-02-23,46.374,46.414,46.315,46.414,2350,0
2017-02-24,46.396,46.396,46.284,46.284,2562,0
2017-02-27,46.474,46.484,46.364,46.464,4856,0
2017-02-28,46.474,46.529,46.364,46.459,6671,0
2017-03-01,46.049,46.347,46.049,46.139,3260,0
2017-03-02,46.13,46.148,46.059,46.128,2368,0
2017-03-03,46.298,46.527,46.249,46.517,30886,0
2017-03-06,46.357,46.467,46.239,46.259,6630,0
2017-03-07,46.293,46.387,46.293,46.357,3264,0
2017-03-08,46.079,46.189,45.979,45.979,3792,0
2017-03-09,46.079,46.219,46.079,46.219,666,0
2017-03-10,46.268,47.554,46.249,46.408,2444,0
2017-03-13,46.497,46.497,46.364,46.364,1909,0
2017-03-14,46.308,46.308,46.069,46.069,2652,0
2017-03-15,46.099,46.537,46.099,46.467,33304,0
2017-03-16,46.843,46.974,46.782,46.974,12224,0
2017-03-17,46.854,46.874,46.765,46.874,1713,0
2017-03-20,46.899,46.973,46.851,46.851,2612,0
2017-03-21,47.074,47.151,46.994,47.063,6284,0
2017-03-22,46.974,47.114,46.942,47.077,30567,0
2017-03-23,47.094,47.164,47.024,47.024,3365,0
2017-03-24,47.044,47.242,47.044,47.154,4835,0
2017-03-27,47.49,47.51,47.302,47.302,1965,0
2017-03-28,47.302,47.402,47.204,47.214,3040,0
2017-03-29,46.924,46.929,46.785,46.895,2867,0
2017-03-30,46.954,46.954,46.745,46.765,117566,0
2017-03-31,46.784,46.824,46.368,46.595,3082,0
2017-04-03,46.697,46.697,46.499,46.696,3823,0
2017-04-04,46.687,46.687,46.671,46.683,1325,0
2017-04-05,46.757,46.772,46.617,46.767,3558,0
2017-04-06,46.737,46.737,46.617,46.717,4817,0
2017-04-07,46.459,46.597,46.363,46.469,11622,0
2017-04-10,46.508,46.508,46.429,46.459,4753,0
2017-04-11,46.439,46.568,46.439,46.549,5700,0
2017-04-12,46.499,46.687,46.499,46.687,2049,0
2017-04-13,46.687,46.806,46.587,46.657,9801,0
2017-04-17,46.727,46.804,46.677,46.677,25695,0
2017-04-18,46.876,47.196,46.866,47.196,2780,0
2017-04-19,47.116,47.126,46.956,46.956,4216,0
2017-04-20,47.325,47.325,47.046,47.076,3901,0
2017-04-21,47.096,47.116,47.016,47.096,4289,0
2017-04-24,47.892,47.892,47.707,47.776,39165,0
2017-04-25,47.882,48.162,47.882,48.162,2639,0
2017-04-26,47.942,48.072,47.852,48.072,26168,0
2017-04-27,47.962,48.042,47.942,47.942,6076,0
2017-04-28,48.102,48.182,48.042,48.042,9021,0
2017-05-01,48.204,48.303,48.204,48.243,4483,0
2017-05-02,48.239,48.412,48.239,48.402,3047,0
2017-05-03,48.313,48.323,48.235,48.235,7883,0
2017-05-04,48.342,48.621,48.342,48.621,2324,0
2017-05-05,48.671,48.771,48.621,48.771,4330,0
2017-05-08,48.512,48.541,48.462,48.462,7739,0
2017-05-09,48.243,48.323,48.243,48.313,2007,0
2017-05-10,48.323,48.332,48.189,48.243,8811,0
2017-05-11,48.312,48.401,48.273,48.372,3394,0
2017-05-12,48.502,48.621,48.502,48.601,2808,0
2017-05-15,48.771,48.841,48.771,48.82,4066,0
2017-05-16,49.151,49.309,49.147,49.299,10207,0
2017-05-17,50.605,50.605,49.339,49.379,47000,0
2017-05-18,49.184,49.359,49.169,49.19,6820,0
2017-05-19,49.499,49.653,49.499,49.653,2434,0
2017-05-22,49.748,49.818,49.744,49.764,5157,0
2017-05-23,49.838,49.927,49.613,49.688,27273,0
2017-05-24,49.688,49.738,49.568,49.738,3218,0
2017-05-25,49.728,49.758,49.678,49.708,8997,0
2017-05-26,49.588,49.648,49.509,49.589,4964,0
2017-05-30,49.538,49.708,49.538,49.688,7012,0
2017-05-31,49.888,49.938,49.798,49.838,3499,0
2017-06-01,49.964,50.059,49.894,50.054,24451,0
2017-06-02,50.243,50.343,50.183,50.343,12889,0
2017-06-05,50.163,50.272,50.163,50.173,3560,0
2017-06-06,50.203,50.333,50.203,50.223,6917,0
2017-06-07,50.054,50.273,50.054,50.273,3333,0
2017-06-08,50.044,50.054,49.874,50.024,5173,0
2017-06-09,49.784,49.884,49.784,49.794,2244,0
2017-06-12,49.834,49.864,49.806,49.829,4329,0
2017-06-13,49.905,49.987,49.864,49.979,2117,0
2017-06-14,50.114,50.293,49.874,49.874,6557,0
2017-06-15,49.727,49.784,49.724,49.724,2495,0
2017-06-16,49.804,50.034,49.804,50.034,4511,0
2017-06-19,49.954,49.954,49.754,49.844,3040,0
2017-06-20,49.814,49.814,49.674,49.752,2235,0
2017-06-21,49.784,49.982,49.774,49.982,4518,0
2017-06-22,49.982,49.982,49.784,49.824,17001,0
2017-06-23,49.914,50.104,49.914,50.074,2830,0
2017-06-26,50.134,50.134,49.969,49.969,4511,0
2017-06-27,50.472,50.762,50.462,50.762,3213,0
2017-06-28,50.702,50.932,50.702,50.842,11634,0
2017-06-29,50.892,51.032,50.892,51.032,11635,0
2017-06-30,50.952,50.982,50.822,50.882,38807,0
2017-07-03,50.678,50.808,50.678,50.744,3542,0
2017-07-05,50.618,50.738,50.573,50.638,7578,0
2017-07-06,50.738,50.938,50.738,50.918,2557,0
2017-07-07,50.898,50.898,50.648,50.728,3521,0
2017-07-10,50.718,50.788,50.678,50.788,7124,0
2017-07-11,50.678,50.968,50.628,50.848,4257,0
2017-07-12,50.758,50.838,50.698,50.838,3833,0
2017-07-13,50.918,50.918,50.838,50.908,10167,0
2017-07-14,50.988,51.167,50.978,51.167,3465,0
2017-07-17,51.108,51.227,51.098,51.157,84308,0
2017-07-18,51.597,51.677,51.547,51.597,34601,0
2017-07-19,51.467,51.537,51.427,51.427,11769,0
2017-07-20,51.637,51.937,51.627,51.917,8169,0
2017-07-21,52.067,52.206,52.017,52.176,8400,0
2017-07-24,52.107,52.146,52.047,52.136,113621,0
2017-07-25,52.296,52.296,52.093,52.107,3179,0
2017-07-26,52.087,52.52,52.047,52.436,27769,0
2017-07-27,52.476,52.506,52.276,52.376,208090,0
2017-07-28,52.536,52.764,52.536,52.667,32465,0
2017-07-31,52.706,53.095,52.681,52.986,20071,0
2017-08-01,53.17,53.9,53.0327,53.09,22244,0
2017-08-02,52.88,53.56,52.88,53.41,67501,0
2017-08-03,53.46,53.549,53.368,53.52,39183,0
2017-08-04,53.32,53.32,52.93,53.11,23251,0
2017-08-07,53.06,53.18,53.06,53.18,36263,0
2017-08-08,53.16,53.24,52.88,52.88,5213,0
2017-08-09,52.68,52.88,52.61,52.81,10678,0
2017-08-10,52.77,52.89,52.709,52.84,5661,0
2017-08-11,52.85,53.05,52.81,52.96,6105,0
2017-08-14,52.8,52.87,52.751,52.76,14097,0
2017-08-15,52.52,52.62,52.4733,52.57,3812,0
2017-08-16,52.4,52.81,52.4,52.785,9325,0
2017-08-17,52.62,52.71,52.53,52.61,43626,0
2017-08-18,52.62,52.76,52.57,52.75,18662,0
2017-08-21,52.84,53,52.84,52.92,6209,0
2017-08-22,52.78,52.79,52.6625,52.735,6108,0
2017-08-23,52.89,52.96,52.81,52.9167,7754,0
2017-08-24,52.94,53,52.8971,52.91,139833,0
2017-08-25,52.93,53.28,52.93,53.21,2350,0
2017-08-28,53.46,53.74,53.46,53.6774,5218,0
2017-08-29,53.84,53.9,53.71,53.72,20305,0
2017-08-30,53.41,53.5,53.309,53.37,26678,0
2017-08-31,53.2406,53.52,53.2153,53.47,32467,0
2017-09-01,53.353,53.4,53.22,53.24,142961,0
2017-09-05,53.48,53.62,53.4328,53.6,55932,0
2017-09-06,53.68,53.75,53.561,53.685,10727,0
2017-09-07,54.03,54.16,53.95,54.16,18378,0
2017-09-08,54.24,54.24,54.09,54.15,14110,0
2017-09-11,53.94,54.02,53.821,53.828,14749,0
2017-09-12,53.93,53.96,53.9257,53.96,6699,0
2017-09-13,53.9,53.91,53.6001,53.61,9696,0
2017-09-14,53.57,53.76,53.5,53.72,37919,0
2017-09-15,54,54.14,53.931,54.0389,10676,0
2017-09-18,54.0356,54.13,53.9,54.06,11234,0
2017-09-19,54.21,54.2499,54.13,54.22,4677,0
2017-09-20,54.32,54.3358,53.7511,53.83,5754,0
2017-09-21,53.97,54.083,53.941,53.96,27530,0
2017-09-22,54.19,54.2,54.0035,54.0749,8337,0
2017-09-25,53.84,53.84,53.561,53.675,12164,0
2017-09-26,53.47,53.499,53.2878,53.47,8612,0
2017-09-27,53.25,53.44,53.14,53.35,5524,0
2017-09-28,53.42,53.51,53.391,53.391,26746,0
2017-09-29,53.5154,53.56,53.42,53.56,18374,0
2017-10-02,53.26,53.26,53.1311,53.2,11733,0
2017-10-03,53.2,53.22,53.1136,53.19,8887,0
2017-10-04,53.12,53.23,53.12,53.179,12173,0
2017-10-05,53.039,53.04,52.96,53.0124,23426,0
2017-10-06,52.89,53.0799,52.88,53.0486,5661,0
2017-10-09,52.98,53.1599,52.98,53.0739,20140,0
2017-10-10,53.23,53.47,53.23,53.3969,11779,0
2017-10-11,53.58,53.6889,53.48,53.6,4715,0
2017-10-12,53.52,53.63,53.52,53.56,32295,0
2017-10-13,53.77,53.88,53.57,53.59,4646,0
2017-10-16,53.52,53.61,53.495,53.495,2336,0
2017-10-17,53.32,53.49,53.291,53.49,3056,0
2017-10-18,53.38,53.61,53.38,53.58,8949,0
2017-10-19,53.76,53.7999,53.66,53.7199,5114,0
2017-10-20,53.6,53.61,53.4788,53.495,8320,0
2017-10-23,53.42,53.5,53.29,53.43,15037,0
2017-10-24,53.4799,53.51,53.3771,53.44,4774,0
2017-10-25,53.54,53.68,53.54,53.67,13536,0
2017-10-26,53.49,53.49,52.97,53.04,11613,0
2017-10-27,52.9491,53.03,52.9201,53.03,10992,0
2017-10-30,53.1,53.27,53.05,53.27,8078,0
2017-10-31,53.15,53.27,53.1012,53.27,29115,0
2017-11-01,53.2,53.3,53.13,53.2,18006,0
2017-11-02,53.3094,53.3891,53.24,53.3891,2343,0
2017-11-03,53.41,53.41,53.1201,53.24,12201,0
2017-11-06,53.06,53.27,53.06,53.27,20522,0
2017-11-07,53.055,53.12,53.04,53.12,5416,0
2017-11-08,53.02,53.14,53.02,53.0887,3618,0
2017-11-09,53.109,53.22,53.0143,53.1183,10378,0
2017-11-10,53.14,53.19,53.0901,53.17,7744,0
