2016-01-04,9.577,9.71,9.577,9.71,129703,0
2016-01-05,9.743,9.77,9.623,9.671,111633,0
2016-01-06,9.562,9.562,9.4051,9.4469,77082,0
2016-01-07,9.2136,9.2709,9.0887,9.0887,148847,0
2016-01-08,9.0887,9.1452,8.945,8.9534,182844,0
2016-01-11,8.9712,9.0135,8.6148,8.6301,168173,0
2016-01-12,8.8294,8.8294,8.4813,8.7138,255096,0
2016-01-13,8.8152,8.846,8.4142,8.4474,104536,0
2016-01-14,8.4142,8.5387,8.3126,8.5387,158229,0
2016-01-15,8.2734,8.2969,8.0063,8.0896,125496,0
2016-01-19,8.1291,8.1291,7.7673,7.8175,134042,0
2016-01-20,7.7252,7.7252,7.1324,7.3719,214007,0
2016-01-21,7.3719,7.7421,7.3634,7.5737,185223,0
2016-01-22,7.683,8.2296,7.683,8.1708,179289,0
2016-01-25,8.1541,8.221,7.9441,7.9607,78166,0
2016-01-26,8.0449,8.3308,8.0449,8.3308,118204,0
2016-01-27,8.3308,8.3892,8.1377,8.281,66951,0
2016-01-28,8.4152,8.6338,8.4152,8.6338,150749,0
2016-01-29,8.6338,8.8201,8.6338,8.8033,111223,0
2016-02-01,8.6857,8.751,8.5707,8.751,82175,0
2016-02-02,8.5084,8.6338,8.4653,8.517,86750,0
2016-02-03,8.6259,8.7429,8.3987,8.7429,133563,0
2016-02-04,8.7274,8.8785,8.7103,8.8126,84662,0
2016-02-05,8.7593,8.7593,8.4233,8.4324,154244,0
2016-02-08,8.3565,8.3565,7.9186,8.0199,150217,0
2016-02-09,7.8512,7.8598,7.599,7.6915,116151,0
2016-02-10,7.7,7.8168,7.6915,7.7085,68703,0
2016-02-11,7.658,7.7506,7.4812,7.6496,136211,0
2016-02-12,7.6747,7.8419,7.6072,7.7673,59358,0
2016-02-16,7.8497,7.9603,7.8497,7.8497,128520,0
2016-02-17,7.9861,8.3186,7.9561,8.31,62066,0
2016-02-18,8.2332,8.3862,8.2332,8.3619,68731,0
2016-02-19,8.3619,8.3619,8.2554,8.3195,90587,0
2016-02-22,8.4714,8.5234,8.4037,8.5234,120488,0
2016-02-23,8.5566,8.5566,8.2762,8.3013,52038,0
2016-02-24,8.1651,8.412,8.0968,8.3776,87119,0
2016-02-25,8.4377,8.4377,8.2589,8.3949,86295,0
2016-02-26,8.5323,8.6857,8.4714,8.5234,137283,0
2016-02-29,8.4546,8.5914,8.4546,8.4714,110679,0
2016-03-01,8.6259,8.8142,8.5655,8.8142,167778,0
2016-03-02,8.7786,8.8627,8.6768,8.8468,132204,0
2016-03-03,8.8908,9.0334,8.8721,8.9843,64758,0
2016-03-04,9.0412,9.1788,9.0013,9.1289,53138,0
2016-03-07,9.103,9.2993,9.0334,9.2993,77841,0
2016-03-08,9.2544,9.2544,8.993,9.0334,72995,0
2016-03-09,9.0334,9.1366,8.9984,9.1193,49046,0
2016-03-10,9.1289,9.1366,8.9477,9.01,62979,0
2016-03-11,9.1539,9.3408,9.1289,9.3408,78711,0
2016-03-14,9.3247,9.3663,9.2146,9.3476,42982,0
2016-03-15,9.2436,9.2436,9.1233,9.201,36474,0
2016-03-16,9.1837,9.4426,9.1837,9.4071,82652,0
2016-03-17,9.4426,9.659,9.3732,9.563,112078,0
2016-03-18,9.579,9.682,9.546,9.667,89935,0
2016-03-21,9.57,9.675,9.51,9.546,59820,0
2016-03-22,9.4519,9.57,9.382,9.502,67892,0
2016-03-23,9.536,9.536,9.3427,9.3633,107942,0
2016-03-24,9.3633,9.4239,9.2349,9.4071,57782,0
2016-03-28,9.4239,9.4668,9.3041,9.414,71284,0
2016-03-29,9.3285,9.57,9.2786,9.555,50410,0
2016-03-30,9.631,9.805,9.563,9.743,135830,0
2016-03-31,9.708,9.868,9.7,9.777,125581,0
2016-04-01,9.675,9.675,9.517,9.563,130536,0
2016-04-04,9.606,9.627,9.4239,9.4328,136335,0
2016-04-05,9.382,9.3913,9.2875,9.3285,41698,0
2016-04-06,9.3732,9.588,9.3207,9.563,73961,0
2016-04-07,9.4926,9.555,9.4328,9.4767,64797,0
2016-04-08,9.606,9.762,9.606,9.675,64649,0
2016-04-11,9.752,9.907,9.667,9.762,104227,0
2016-04-12,9.802,10.017,9.802,10.01,115247,0
2016-04-13,10.01,10.099,10.01,10.07,74674,0
2016-04-14,10.01,10.07,9.912,9.986,108126,0
2016-04-15,10.003,10.003,9.87,9.93,36446,0
2016-04-18,9.87,10.013,9.845,10.01,50673,0
2016-04-19,10.07,10.316,10.07,10.262,70297,0
2016-04-20,10.262,10.41,10.234,10.375,81795,0
2016-04-21,10.419,10.432,10.252,10.296,71292,0
2016-04-22,10.289,10.393,10.289,10.34,74498,0
2016-04-25,10.357,10.357,10.15,10.194,91968,0
2016-04-26,10.272,10.34,10.217,10.34,55670,0
2016-04-27,10.375,10.491,10.334,10.444,70175,0
2016-04-28,10.366,10.507,10.348,10.427,79161,0
2016-04-29,10.482,10.566,10.393,10.566,100851,0
2016-05-02,10.53,10.612,10.472,10.612,94645,0
2016-05-03,10.5,10.516,10.316,10.453,164548,0
2016-05-04,10.366,10.453,10.334,10.437,77697,0
2016-05-05,10.575,10.607,10.414,10.507,96225,0
2016-05-06,10.463,10.539,10.4,10.482,63821,0
2016-05-09,10.516,10.516,10.243,10.463,115816,0
2016-05-10,10.516,10.656,10.516,10.656,110257,0
2016-05-11,10.679,10.716,10.463,10.507,161721,0
2016-05-12,10.647,10.704,10.482,10.482,112403,0
2016-05-13,10.463,10.53,10.357,10.4,72253,0
2016-05-16,10.463,10.672,10.444,10.672,98019,0
2016-05-17,10.653,10.861,10.571,10.747,120137,0
2016-05-18,10.775,10.775,10.576,10.625,51128,0
2016-05-19,10.634,10.634,10.448,10.608,165447,0
2016-05-20,10.662,10.738,10.643,10.692,86068,0
2016-05-23,10.721,10.766,10.625,10.721,88494,0
2016-05-24,10.837,10.837,10.686,10.711,102690,0
2016-05-25,10.784,10.88,10.701,10.701,141845,0
2016-05-26,10.757,10.837,10.738,10.8,87408,0
2016-05-27,10.766,10.852,10.729,10.837,90413,0
2016-05-31,10.88,10.951,10.837,10.88,38720,0
2016-06-01,10.8,10.951,10.738,10.923,57399,0
2016-06-02,10.914,11.203,10.82,11.056,123411,0
2016-06-03,11.125,11.212,11.082,11.195,54310,0
2016-06-06,11.125,11.512,11.125,11.425,140951,0
2016-06-07,11.487,11.591,11.45,11.503,94751,0
2016-06-08,11.556,11.663,11.532,11.591,194237,0
2016-06-09,11.487,11.521,11.425,11.425,73498,0
2016-06-10,11.328,11.361,11.186,11.186,49401,0
2016-06-13,11.125,11.221,11.027,11.125,93642,0
2016-06-14,11.061,11.113,10.99,11.061,56217,0
2016-06-15,11.061,11.105,10.899,11.042,74563,0
2016-06-16,10.899,11.113,10.899,11.096,97005,0
2016-06-17,11.176,11.229,11.133,11.168,68236,0
2016-06-20,11.274,11.478,11.253,11.257,90675,0
2016-06-21,11.291,11.45,11.291,11.362,80822,0
2016-06-22,11.45,11.522,11.31,11.469,110774,0
2016-06-23,11.681,11.708,11.46,11.708,140611,0
2016-06-24,11.247,11.397,11.16,11.16,216646,0
2016-06-27,11.219,11.219,10.678,10.713,146544,0
2016-06-28,10.983,11.201,10.975,11.123,99412,0
2016-06-29,11.318,11.513,11.291,11.496,158193,0
2016-06-30,11.539,11.672,11.469,11.672,133379,0
2016-07-01,11.637,11.733,11.637,11.701,118504,0
2016-07-05,11.566,11.685,11.513,11.575,52529,0
2016-07-06,11.583,11.691,11.478,11.681,67022,0
2016-07-07,11.637,11.706,11.532,11.62,60441,0
2016-07-08,11.778,11.816,11.7,11.807,63625,0
2016-07-11,11.869,11.956,11.832,11.938,186287,0
2016-07-12,11.975,12.143,11.956,12.08,141966,0
2016-07-13,12.062,12.116,12.02,12.071,92698,0
2016-07-14,12.135,12.135,11.984,12.09,82161,0
2016-07-15,12.071,12.111,11.938,11.965,92677,0
2016-07-18,12.01,12.12,11.997,12.053,121268,0
2016-07-19,12.025,12.194,12.025,12.167,283515,0
2016-07-20,12.159,12.204,12.113,12.204,87094,0
2016-07-21,12.204,12.264,11.998,12.042,83574,0
2016-07-22,12.087,12.194,12.05,12.087,46195,0
2016-07-25,12.141,12.159,12.087,12.132,56530,0
2016-07-26,12.159,12.248,12.141,12.176,61659,0
2016-07-27,12.23,12.302,12.215,12.282,69206,0
2016-07-28,12.248,12.282,12.212,12.254,64738,0
2016-07-29,12.256,12.364,12.215,12.364,69344,0
2016-08-01,12.347,12.39,12.132,12.167,74756,0
2016-08-02,12.167,12.204,12.025,12.06,68759,0
2016-08-03,12.068,12.243,12.006,12.221,133487,0
2016-08-04,12.256,12.33,12.132,12.23,68130,0
2016-08-05,12.312,12.347,12.159,12.264,62506,0
2016-08-08,12.256,12.427,12.23,12.273,35571,0
2016-08-09,12.239,12.33,12.132,12.302,45288,0
2016-08-10,12.302,12.39,12.151,12.248,40930,0
2016-08-11,12.248,12.347,12.248,12.309,59311,0
2016-08-12,12.321,12.381,12.292,12.33,60195,0
2016-08-15,12.338,12.409,12.312,12.372,114365,0
2016-08-16,12.278,12.406,12.253,12.318,71601,0
2016-08-17,12.261,12.261,12.091,12.107,62261,0
2016-08-18,12.117,12.298,12.117,12.298,60081,0
2016-08-19,12.189,12.315,12.098,12.216,59166,0
2016-08-22,12.199,12.288,12.181,12.261,58662,0
2016-08-23,12.353,12.416,12.171,12.318,198854,0
2016-08-24,12.387,12.387,12.171,12.244,70365,0
2016-08-25,12.244,12.326,12.21,12.269,51584,0
2016-08-26,12.318,12.37,12.181,12.181,81087,0
2016-08-29,12.244,12.244,12.098,12.155,64248,0
2016-08-30,12.171,12.244,12.155,12.181,49116,0
2016-08-31,12.181,12.181,12,12.117,46164,0
2016-09-01,12.146,12.163,12.054,12.091,59910,0
2016-09-02,12.199,12.288,12.181,12.269,69521,0
2016-09-06,12.308,12.425,12.285,12.416,51529,0
2016-09-07,12.387,12.495,12.373,12.451,40317,0
2016-09-08,12.488,12.575,12.468,12.558,132295,0
2016-09-09,12.451,12.5,12.189,12.222,202228,0
2016-09-12,12.146,12.146,12.009,12.107,158810,0
2016-09-13,11.928,12.022,11.816,11.867,143761,0
2016-09-14,11.874,11.974,11.757,11.774,161155,0
2016-09-15,11.838,11.9,11.774,11.792,81053,0
2016-09-16,11.83,11.874,11.721,11.766,87649,0
2016-09-19,11.891,12.058,11.856,11.867,75873,0
2016-09-20,11.934,12.106,11.826,11.844,123616,0
2016-09-21,11.953,12.097,11.953,12.09,120320,0
2016-09-22,12.235,12.372,12.199,12.319,117572,0
2016-09-23,12.335,12.372,12.261,12.335,189847,0
2016-09-26,12.335,12.417,12.289,12.38,135218,0
2016-09-27,12.327,12.408,12.27,12.353,61824,0
2016-09-28,12.38,12.408,12.216,12.38,83689,0
2016-09-29,12.389,12.398,12.251,12.289,102106,0
2016-09-30,12.389,12.589,12.335,12.49,84494,0
2016-10-03,12.408,12.463,12.335,12.344,72450,0
2016-10-04,12.299,12.353,12.199,12.289,97793,0
2016-10-05,12.27,12.27,12.106,12.116,77066,0
2016-10-06,12.071,12.091,11.99,12.08,53936,0
2016-10-07,12.062,12.062,11.826,11.854,77317,0
2016-10-10,11.972,12.017,11.879,11.888,43910,0
2016-10-11,11.879,11.879,11.634,11.689,86850,0
2016-10-12,11.725,11.769,11.699,11.753,60236,0
2016-10-13,11.699,11.699,11.579,11.588,72033,0
2016-10-14,11.716,11.743,11.562,11.562,64224,0
2016-10-17,11.571,11.616,11.471,11.501,43323,0
2016-10-18,11.661,11.661,11.494,11.559,59885,0
2016-10-19,11.669,11.705,11.594,11.642,74028,0
2016-10-20,11.661,11.724,11.586,11.724,54427,0
2016-10-21,11.652,11.724,11.614,11.705,75821,0
2016-10-24,11.779,11.779,11.632,11.752,66617,0
2016-10-25,11.705,11.788,11.644,11.742,80061,0
2016-10-26,11.632,11.65,11.54,11.624,47867,0
2016-10-27,11.678,11.725,11.513,11.595,103551,0
2016-10-28,11.513,11.715,11.404,11.476,92345,0
2016-10-31,11.476,11.476,10.945,11.199,352422,0
2016-11-01,11.166,11.338,11.09,11.09,147900,0
2016-11-02,11.054,11.054,10.869,10.869,128349,0
2016-11-03,10.85,10.936,10.732,10.74,88510,0
2016-11-04,10.76,10.806,10.57,10.641,109619,0
2016-11-07,10.685,10.887,10.67,10.806,102596,0
2016-11-08,10.75,10.925,10.75,10.925,107598,0
2016-11-09,10.816,10.99,10.75,10.973,104668,0
2016-11-10,10.945,10.99,10.747,10.788,119221,0
2016-11-11,10.816,10.963,10.613,10.85,212334,0
2016-11-14,10.925,10.925,10.732,10.816,144728,0
2016-11-15,10.913,10.923,10.757,10.823,157192,0
2016-11-16,10.793,10.832,10.699,10.737,129564,0
2016-11-17,10.784,10.947,10.784,10.943,106797,0
2016-11-18,10.894,11.053,10.894,10.98,83557,0
2016-11-21,11.09,11.182,11.062,11.137,74325,0
2016-11-22,11.137,11.2,11.109,11.182,136228,0
2016-11-23,11.182,11.35,11.109,11.35,117940,0
2016-11-25,11.36,11.499,11.323,11.425,119987,0
2016-11-28,11.471,11.517,11.258,11.34,120282,0
2016-11-29,11.36,11.36,11.147,11.268,100049,0
2016-11-30,11.313,11.386,11.275,11.313,133635,0
2016-12-01,11.36,11.377,11.033,11.1,134210,0
2016-12-02,11.043,11.137,11.043,11.043,65366,0
2016-12-05,11.173,11.173,11.071,11.118,123041,0
2016-12-06,11.21,11.21,11.071,11.2,74133,0
2016-12-07,11.166,11.268,11.1,11.268,66437,0
2016-12-08,11.21,11.284,11.173,11.275,57009,0
2016-12-09,11.313,11.323,11.19,11.268,62047,0
2016-12-12,11.275,11.517,11.229,11.396,118208,0
2016-12-13,11.497,11.543,11.449,11.488,188824,0
2016-12-14,11.533,11.58,11.346,11.364,148771,0
2016-12-15,11.374,11.374,11.299,11.364,121842,0
2016-12-16,11.422,11.525,11.374,11.469,84943,0
2016-12-19,11.543,11.627,11.515,11.525,441688,0
2016-12-20,11.618,11.806,11.59,11.721,208162,0
2016-12-21,11.749,11.806,11.711,11.806,89408,0
2016-12-22,11.843,12.022,11.767,12.022,122935,0
2016-12-23,12.031,12.124,11.945,12.039,114555,0
2016-12-27,12.077,12.235,12.077,12.181,111547,0
2016-12-28,12.143,12.171,11.843,11.936,109194,0
2016-12-29,11.955,11.975,11.702,11.721,170749,0
2016-12-30,11.945,12.022,11.889,12.022,130896,0
2017-01-03,12.104,12.181,12.058,12.171,65507,0
2017-01-04,12.19,12.19,12.096,12.114,119281,0
2017-01-05,12.171,12.322,12.162,12.255,105132,0
2017-01-06,12.283,12.33,12.077,12.133,132129,0
2017-01-09,12.114,12.396,12.104,12.283,75927,0
2017-01-10,12.283,12.518,12.227,12.358,125988,0
2017-01-11,12.415,12.461,12.358,12.386,56287,0
2017-01-12,12.432,12.432,12.322,12.358,86917,0
2017-01-13,12.415,12.498,12.381,12.471,147796,0
2017-01-17,12.505,12.569,12.448,12.448,79590,0
2017-01-18,12.571,12.759,12.463,12.648,159746,0
2017-01-19,12.665,12.665,12.401,12.401,114552,0
2017-01-20,12.495,12.553,12.488,12.515,42716,0
2017-01-23,12.478,12.619,12.458,12.619,63095,0
2017-01-24,12.629,12.675,12.608,12.675,71283,0
2017-01-25,12.741,13.099,12.675,13.099,208139,0
2017-01-26,12.94,13.31,12.884,13.026,175978,0
2017-01-27,13.063,13.072,12.856,12.856,124712,0
2017-01-30,12.779,12.996,12.599,12.609,118460,0
2017-01-31,12.648,12.826,12.59,12.759,64484,0
2017-02-01,12.789,12.866,12.599,12.599,84055,0
2017-02-02,12.543,12.675,12.543,12.58,124779,0
2017-02-03,12.705,12.856,12.675,12.856,76776,0
2017-02-06,12.856,12.893,12.779,12.818,73054,0
2017-02-07,12.826,12.867,12.665,12.665,79731,0
2017-02-08,12.695,12.798,12.665,12.769,123881,0
2017-02-09,12.866,12.969,12.759,12.789,126793,0
2017-02-10,12.836,12.92,12.695,12.714,120880,0
2017-02-13,12.741,12.92,12.732,12.893,131622,0
2017-02-14,12.927,13.319,12.918,13.28,134558,0
2017-02-15,13.233,13.233,13.062,13.062,109253,0
2017-02-16,13.128,13.3,13.014,13.29,147080,0
2017-02-17,13.25,13.25,13.062,13.128,96288,0
2017-02-21,13.138,13.196,13.044,13.044,92733,0
2017-02-22,13.062,13.26,13.062,13.215,77467,0
2017-02-23,13.25,13.319,13.186,13.3,84078,0
2017-02-24,13.29,13.348,13.28,13.348,87914,0
2017-02-27,13.377,13.386,13.281,13.348,89013,0
2017-02-28,13.328,13.377,13.26,13.26,103397,0
2017-03-01,13.472,13.472,13.166,13.25,232047,0
2017-03-02,13.206,13.206,13.128,13.176,75153,0
2017-03-03,13.233,13.472,13.206,13.442,94751,0
2017-03-06,12.518,12.78,12.498,12.652,738396,0
2017-03-07,12.593,12.642,12.518,12.584,240209,0
2017-03-08,12.528,12.579,12.375,12.375,205397,0
2017-03-09,12.385,12.403,12.165,12.289,192200,0
2017-03-10,12.346,12.413,12.299,12.328,59492,0
2017-03-13,12.394,12.451,12.293,12.366,126261,0
2017-03-14,12.32,12.32,12.079,12.117,94245,0
2017-03-15,12.175,12.443,12.165,12.396,69721,0
2017-03-16,12.433,12.453,12.386,12.415,70581,0
2017-03-17,12.473,12.559,12.415,12.453,70197,0
2017-03-20,12.443,12.483,12.285,12.386,95373,0
2017-03-21,12.463,12.55,12.3,12.338,110647,0
2017-03-22,12.3,12.388,12.3,12.338,54904,0
2017-03-23,12.329,12.531,12.329,12.415,80104,0
2017-03-24,12.433,12.547,12.433,12.521,77328,0
2017-03-27,12.483,12.511,12.463,12.492,70331,0
2017-03-28,12.453,12.588,12.453,12.501,89968,0
2017-03-29,12.453,12.596,12.453,12.577,97761,0
2017-03-30,12.568,12.606,12.55,12.606,116415,0
2017-03-31,12.568,12.694,12.541,12.664,69629,0
2017-04-03,12.704,12.704,12.587,12.656,65139,0
2017-04-04,12.587,12.694,12.587,12.664,62669,0
2017-04-05,12.704,12.847,12.704,12.809,155950,0
2017-04-06,12.857,12.903,12.819,12.867,130296,0
2017-04-07,12.877,12.952,12.819,12.913,86609,0
2017-04-10,12.903,13.01,12.903,12.991,81004,0
2017-04-11,13,13,12.895,12.895,78464,0
2017-04-12,12.962,13,12.902,12.972,81455,0
2017-04-13,13,13.04,12.903,12.903,59886,0
2017-04-17,13.03,13.04,12.922,12.922,64062,0
2017-04-18,12.954,12.987,12.887,12.915,84000,0
2017-04-19,13.032,13.032,12.915,12.924,86207,0
2017-04-20,13.002,13.002,12.905,12.944,56055,0
2017-04-21,13.002,13.002,12.923,13.002,78254,0
2017-04-24,13.118,13.186,13.069,13.098,92084,0
2017-04-25,13.079,13.206,13.061,13.069,126710,0
2017-04-26,13.118,13.138,13.002,13.012,67996,0
2017-04-27,13.012,13.118,12.984,12.992,53216,0
2017-04-28,13.002,13.069,12.992,13.012,89867,0
2017-05-01,13.118,13.128,13.032,13.069,69712,0
2017-05-02,13.051,13.262,13.051,13.243,130164,0
2017-05-03,13.196,13.292,13.176,13.272,50768,0
2017-05-04,13.225,13.252,13.051,13.061,88761,0
2017-05-05,13.042,13.191,13.042,13.166,69728,0
2017-05-08,13.166,13.262,13.166,13.216,55937,0
2017-05-09,13.196,13.267,13.148,13.216,80391,0
2017-05-10,13.176,13.262,13.176,13.25,44155,0
2017-05-11,13.272,13.272,13.186,13.252,72161,0
2017-05-12,13.292,13.321,13.234,13.321,43624,0
2017-05-15,13.416,13.475,13.394,13.446,77831,0
2017-05-16,13.583,13.583,13.468,13.487,59846,0
2017-05-17,13.526,13.526,13.204,13.253,73965,0
2017-05-18,13.243,13.293,13.166,13.206,73403,0
2017-05-19,13.303,13.39,13.278,13.371,57186,0
2017-05-22,13.536,13.536,13.108,13.468,55865,0
2017-05-23,13.526,13.643,13.473,13.593,76563,0
2017-05-24,13.729,13.749,13.555,13.658,49450,0
2017-05-25,13.739,13.778,13.6,13.661,42658,0
2017-05-26,13.661,13.788,13.613,13.633,39796,0
2017-05-30,13.623,13.661,13.39,13.546,52951,0
2017-05-31,13.546,13.623,13.428,13.496,94653,0
2017-06-01,13.574,13.623,13.445,13.613,41190,0
2017-06-02,13.671,13.711,13.583,13.691,43084,0
2017-06-05,13.613,13.643,13.546,13.546,35395,0
2017-06-06,13.593,13.681,13.583,13.593,62314,0
2017-06-07,13.603,13.661,13.496,13.516,62386,0
2017-06-08,13.506,13.643,13.399,13.643,66434,0
2017-06-09,13.496,13.593,13.496,13.536,68364,0
2017-06-12,13.583,13.583,13.448,13.516,33651,0
2017-06-13,13.508,13.548,13.419,13.419,75910,0
2017-06-14,13.518,13.528,13.196,13.196,51454,0
2017-06-15,13.293,13.342,13.216,13.273,45788,0
2017-06-16,13.323,13.372,13.294,13.352,37510,0
2017-06-19,13.352,13.449,13.234,13.234,30685,0
2017-06-20,13.097,13.196,12.775,12.971,86183,0
2017-06-21,12.971,13.03,12.893,12.931,47156,0
2017-06-22,12.941,13.059,12.931,12.981,38617,0
2017-06-23,12.981,13.137,12.909,13.049,47734,0
2017-06-26,13.157,13.176,13.059,13.176,43745,0
2017-06-27,13.234,13.277,13.147,13.147,32268,0
2017-06-28,13.176,13.362,13.166,13.323,65052,0
2017-06-29,13.263,13.296,13.157,13.273,78325,0
2017-06-30,13.332,13.429,13.293,13.429,38374,0
2017-07-03,13.391,13.449,13.342,13.382,27597,0
2017-07-05,13.342,13.352,13.137,13.137,40081,0
2017-07-06,13.147,13.176,13.01,13.02,63495,0
2017-07-07,13.04,13.147,13.04,13.087,32615,0
2017-07-10,13.137,13.157,13.07,13.107,57007,0
2017-07-11,13.117,13.137,13.02,13.059,48641,0
2017-07-12,13.117,13.216,13.117,13.157,37370,0
2017-07-13,13.225,13.273,13.186,13.253,32819,0
2017-07-14,13.303,13.419,13.253,13.419,79235,0
2017-07-17,13.4,13.479,13.372,13.469,47174,0
2017-07-18,13.518,13.518,13.391,13.43,52381,0
2017-07-19,13.508,13.577,13.44,13.518,110545,0
2017-07-20,13.586,13.596,13.488,13.558,68326,0
2017-07-21,13.558,13.567,13.469,13.509,26274,0
2017-07-24,13.528,13.557,13.449,13.449,30545,0
2017-07-25,13.548,13.558,13.479,13.548,34563,0
2017-07-26,13.538,13.567,13.508,13.558,35280,0
2017-07-27,13.586,13.596,13.459,13.498,36581,0
2017-07-28,13.508,13.548,13.381,13.469,60045,0
2017-07-31,13.538,13.538,13.449,13.488,45427,0
2017-08-01,13.488,13.567,13.488,13.508,39364,0
2017-08-02,13.488,13.577,13.469,13.536,41847,0
2017-08-03,13.538,13.585,13.459,13.479,84747,0
2017-08-04,13.464,13.518,13.429,13.498,42840,0
2017-08-07,13.439,13.469,13.41,13.459,43288,0
2017-08-08,13.41,13.435,13.312,13.351,52348,0
2017-08-09,13.272,13.312,13.174,13.312,70266,0
2017-08-10,13.312,13.312,12.997,13.037,102043,0
2017-08-11,12.574,13.214,12.487,13.204,146294,0
2017-08-14,13.135,13.322,13.135,13.312,59369,0
2017-08-15,13.262,13.274,13.074,13.154,42910,0
2017-08-16,13.154,13.262,13.149,13.163,40212,0
2017-08-17,13.104,13.169,13.026,13.045,29452,0
2017-08-18,13.114,13.114,12.857,13.074,70107,0
2017-08-21,13.045,13.114,13.035,13.065,65740,0
2017-08-22,13.094,13.233,13.094,13.233,41577,0
2017-08-23,13.233,13.42,13.225,13.322,52533,0
2017-08-24,13.322,13.391,13.203,13.391,55488,0
2017-08-25,13.371,13.401,13.351,13.371,29696,0
2017-08-28,13.411,13.411,13.242,13.351,44164,0
2017-08-29,13.223,13.351,13.223,13.322,30695,0
2017-08-30,13.351,13.381,13.242,13.341,106525,0
2017-08-31,13.341,13.47,13.341,13.47,54935,0
2017-09-01,13.509,13.588,13.48,13.588,35838,0
2017-09-05,13.509,13.529,13.42,13.529,27092,0
2017-09-06,13.519,13.549,13.46,13.529,52293,0
2017-09-07,13.549,13.707,13.489,13.707,63759,0
2017-09-08,13.638,13.648,13.554,13.628,41324,0
2017-09-11,13.677,13.687,13.626,13.687,31861,0
2017-09-12,13.648,13.677,13.539,13.628,47065,0
2017-09-13,13.539,13.569,13.43,13.489,55838,0
2017-09-14,13.539,13.559,13.519,13.519,15910,0
2017-09-15,13.519,13.618,13.489,13.549,48747,0
2017-09-18,13.559,13.667,13.499,13.667,73712,0
2017-09-19,13.618,13.628,13.558,13.618,60024,0
2017-09-20,13.628,13.648,13.498,13.538,87468,0
2017-09-21,13.548,13.548,13.379,13.419,66835,0
2017-09-22,13.419,13.419,13.379,13.379,26300,0
2017-09-25,13.359,13.429,13.359,13.409,49072,0
2017-09-26,13.419,13.439,13.37,13.399,48254,0
2017-09-27,13.409,13.409,13.29,13.329,55201,0
2017-09-28,13.31,13.329,13.21,13.329,91303,0
2017-09-29,13.429,13.429,13.32,13.429,52868,0
2017-10-02,13.479,13.479,13.31,13.327,22636,0
2017-10-03,13.359,13.359,13.22,13.29,202771,0
2017-10-04,13.25,13.28,13.21,13.28,69580,0
2017-10-05,13.32,13.32,13.27,13.28,48193,0
2017-10-06,13.329,13.334,13.071,13.15,140043,0
2017-10-09,13.17,13.19,13.081,13.101,43235,0
2017-10-10,13.151,13.25,13.111,13.17,265115,0
2017-10-11,13.16,13.3,13.16,13.25,182574,0
2017-10-12,13.32,13.359,13.266,13.3,116243,0
2017-10-13,13.349,13.359,13.28,13.3,93807,0
2017-10-16,13.29,13.29,13.18,13.24,131739,0
2017-10-17,13.2,13.33,13.2,13.28,202478,0
2017-10-18,13.32,13.32,13.07,13.08,59078,0
2017-10-19,13.05,13.17,13.05,13.07,78885,0
2017-10-20,13.07,13.101,12.98,12.99,57686,0
2017-10-23,12.98,13.016,12.81,12.84,104171,0
2017-10-24,12.86,12.91,12.75,12.8,78809,0
2017-10-25,12.75,12.7799,12.53,12.58,82488,0
2017-10-26,12.57,12.68,12.57,12.59,85153,0
2017-10-27,12.7,12.75,12.63,12.705,76329,0
2017-10-30,12.76,12.82,12.73,12.77,73291,0
2017-10-31,12.82,12.84,12.72,12.84,51044,0
2017-11-01,12.84,12.89,12.79,12.8,113237,0
2017-11-02,12.82,12.83,12.7,12.8,77477,0
2017-11-03,12.75,12.875,12.69,12.85,72454,0
2017-11-06,12.92,13.07,12.8655,13.07,101988,0
2017-11-07,13.08,13.17,13.01,13.17,114253,0
2017-11-08,13.2,13.2,13.04,13.18,76945,0
2017-11-09,13.16,13.22,13.06,13.18,140811,0
2017-11-10,13.06,13.18,13.06,13.14,84893,0
