2016-01-04,15.68,15.68,15.462,15.471,4313465,0
2016-01-05,15.529,15.623,15.371,15.433,3813554,0
2016-01-06,15.328,15.529,15.242,15.309,3696104,0
2016-01-07,15.062,15.509,15.013,15.3,4120395,0
2016-01-08,15.386,15.585,15.346,15.404,4276244,0
2016-01-11,15.413,15.614,15.386,15.48,5127179,0
2016-01-12,15.442,15.927,15.442,15.786,6225273,0
2016-01-13,15.957,16.177,15.66,15.68,8775345,0
2016-01-14,16.948,17.214,16.519,17.005,12330437,0
2016-01-15,16.509,16.767,16.309,16.5,6510008,0
2016-01-19,16.615,16.718,16.461,16.651,6672123,0
2016-01-20,16.366,16.701,16.233,16.595,8123794,0
2016-01-21,16.691,17.153,16.529,17.024,6913788,0
2016-01-22,16.976,17.148,16.943,17.052,3449538,0
2016-01-25,17.005,17.081,16.862,16.966,3872900,0
2016-01-26,17.014,17.1,16.651,16.691,5326183,0
2016-01-27,16.701,16.899,16.538,16.595,6663431,0
2016-01-28,16.615,16.71,16.429,16.48,2860900,0
2016-01-29,16.909,17.157,16.852,17.062,5038445,0
2016-02-01,17.033,17.033,16.814,16.928,4083934,0
2016-02-02,16.872,17.052,16.651,16.728,3537951,0
2016-02-03,16.862,16.928,16.524,16.814,4101749,0
2016-02-04,16.985,17.042,16.832,16.995,3323268,0
2016-02-05,16.881,16.919,16.49,16.529,4059501,0
2016-02-08,16.194,16.29,15.489,15.766,10732833,0
2016-02-09,15.557,15.71,15.376,15.566,8570480,0
2016-02-10,15.7,15.947,15.557,15.575,4713231,0
2016-02-11,15.251,15.489,15.157,15.442,7439649,0
2016-02-12,15.604,15.68,15.205,15.337,4693893,0
2016-02-16,15.309,15.519,15.251,15.442,11123269,0
2016-02-17,15.633,15.746,15.476,15.7,16309494,0
2016-02-18,15.937,15.957,15.614,15.633,7382667,0
2016-02-19,15.66,15.71,15.471,15.614,5736064,0
2016-02-22,15.937,16.204,15.886,16.09,6475132,0
2016-02-23,15.947,16.071,15.832,15.861,4578515,0
2016-02-24,15.786,16.061,15.719,16.043,4417331,0
2016-02-25,15.823,16.109,15.813,16.071,4326087,0
2016-02-26,16.128,16.157,15.861,16.09,4020251,0
2016-02-29,15.719,16.138,15.71,16.023,5748983,0
2016-03-01,16.394,16.661,16.309,16.595,3902289,0
2016-03-02,16.691,16.957,16.633,16.842,6149621,0
2016-03-03,16.881,17.357,16.881,17.319,5711067,0
2016-03-04,17.299,17.595,17.262,17.567,3915900,0
2016-03-07,17.385,17.613,17.366,17.538,2131483,0
2016-03-08,17.186,17.204,16.99,17.071,3490352,0
2016-03-09,17.433,17.433,16.881,16.995,5040068,0
2016-03-10,16.872,17.138,16.809,16.928,6250866,0
2016-03-11,16.995,17.114,16.881,17.109,3245781,0
2016-03-14,17.014,17.26,17.005,17.166,3477925,0
2016-03-15,16.976,17.019,16.881,16.909,2954188,0
2016-03-16,17.071,17.329,16.832,17.319,2763386,0
2016-03-17,17.338,17.472,17.181,17.462,2706389,0
2016-03-18,17.699,17.729,17.481,17.643,2737936,0
2016-03-21,17.662,17.879,17.595,17.795,3287896,0
2016-03-22,17.605,17.757,17.472,17.633,3490598,0
2016-03-23,17.814,17.814,17.505,17.775,4713261,0
2016-03-24,17.719,17.935,17.709,17.92,3149261,0
2016-03-28,17.871,17.91,17.729,17.861,2601485,0
2016-03-29,17.814,17.966,17.757,17.805,4469995,0
2016-03-30,17.9,18.404,17.88,18.253,5670007,0
2016-03-31,18.357,18.357,18.101,18.12,3414431,0
2016-04-01,17.966,18.414,17.89,18.338,3564697,0
2016-04-04,18.567,18.567,18.319,18.338,2119537,0
2016-04-05,18.101,18.101,17.805,17.92,3256866,0
2016-04-06,17.785,17.93,17.677,17.91,3896699,0
2016-04-07,17.613,17.633,17.204,17.252,5483278,0
2016-04-08,17.319,17.338,17.014,17.196,4701155,0
2016-04-11,17.395,17.519,17.289,17.309,2502351,0
2016-04-12,17.385,17.428,17.223,17.338,3460517,0
2016-04-13,17.366,17.548,17.148,17.481,6759260,0
2016-04-14,17.576,17.648,17.385,17.576,6021044,0
2016-04-15,18.739,19.501,18.624,19.052,15482245,0
2016-04-18,18.624,18.68,18.377,18.377,5286164,0
2016-04-19,18.481,18.667,18.424,18.433,4424855,0
2016-04-20,18.5,18.577,18.329,18.424,4387727,0
2016-04-21,18.253,18.271,17.966,18.042,3090039,0
2016-04-22,18.005,18.223,17.966,18.177,3189517,0
2016-04-25,18.12,18.248,18.015,18.177,1620641,0
2016-04-26,18.319,18.453,18.186,18.319,3691056,0
2016-04-27,18.347,18.481,18.233,18.31,3581504,0
2016-04-28,18.033,18.205,17.91,17.996,2676884,0
2016-04-29,17.939,17.966,17.69,17.91,2751657,0
2016-05-02,17.795,18.033,17.795,17.9,1961631,0
2016-05-03,17.623,17.739,17.557,17.633,2398536,0
2016-05-04,17.595,17.69,17.371,17.567,3886436,0
2016-05-05,17.613,17.633,17.481,17.529,2604319,0
2016-05-06,17.433,17.605,17.433,17.529,2946945,0
2016-05-09,17.672,17.871,17.672,17.805,2597191,0
2016-05-10,17.92,18.196,17.9,18.091,3479266,0
2016-05-11,17.986,17.986,17.741,17.775,1802061,0
2016-05-12,17.91,17.915,17.724,17.834,1417294,0
2016-05-13,17.767,17.89,17.648,17.672,1485910,0
2016-05-16,17.9,18.081,17.824,17.966,2362532,0
2016-05-17,17.93,17.939,17.538,17.548,2312766,0
2016-05-18,17.643,17.861,17.538,17.757,2273778,0
2016-05-19,17.557,17.69,17.434,17.595,1889412,0
2016-05-20,17.653,17.753,17.529,17.586,1485243,0
2016-05-23,17.49,17.564,17.324,17.519,2332881,0
2016-05-24,17.462,17.739,17.452,17.709,2758596,0
2016-05-25,17.861,17.991,17.748,17.92,2629172,0
2016-05-26,18.329,18.491,18.263,18.271,3426978,0
2016-05-27,18.347,18.567,18.319,18.567,1978624,0
2016-05-31,18.5,18.604,18.424,18.519,3050878,0
2016-06-01,18.453,18.649,18.433,18.624,1711583,0
2016-06-02,18.577,18.748,18.538,18.739,1872206,0
2016-06-03,18.69,18.72,18.604,18.68,1872735,0
2016-06-06,18.72,18.825,18.644,18.776,2351866,0
2016-06-07,18.808,18.885,18.712,18.818,2759938,0
2016-06-08,18.645,18.818,18.578,18.588,3992571,0
2016-06-09,17.816,17.883,17.209,17.556,9922051,0
2016-06-10,17.556,17.672,17.228,17.412,5719161,0
2016-06-13,17.47,17.47,17.2,17.268,4127229,0
2016-06-14,17.268,17.479,17.227,17.392,3567294,0
2016-06-15,17.575,17.585,17.383,17.441,2582977,0
2016-06-16,17.315,17.613,17.287,17.566,2138944,0
2016-06-17,17.537,17.643,17.441,17.595,3691983,0
2016-06-20,17.826,18.047,17.826,17.933,2737016,0
2016-06-21,17.913,17.97,17.768,17.855,2129721,0
2016-06-22,17.787,17.98,17.74,17.893,2681599,0
2016-06-23,18.143,18.288,18.076,18.278,5462452,0
2016-06-24,17.579,17.633,17.392,17.412,3304242,0
2016-06-27,17.132,17.142,16.67,16.69,6736690,0
2016-06-28,16.959,17.008,16.718,16.901,8151612,0
2016-06-29,17.152,17.258,17.055,17.122,3987669,0
2016-06-30,17.055,17.335,17.055,17.191,3719065,0
2016-07-01,17.219,17.278,17.075,17.248,2367453,0
2016-07-05,17.152,17.228,17.094,17.171,1972478,0
2016-07-06,17.161,17.186,16.833,16.978,3748194,0
2016-07-07,17.045,17.186,16.925,17.017,3077570,0
2016-07-08,17.142,17.268,17.094,17.181,2006554,0
2016-07-11,17.278,17.508,17.238,17.46,3117516,0
2016-07-12,17.46,17.653,17.373,17.595,5284538,0
2016-07-13,17.7,17.758,17.575,17.633,4375227,0
2016-07-14,17.643,17.797,17.537,17.758,5456341,0
2016-07-15,16.237,16.458,15.899,16.188,21842261,0
2016-07-18,16.14,16.233,15.909,16.198,6749751,0
2016-07-19,16.198,16.285,16.025,16.035,4898334,0
2016-07-20,16.15,16.227,15.986,16.131,4363666,0
2016-07-21,16.092,16.121,15.938,16.005,5176916,0
2016-07-22,16.015,16.05,15.891,15.958,4339087,0
2016-07-25,16.045,16.073,15.909,16.073,3574707,0
2016-07-26,16.14,16.266,16.083,16.131,4241209,0
2016-07-27,16.188,16.198,16.025,16.083,2777498,0
2016-07-28,16.063,16.063,15.923,15.977,3093985,0
2016-07-29,16.035,16.092,15.708,15.822,5051426,0
2016-08-01,15.986,16.022,15.876,15.958,3973749,0
2016-08-02,16.025,16.025,15.698,15.785,3864798,0
2016-08-03,15.765,15.832,15.698,15.745,5526007,0
2016-08-04,15.678,15.735,15.495,15.495,7297458,0
2016-08-05,15.505,15.726,15.447,15.65,8280264,0
2016-08-08,15.678,15.735,15.65,15.668,7117003,0
2016-08-09,15.717,15.832,15.717,15.755,5288512,0
2016-08-10,15.745,15.928,15.726,15.899,4525148,0
2016-08-11,15.775,15.899,15.722,15.822,5188499,0
2016-08-12,15.678,15.688,15.437,15.543,5489560,0
2016-08-15,15.293,15.668,15.264,15.601,5495521,0
2016-08-16,15.476,15.52,15.293,15.36,5958517,0
2016-08-17,15.254,15.36,15.236,15.332,4932613,0
2016-08-18,15.187,15.313,15.067,15.293,6815003,0
2016-08-19,15.187,15.35,15.177,15.313,3119123,0
2016-08-22,15.13,15.226,15.058,15.216,4568208,0
2016-08-23,15.37,15.968,15.35,15.928,8947362,0
2016-08-24,15.832,15.909,15.717,15.785,6802260,0
2016-08-25,15.659,15.688,15.4,15.457,7725588,0
2016-08-26,15.39,15.447,15.206,15.313,4683316,0
2016-08-29,15.303,15.332,15.14,15.167,4762649,0
2016-08-30,15.505,15.515,15.231,15.273,4824285,0
2016-08-31,15.35,15.39,15.177,15.273,4841148,0
2016-09-01,15.313,15.533,15.303,15.505,4772907,0
2016-09-02,15.437,15.726,15.437,15.698,5680358,0
2016-09-06,15.717,15.891,15.717,15.832,5102350,0
2016-09-07,15.891,15.958,15.822,15.832,5909631,0
2016-09-08,15.63,15.64,15.293,15.495,9850989,0
2016-09-09,15.457,15.592,15.371,15.476,6326179,0
2016-09-12,15.668,15.827,15.486,15.775,3893948,0
2016-09-13,15.63,15.659,15.38,15.466,4111945,0
2016-09-14,15.408,15.476,15.273,15.36,4761162,0
2016-09-15,15.351,15.668,15.327,15.447,4045686,0
2016-09-16,15.476,15.645,15.408,15.476,6196549,0
2016-09-19,15.64,15.659,15.466,15.533,3023576,0
2016-09-20,15.533,15.582,15.418,15.457,2590732,0
2016-09-21,15.525,15.601,15.36,15.533,4064496,0
2016-09-22,15.601,15.698,15.582,15.65,2576357,0
2016-09-23,15.505,15.533,15.355,15.37,3183974,0
2016-09-26,15.283,15.332,15.177,15.283,1841146,0
2016-09-27,15.323,15.437,15.293,15.323,2909185,0
2016-09-28,15.332,15.38,15.187,15.303,5628521,0
2016-09-29,15.283,15.525,15.226,15.283,6127063,0
2016-09-30,15.323,15.38,15.177,15.197,5338107,0
2016-10-03,15.245,15.408,15.221,15.37,3041791,0
2016-10-04,15.447,15.621,15.35,15.36,3268880,0
2016-10-05,15.37,15.437,15.245,15.37,1651791,0
2016-10-06,15.206,15.293,15.149,15.177,2486135,0
2016-10-07,15.1,15.1,14.908,15.023,4956732,0
2016-10-10,15.187,15.385,15.177,15.283,3369555,0
2016-10-11,15.236,15.264,15.076,15.12,3473056,0
2016-10-12,15.149,15.35,15.13,15.341,3367492,0
2016-10-13,15.437,16.092,15.39,16.035,10813908,0
2016-10-14,15.4,15.447,14.937,15.08,20653113,0
2016-10-17,15.11,15.245,15.072,15.12,7252354,0
2016-10-18,15.39,15.39,15.273,15.323,4173317,0
2016-10-19,15.473,15.58,15.414,15.414,3570639,0
2016-10-20,15.396,15.396,15.161,15.318,4171569,0
2016-10-21,15.434,15.561,15.356,15.444,3431075,0
2016-10-24,15.464,15.639,15.414,15.561,4784048,0
2016-10-25,15.346,15.361,15.191,15.269,4183004,0
2016-10-26,15.24,15.269,15.152,15.201,4047436,0
2016-10-27,15.191,15.191,14.938,14.947,2687143,0
2016-10-28,14.957,15.065,14.826,14.879,5139285,0
2016-10-31,14.899,14.967,14.782,14.85,4272711,0
2016-11-01,14.782,14.879,14.734,14.85,3671154,0
2016-11-02,14.782,14.807,14.617,14.752,2407027,0
2016-11-03,14.636,14.666,14.529,14.558,3807926,0
2016-11-04,14.558,14.752,14.524,14.636,5748422,0
2016-11-07,14.86,14.928,14.762,14.831,4499938,0
2016-11-08,14.812,14.85,14.694,14.752,4416662,0
2016-11-09,14.519,14.519,13.887,14.15,17562790,0
2016-11-10,14.1,14.13,13.906,14.052,9949892,0
2016-11-11,13.848,14.15,13.809,14.12,8102087,0
2016-11-14,13.955,13.955,13.536,13.683,12491037,0
2016-11-15,13.955,13.955,13.605,13.624,12095608,0
2016-11-16,13.779,13.799,13.653,13.731,7124112,0
2016-11-17,13.741,13.809,13.663,13.721,5312730,0
2016-11-18,13.663,13.819,13.493,13.517,10186988,0
2016-11-21,13.517,13.634,13.371,13.624,5919534,0
2016-11-22,13.546,13.751,13.488,13.683,7726187,0
2016-11-23,13.566,13.799,13.536,13.751,5711552,0
2016-11-25,14.188,14.295,14.082,14.14,3959077,0
2016-11-28,14.403,14.403,14.15,14.169,7154453,0
2016-11-29,14.16,14.179,14.042,14.11,3305806,0
2016-11-30,14.198,14.32,14.082,14.092,5939516,0
2016-12-01,14.179,14.188,13.897,13.926,6442558,0
2016-12-02,13.877,13.984,13.779,13.926,3806094,0
2016-12-05,13.974,14.14,13.95,13.955,4590609,0
2016-12-06,14.1,14.1,13.969,14.082,3070784,0
2016-12-07,14.141,14.451,14.12,14.393,5113738,0
2016-12-08,14.481,14.509,14.315,14.383,4094394,0
2016-12-09,14.441,14.5,14.325,14.344,5738904,0
2016-12-12,14.286,14.335,14.15,14.305,2611603,0
2016-12-13,14.373,14.636,14.373,14.568,4344242,0
2016-12-14,14.568,14.607,14.413,14.441,3187580,0
2016-12-15,14.441,14.602,14.423,14.481,3229509,0
2016-12-16,14.587,14.67,14.403,14.5,5223678,0
2016-12-19,14.519,14.568,14.441,14.471,2109896,0
2016-12-20,14.507,14.549,14.461,14.529,3293078,0
2016-12-21,14.5,14.568,14.441,14.568,2544200,0
2016-12-22,14.325,14.451,14.188,14.403,2990975,0
2016-12-23,14.413,14.461,14.315,14.354,1918721,0
2016-12-27,14.393,14.471,14.383,14.413,1179143,0
2016-12-28,14.423,14.431,14.315,14.335,2733142,0
2016-12-29,14.325,14.413,14.276,14.344,1737540,0
2016-12-30,14.423,14.524,14.393,14.431,3641962,0
2017-01-03,14.383,14.423,14.237,14.344,3970238,0
2017-01-04,14.451,14.812,14.451,14.724,6212925,0
2017-01-05,14.646,14.704,14.549,14.617,6128312,0
2017-01-06,14.315,14.461,14.072,14.423,13925964,0
2017-01-09,14.315,14.636,14.286,14.558,9825702,0
2017-01-10,14.413,14.558,14.373,14.383,11333604,0
2017-01-11,14.403,14.812,14.383,14.782,12929686,0
2017-01-12,14.889,14.967,14.684,14.84,6605438,0
2017-01-13,14.373,14.461,13.819,14.11,18737632,0
2017-01-17,14.052,14.14,14.004,14.1,6898197,0
2017-01-18,14.11,14.14,14.004,14.052,7634578,0
2017-01-19,14.072,14.115,13.955,14.004,4376335,0
2017-01-20,13.955,14.032,13.877,13.974,3717375,0
2017-01-23,13.965,13.979,13.702,13.711,13202793,0
2017-01-24,13.77,13.838,13.643,13.741,7776173,0
2017-01-25,13.761,13.799,13.566,13.624,11593600,0
2017-01-26,13.634,13.639,13.39,13.42,7757345,0
2017-01-27,13.585,13.707,13.508,13.566,11707882,0
2017-01-30,13.663,13.731,13.4,13.44,11908175,0
2017-01-31,13.313,13.42,13.215,13.4,9213715,0
2017-02-01,13.576,13.624,13.059,13.225,13427375,0
2017-02-02,13.536,13.576,13.327,13.381,16831388,0
2017-02-03,13.42,13.546,13.42,13.508,4672194,0
2017-02-06,13.508,13.605,13.43,13.478,7262153,0
2017-02-07,13.576,13.751,13.556,13.692,9995316,0
2017-02-08,13.663,13.751,13.498,13.731,8911422,0
2017-02-09,13.838,14.252,13.838,14.179,13214301,0
2017-02-10,14.188,14.286,14.1,14.11,7530259,0
2017-02-13,14.335,14.354,14.228,14.257,7469676,0
2017-02-14,14.363,14.558,14.305,14.509,9346950,0
2017-02-15,14.481,14.602,14.451,14.461,6157557,0
2017-02-16,14.762,14.831,14.549,14.587,4386474,0
2017-02-17,14.519,14.578,14.461,14.481,2929438,0
2017-02-21,14.684,14.879,14.666,14.879,7659217,0
2017-02-22,14.578,14.762,14.549,14.636,8523181,0
2017-02-23,14.812,14.889,14.762,14.782,4798608,0
2017-02-24,14.694,14.802,14.641,14.802,3508176,0
2017-02-27,14.831,14.84,14.734,14.802,4331771,0
2017-02-28,14.86,14.879,14.724,14.734,4903421,0
2017-03-01,14.977,14.977,14.84,14.947,5464450,0
2017-03-02,14.802,14.947,14.744,14.87,3663233,0
2017-03-03,14.967,15.055,14.87,14.967,4487946,0
2017-03-06,14.889,14.957,14.675,14.752,8673536,0
2017-03-07,14.714,14.762,14.558,14.626,11516226,0
2017-03-08,14.597,14.684,14.529,14.568,5829771,0
2017-03-09,14.636,14.821,14.534,14.812,8002609,0
2017-03-10,14.87,15.093,14.86,15.083,5692655,0
2017-03-13,15.21,15.259,15.093,15.171,6998221,0
2017-03-14,15.171,15.191,15.025,15.142,5149426,0
2017-03-15,14.967,15.055,14.812,14.996,4548699,0
2017-03-16,15.298,15.483,15.201,15.346,8956562,0
2017-03-17,15.376,15.405,14.84,14.928,16183512,0
2017-03-20,15.083,15.191,14.938,15.093,6862725,0
2017-03-21,15.24,15.346,15.083,15.113,6300657,0
2017-03-22,15.142,15.24,15.065,15.23,4119688,0
2017-03-23,15.288,15.424,15.259,15.288,4887235,0
2017-03-24,15.249,15.356,15.215,15.249,4148658,0
2017-03-27,15.327,15.336,15.21,15.327,3690543,0
2017-03-28,15.327,15.366,15.201,15.298,4614645,0
2017-03-29,15.327,15.424,15.264,15.376,4158174,0
2017-03-30,15.308,15.396,15.293,15.376,4147912,0
2017-03-31,15.288,15.492,15.24,15.376,4211075,0
2017-04-03,15.308,15.346,14.947,15.055,7567217,0
2017-04-04,14.987,15.093,14.933,14.977,6064291,0
2017-04-05,14.938,14.977,14.84,14.947,4449994,0
2017-04-06,14.938,14.987,14.909,14.947,3450760,0
2017-04-07,14.84,14.923,14.792,14.86,3542848,0
2017-04-10,14.558,14.787,14.509,14.762,8864543,0
2017-04-11,14.744,14.767,14.587,14.684,5086678,0
2017-04-12,14.675,14.86,14.626,14.85,8930975,0
2017-04-13,14.325,14.431,14.092,14.092,18126358,0
2017-04-17,14.13,14.179,14.082,14.14,8210818,0
2017-04-18,14.004,14.1,13.96,14.032,6236746,0
2017-04-19,14.014,14.057,13.916,13.955,4996681,0
2017-04-20,14.15,14.155,14.014,14.082,3520143,0
2017-04-21,14.062,14.092,13.955,14.092,7658190,0
2017-04-24,14.179,14.213,13.974,14.042,7526756,0
2017-04-25,14.13,14.188,14.032,14.15,7356904,0
2017-04-26,14.062,14.15,14.023,14.11,5580018,0
2017-04-27,14.11,14.208,14.082,14.179,4583577,0
2017-04-28,14.15,14.208,14.092,14.169,4635818,0
2017-05-01,14.16,14.188,14.12,14.15,2346992,0
2017-05-02,14.169,14.286,14.097,14.13,5781026,0
2017-05-03,14.276,14.335,14.208,14.286,3894497,0
2017-05-04,14.325,14.383,14.286,14.325,5260202,0
2017-05-05,14.305,14.431,14.305,14.403,6142917,0
2017-05-08,14.451,14.744,14.451,14.694,9817472,0
2017-05-09,14.656,14.744,14.466,14.539,11076052,0
2017-05-10,14.49,14.558,14.373,14.509,4584331,0
2017-05-11,14.49,14.889,14.471,14.86,15745638,0
2017-05-12,14.938,15.093,14.84,14.87,5568890,0
2017-05-15,14.772,14.821,14.68,14.714,4145771,0
2017-05-16,14.762,14.899,14.762,14.85,5158942,0
2017-05-17,14.744,14.802,14.423,14.49,8670702,0
2017-05-18,14.617,14.684,14.481,14.578,4191923,0
2017-05-19,14.646,14.772,14.587,14.752,3193423,0
2017-05-22,14.752,14.762,14.607,14.646,3204907,0
2017-05-23,14.646,14.767,14.607,14.656,3357789,0
2017-05-24,14.666,14.812,14.626,14.792,6579531,0
2017-05-25,15.015,15.269,14.996,15.093,8129161,0
2017-05-26,15.093,15.171,14.957,15.113,5854980,0
2017-05-30,15.113,15.171,14.918,14.987,6629555,0
2017-05-31,15.006,15.046,14.829,14.917,4574508,0
2017-06-01,14.908,15.125,14.888,15.115,5740375,0
2017-06-02,15.016,15.076,14.898,14.996,4918477,0
2017-06-05,14.957,15.105,14.937,15.046,4104659,0
2017-06-06,15.145,15.431,15.115,15.402,8134971,0
2017-06-07,15.155,15.253,15.09,15.145,7129030,0
2017-06-08,15.155,15.155,14.952,15.085,5840108,0
2017-06-09,14.917,14.937,14.453,14.769,12809739,0
2017-06-12,14.996,15.056,14.809,14.878,4836625,0
2017-06-13,14.947,15.076,14.937,14.957,4903242,0
2017-06-14,15.026,15.105,14.888,14.987,3362598,0
2017-06-15,14.917,14.967,14.759,14.888,3311742,0
2017-06-16,14.73,14.74,14.394,14.493,8851308,0
2017-06-19,14.512,14.666,14.438,14.641,5384394,0
2017-06-20,14.72,14.829,14.67,14.72,4568701,0
2017-06-21,14.779,14.819,14.7,14.799,3048114,0
2017-06-22,14.769,14.779,14.463,14.591,6740274,0
2017-06-23,14.591,14.769,14.512,14.67,4220773,0
2017-06-26,14.73,14.838,14.68,14.759,3076405,0
2017-06-27,14.542,14.611,14.354,14.532,7516261,0
2017-06-28,14.552,14.819,14.493,14.74,7150589,0
2017-06-29,14.641,14.72,14.512,14.71,4861293,0
2017-06-30,14.74,15.011,14.651,14.838,9214422,0
2017-07-03,15.006,15.046,14.937,14.957,3585417,0
2017-07-05,14.908,14.908,14.759,14.759,5353586,0
2017-07-06,14.75,14.927,14.72,14.759,5459063,0
2017-07-07,14.769,14.898,14.656,14.858,4185082,0
2017-07-10,15.283,15.362,15.076,15.135,7198935,0
2017-07-11,15.234,15.288,15.085,15.283,5438353,0
2017-07-12,15.313,15.471,15.234,15.451,10767566,0
2017-07-13,15.362,15.461,15.283,15.372,10286141,0
2017-07-14,15.362,15.737,15.313,15.481,11808635,0
2017-07-17,15.53,15.55,15.273,15.451,7344962,0
2017-07-18,15.411,15.486,15.234,15.362,6564715,0
2017-07-19,15.372,15.382,15.164,15.194,7919419,0
2017-07-20,15.224,15.362,15.159,15.332,5035921,0
2017-07-21,15.323,15.51,15.224,15.49,4920935,0
2017-07-24,15.53,15.609,15.461,15.49,4634530,0
2017-07-25,15.55,15.668,15.49,15.619,5497939,0
2017-07-26,15.609,15.737,15.584,15.718,3461581,0
2017-07-27,15.471,15.609,15.308,15.402,4345560,0
2017-07-28,15.609,15.668,15.461,15.52,3229219,0
2017-07-31,15.708,15.728,15.481,15.609,6112089,0
2017-08-01,15.658,15.728,15.609,15.718,5647958,0
2017-08-02,15.658,15.668,15.54,15.589,2759121,0
2017-08-03,15.599,15.629,15.421,15.579,5711707,0
2017-08-04,15.599,15.609,15.481,15.481,2243945,0
2017-08-07,15.382,15.411,15.278,15.352,3445337,0
2017-08-08,15.352,15.471,15.318,15.332,2506529,0
2017-08-09,15.313,15.411,15.273,15.411,2554409,0
2017-08-10,15.421,15.431,15.105,15.135,5023874,0
2017-08-11,15.224,15.352,15.204,15.303,3458922,0
2017-08-14,15.352,15.411,15.283,15.283,1956253,0
2017-08-15,15.283,15.332,15.243,15.303,2245418,0
2017-08-16,15.283,15.718,15.224,15.461,7794973,0
2017-08-17,15.826,15.95,15.698,15.737,9202241,0
2017-08-18,14.908,14.908,14.315,14.611,34003393,0
2017-08-21,13.88,14.498,13.712,14.384,31076234,0
2017-08-22,14.167,14.206,13.91,14.088,15467890,0
2017-08-23,14.364,14.68,14.285,14.641,16777387,0
2017-08-24,14.74,14.858,14.542,14.809,7676832,0
2017-08-25,14.868,14.992,14.868,14.967,8754134,0
2017-08-28,15.184,15.263,15.076,15.125,10120262,0
2017-08-29,15.006,15.125,14.977,15.085,7154118,0
2017-08-30,15.006,15.046,14.829,14.868,6846946,0
2017-08-31,14.819,14.868,14.75,14.819,8903648,0
2017-09-01,14.868,14.898,14.626,14.661,5397152,0
2017-09-05,14.582,14.591,14.394,14.473,6346879,0
2017-09-06,14.443,14.507,14.384,14.443,6353080,0
2017-09-07,14.443,14.527,14.399,14.404,4049109,0
2017-09-08,14.374,14.384,14.275,14.354,9072351,0
2017-09-11,14.354,14.493,14.295,14.394,7097458,0
2017-09-12,14.364,14.424,14.31,14.364,4550216,0
2017-09-13,14.344,14.364,14.265,14.354,2991602,0
2017-09-14,14.354,14.443,14.246,14.374,3645894,0
2017-09-15,14.532,14.562,14.443,14.473,5121957,0
2017-09-18,14.631,14.641,14.562,14.621,3997843,0
2017-09-19,14.68,14.68,14.552,14.621,2145074,0
2017-09-20,14.582,14.75,14.552,14.661,6049886,0
2017-09-21,14.572,14.591,14.404,14.463,7957145,0
2017-09-22,14.384,14.424,14.275,14.414,5281416,0
2017-09-25,14.344,14.394,14.107,14.137,5741552,0
2017-09-26,14.265,14.285,14.137,14.167,4460223,0
2017-09-27,14.137,14.186,14.068,14.127,3844551,0
2017-09-28,14.117,14.137,14.038,14.097,4246449,0
2017-09-29,14.117,14.493,14.117,14.414,6090993,0
2017-10-02,14.414,14.532,14.335,14.503,5181610,0
2017-10-03,14.384,14.443,14.211,14.374,8000797,0
2017-10-04,14.344,14.409,14.304,14.335,5506185,0
2017-10-05,14.374,14.414,14.285,14.344,2520840,0
2017-10-06,14.433,14.488,14.384,14.453,2255192,0
2017-10-09,14.493,14.532,14.443,14.512,1901574,0
2017-10-10,14.621,14.666,14.572,14.582,3577091,0
2017-10-11,14.562,14.601,14.349,14.404,5111286,0
2017-10-12,14.473,14.473,14.394,14.433,3151814,0
2017-10-13,14.532,14.582,14.483,14.532,2936995,0
2017-10-16,14.641,14.67,14.394,14.443,5963271,0
2017-10-17,14.443,14.463,14.226,14.285,7649554,0
2017-10-18,14.325,14.424,14.206,14.404,3950117,0
2017-10-19,14.374,14.562,14.315,14.522,2730374,0
2017-10-20,14.493,14.567,14.384,14.384,6056929,0
2017-10-23,14.522,14.789,14.433,14.651,9660962,0
2017-10-24,14.078,14.384,13.979,14.344,11908458,0
2017-10-25,14.503,14.858,14.483,14.829,8383536,0
2017-10-26,14.858,14.908,14.783,14.829,6750702,0
2017-10-27,14.789,14.898,14.69,14.819,7556087,0
2017-10-30,14.651,14.829,14.611,14.71,6141131,0
2017-10-31,14.71,14.95,14.71,14.85,6995174,0
2017-11-01,14.895,14.94,14.59,14.65,4856597,0
2017-11-02,14.69,14.73,14.57,14.59,3165825,0
2017-11-03,14.68,14.72,14.605,14.63,2347300,0
2017-11-06,14.67,14.88,14.66,14.82,2628031,0
2017-11-07,15.01,15.09,14.82,14.85,4677605,0
2017-11-08,14.88,14.97,14.87,14.92,2999752,0
2017-11-09,14.85,14.99,14.85,14.98,4605656,0
2017-11-10,14.99,15.03,14.95,15.01,3842967,0
