2016-01-04,11.959,12.059,11.86,12.059,3289758,0
2016-01-05,11.95,11.987,11.814,11.905,2877107,0
2016-01-06,11.641,11.723,11.616,11.661,2003665,0
2016-01-07,11.461,11.646,11.439,11.479,4070618,0
2016-01-08,11.579,11.591,11.261,11.289,3614893,0
2016-01-11,11.397,11.434,11.253,11.362,2914861,0
2016-01-12,11.424,11.488,11.315,11.469,3337756,0
2016-01-13,11.534,11.569,11.144,11.188,3488262,0
2016-01-14,11.188,11.352,11.071,11.307,3384021,0
2016-01-15,10.854,10.971,10.782,10.844,4113740,0
2016-01-19,10.799,10.818,10.6,10.655,3751039,0
2016-01-20,10.42,10.463,10.184,10.391,4516941,0
2016-01-21,10.283,10.428,10.166,10.355,5505316,0
2016-01-22,10.737,10.782,10.645,10.746,3451862,0
2016-01-25,10.463,10.513,10.374,10.391,2529413,0
2016-01-26,10.446,10.573,10.42,10.564,2046828,0
2016-01-27,10.446,10.583,10.383,10.41,3825896,0
2016-01-28,10.301,10.324,10.11,10.247,5472438,0
2016-01-29,10.391,10.518,10.329,10.501,4319724,0
2016-02-01,10.42,10.463,10.329,10.42,3255438,0
2016-02-02,10.029,10.029,9.811,9.848,6083817,0
2016-02-03,9.821,9.875,9.577,9.857,9762728,0
2016-02-04,10.753,10.868,10.641,10.762,6332601,0
2016-02-05,10.753,10.782,10.564,10.6,6428764,0
2016-02-08,10.147,10.147,9.952,10.065,4210357,0
2016-02-09,9.549,9.749,9.549,9.676,7336684,0
2016-02-10,10.003,10.17,9.921,9.93,4156845,0
2016-02-11,9.657,9.776,9.505,9.585,4906332,0
2016-02-12,9.739,10.011,9.639,10.011,3809526,0
2016-02-16,10.374,10.391,10.229,10.347,5405523,0
2016-02-17,10.583,10.664,10.56,10.6,4187153,0
2016-02-18,10.6,10.6,10.383,10.436,3712732,0
2016-02-19,10.247,10.391,10.202,10.383,3305567,0
2016-02-22,10.483,10.6,10.483,10.583,2306060,0
2016-02-23,10.518,10.528,10.31,10.319,2725688,0
2016-02-24,10.11,10.287,10.038,10.265,3215639,0
2016-02-25,10.364,10.463,10.296,10.456,2348058,0
2016-02-26,10.717,10.727,10.59,10.636,3283322,0
2016-02-29,10.69,10.737,10.59,10.618,2714824,0
2016-03-01,10.827,11.071,10.782,11.063,3275377,0
2016-03-02,11.162,11.325,11.116,11.307,3648195,0
2016-03-03,11.216,11.371,11.18,11.362,2747563,0
2016-03-04,11.388,11.434,11.302,11.352,2331524,0
2016-03-07,11.036,11.208,11.026,11.152,2544740,0
2016-03-08,11.234,11.243,11.063,11.071,2550029,0
2016-03-09,11.216,11.216,11.053,11.08,1939327,0
2016-03-10,11.606,11.697,11.18,11.334,7872292,0
2016-03-11,11.833,11.959,11.718,11.959,4194830,0
2016-03-14,11.85,11.877,11.751,11.814,3073506,0
2016-03-15,11.56,11.678,11.534,11.668,3210797,0
2016-03-16,11.362,11.606,11.362,11.579,4378001,0
2016-03-17,11.407,11.569,11.347,11.506,6056042,0
2016-03-18,11.616,11.688,11.479,11.543,3862603,0
2016-03-21,11.534,11.588,11.465,11.506,2190663,0
2016-03-22,11.28,11.452,11.253,11.424,2027060,0
2016-03-23,11.307,11.325,11.098,11.116,3068961,0
2016-03-24,10.962,11.063,10.908,11.036,3760152,0
2016-03-28,11.098,11.126,11.036,11.071,1360176,0
2016-03-29,10.971,11.162,10.908,11.144,2249397,0
2016-03-30,11.18,11.234,11.088,11.108,2311789,0
2016-03-31,10.989,11.036,10.799,10.809,5722017,0
2016-04-01,10.645,10.79,10.618,10.782,3608531,0
2016-04-04,10.862,10.895,10.753,10.772,2723986,0
2016-04-05,10.446,10.509,10.391,10.436,2329710,0
2016-04-06,10.501,10.587,10.456,10.573,2423805,0
2016-04-07,10.383,10.428,10.229,10.256,3264434,0
2016-04-08,10.501,10.536,10.42,10.446,2079394,0
2016-04-11,10.844,10.899,10.672,10.681,2689935,0
2016-04-12,10.681,10.804,10.528,10.762,3981319,0
2016-04-13,11.08,11.208,11.053,11.198,4820910,0
2016-04-14,11.352,11.352,11.189,11.216,3501950,0
2016-04-15,11.334,11.357,11.241,11.28,3019379,0
2016-04-18,11.27,11.411,11.257,11.371,2672648,0
2016-04-19,11.479,11.534,11.407,11.488,3055564,0
2016-04-20,11.497,11.56,11.445,11.488,4448229,0
2016-04-21,11.833,11.833,11.607,11.651,3347134,0
2016-04-22,11.641,11.733,11.625,11.688,2233654,0
2016-04-25,11.515,11.524,11.407,11.488,2647297,0
2016-04-26,11.655,11.664,11.57,11.635,4356365,0
2016-04-27,11.608,11.748,11.598,11.72,3740725,0
2016-04-28,11.758,11.871,11.664,11.693,3012566,0
2016-04-29,11.655,11.673,11.458,11.533,3156791,0
2016-05-02,11.514,11.645,11.439,11.627,2141367,0
2016-05-03,11.307,11.316,11.194,11.231,2883088,0
2016-05-04,11.072,11.166,10.997,11.025,2955556,0
2016-05-05,10.856,10.921,10.799,10.828,3355745,0
2016-05-06,10.856,11.044,10.828,11.025,3254670,0
2016-05-09,10.95,11.035,10.894,10.94,3044680,0
2016-05-10,11.223,11.298,11.124,11.223,2391753,0
2016-05-11,11.185,11.289,11.148,11.166,2668996,0
2016-05-12,11.231,11.294,11.044,11.128,2946613,0
2016-05-13,11.053,11.128,10.95,10.969,2631923,0
2016-05-16,10.875,10.96,10.875,10.912,2593714,0
2016-05-17,10.744,10.836,10.714,10.744,5009891,0
2016-05-18,10.706,11.025,10.677,10.969,5777362,0
2016-05-19,10.94,10.988,10.828,10.903,3987450,0
2016-05-20,10.988,11.072,10.988,11.053,5260100,0
2016-05-23,11.015,11.11,10.988,11.081,6197918,0
2016-05-24,11.326,11.458,11.316,11.439,3021636,0
2016-05-25,11.72,11.829,11.693,11.805,3814607,0
2016-05-26,11.927,11.947,11.824,11.88,3322408,0
2016-05-27,11.947,11.994,11.852,11.889,3051183,0
2016-05-31,11.899,11.919,11.627,11.693,3649775,0
2016-06-01,11.504,11.645,11.429,11.635,3143300,0
2016-06-02,11.618,11.673,11.57,11.645,2876006,0
2016-06-03,11.618,11.645,11.476,11.608,3073002,0
2016-06-06,11.543,11.65,11.533,11.58,2732050,0
2016-06-07,11.693,11.749,11.673,11.702,2227530,0
2016-06-08,11.598,11.673,11.57,11.627,2415658,0
2016-06-09,11.476,11.509,11.419,11.448,3025968,0
2016-06-10,11.006,11.025,10.819,10.836,4596834,0
2016-06-13,10.584,10.712,10.517,10.527,4119041,0
2016-06-14,10.48,10.555,10.301,10.377,5818947,0
2016-06-15,10.385,10.405,10.264,10.264,4697797,0
2016-06-16,10.131,10.367,10.029,10.349,4078854,0
2016-06-17,10.536,10.696,10.475,10.668,4172787,0
2016-06-20,11.128,11.147,10.95,10.96,3868674,0
2016-06-21,11.138,11.204,11.025,11.148,3553633,0
2016-06-22,11.279,11.335,11.175,11.185,4268300,0
2016-06-23,11.655,11.805,11.523,11.795,5665056,0
2016-06-24,9.718,9.982,9.558,9.568,12253204,0
2016-06-27,8.9291,9.0136,8.6987,8.9667,7889576,0
2016-06-28,9.2768,9.3335,9.0982,9.2393,7032983,0
2016-06-29,9.4359,9.4833,9.3335,9.3994,4961430,0
2016-06-30,9.521,9.709,9.4458,9.709,6955184,0
2016-07-01,9.606,9.653,9.541,9.558,2981363,0
2016-07-05,9.2489,9.2624,9.07,9.0982,4029930,0
2016-07-06,8.8821,9.0136,8.741,9.0136,6971118,0
2016-07-07,8.9996,9.0794,8.9102,8.9572,3645801,0
2016-07-08,9.531,9.531,9.3806,9.4735,4892458,0
2016-07-11,9.7,9.718,9.643,9.681,2768498,0
2016-07-12,10.038,10.086,9.982,10.01,4156888,0
2016-07-13,10.01,10.057,9.935,9.982,3238869,0
2016-07-14,10.207,10.27,10.179,10.236,3084332,0
2016-07-15,10.282,10.282,10.123,10.189,2712803,0
2016-07-18,10.094,10.232,10.038,10.161,3200432,0
2016-07-19,10.066,10.151,10.047,10.113,2342872,0
2016-07-20,10.264,10.315,10.212,10.273,2134142,0
2016-07-21,10.423,10.508,10.32,10.357,3467738,0
2016-07-22,10.565,10.565,10.385,10.432,2919758,0
2016-07-25,10.292,10.339,10.207,10.264,2442944,0
2016-07-26,10.216,10.264,10.151,10.236,2661708,0
2016-07-27,10.32,10.356,10.207,10.292,2832712,0
2016-07-28,10.198,10.226,10.136,10.207,2225666,0
2016-07-29,10.47,10.536,10.395,10.536,4262552,0
2016-08-01,10.349,10.395,10.226,10.264,4074712,0
2016-08-02,9.963,9.972,9.86,9.925,3591365,0
2016-08-03,10.714,10.799,10.649,10.744,5662013,0
2016-08-04,10.79,10.875,10.734,10.761,4020500,0
2016-08-05,10.903,10.95,10.884,10.921,1963615,0
2016-08-08,11.09,11.105,11.015,11.072,2309648,0
2016-08-09,11.156,11.246,11.148,11.204,2615318,0
2016-08-10,11.241,11.251,11.185,11.185,1881906,0
2016-08-11,11.318,11.367,11.28,11.337,1991386,0
2016-08-12,11.376,11.386,11.29,11.308,1705720,0
2016-08-15,11.376,11.405,11.337,11.337,1343526,0
2016-08-16,11.29,11.367,11.251,11.318,2798153,0
2016-08-17,11.337,11.434,11.27,11.414,1811944,0
2016-08-18,11.481,11.53,11.434,11.501,2027381,0
2016-08-19,11.328,11.414,11.261,11.414,1941218,0
2016-08-22,11.376,11.463,11.328,11.453,1386662,0
2016-08-23,11.617,11.732,11.607,11.655,2004834,0
2016-08-24,11.771,11.799,11.674,11.684,1894127,0
2016-08-25,11.732,11.761,11.674,11.741,2138413,0
2016-08-26,11.761,11.885,11.592,11.674,4676055,0
2016-08-29,11.588,11.679,11.568,11.664,1827212,0
2016-08-30,11.847,11.867,11.789,11.847,2048948,0
2016-08-31,12.068,12.136,11.957,12.068,4974205,0
2016-09-01,12.251,12.261,12.029,12.193,3089863,0
2016-09-02,12.232,12.328,12.155,12.299,2725688,0
2016-09-06,12.299,12.309,12.165,12.232,1886553,0
2016-09-07,12.261,12.299,12.155,12.193,2163601,0
2016-09-08,12.193,12.376,12.136,12.299,1899590,0
2016-09-09,12.232,12.251,12.068,12.068,2289106,0
2016-09-12,11.847,12.155,11.818,12.126,2505266,0
2016-09-13,11.934,11.962,11.771,11.818,3066731,0
2016-09-14,11.679,11.799,11.664,11.703,3025669,0
2016-09-15,11.674,11.838,11.635,11.818,2283639,0
2016-09-16,11.568,11.597,11.453,11.491,2502126,0
2016-09-19,11.645,11.655,11.491,11.53,2082933,0
2016-09-20,11.578,11.588,11.463,11.463,2418778,0
2016-09-21,11.867,11.953,11.799,11.934,2972880,0
2016-09-22,12.174,12.193,11.944,11.982,1761915,0
2016-09-23,11.915,11.962,11.857,11.857,3636238,0
2016-09-26,11.712,11.751,11.657,11.674,2730398,0
2016-09-27,11.52,11.722,11.501,11.712,2353775,0
2016-09-28,11.847,11.876,11.679,11.828,2052985,0
2016-09-29,11.78,11.833,11.308,11.414,5223587,0
2016-09-30,11.558,11.911,11.53,11.867,4176268,0
2016-10-03,11.732,11.751,11.629,11.703,1841653,0
2016-10-04,11.722,11.845,11.694,11.751,3224735,0
2016-10-05,11.885,12.029,11.847,12.011,3689279,0
2016-10-06,12.203,12.222,12.078,12.136,3000668,0
2016-10-07,12.107,12.107,11.944,12.078,2863642,0
2016-10-10,12.059,12.098,11.991,12.001,1723592,0
2016-10-11,12.107,12.116,11.838,11.924,2034814,0
2016-10-12,12.021,12.078,11.934,11.944,1978383,0
2016-10-13,11.712,11.847,11.617,11.78,3028855,0
2016-10-14,12.021,12.078,11.857,11.885,2318268,0
2016-10-17,11.962,11.982,11.876,11.905,1810873,0
2016-10-18,12.136,12.203,12.098,12.165,2248814,0
2016-10-19,12.165,12.289,12.165,12.261,2562005,0
2016-10-20,12.328,12.472,12.309,12.453,4835462,0
2016-10-21,12.232,12.356,12.212,12.347,1824433,0
2016-10-24,12.569,12.587,12.463,12.51,1706465,0
2016-10-25,12.443,12.502,12.415,12.453,2002460,0
2016-10-26,12.395,12.539,12.386,12.492,3658700,0
2016-10-27,12.597,12.665,12.569,12.607,2774305,0
2016-10-28,12.587,12.688,12.53,12.626,3875223,0
2016-10-31,12.616,12.636,12.539,12.607,2990925,0
2016-11-01,12.674,12.684,12.381,12.482,3156772,0
2016-11-02,12.289,12.366,12.227,12.338,3262033,0
2016-11-03,12.665,12.742,12.549,12.569,3618545,0
2016-11-04,12.559,12.77,12.53,12.616,4636272,0
2016-11-07,12.914,13.001,12.905,12.973,2128709,0
2016-11-08,12.924,13.097,12.867,13.059,2938385,0
2016-11-09,13.385,13.65,13.367,13.598,6678795,0
2016-11-10,13.684,13.799,13.444,13.761,8456949,0
2016-11-11,13.395,13.444,13.308,13.415,4782420,0
2016-11-14,13.434,13.559,13.41,13.511,3716354,0
2016-11-15,13.53,13.598,13.424,13.598,3134413,0
2016-11-16,13.29,13.352,13.112,13.146,3708329,0
2016-11-17,13.164,13.223,13.083,13.174,2743279,0
2016-11-18,13.117,13.117,12.953,13.001,2970688,0
2016-11-21,13.059,13.107,13.011,13.097,1650646,0
2016-11-22,13.251,13.285,13.184,13.27,1870127,0
2016-11-23,12.905,13.068,12.867,12.982,2259386,0
2016-11-25,12.905,12.991,12.896,12.991,1006622,0
2016-11-28,12.799,12.837,12.655,12.665,2140647,0
2016-11-29,12.896,12.924,12.795,12.867,2146616,0
2016-11-30,13.011,13.136,13.001,13.05,2068127,0
2016-12-01,13.164,13.241,13.097,13.194,2489261,0
2016-12-02,12.857,12.982,12.809,12.857,3198345,0
2016-12-05,13.136,13.385,13.136,13.385,2882881,0
2016-12-06,13.722,14.021,13.66,14.001,9843898,0
2016-12-07,13.838,14.116,13.789,14.078,12795275,0
2016-12-08,13.953,14.078,13.934,14.03,6509133,0
2016-12-09,13.751,13.895,13.742,13.895,4128309,0
2016-12-12,13.944,13.978,13.886,13.953,2666547,0
2016-12-13,13.876,13.962,13.876,13.925,2458508,0
2016-12-14,13.781,13.848,13.622,13.655,3906020,0
2016-12-15,13.712,13.761,13.665,13.674,3379888,0
2016-12-16,13.684,13.771,13.568,13.598,3429435,0
2016-12-19,13.559,13.583,13.472,13.491,1782696,0
2016-12-20,13.588,13.674,13.578,13.655,1604799,0
2016-12-21,13.645,13.771,13.631,13.742,3392687,0
2016-12-22,13.789,13.823,13.699,13.704,2387813,0
2016-12-23,13.665,13.751,13.645,13.732,1128033,0
2016-12-27,13.655,13.674,13.617,13.655,884676,0
2016-12-28,13.501,13.559,13.453,13.463,3045521,0
2016-12-29,13.415,13.449,13.367,13.405,1742858,0
2016-12-30,13.491,13.591,13.463,13.559,1822070,0
2017-01-03,13.771,13.876,13.751,13.866,2875707,0
2017-01-04,14.069,14.088,13.934,14.049,2863788,0
2017-01-05,14.126,14.203,14.049,14.136,2431562,0
2017-01-06,14.088,14.145,14.069,14.069,1766968,0
2017-01-09,13.866,13.953,13.818,13.838,2584757,0
2017-01-10,13.925,13.972,13.809,13.857,5017766,0
2017-01-11,13.722,13.934,13.712,13.934,3116297,0
2017-01-12,13.972,14.001,13.799,13.925,3264567,0
2017-01-13,14.069,14.136,14.001,14.059,3387103,0
2017-01-17,13.982,14.001,13.794,13.809,5969132,0
2017-01-18,13.655,13.704,13.593,13.694,2204462,0
2017-01-19,13.674,13.679,13.54,13.645,1850615,0
2017-01-20,13.674,13.751,13.665,13.751,1949136,0
2017-01-23,13.694,13.722,13.598,13.704,1609041,0
2017-01-24,13.722,13.799,13.712,13.742,2099727,0
2017-01-25,14.098,14.213,14.073,14.203,3832966,0
2017-01-26,14.155,14.188,14.039,14.107,2047363,0
2017-01-27,14.078,14.098,14.001,14.069,1411565,0
2017-01-30,13.799,13.809,13.645,13.789,3055633,0
2017-01-31,13.905,13.925,13.751,13.828,2543941,0
2017-02-01,13.972,14.001,13.886,13.915,2448790,0
2017-02-02,14.242,14.242,14.098,14.165,4426768,0
2017-02-03,14.376,14.443,14.319,14.376,2963052,0
2017-02-06,14.116,14.184,14.049,14.136,3965662,0
2017-02-07,14.098,14.136,14.039,14.107,3603686,0
2017-02-08,13.751,13.761,13.568,13.722,4722425,0
2017-02-09,13.934,14.03,13.915,14.011,2301618,0
2017-02-10,13.722,13.799,13.665,13.751,4713519,0
2017-02-13,13.857,13.953,13.828,13.905,2760826,0
2017-02-14,13.818,13.987,13.809,13.962,2970459,0
2017-02-15,13.972,14.069,13.958,14.039,2767879,0
2017-02-16,14.116,14.136,14.011,14.069,1953255,0
2017-02-17,13.751,13.828,13.704,13.818,2479885,0
2017-02-21,13.732,13.751,13.617,13.674,3253501,0
2017-02-22,13.395,13.617,13.338,13.607,4742553,0
2017-02-23,13.549,13.563,13.415,13.491,2050156,0
2017-02-24,13.136,13.308,13.126,13.308,2707195,0
2017-02-27,13.241,13.305,13.208,13.3,2991408,0
2017-02-28,13.117,13.347,13.107,13.3,2976347,0
2017-03-01,13.617,13.789,13.607,13.722,4621044,0
2017-03-02,13.694,13.751,13.578,13.588,3352994,0
2017-03-03,14.126,14.222,14.069,14.193,4225162,0
2017-03-06,14.088,14.098,13.982,14.039,3022214,0
2017-03-07,13.953,14.088,13.925,14.03,1886540,0
2017-03-08,14.347,14.367,14.184,14.203,3735657,0
2017-03-09,14.569,14.636,14.482,14.569,4335375,0
2017-03-10,14.867,15.029,14.838,14.963,5518329,0
2017-03-13,14.991,15.011,14.857,14.876,2332174,0
2017-03-14,14.656,14.674,14.549,14.656,2824585,0
2017-03-15,14.693,14.78,14.664,14.723,3677615,0
2017-03-16,15.05,15.059,14.872,14.991,3373087,0
2017-03-17,15.021,15.03,14.8,14.857,2448651,0
2017-03-20,14.8,14.863,14.732,14.732,2477542,0
2017-03-21,15.184,15.194,14.819,14.876,5049149,0
2017-03-22,14.29,14.453,14.261,14.319,5903293,0
2017-03-23,14.376,14.502,14.347,14.405,3456411,0
2017-03-24,14.347,14.386,14.261,14.347,3281533,0
2017-03-27,14.28,14.442,14.242,14.415,2690484,0
2017-03-28,14.434,14.597,14.434,14.559,2543718,0
2017-03-29,14.309,14.453,14.27,14.434,4539314,0
2017-03-30,14.386,14.549,14.347,14.502,2951858,0
2017-03-31,14.502,14.597,14.487,14.51,2321406,0
2017-04-03,14.443,14.453,14.261,14.434,2612529,0
2017-04-04,14.309,14.366,14.222,14.357,2475367,0
2017-04-05,14.502,14.52,14.29,14.319,7108759,0
2017-04-06,14.386,14.458,14.328,14.434,3746857,0
2017-04-07,14.424,14.453,14.347,14.376,2635794,0
2017-04-10,14.366,14.424,14.299,14.338,2659245,0
2017-04-11,14.309,14.383,14.203,14.376,2757100,0
2017-04-12,14.193,14.264,14.136,14.222,7547579,0
2017-04-13,14.049,14.15,14.011,14.039,2850615,0
2017-04-17,14.088,14.27,14.069,14.27,1320596,0
2017-04-18,14.175,14.213,13.992,14.116,3570445,0
2017-04-19,14.597,14.646,14.482,14.579,34921915,0
2017-04-20,14.674,14.732,14.626,14.703,8172924,0
2017-04-21,14.674,14.751,14.597,14.636,3609886,0
2017-04-24,15.675,15.781,15.617,15.751,4783547,0
2017-04-25,15.838,15.876,15.722,15.819,4030472,0
2017-04-26,15.684,15.771,15.645,15.684,4872703,0
2017-04-27,15.684,15.684,15.573,15.636,3047551,0
2017-04-28,15.722,15.771,15.645,15.655,5563409,0
2017-05-01,15.751,15.93,15.684,15.925,3422147,0
2017-05-02,15.838,15.953,15.819,15.953,5694507,0
2017-05-03,16.002,16.069,15.953,16.03,3627523,0
2017-05-04,16.252,16.357,16.203,16.329,5095040,0
2017-05-05,16.55,16.684,16.492,16.684,3831660,0
2017-05-08,16.444,16.492,16.415,16.463,3026492,0
2017-05-09,16.385,16.454,16.237,16.286,4172397,0
2017-05-10,16.503,16.563,16.405,16.563,3035567,0
2017-05-11,16.385,16.523,16.286,16.474,3238050,0
2017-05-12,16.474,16.582,16.454,16.553,2154644,0
2017-05-15,16.652,16.721,16.612,16.701,1360655,0
2017-05-16,16.849,16.899,16.721,16.899,2077931,0
2017-05-17,16.533,16.622,16.345,16.395,4218521,0
2017-05-18,16.217,16.538,16.182,16.454,4418221,0
2017-05-19,16.642,16.76,16.622,16.691,3113091,0
2017-05-22,16.78,16.829,16.691,16.8,3648037,0
2017-05-23,16.908,16.928,16.805,16.869,3947594,0
2017-05-24,16.741,16.82,16.691,16.81,3640028,0
2017-05-25,16.859,16.928,16.76,16.918,10016483,0
2017-05-26,16.731,16.81,16.721,16.79,8807488,0
2017-05-30,16.612,16.622,16.464,16.484,9849691,0
2017-05-31,16.671,16.706,16.528,16.671,9417015,0
2017-06-01,16.553,16.671,16.474,16.671,10889876,0
2017-06-02,16.691,16.741,16.602,16.691,5770160,0
2017-06-05,16.573,16.721,16.563,16.632,3788370,0
2017-06-06,16.484,16.518,16.395,16.444,3495211,0
2017-06-07,16.859,16.918,16.701,16.849,8364246,0
2017-06-08,16.839,17.027,16.81,16.968,7074378,0
2017-06-09,17.155,17.279,17.106,17.224,5480819,0
2017-06-12,17.017,17.061,16.839,16.928,5861238,0
2017-06-13,16.968,17.002,16.88,16.948,4541106,0
2017-06-14,16.918,16.918,16.721,16.879,5448423,0
2017-06-15,16.434,16.671,16.415,16.632,5238461,0
2017-06-16,16.652,16.81,16.632,16.77,2361237,0
2017-06-19,16.987,17.027,16.879,16.958,3907487,0
2017-06-20,16.77,16.785,16.543,16.553,4553942,0
2017-06-21,16.553,16.647,16.499,16.573,3187579,0
2017-06-22,16.454,16.523,16.405,16.444,3200298,0
2017-06-23,16.533,16.548,16.444,16.484,4482032,0
2017-06-26,16.77,16.8,16.612,16.652,3582997,0
2017-06-27,16.938,16.987,16.829,16.928,4675535,0
2017-06-28,16.987,17.224,16.968,17.205,3836386,0
2017-06-29,17.382,17.402,17.057,17.185,6716815,0
2017-06-30,17.22,17.234,17.027,17.175,4899754,0
2017-07-03,17.333,17.442,17.299,17.343,3297820,0
2017-07-05,17.363,17.412,17.239,17.382,3699728,0
2017-07-06,17.461,17.703,17.447,17.57,3505590,0
2017-07-07,17.57,17.669,17.516,17.61,2321930,0
2017-07-10,17.59,17.708,17.544,17.679,3042671,0
2017-07-11,17.649,17.728,17.57,17.718,2408429,0
2017-07-12,17.708,17.738,17.6,17.718,3365205,0
2017-07-13,17.748,17.837,17.703,17.827,2975833,0
2017-07-14,17.728,17.945,17.669,17.906,2990705,0
2017-07-17,17.778,17.837,17.738,17.787,3744811,0
2017-07-18,17.61,17.728,17.59,17.708,6389726,0
2017-07-19,17.6,17.669,17.531,17.61,4755030,0
2017-07-20,17.797,17.901,17.763,17.827,2965138,0
2017-07-21,17.827,17.866,17.728,17.847,2148367,0
2017-07-24,17.857,17.965,17.802,17.965,2775036,0
2017-07-25,18.192,18.212,18.034,18.074,2080253,0
2017-07-26,18.123,18.286,18.064,18.202,3484388,0
2017-07-27,18.34,18.4,18.242,18.311,4898276,0
2017-07-28,18.281,18.479,18.222,18.429,3572239,0
2017-07-31,18.4,18.518,18.321,18.499,2770802,0
2017-08-01,18.607,18.706,18.538,18.637,6445036,0
2017-08-02,18.39,18.537,18.252,18.518,8908788,0
2017-08-03,18.39,18.439,18.331,18.41,2360732,0
2017-08-04,18.548,18.597,18.449,18.587,1878009,0
2017-08-07,18.627,18.661,18.587,18.627,1439159,0
2017-08-08,18.637,18.676,18.508,18.518,2377412,0
2017-08-09,18.242,18.39,18.202,18.38,2490451,0
2017-08-10,18.09,18.12,17.89,17.94,5403952,0
2017-08-11,17.95,17.99,17.82,17.92,3373481,0
2017-08-14,18.09,18.12,18.03,18.04,3344156,0
2017-08-15,18.14,18.16,18.035,18.13,2843089,0
2017-08-16,18.14,18.205,18.1,18.16,3179365,0
2017-08-17,17.95,17.985,17.77,17.78,4884465,0
2017-08-18,17.76,18.01,17.715,17.93,2780825,0
2017-08-21,17.84,17.875,17.765,17.81,2279642,0
2017-08-22,17.85,17.915,17.85,17.89,1532774,0
2017-08-23,17.81,17.845,17.73,17.76,2146401,0
2017-08-24,17.83,17.835,17.74,17.77,1835243,0
2017-08-25,17.79,17.9,17.78,17.86,2036364,0
2017-08-28,17.93,17.93,17.84,17.85,1354286,0
2017-08-29,17.78,17.81,17.69,17.75,2078831,0
2017-08-30,17.64,17.7,17.61,17.64,2839729,0
2017-08-31,17.72,17.84,17.69,17.78,3555679,0
2017-09-01,17.76,17.86,17.69,17.84,3944647,0
2017-09-05,17.57,17.585,17.32,17.4,5420859,0
2017-09-06,17.53,17.58,17.46,17.55,3281837,0
2017-09-07,17.72,17.73,17.54,17.61,2887979,0
2017-09-08,17.73,17.78,17.68,17.71,3022716,0
2017-09-11,17.8,17.92,17.79,17.86,3577139,0
2017-09-12,18.12,18.19,18.11,18.15,2473598,0
2017-09-13,18.3,18.34,18.155,18.16,2405738,0
2017-09-14,18.21,18.235,18.165,18.2,2194960,0
2017-09-15,18.12,18.15,18.035,18.12,2411592,0
2017-09-18,18.2,18.24,18.12,18.13,2045373,0
2017-09-19,18.16,18.21,18.11,18.18,2035280,0
2017-09-20,18.18,18.291,18.105,18.19,3330889,0
2017-09-21,18.38,18.43,18.335,18.39,1839121,0
2017-09-22,18.38,18.4147,18.34,18.4,1435552,0
2017-09-25,18.17,18.2,17.96,18,2792525,0
2017-09-26,18.1,18.1,17.935,18.03,2113264,0
2017-09-27,18.36,18.38,18.25,18.29,2502594,0
2017-09-28,18.34,18.34,18.255,18.3,1832671,0
2017-09-29,18.29,18.45,18.28,18.42,3017435,0
2017-10-02,18.4,18.44,18.34,18.42,2399777,0
2017-10-03,18.42,18.49,18.41,18.47,1383485,0
2017-10-04,18.32,18.37,18.28,18.31,1626856,0
2017-10-05,18.3,18.42,18.28,18.38,2027151,0
2017-10-06,18.43,18.5,18.41,18.47,2349889,0
2017-10-09,18.5,18.53,18.45,18.47,1366740,0
2017-10-10,18.52,18.71,18.52,18.71,2284363,0
2017-10-11,18.6,18.68,18.57,18.67,1640381,0
2017-10-12,18.61,18.61,18.5,18.52,1349451,0
2017-10-13,18.49,18.565,18.44,18.47,2063507,0
2017-10-16,18.37,18.395,18.3,18.37,1460835,0
2017-10-17,18.36,18.4,18.32,18.37,2873336,0
2017-10-18,18.47,18.57,18.46,18.55,1088611,0
2017-10-19,18.5,18.73,18.48,18.72,1981040,0
2017-10-20,18.69,18.71,18.64,18.69,1838585,0
2017-10-23,18.58,18.59,18.5,18.51,1785721,0
2017-10-24,18.68,18.83,18.66,18.81,2628971,0
2017-10-25,18.98,19.01,18.755,18.82,3472638,0
2017-10-26,18.8,18.82,18.64,18.66,2837309,0
2017-10-27,18.46,18.515,18.39,18.45,2259780,0
2017-10-30,18.45,18.57,18.42,18.55,2028352,0
2017-10-31,18.54,18.57,18.5,18.52,1911474,0
2017-11-01,18.59,18.64,18.51,18.52,2170929,0
2017-11-02,18.3,18.545,18.25,18.5,3171490,0
2017-11-03,18.33,18.33,18.18,18.28,1627810,0
2017-11-06,18.24,18.31,18.21,18.28,1313548,0
2017-11-07,18.3,18.33,18.1122,18.15,2650270,0
2017-11-08,18.28,18.32,18.23,18.29,1823992,0
2017-11-09,18.18,18.21,18.03,18.17,1931697,0
2017-11-10,18.24,18.29,18.19,18.21,1347907,0
