2016-01-04,96.211,96.211,96.211,96.211,100,0
2016-01-05,95.768,98.633,95.768,97.72,1594,0
2016-01-06,92.864,92.864,88.389,90.84,1571,0
2016-01-07,88.864,89.037,86.889,88.371,4341,0
2016-01-08,88.863,91.808,86.889,88.025,7652,0
2016-01-11,88.862,88.862,86.396,86.889,6495,0
2016-01-12,86.889,87.877,86.889,87.877,2143,0
2016-01-13,85.913,87.837,85.655,86.013,6912,0
2016-01-14,87.383,87.867,84.914,85.774,1835,0
2016-01-15,84.816,84.876,80.186,82.426,1781,0
2016-01-19,82.426,83.869,77.362,83.869,2227,0
2016-01-20,82.83,83.799,81.462,83.385,1735,0
2016-01-21,83.769,83.769,83.769,83.769,100,0
2016-01-22,83.928,85.655,83.779,85.003,6179,0
2016-01-25,85.003,85.003,76.622,81.953,7837,0
2016-01-26,81.955,83.701,75.386,77.548,18528,0
2016-01-27,77.025,82.735,77.025,82.288,3705,0
2016-01-28,84.699,87.284,82.288,83.918,4926,0
2016-01-29,84.471,87.867,80.62,85.409,10902,0
2016-02-01,85.695,88.652,82.939,88.321,685,0
2016-02-02,86.052,88.863,85.409,87.423,2543,0
2016-02-03,86.556,86.556,84.934,84.934,407,0
2016-02-04,85.38,86.83,85.38,86.83,407,0
2016-02-05,86.386,88.854,85.803,85.803,6301,0
2016-02-08,86.12,87.877,85.705,87.877,2633,0
2016-02-09,85.903,85.903,85.903,85.903,217,0
2016-02-10,86.556,88.559,86.556,88.559,408,0
2016-02-11,86.889,88.125,86.889,88.125,1115,0
2016-02-16,88.105,88.105,84.914,84.914,227,0
2016-02-17,84.914,88.263,81.458,88.263,2402,0
2016-02-18,85.625,86.625,85.625,86.625,200,0
2016-02-19,84.954,86.336,84.914,86.336,1715,0
2016-02-22,84.934,88.273,84.914,86.606,2887,0
2016-02-23,87.551,87.551,87.551,87.551,252,0
2016-02-24,86.889,88.747,86.889,88.747,1106,0
2016-02-25,88.863,88.863,86.889,86.889,2142,0
2016-02-29,86.889,86.889,85.271,85.271,988,0
2016-03-01,87.985,87.985,87.985,87.985,100,0
2016-03-04,86.396,87.877,85.903,87.877,3076,0
2016-03-08,84.914,87.483,84.914,85.35,929,0
2016-03-09,86.346,86.406,86.346,86.406,200,0
2016-03-10,87.373,87.373,86.396,86.396,559,0
2016-03-11,88.038,88.038,86.93,86.93,200,0
2016-03-14,87.84,87.94,87.84,87.94,667,0
2016-03-15,88.948,89.027,88.493,88.493,794,0
2016-03-16,89.027,91.282,88.048,88.048,1990,0
2016-03-17,88.533,89.523,88.533,88.918,671,0
2016-03-18,92.985,92.985,88.543,88.543,1445,0
2016-03-21,90.017,92.035,89.67,89.67,841,0
2016-03-22,91.955,91.955,88.038,88.038,1983,0
2016-03-23,88.977,92.105,88.977,89.246,1252,0
2016-03-28,89.196,89.196,86.276,86.276,1798,0
2016-03-29,90.532,92.163,90.017,90.497,606,0
2016-03-30,91.006,91.312,91.006,91.312,255,0
2016-03-31,93.39,93.39,90.087,90.087,866,0
2016-04-01,91.075,91.075,91.075,91.075,157,0
2016-04-04,91.006,91.006,89.334,89.334,207,0
2016-04-05,91.006,91.006,89.285,89.344,506,0
2016-04-06,89.523,93.974,89.523,93.974,1574,0
2016-04-07,93.974,100.57,93.974,96.942,3349,0
2016-04-08,96.534,97.427,96.534,96.99,506,0
2016-04-11,96.942,96.942,96.903,96.903,456,0
2016-04-12,96.952,96.99,92.985,94.84,5784,0
2016-04-13,94.606,96.13,93.974,93.974,978,0
2016-04-14,92.985,95.011,92.985,94.962,810,0
2016-04-15,94.962,94.962,93.24,93.28,413,0
2016-04-18,94.962,94.962,92.985,93.024,717,0
2016-04-19,94.27,94.835,94.27,94.835,819,0
2016-04-20,94.962,94.962,94.894,94.894,384,0
2016-04-21,94.666,94.666,93.894,93.894,643,0
2016-04-22,93.974,94.835,93.974,94.835,501,0
2016-04-25,94.962,94.962,93.137,94.775,2325,0
2016-04-26,94.962,94.962,94.467,94.962,811,0
2016-04-27,94.122,94.943,93.974,93.974,906,0
2016-04-28,85.723,92.578,85.723,90.738,506,0
2016-04-29,94.201,94.201,94.082,94.082,304,0
2016-05-02,99.74,105.65,97.651,97.651,463,0
2016-05-03,97.407,97.407,87.662,94.962,3441,0
2016-05-04,93.731,94.962,92.015,94.845,4182,0
2016-05-05,94.467,94.962,93.974,94.496,1540,0
2016-05-06,94.467,94.962,91.995,94.467,1708,0
2016-05-09,93.964,95.957,89.709,94.467,7458,0
2016-05-10,92.985,94.805,91.253,91.985,1485,0
2016-05-11,91.995,94.032,91.995,94.032,306,0
2016-05-12,93.964,95.606,93.964,95.606,1248,0
2016-05-13,95.447,96.933,90.818,93.23,3710,0
2016-05-16,94.962,95.011,94.962,95.011,506,0
2016-05-17,92.854,92.854,92.854,92.854,190,0
2016-05-18,94.962,94.962,94.458,94.616,304,0
2016-05-19,94.132,94.181,86.731,90.017,5561,0
2016-05-20,89.977,92.193,89.413,91.075,1876,0
2016-05-23,91.491,97.137,91.491,93.726,1462,0
2016-05-24,93.854,95.23,92.985,94.765,1415,0
2016-05-25,95.457,95.457,92.985,94.32,2015,0
2016-05-27,93.23,93.23,91.678,93.073,1633,0
2016-05-31,92.489,92.489,92.489,92.489,496,0
2016-06-01,92.648,92.648,91.016,91.016,930,0
2016-06-02,91.551,91.551,91.551,91.551,273,0
2016-06-03,91.006,91.104,91.006,91.006,306,0
2016-06-06,91.154,93.37,90.619,90.828,1588,0
2016-06-07,90.828,92.242,89.294,90.174,654,0
2016-06-08,90.027,91.551,90.027,91.511,1113,0
2016-06-09,91.501,91.501,91.501,91.501,200,0
2016-06-10,91.451,93.3,91.451,92.717,606,0
2016-06-13,91.864,93.836,90.379,91.519,1228,0
2016-06-14,89.417,93.886,89.417,91.586,1418,0
2016-06-15,91.586,92.896,90.429,90.775,1327,0
2016-06-16,92.152,92.152,84.404,84.404,2033,0
2016-06-17,84.552,88.386,81.382,86.89,6018,0
2016-06-20,85.94,87.872,84.344,85.81,3780,0
2016-06-21,86.039,89.18,85.81,87.772,1949,0
2016-06-22,86.515,91.161,86.515,89.774,4978,0
2016-06-23,89.774,93.143,89.774,91.161,9059,0
2016-06-24,89.467,91.716,86.405,89.2,74767,0
2016-06-27,85.399,91.003,85.399,90.279,2264,0
2016-06-28,89.884,93.143,89.884,92.4,2057,0
2016-06-29,94.134,94.879,90.339,92.43,7482,0
2016-06-30,92.916,94.829,92.916,94.629,2825,0
2016-07-01,91.954,92.558,87.892,90.379,9572,0
2016-07-05,89.844,93.886,89.704,92.202,4990,0
2016-07-06,93.044,94.619,89.704,94.619,6006,0
2016-07-07,94.094,94.094,89.17,92.103,5127,0
2016-07-08,93.153,95.324,93.153,95.284,3129,0
2016-07-11,96.096,99.192,93.827,96.076,4621,0
2016-07-12,97.66,97.66,94.357,94.976,11933,0
2016-07-13,95.204,97.75,92.172,96.016,6578,0
2016-07-14,97.265,98.098,94.426,96.116,4027,0
2016-07-15,96.166,98.394,95.224,98.098,10813,0
2016-07-18,97.9,100,96.611,98.296,12848,0
2016-07-19,97.105,98.325,96.7,97.105,7269,0
2016-07-20,97.603,97.998,96.82,97.057,8768,0
2016-07-21,96.88,98.068,96.472,97.583,1770,0
2016-07-22,98.613,99.311,95.134,98.433,4399,0
2016-07-25,97.215,98.643,96.92,97.265,820,0
2016-07-26,97.205,101.57,97.205,99.242,3347,0
2016-07-27,98.723,99.481,97.553,99.242,2130,0
2016-07-28,98.792,99.025,98.296,99.025,1626,0
2016-07-29,99.59,99.59,99.59,99.59,437,0
2016-08-01,97.229,99.491,96.314,98.833,1171,0
2016-08-02,96.81,99.59,96.116,97.613,5226,0
2016-08-03,97.8,98.593,97.8,98.593,1640,0
2016-08-04,97.69,97.85,95.621,96.87,1223,0
2016-08-05,98.197,99.261,93.321,95.798,12508,0
2016-08-08,94.779,97.583,94.779,96.343,2239,0
2016-08-09,96.611,96.611,95.124,95.234,8233,0
2016-08-10,95.481,96.611,94.829,96.265,1584,0
2016-08-11,95.818,95.818,94.392,95.244,4285,0
2016-08-12,94.888,96.462,94.888,96.016,2448,0
2016-08-15,95.719,96.91,95.719,96.91,1652,0
2016-08-16,96.551,96.611,94.134,95.144,5974,0
2016-08-17,95.353,96.983,95.353,95.491,807,0
2016-08-18,96.096,96.106,95.868,95.868,799,0
2016-08-19,96.106,100.3,96.106,98.463,8057,0
2016-08-22,96.81,99.035,96.116,97.085,5821,0
2016-08-23,99.142,99.142,97.175,98.394,2264,0
2016-08-24,98.394,98.473,97.115,97.205,1952,0
2016-08-25,97.275,98.752,97.105,98.148,6955,0
2016-08-26,97.603,101.02,97.603,97.8,2985,0
2016-08-29,98.068,98.068,96.91,97.67,1588,0
2016-08-30,99.79,99.79,99.79,99.79,100,0
2016-08-31,98.715,99.481,98.715,99.015,1407,0
2016-09-01,100.28,101.97,99.391,101.86,1220,0
2016-09-02,101.48,101.48,97.424,99.092,8459,0
2016-09-06,98.996,99.68,96.153,97.69,1032,0
2016-09-07,97.114,100.09,96.937,100.09,4158,0
2016-09-08,99.85,99.85,98.395,98.395,916,0
2016-09-09,98.445,100.08,98.445,98.595,3260,0
2016-09-12,96.708,99.89,96.708,99.8,3989,0
2016-09-13,99.72,99.72,98.455,98.455,535,0
2016-09-14,98.268,98.675,98.019,98.675,632,0
2016-09-15,98.932,99.67,98.079,99.67,1424,0
2016-09-16,99.63,99.63,99.271,99.281,5441,0
2016-09-19,101.01,101.01,100.27,100.27,717,0
2016-09-20,98.966,99.87,98.966,99.87,572,0
2016-09-21,100.61,100.61,100.48,100.48,200,0
2016-09-22,99.341,99.341,99.341,99.341,351,0
2016-09-23,98.287,98.346,97.81,97.81,482,0
2016-09-26,97.513,98.495,97.513,98.495,507,0
2016-09-27,100.28,100.29,97.74,99.182,1089,0
2016-09-28,98.744,98.774,97.81,98.317,1498,0
2016-09-29,98.774,98.774,97.264,97.264,1109,0
2016-09-30,98.317,98.794,98.317,98.794,724,0
2016-10-03,98.605,100.19,98.595,98.595,699,0
2016-10-04,98.843,98.843,97.344,97.67,1407,0
2016-10-05,98.465,98.465,98.465,98.465,161,0
2016-10-06,97.094,98.418,97.094,97.76,379,0
2016-10-07,98.009,98.009,98.009,98.009,199,0
2016-10-10,97.7,98.169,97.7,98.169,305,0
2016-10-11,97.114,97.114,97.114,97.114,464,0
2016-10-12,97.304,98.198,97.304,98.198,259,0
2016-10-13,97.999,99.85,97.92,97.92,475,0
2016-10-14,98.525,98.525,98.525,98.525,196,0
2016-10-17,98.356,98.356,98.356,98.356,175,0
2016-10-18,97.204,97.304,95.617,95.617,782,0
2016-10-19,95.774,95.774,93.193,93.193,1049,0
2016-10-20,94.454,95.119,93.115,94.464,3969,0
2016-10-21,93.582,96.063,93.285,95.348,2370,0
2016-10-24,95.159,95.497,94.723,95.497,935,0
2016-10-25,95.139,96.574,94.823,95.159,2214,0
2016-10-26,95.774,96.331,95.617,96.331,2690,0
2016-10-27,96.043,96.043,94.434,94.743,526,0
2016-10-28,94.473,96.475,93.615,94.892,4257,0
2016-10-31,94.374,96.262,93.769,95.319,3214,0
2016-11-01,93.232,93.232,93.232,93.232,660,0
2016-11-02,94.583,104.26,94.583,101.34,13485,0
2016-11-03,102.76,102.76,100.09,102.76,1741,0
2016-11-04,103.66,106.25,100.28,100.28,1763,0
2016-11-07,101.52,102.76,101.52,102.76,1278,0
2016-11-08,102.12,103.26,102.12,102.85,2873,0
2016-11-09,102,104.07,100.45,103.25,4202,0
2016-11-10,99.291,106.73,99.291,104.38,5852,0
2016-11-11,105.86,112.42,105.25,110.68,4882,0
2016-11-14,111.1,120.73,111.01,119.04,5226,0
2016-11-15,118.13,121.14,118.13,120.92,2834,0
2016-11-16,124.89,124.89,117.52,120.19,2791,0
2016-11-17,121.25,129.44,117.17,129.1,2435,0
2016-11-18,128.59,128.59,124.3,127.89,811,0
2016-11-21,127.09,130.07,127.09,130.07,594,0
2016-11-22,130.73,130.73,130.73,130.73,109,0
2016-11-23,129.74,130.07,127.51,129.08,2395,0
2016-11-28,129.04,129.14,127.11,128.89,3447,0
2016-11-29,124.03,124.5,124.03,124.5,348,0
2016-11-30,124.92,124.92,124.92,124.92,810,0
2016-12-01,124.78,125.24,124.78,124.95,1109,0
2016-12-02,123.47,129.25,123.47,129.25,3574,0
2016-12-05,127.54,138.1,127.54,138.1,11229,0
2016-12-06,131.06,149.17,131.06,149.16,3172,0
2016-12-07,147.64,159.1,147.64,153.04,2380,0
2016-12-08,151.16,158.12,147.17,155.73,3743,0
2016-12-09,147.97,155.63,135.49,154.54,4640,0
2016-12-12,149.4,159.07,147.48,155.05,5556,0
2016-12-13,155.33,158.9,152.09,158.9,5087,0
2016-12-14,158.05,158.12,148.28,148.41,2599,0
2016-12-15,154.1,166.83,154.1,164.06,4050,0
2016-12-16,164.02,167.33,160.7,167.11,13744,0
2016-12-19,168.65,169.74,163.21,167.66,8104,0
2016-12-20,166,167.39,159.46,162.77,3520,0
2016-12-21,162.59,167.47,162.59,165.03,7438,0
2016-12-22,163.28,167.07,163.28,166.77,2707,0
2016-12-23,167.12,171.05,167.12,170.95,7086,0
2016-12-27,171.05,173.13,171.05,171.06,1240,0
2016-12-28,169.79,169.79,165.24,165.54,6219,0
2016-12-29,163.23,165.42,158.12,162.27,6661,0
2016-12-30,160.89,163.03,156.72,157.3,4047,0
2017-01-03,155.83,162.43,155.83,158.09,5533,0
2017-01-04,156.13,156.13,147.67,147.67,6231,0
2017-01-05,147.17,147.17,131.88,134.28,12174,0
2017-01-06,130.27,139.26,130.27,136.64,7792,0
2017-01-09,136.32,143.14,136.32,138.86,8482,0
2017-01-10,138.02,142.6,138.02,139.56,3530,0
2017-01-11,138.38,152.24,138.38,142.81,5064,0
2017-01-12,141.4,141.4,136.75,138.72,2446,0
2017-01-13,138.12,138.12,135.73,137.64,1511,0
2017-01-17,136.54,136.54,131.58,131.58,1710,0
2017-01-18,132.22,132.22,128.83,129.65,6046,0
2017-01-19,129,129.08,126.84,129.08,2773,0
2017-01-20,128.8,131.27,127.99,129.23,5639,0
2017-01-23,129.23,129.34,127.44,129.05,1522,0
2017-01-24,127.79,128.32,127.21,127.21,1111,0
2017-01-25,127.79,129.27,126.94,126.94,2422,0
2017-01-26,128.49,128.49,122.08,128.42,1736,0
2017-01-27,126.29,128.19,125.39,125.39,3348,0
2017-01-30,124.43,125.39,121.32,123.61,3524,0
2017-01-31,123.57,123.57,120.84,120.84,2303,0
2017-02-01,120.33,120.33,119.31,119.82,1982,0
2017-02-02,119.66,119.66,117.45,117.74,1301,0
2017-02-03,129.88,129.88,123.88,126.69,3371,0
2017-02-06,127.39,132.84,124.44,126.79,3980,0
2017-02-07,126.86,133.86,126.86,127.51,3269,0
2017-02-08,133.62,133.62,125.64,125.64,2255,0
2017-02-09,127.8,129.06,126.34,129.06,3015,0
2017-02-10,128.73,131.76,127.59,131.42,1735,0
2017-02-13,132.22,133.52,130.82,133.52,2510,0
2017-02-14,132.95,133.79,132.26,132.77,2645,0
2017-02-15,133.19,133.39,132.21,132.75,2342,0
2017-02-16,133.22,133.22,132.18,133.1,2963,0
2017-02-17,133.91,134.11,132.51,134.11,3806,0
2017-02-21,133.85,134.24,132.86,133.58,2620,0
2017-02-22,134.24,136.23,133.49,136,4532,0
2017-02-23,135.24,136.21,133.73,134.45,7666,0
2017-02-24,135.24,135.6,133.99,134.65,2224,0
2017-02-27,135.24,138.72,134.99,138.72,4211,0
2017-02-28,137.09,138.61,136.44,136.44,4174,0
2017-03-01,139.24,140.22,137.89,139.84,2606,0
2017-03-02,140.51,143.93,137.84,140.02,4781,0
2017-03-03,140.35,141.18,136.45,137.94,7702,0
2017-03-06,137.99,138.42,135.47,137.88,3731,0
2017-03-07,138.13,138.5,137.11,137.11,1698,0
2017-03-08,136.66,137.42,134.26,135.72,5151,0
2017-03-09,136.64,136.64,134.94,135.15,2025,0
2017-03-10,135.28,135.28,135.15,135.15,1691,0
2017-03-13,132.45,132.55,132.44,132.46,2330,0
2017-03-14,133.15,133.15,129.91,130.46,2660,0
2017-03-15,130.86,131.21,128.16,128.43,2519,0
2017-03-16,129.36,130.42,126.92,128.27,6493,0
2017-03-17,126.79,130.24,125.95,127.9,5828,0
2017-03-20,127.53,130.34,127.53,129.51,5415,0
2017-03-21,129.28,129.82,127.18,127.18,3049,0
2017-03-22,126.89,126.89,126.89,126.89,1969,0
2017-03-23,127.34,133.65,125.48,133.04,11494,0
2017-03-24,133.1,155.16,133.1,145.42,18889,0
2017-03-27,147.36,155.18,147.36,153.37,7076,0
2017-03-28,154.21,159.34,154.21,156.95,6815,0
2017-03-29,157.24,158.74,157.24,157.85,5431,0
2017-03-30,158.72,158.72,156.59,156.88,3901,0
2017-03-31,158.35,158.35,157.5,157.5,3106,0
2017-04-03,159.11,159.11,154.66,154.66,3970,0
2017-04-04,155.98,155.98,154.96,154.96,1570,0
2017-04-05,154.96,155.56,153.97,154.26,3196,0
2017-04-06,155.25,155.25,153.86,153.86,2079,0
2017-04-07,155.43,157.35,153.08,157.35,6078,0
2017-04-10,158.5,159.34,157.35,158.94,2422,0
2017-04-11,158.9,158.9,158.9,158.9,775,0
2017-04-12,158.43,158.43,158.43,158.43,134,0
2017-04-13,158.15,158.4,157.35,157.5,1752,0
2017-04-17,158.05,159.33,158.05,159.33,902,0
2017-04-18,159.34,159.34,158.45,159.27,1772,0
2017-04-19,159.34,159.38,158.35,158.58,2965,0
2017-04-20,159.34,160.44,159.24,160.34,3519,0
2017-04-21,161.14,166.64,161.14,161.76,4314,0
2017-04-24,165.99,167.31,165.56,167.31,1652,0
2017-04-25,167.31,171.89,167.31,171.89,1045,0
2017-04-26,170.45,176.85,170.45,176.75,2913,0
2017-04-27,177.27,177.28,173.27,173.27,3595,0
2017-04-28,176.37,179.23,176.37,177.49,2812,0
2017-05-01,177.88,177.88,176.32,177.33,2196,0
2017-05-02,184.03,184.03,178.27,178.27,1927,0
2017-05-03,178.32,180.25,175.75,175.96,3024,0
2017-05-04,176.79,177.69,174.81,174.81,1889,0
2017-05-05,176.65,179.07,176.02,177.29,3284,0
2017-05-08,179.06,179.3,176.35,176.97,1818,0
2017-05-09,179.22,194.7,179.13,191.69,11714,0
2017-05-10,188.73,193.9,188.73,192.28,4419,0
2017-05-11,191.76,192.44,189.21,189.21,2053,0
2017-05-12,188.46,188.46,184.41,188.23,1395,0
2017-05-15,189.12,191.35,189.12,190.59,2179,0
2017-05-16,190.59,191.92,189.02,191.92,719,0
2017-05-17,189.98,189.98,189.98,189.98,697,0
2017-05-18,198.92,198.92,189.17,189.17,3174,0
2017-05-19,187.98,191.08,186.33,188.06,4784,0
2017-05-22,188.11,189.23,187.68,189.09,4325,0
2017-05-23,189.03,189.03,186.2,186.2,2343,0
2017-05-24,186.24,186.55,186.02,186.12,1877,0
2017-05-25,185.97,186.48,185.97,186.48,546,0
2017-05-26,186.58,187.58,184.56,184.56,1000,0
2017-05-30,186.33,186.33,185.04,185.04,774,0
2017-05-31,187.22,187.22,184.68,185.64,2609,0
2017-06-01,187.03,190.78,186.23,186.93,4839,0
2017-06-02,187.36,188.91,185.73,187.91,4758,0
2017-06-05,187.83,191.32,187.83,189.43,4091,0
2017-06-06,189.45,190.41,186.73,187.46,4471,0
2017-06-07,187.9,189.14,187.9,187.9,1041,0
2017-06-08,188.01,188.01,186.11,186.96,4370,0
2017-06-09,189.07,189.72,184.93,188.67,3347,0
2017-06-12,191.1,194.2,187.53,192.51,4822,0
2017-06-13,198.74,198.74,197.1,197.1,2204,0
2017-06-14,197,199.14,196.45,198.62,8395,0
2017-06-15,198.23,198.26,197.05,197.79,6104,0
2017-06-16,192.08,198.03,191.31,193.45,13210,0
2017-06-19,194.43,197.55,194.25,195.8,2358,0
2017-06-20,195.8,195.8,194.55,195.8,1943,0
2017-06-21,194.13,199.04,193.86,193.86,2054,0
2017-06-22,196.35,196.35,193.63,194.75,3822,0
2017-06-23,194.55,197.35,191.08,194.33,46375,0
2017-06-26,194.72,196.67,192.74,193.19,3439,0
2017-06-27,192.29,192.56,190.38,192.55,2366,0
2017-06-28,195.55,195.55,195.46,195.46,1630,0
2017-06-29,192.64,194.04,192.55,192.65,1830,0
2017-06-30,195.89,195.89,191.28,193,1519,0
2017-07-03,193.64,193.64,192.76,192.76,1530,0
2017-07-05,192.43,196.34,191.06,192.67,1625,0
2017-07-06,189.78,191.31,186.83,186.83,2314,0
2017-07-07,187.65,189.56,187.65,189.56,2125,0
2017-07-10,189.72,189.72,186.92,186.92,2107,0
2017-07-11,189.51,189.51,185.48,185.77,2503,0
2017-07-12,186.5,186.68,185.58,185.58,6451,0
2017-07-13,188.77,188.77,186.54,188.47,1188,0
2017-07-14,185.1,187.35,185.1,187.35,582,0
2017-07-17,187.37,188.32,184.68,184.68,4025,0
2017-07-18,184.23,184.23,179.81,179.84,4276,0
2017-07-19,180.55,180.55,172.05,176.74,3603,0
2017-07-20,168.86,174.07,168.86,173.54,3081,0
2017-07-21,175.37,175.37,171.45,172.67,3306,0
2017-07-24,174.6,174.6,170.01,170.01,5905,0
2017-07-25,170.28,175.1,170.28,172.53,9034,0
2017-07-26,173.61,178.28,173.6,176.8,3967,0
2017-07-27,175.68,176.8,173.85,176.59,2379,0
2017-07-28,178.64,178.64,175.11,175.84,3243,0
2017-07-31,179.12,179.12,176.11,176.11,4934,0
2017-08-01,176.6,177.59,170.81,175.4,2912,0
2017-08-02,178.59,178.59,173.4,173.4,2424,0
2017-08-03,176.18,176.18,172.7,174.55,2815,0
2017-08-04,173.3,175.6,172.92,175.6,2653,0
2017-08-07,179.69,179.69,175.52,177.39,3475,0
2017-08-08,177.77,179.59,177.77,178.09,1741,0
2017-08-09,179.22,179.47,175.94,178.45,2699,0
2017-08-10,177.07,177.96,177.07,177.96,1376,0
2017-08-11,177.95,179.78,177.95,179.78,3527,0
2017-08-14,179.74,183.48,179.74,183.48,4207,0
2017-08-15,183.86,186.55,182.58,183.57,4287,0
2017-08-16,184.53,186.26,182.63,182.68,6187,0
2017-08-17,182.88,182.88,179.31,180.62,1636,0
2017-08-18,180.17,180.17,175.63,177.35,2943,0
2017-08-21,177.15,178.69,177.15,177.6,1522,0
2017-08-22,178.24,179.58,178.24,179.58,766,0
2017-08-23,179.35,183.43,175.89,178.89,2693,0
2017-08-24,178.59,178.59,173.2,173.2,2697,0
2017-08-25,174.54,174.54,172.51,172.51,960,0
2017-08-28,173.68,173.78,170.25,173.04,1315,0
2017-08-29,173.73,173.73,173.73,173.73,112,0
2017-08-30,173.07,173.07,173.07,173.07,228,0
2017-08-31,176.09,177.5,175,175.87,2350,0
2017-09-01,175.36,175.61,174.02,174.99,1694,0
2017-09-05,172.55,174.04,172.55,174.04,2525,0
2017-09-06,174.12,174.12,174.12,174.12,821,0
2017-09-07,172.3,174.3,172,172,1620,0
2017-09-08,176.61,176.61,170.09,172.85,1891,0
2017-09-11,173.07,177.66,173,177.66,2097,0
2017-09-12,176.26,176.26,176.26,176.26,117,0
2017-09-13,177.5,177.5,176,177,2792,0
2017-09-14,175.441,177.44,175.441,177.44,941,0
2017-09-15,177.68,177.68,176,176.87,6464,0
2017-09-18,174.06,179.05,174.06,179.05,2059,0
2017-09-19,175.21,175.735,175.21,175.735,1321,0
2017-09-20,178,178.92,178,178.92,1343,0
2017-09-21,179.25,182.21,175.46,177,3150,0
2017-09-22,174.87,177.03,174.87,175.25,1624,0
2017-09-25,173.74,174.5,171.2,174.5,1308,0
2017-09-26,178.175,178.175,175.8,175.8,1582,0
2017-09-27,178.99,186.97,178.97,184.98,3046,0
2017-09-28,176.2,178.9,175.325,178.76,15194,0
2017-09-29,179.96,180.49,177.21,179.07,3389,0
2017-10-02,178.5,184.799,178.5,182.35,4585,0
2017-10-03,184.97,184.97,181.68,182.65,3156,0
2017-10-04,183.82,184.29,183.8,184.29,1129,0
2017-10-05,185,189,184,189,4018,0
2017-10-06,187.81,190.5,187.81,190.5,3361,0
2017-10-09,193,193,193,193,662,0
2017-10-10,193.61,195.86,192.3,195.86,5220,0
2017-10-11,195.29,198.8,195.29,197.19,2247,0
2017-10-12,198,198,190.94,192.45,4021,0
2017-10-13,191.19,193.04,189,191.8,2999,0
2017-10-16,200.175,200.175,190.2,191.01,1969,0
2017-10-17,187.5,187.5,187.5,187.5,1136,0
2017-10-18,192.5,192.5,190,190.64,1222,0
2017-10-20,190.75,190.75,187.74,187.78,979,0
2017-10-24,180.9,184.7,180.9,184.7,618,0
2017-10-25,181.88,183.9,181.88,183.85,918,0
2017-10-26,186.1,186.1,183.01,185,1686,0
2017-10-27,188,194.15,188,190.4,1818,0
2017-10-30,186.03,188.06,186.03,188.06,1072,0
2017-10-31,186.475,191.5,186.475,189.7,2526,0
2017-11-01,189.27,189.27,189.27,189.27,526,0
2017-11-02,189.46,190,189.46,190,979,0
2017-11-03,187.33,187.52,186.67,187.52,1762,0
2017-11-06,186.01,190.4,186,186.788,2049,0
2017-11-07,187.95,187.95,186.24,186.24,1461,0
2017-11-08,186.36,187.99,186.36,187.99,1182,0
2017-11-09,187.99,187.99,187.98,187.98,797,0
2017-11-10,186.33,186.95,186.33,186.95,633,0
