2016-01-04,17.209,17.304,16.684,17.109,41557,0
2016-01-05,16.818,16.923,16.675,16.923,32583,0
2016-01-06,16.647,16.905,16.567,16.842,3067,0
2016-01-07,16.63,16.63,16.301,16.424,11700,0
2016-01-08,16.496,16.496,16.115,16.158,7202,0
2016-01-11,16.14,16.14,15.714,15.84,14259,0
2016-01-12,15.448,15.557,15.448,15.491,14951,0
2016-01-13,15.201,15.334,14.881,14.881,20895,0
2016-01-14,15.058,15.325,14.951,15.315,7245,0
2016-01-15,14.947,15.273,14.933,15.273,49126,0
2016-01-19,15.325,15.439,15.273,15.439,35705,0
2016-01-20,15.273,15.35,15.041,15.263,6831,0
2016-01-21,14.933,15.307,14.89,15.298,16020,0
2016-01-22,15.245,15.298,15.093,15.298,5655,0
2016-01-25,15.174,15.448,15.13,15.245,42412,0
2016-01-26,15.183,15.492,15.174,15.448,8529,0
2016-01-27,15.387,15.538,15.35,15.484,16520,0
2016-01-28,15.52,15.76,15.52,15.75,10764,0
2016-01-29,15.76,16.177,15.76,16.133,10357,0
2016-02-01,16.071,16.63,16.071,16.452,6084,0
2016-02-02,16.195,16.363,16.017,16.025,3617,0
2016-02-03,15.84,16.158,15.727,16.158,3835,0
2016-02-04,15.777,15.777,15.547,15.75,6154,0
2016-02-05,15.662,15.662,15.484,15.492,11285,0
2016-02-08,15.147,15.298,15.067,15.273,8916,0
2016-02-09,14.978,15.191,14.978,15.174,4823,0
2016-02-10,15.164,15.213,15.058,15.174,6848,0
2016-02-11,14.96,14.96,14.49,14.827,14541,0
2016-02-12,14.677,14.925,14.659,14.757,1347,0
2016-02-16,15.795,16.071,15.538,15.973,10093,0
2016-02-17,16.025,16.025,15.955,15.955,7446,0
2016-02-18,16.115,16.337,16.087,16.115,7155,0
2016-02-19,16.275,16.301,16.258,16.258,7362,0
2016-02-22,16.248,16.248,16.08,16.097,4821,0
2016-02-23,16.505,16.638,16.355,16.505,3085,0
2016-02-24,15.183,15.458,14.96,15.431,217608,0
2016-02-25,15.626,16.14,15.626,15.786,23774,0
2016-02-26,15.733,15.804,15.599,15.617,7065,0
2016-02-29,15.174,15.226,15.014,15.06,170790,0
2016-03-01,15.191,15.368,15.183,15.288,34192,0
2016-03-02,15.276,15.315,15.111,15.245,44496,0
2016-03-03,15.226,15.359,15.183,15.334,102764,0
2016-03-04,15.273,15.538,15.263,15.334,22315,0
2016-03-07,15.368,15.572,15.334,15.529,28728,0
2016-03-08,15.502,15.609,15.359,15.359,40068,0
2016-03-09,15.368,15.52,15.359,15.492,16649,0
2016-03-10,15.414,15.492,15.272,15.307,52260,0
2016-03-11,15.325,15.405,15.231,15.273,45141,0
2016-03-14,16.097,16.363,15.955,16.22,335253,0
2016-03-15,16.087,16.258,15.937,16.017,25412,0
2016-03-16,15.982,16.328,15.875,16.248,52461,0
2016-03-17,16.328,16.452,16.158,16.23,11410,0
2016-03-18,16.39,16.551,16.204,16.39,33606,0
2016-03-21,17.322,17.332,17.159,17.332,5164,0
2016-03-22,17.199,17.377,17.199,17.302,17308,0
2016-03-23,17.322,17.397,17.092,17.092,8636,0
2016-03-24,17.046,17.216,17.031,17.216,5422,0
2016-03-28,17.209,17.606,17.209,17.5,26272,0
2016-03-29,17.425,17.806,17.425,17.729,47149,0
2016-03-30,17.816,18.176,17.816,18.109,41590,0
2016-03-31,18.309,18.755,18.309,18.67,7675,0
2016-04-01,18.537,19.116,18.537,19.011,44794,0
2016-04-04,18.784,18.947,18.661,18.888,23975,0
2016-04-05,18.604,19.154,18.557,18.709,33588,0
2016-04-06,18.557,18.851,18.487,18.804,30734,0
2016-04-07,18.699,18.846,18.622,18.775,27653,0
2016-04-08,18.937,18.937,18.717,18.736,6655,0
2016-04-11,18.717,18.927,18.69,18.823,35978,0
2016-04-12,18.765,19.001,18.727,18.868,22546,0
2016-04-13,18.794,19.089,18.745,19.061,31506,0
2016-04-14,19.144,19.317,19.102,19.164,18280,0
2016-04-15,19.258,19.346,19.222,19.222,7515,0
2016-04-18,19.184,19.469,19.184,19.469,14395,0
2016-04-19,19.46,19.602,19.44,19.544,4945,0
2016-04-20,19.597,19.867,19.583,19.867,12260,0
2016-04-21,19.886,20.419,19.886,20.247,26150,0
2016-04-22,20.162,20.191,20.124,20.152,3863,0
2016-04-25,20.114,20.114,19.849,20,5353,0
2016-04-26,20.058,20.227,20.039,20.227,7473,0
2016-04-27,20.152,20.191,19.991,20.076,7974,0
2016-04-28,20.068,20.162,19.744,19.744,9262,0
2016-04-29,20.019,20.019,19.564,19.763,16417,0
2016-05-02,19.82,20.114,19.82,19.83,16255,0
2016-05-03,19.867,20.172,19.782,20,15145,0
2016-05-04,19.763,20.039,19.763,19.981,26547,0
2016-05-05,19.857,20.162,19.857,19.889,40652,0
2016-05-06,20.191,20.191,19.915,20.058,9741,0
2016-05-09,19.754,20.114,19.677,19.886,30816,0
2016-05-10,19.925,20.048,19.84,19.953,17542,0
2016-05-11,20.019,20.134,19.905,19.915,5528,0
2016-05-12,19.943,20.076,19.8,19.953,23123,0
2016-05-13,19.953,20.048,19.886,19.886,26031,0
2016-05-16,19.84,19.943,19.791,19.84,7806,0
2016-05-17,19.82,19.82,19.593,19.667,5524,0
2016-05-18,19.524,19.573,19.222,19.411,29889,0
2016-05-19,19.258,19.356,19.194,19.278,2644,0
2016-05-20,19.356,19.372,19.239,19.278,8446,0
2016-05-23,19.611,19.963,19.011,19.08,24748,0
2016-05-24,19.307,19.307,18.813,19.07,26850,0
2016-05-25,19.001,19.381,18.966,19.364,23231,0
2016-05-26,19.46,19.782,19.068,19.744,38842,0
2016-05-27,19.925,20.352,19.925,20.134,37510,0
2016-05-31,19.981,20.798,19.754,20.751,42729,0
2016-06-01,20.675,20.978,20.219,20.894,59608,0
2016-06-02,20.532,21.027,20.428,20.913,26601,0
2016-06-03,21.007,21.111,20.791,21.111,23487,0
2016-06-06,21.093,21.306,20.903,21.159,68826,0
2016-06-07,21.102,21.159,20.903,20.931,58845,0
2016-06-08,20.903,21.131,20.828,21.121,330876,0
2016-06-09,20.931,21.093,20.903,20.922,11188,0
2016-06-10,20.874,21.38,20.874,21.046,4652,0
2016-06-13,20.731,21.065,20.731,20.864,25563,0
2016-06-14,20.845,20.894,20.37,20.884,57689,0
2016-06-15,20.808,21.046,20.68,20.869,6821,0
2016-06-16,20.714,20.998,20.714,20.903,28648,0
2016-06-17,20.903,21.283,20.779,21.283,37292,0
2016-06-20,21.302,21.427,21.14,21.158,7567,0
2016-06-21,21.254,21.254,20.948,21.015,30274,0
2016-06-22,20.948,21.369,20.948,21.158,19781,0
2016-06-23,21.198,21.369,21.188,21.254,14184,0
2016-06-24,20.776,21.101,20.776,21.044,13280,0
2016-06-27,20.7,20.967,20.517,20.967,61311,0
2016-06-28,21.063,21.225,20.986,21.072,80376,0
2016-06-29,21.072,21.207,21.029,21.168,33499,0
2016-06-30,21.101,21.723,21.101,21.723,25346,0
2016-07-01,21.638,22.499,19.28,22.116,11330,0
2016-07-05,22.116,22.424,22.021,22.211,12708,0
2016-07-06,22.116,22.374,21.828,22.192,10220,0
2016-07-07,22.201,22.345,21.819,22.106,7351,0
2016-07-08,22.201,22.404,21.943,22.335,11760,0
2016-07-11,22.374,22.374,22.239,22.27,6053,0
2016-07-12,22.211,22.451,22.165,22.29,15004,0
2016-07-13,22.299,22.479,21.475,22.424,8698,0
2016-07-14,22.318,23.304,22.096,23.304,44524,0
2016-07-15,23.321,23.509,22.318,23.419,9130,0
2016-07-18,23.37,23.419,22.499,22.567,18991,0
2016-07-19,22.47,22.47,21.867,22.24,19622,0
2016-07-20,22.096,22.557,22.096,22.451,5573,0
2016-07-21,22.46,22.499,22.192,22.201,5206,0
2016-07-22,22.146,22.364,22.058,22.355,10049,0
2016-07-25,22.299,22.414,22.126,22.355,20387,0
2016-07-26,22.479,22.633,22.451,22.548,6923,0
2016-07-27,22.662,22.96,22.585,22.767,9464,0
2016-07-28,22.613,22.882,22.314,22.738,12692,0
2016-07-29,22.652,22.958,22.639,22.939,9589,0
2016-08-01,22.882,23.619,22.882,23.58,19227,0
2016-08-02,23.495,23.599,23.122,23.419,16979,0
2016-08-03,23.226,23.351,22.978,23.141,32912,0
2016-08-04,23.055,23.446,23.055,23.38,3573,0
2016-08-05,23.37,23.724,23.37,23.434,5587,0
2016-08-08,23.37,23.696,23.187,23.351,10222,0
2016-08-09,23.246,23.73,23.246,23.609,4752,0
2016-08-10,23.553,23.553,23.187,23.331,9443,0
2016-08-11,24.461,24.649,22.738,22.762,151043,0
2016-08-12,22.719,23.927,22.719,23.907,10914,0
2016-08-15,24.117,24.261,23.304,23.839,16890,0
2016-08-16,23.927,23.927,23.465,23.465,5600,0
2016-08-17,23.456,23.743,23.456,23.743,6553,0
2016-08-18,23.715,23.878,23.696,23.839,10449,0
2016-08-19,23.859,23.859,23.649,23.71,8517,0
2016-08-22,23.639,23.839,23.58,23.829,3765,0
2016-08-23,23.829,24.021,23.505,24.003,28004,0
2016-08-24,23.849,24.021,23.599,23.935,6053,0
2016-08-25,23.859,24.011,23.524,23.953,8263,0
2016-08-26,23.993,24.117,23.82,23.983,3242,0
2016-08-29,24.031,24.117,23.907,24.097,3430,0
2016-08-30,24.077,24.117,23.897,24.069,4709,0
2016-08-31,23.993,24.117,23.715,23.743,33357,0
2016-09-01,23.917,24.021,23.658,23.763,9841,0
2016-09-02,23.944,23.944,23.658,23.82,10956,0
2016-09-06,23.839,24.046,23.753,23.868,93381,0
2016-09-07,23.839,23.935,23.839,23.897,7089,0
2016-09-08,23.773,24.077,23.71,24.051,125590,0
2016-09-09,23.953,24.06,23.749,24.003,6231,0
2016-09-12,23.629,23.935,23.456,23.839,37680,0
2016-09-13,23.917,24.251,23.917,24.127,30785,0
2016-09-14,24.212,24.415,24.06,24.137,32161,0
2016-09-15,24.221,24.405,24.156,24.179,34933,0
2016-09-16,24.087,24.194,24.079,24.127,4258,0
2016-09-19,24.232,24.387,24.147,24.232,75686,0
2016-09-20,24.222,24.588,24.222,24.522,17924,0
2016-09-21,24.58,25.549,24.551,25.515,163703,0
2016-09-22,25.554,25.969,25.313,25.756,30632,0
2016-09-23,25.844,25.844,25.66,25.66,9065,0
2016-09-26,25.611,26.22,25.582,26.22,23300,0
2016-09-27,26.229,26.229,25.51,25.679,13803,0
2016-09-28,25.651,25.679,24.696,25.641,8139,0
2016-09-29,25.592,25.756,25.342,25.351,7990,0
2016-09-30,25.447,25.746,25.081,25.515,10705,0
2016-10-03,25.437,26.296,24.628,25.467,7074,0
2016-10-04,25.525,25.795,25.072,25.457,9043,0
2016-10-05,25.447,25.457,24.919,25.457,6695,0
2016-10-06,25.515,25.515,25.077,25.361,13924,0
2016-10-07,25.361,25.361,25.187,25.351,2014,0
2016-10-10,25.447,25.925,25.13,25.834,28895,0
2016-10-11,25.814,25.814,25.293,25.709,8414,0
2016-10-12,25.679,25.824,25.415,25.515,4842,0
2016-10-13,25.447,25.616,25.167,25.496,7805,0
2016-10-14,25.554,25.776,25.217,25.564,14458,0
2016-10-17,25.651,25.819,25.35,25.554,12494,0
2016-10-18,25.554,25.866,25.289,25.795,55866,0
2016-10-19,25.746,25.746,25.207,25.506,3219,0
2016-10-20,25.746,26.035,25.602,25.795,77820,0
2016-10-21,25.651,25.795,25.651,25.699,5594,0
2016-10-24,25.939,26.035,25.844,25.844,59538,0
2016-10-25,25.795,25.988,25.554,25.746,21644,0
2016-10-26,25.506,25.866,25.506,25.746,18903,0
2016-10-27,25.746,25.795,25.554,25.795,10314,0
2016-10-28,25.651,26.035,25.651,25.795,10875,0
2016-10-31,25.12,26.035,25.12,25.651,34600,0
2016-11-01,25.651,25.939,25.312,25.602,29378,0
2016-11-02,25.41,25.844,25.072,25.651,31450,0
2016-11-03,25.651,25.939,25.265,25.506,18777,0
2016-11-04,25.554,25.699,24.783,24.975,19042,0
2016-11-07,24.927,25.457,24.588,25.41,31804,0
2016-11-08,25.457,25.746,25.12,25.167,33182,0
2016-11-09,25.12,25.41,25.072,25.265,53890,0
2016-11-10,25.265,25.265,24.783,25.072,34452,0
2016-11-11,25.12,25.217,24.878,25.145,12504,0
2016-11-14,25.217,25.217,24.493,24.588,19700,0
2016-11-15,24.638,25.265,23.094,23.77,123625,0
2016-11-16,23.625,24.011,23.225,23.721,36025,0
2016-11-17,23.77,23.962,23.335,23.577,22451,0
2016-11-18,23.577,23.962,23.335,23.48,23806,0
2016-11-21,23.384,24.252,23.384,23.866,35022,0
2016-11-22,23.962,24.011,23.239,23.434,26235,0
2016-11-23,23.335,23.721,23.335,23.529,8733,0
2016-11-25,23.48,23.721,23.335,23.529,3977,0
2016-11-28,23.335,23.674,23.335,23.674,13903,0
2016-11-29,23.625,23.721,23.539,23.577,10526,0
2016-11-30,23.625,24.107,23.625,24.059,33233,0
2016-12-01,24.107,24.156,23.693,24.156,17680,0
2016-12-02,24.107,24.444,24.107,24.156,8290,0
2016-12-05,24.156,25.035,23.818,24.011,12773,0
2016-12-06,24.107,24.397,24.107,24.301,5183,0
2016-12-07,24.156,24.493,24.156,24.156,6980,0
2016-12-08,24.204,24.542,24.156,24.542,10423,0
2016-12-09,24.542,24.975,24.542,24.878,12451,0
2016-12-12,24.975,25.361,24.348,25.361,14885,0
2016-12-13,25.506,25.553,24.927,25.167,198895,0
2016-12-14,25.12,25.602,24.831,25.12,18031,0
2016-12-15,24.927,25.183,24.878,24.975,10593,0
2016-12-16,25.312,25.312,25.023,25.12,8338,0
2016-12-19,25.072,25.554,25.023,25.554,12794,0
2016-12-20,25.602,25.602,25.167,25.361,2763,0
2016-12-21,25.217,25.844,25.217,25.457,34735,0
2016-12-22,25.457,25.651,24.733,24.733,18033,0
2016-12-23,24.733,25.463,24.733,25.317,11588,0
2016-12-27,25.171,25.601,25.123,25.366,10238,0
2016-12-28,25.366,25.707,25.171,25.608,7962,0
2016-12-29,25.511,25.511,25.269,25.366,55008,0
2016-12-30,25.415,25.852,25.415,25.754,15579,0
2017-01-03,25.949,26.192,25.924,26.143,36165,0
2017-01-04,26.24,27.942,26.24,27.796,138206,0
2017-01-05,28.038,28.52,26.629,26.629,158428,0
2017-01-06,26.872,27.359,26.629,26.629,32715,0
2017-01-09,26.629,27.406,26.534,26.824,36614,0
2017-01-10,27.309,27.309,26.824,27.213,107624,0
2017-01-11,27.163,27.26,26.726,26.97,55144,0
2017-01-12,27.116,27.163,26.338,26.678,36859,0
2017-01-13,26.872,26.97,26.338,26.484,26739,0
2017-01-17,26.484,26.726,26.143,26.24,136742,0
2017-01-18,26.629,26.629,25.997,26.046,23398,0
2017-01-19,26.095,26.24,25.997,26.095,18529,0
2017-01-20,26.24,26.24,26.046,26.095,17091,0
2017-01-23,26.143,26.186,25.754,25.9,35029,0
2017-01-24,25.852,26.24,25.852,26.095,15916,0
2017-01-25,26.289,26.678,25.949,26.435,23615,0
2017-01-26,26.386,26.581,26.24,26.338,12062,0
2017-01-27,26.338,26.921,26.338,26.824,10452,0
2017-01-30,26.678,26.726,26.581,26.629,11784,0
2017-01-31,26.629,26.97,26.386,26.775,15786,0
2017-02-01,26.678,27.213,26.629,26.824,47115,0
2017-02-02,26.824,27.213,26.824,27.017,7918,0
2017-02-03,27.017,27.455,27.017,27.455,9554,0
2017-02-06,27.455,28.038,27.406,27.99,25236,0
2017-02-07,28.233,28.233,27.406,27.601,120977,0
2017-02-08,27.505,27.942,27.455,27.698,28108,0
2017-02-09,27.698,27.844,27.552,27.552,14102,0
2017-02-10,27.552,27.698,27.359,27.455,20921,0
2017-02-13,27.309,27.455,27.26,27.359,17493,0
2017-02-14,27.26,27.65,27.213,27.505,45310,0
2017-02-15,27.406,27.552,27.213,27.359,30710,0
2017-02-16,27.213,27.213,26.484,26.97,37013,0
2017-02-17,26.824,27.017,26.726,26.775,7696,0
2017-02-21,26.872,27.067,26.678,26.775,10393,0
2017-02-22,26.824,26.88,26.532,26.629,34590,0
2017-02-23,26.484,26.581,26.143,26.484,25254,0
2017-02-24,26.289,27.116,26.289,27.116,9430,0
2017-02-27,27.213,27.537,26.896,27.309,87792,0
2017-02-28,27.213,27.213,27.017,27.213,72840,0
2017-03-01,27.213,28.087,27.017,27.99,84802,0
2017-03-02,28.087,28.461,27.942,28.038,15339,0
2017-03-03,27.844,28.299,27.747,27.99,22612,0
2017-03-06,28.087,28.184,27.601,27.747,23040,0
2017-03-07,27.892,27.892,27.65,27.747,24099,0
2017-03-08,27.601,27.942,27.455,27.942,36756,0
2017-03-09,27.747,27.892,27.723,27.844,9349,0
2017-03-10,27.99,28.233,27.796,27.796,12841,0
2017-03-13,27.796,28.038,27.601,27.892,16588,0
2017-03-14,27.892,27.942,27.65,27.892,19626,0
2017-03-15,28.038,28.33,27.892,28.33,46413,0
2017-03-16,28.525,28.719,28.087,28.184,59170,0
2017-03-17,28.136,28.768,28.136,28.622,21844,0
2017-03-20,28.818,29.311,28.728,29.065,60291,0
2017-03-21,29.065,29.114,28.72,28.72,28345,0
2017-03-22,28.622,28.868,28.276,28.424,16922,0
2017-03-23,28.326,29.114,28.178,28.868,32848,0
2017-03-24,28.966,29.361,28.917,29.163,44957,0
2017-03-27,29.311,29.311,28.572,28.966,19415,0
2017-03-28,28.966,29.016,28.67,28.868,18607,0
2017-03-29,28.966,29.016,28.868,28.917,76983,0
2017-03-30,29.016,29.459,28.843,29.361,120117,0
2017-03-31,29.557,30.74,29.429,30.395,63582,0
2017-04-03,31.38,31.873,30.838,31.282,58350,0
2017-04-04,31.38,31.43,30.74,30.789,24687,0
2017-04-05,31.036,31.036,28.178,29.509,177086,0
2017-04-06,29.41,30.543,29.13,30.297,31862,0
2017-04-07,30.297,30.986,30.297,30.888,28529,0
2017-04-10,31.084,31.084,29.993,30.297,46304,0
2017-04-11,30.297,30.789,30.05,30.69,38563,0
2017-04-12,30.641,31.282,29.828,29.853,25090,0
2017-04-13,29.755,29.828,29.213,29.311,20716,0
2017-04-17,29.41,29.656,29.361,29.557,8653,0
2017-04-18,29.459,29.607,29.459,29.509,28830,0
2017-04-19,29.489,30.297,29.41,30.198,17551,0
2017-04-20,30.297,30.444,29.656,30.149,38388,0
2017-04-21,30.001,30.247,29.878,30.001,16272,0
2017-04-24,30.099,30.543,29.903,30.149,19056,0
2017-04-25,30.247,30.838,30.247,30.69,18443,0
2017-04-26,30.641,30.712,30.297,30.395,15872,0
2017-04-27,30.494,30.617,30.247,30.247,15206,0
2017-04-28,30.444,30.986,30.248,30.838,26693,0
2017-05-01,30.888,30.986,30.247,30.74,104946,0
2017-05-02,30.888,30.888,30.494,30.592,7673,0
2017-05-03,30.494,30.494,29.903,30.099,17374,0
2017-05-04,30.001,30.247,29.608,29.803,85636,0
2017-05-05,29.853,30.74,29.853,30.444,17520,0
2017-05-08,30.69,31.577,30.494,31.43,174817,0
2017-05-09,31.922,32.464,31.282,32.317,112077,0
2017-05-10,32.513,32.907,32.021,32.759,45439,0
2017-05-11,33.351,36.405,32.464,33.055,55415,0
2017-05-12,33.252,34.927,32.907,33.006,34124,0
2017-05-15,33.302,33.498,32.612,33.006,24232,0
2017-05-16,33.203,33.794,32.809,33.302,55429,0
2017-05-17,34.484,34.977,31.134,31.725,64679,0
2017-05-18,31.43,31.43,30.001,30.937,96722,0
2017-05-19,31.43,31.496,30.592,30.74,18067,0
2017-05-22,30.838,30.986,30.592,30.789,38309,0
2017-05-23,30.789,30.863,30.149,30.346,31802,0
2017-05-24,30.494,30.74,30.346,30.74,22294,0
2017-05-25,30.789,31.676,30.444,31.528,53614,0
2017-05-26,31.725,32.563,31.282,31.676,19947,0
2017-05-30,32.464,33.45,31.626,31.873,27819,0
2017-05-31,32.119,32.119,31.43,31.725,22884,0
2017-06-01,31.725,32.119,31.676,32.119,39018,0
2017-06-02,32.169,33.213,31.725,31.922,25656,0
2017-06-05,31.725,31.824,31.282,31.725,32976,0
2017-06-06,31.725,31.774,31.416,31.774,51561,0
2017-06-07,32.021,32.711,31.824,32.415,48702,0
2017-06-08,32.415,32.957,32.169,32.513,39721,0
2017-06-09,32.513,32.809,32.169,32.317,39260,0
2017-06-12,32.317,32.317,31.331,31.331,26232,0
2017-06-13,31.38,31.528,31.036,31.232,14674,0
2017-06-14,31.43,32.021,31.43,31.577,23129,0
2017-06-15,31.331,31.331,30.346,30.543,46527,0
2017-06-16,30.543,31.134,30.297,30.69,33304,0
2017-06-19,30.986,32.021,30.937,31.134,37993,0
2017-06-20,31.43,31.626,30.297,30.937,40014,0
2017-06-21,30.937,31.184,30.395,30.641,24797,0
2017-06-22,30.69,30.838,30.099,30.494,20960,0
2017-06-23,30.633,30.633,30.335,30.533,15388,0
2017-06-26,30.533,30.682,29.342,29.987,53094,0
2017-06-27,29.937,30.583,29.64,30.583,37441,0
2017-06-28,30.533,31.03,30.335,30.98,25514,0
2017-06-29,30.831,30.98,30.012,30.98,23437,0
2017-06-30,30.93,31.079,30.434,31.079,27196,0
2017-07-03,30.98,31.079,30.732,30.98,24916,0
2017-07-05,30.98,31.278,30.781,31.278,20831,0
2017-07-06,30.881,31.327,30.782,31.129,14139,0
2017-07-07,31.328,31.576,30.93,31.526,21028,0
2017-07-10,31.228,31.427,30.98,31.228,15355,0
2017-07-11,31.328,31.576,31.179,31.328,23816,0
2017-07-12,31.278,31.576,31.179,31.228,53414,0
2017-07-13,31.278,31.427,31.179,31.278,25047,0
2017-07-14,31.278,31.526,31.179,31.179,20317,0
2017-07-17,31.179,31.526,30.831,30.93,28805,0
2017-07-18,30.831,31.03,30.136,30.583,72887,0
2017-07-19,30.831,31.278,30.831,31.03,47003,0
2017-07-20,31.228,31.228,30.583,30.781,308648,0
2017-07-21,30.831,30.881,30.484,30.633,45524,0
2017-07-24,30.732,30.881,30.434,30.633,13932,0
2017-07-25,30.682,30.732,30.335,30.583,12482,0
2017-07-26,30.533,30.881,30.384,30.583,14235,0
2017-07-27,30.732,30.781,30.037,30.781,20813,0
2017-07-28,30.633,30.732,30.285,30.533,11344,0
2017-07-31,30.533,30.633,30.235,30.285,18445,0
2017-08-01,30.434,30.434,30.037,30.186,42408,0
2017-08-02,30.235,30.583,30.235,30.533,27402,0
2017-08-03,30.434,30.781,30.434,30.633,18938,0
2017-08-04,30.732,30.781,30.335,30.484,12112,0
2017-08-07,30.781,30.781,29.789,30.186,42206,0
2017-08-08,29.789,30.086,29.789,29.888,18824,0
2017-08-09,28.349,29.987,28.299,29.739,26075,0
2017-08-10,29.739,30.186,29.391,29.987,75921,0
2017-08-11,30.037,30.285,29.937,30.086,8192,0
2017-08-14,30.086,30.881,28.938,30.682,38248,0
2017-08-15,30.93,30.93,30.186,30.384,19748,0
2017-08-16,30.781,31.377,30.781,31.278,105355,0
2017-08-17,30.881,31.923,30.881,31.576,29251,0
2017-08-18,31.626,33.909,31.626,32.817,44082,0
2017-08-21,32.916,32.966,32.569,32.718,69130,0
2017-08-22,33.065,33.264,32.649,32.916,39917,0
2017-08-23,32.569,33.264,32.569,33.115,52508,0
2017-08-24,33.115,33.86,32.569,33.016,49635,0
2017-08-25,33.413,33.76,33.165,33.314,44669,0
2017-08-28,33.363,33.611,32.999,33.314,42376,0
2017-08-29,33.264,33.413,33.065,33.264,35481,0
2017-08-30,33.314,33.587,32.966,33.264,30489,0
2017-08-31,33.363,33.587,33.016,33.165,33198,0
2017-09-01,33.165,33.363,33.028,33.264,19025,0
2017-09-05,33.264,33.512,32.817,32.966,19533,0
2017-09-06,32.867,33.413,32.867,33.264,18880,0
2017-09-07,33.264,33.413,31.774,33.314,37942,0
2017-09-08,33.264,33.661,33.065,33.264,18377,0
2017-09-11,33.413,33.76,33.363,33.661,93718,0
2017-09-12,33.76,33.76,33.611,33.76,225216,0
2017-09-13,33.76,34.108,33.711,33.76,234555,0
2017-09-14,33.711,33.81,33.611,33.711,38907,0
2017-09-15,33.711,34.058,33.512,33.81,62125,0
2017-09-18,34.7,35.95,34.6599,35.95,132827,0
2017-09-19,35.95,36.5,35.9,36.4,40039,0
2017-09-20,36.35,36.499,36.05,36.05,27044,0
2017-09-21,36.1,36.25,35.65,36.1,20089,0
2017-09-22,36.05,36.35,35.9,36.1,22965,0
2017-09-25,36.05,36.1046,35.5001,35.95,32413,0
2017-09-26,35.9,36.1,35.75,35.9,14885,0
2017-09-27,35.9,35.9,35.45,35.5,16490,0
2017-09-28,35.35,35.55,35.2,35.35,25174,0
2017-09-29,35.4,36.1,35.4,36.05,13931,0
2017-10-02,36.25,36.85,36.1,36.3,33344,0
2017-10-03,36.55,37,36.15,36.75,30302,0
2017-10-04,36.8,37.1,36.55,36.8,18573,0
2017-10-05,37.1,37.1,36.25,36.5,81039,0
2017-10-06,36.5,37.1,36.45,37.05,18329,0
2017-10-09,37.25,37.5,37,37.3,25192,0
2017-10-10,37.55,37.75,37.1,37.7,46148,0
2017-10-11,37.5,37.5,37,37.15,12497,0
2017-10-12,37.2,37.575,36.8,37.35,21813,0
2017-10-13,37.4,37.55,36.85,36.85,15220,0
2017-10-16,37.05,37.35,36.75,36.75,18219,0
2017-10-17,36.6,37.01,36.45,36.6,12388,0
2017-10-18,36.7,37.286,36.7,37.2,85691,0
2017-10-19,37.25,37.575,37.1,37.45,48852,0
2017-10-20,37.5,37.85,37.5,37.6,11450,0
2017-10-23,37.65,38,37.5,37.6,34262,0
2017-10-24,37.85,37.85,37.6,37.8,19127,0
2017-10-25,37.75,37.825,36.95,37.05,62650,0
2017-10-26,37,37.15,36.5,36.6,37263,0
2017-10-27,36.6,36.6,36.05,36.25,16017,0
2017-10-30,36.25,36.45,35.85,36,68884,0
2017-10-31,36,36.1,35.25,35.5,36222,0
2017-11-01,35.5,35.7,35.05,35.25,42727,0
2017-11-02,35,35.5,35,35.45,19165,0
2017-11-03,35.55,35.85,34.75,35.25,23261,0
2017-11-06,35.1,35.55,34.95,35.3,24108,0
2017-11-07,35.25,35.495,34.95,35.1,13696,0
2017-11-08,35.15,35.4,35,35.2,12972,0
2017-11-09,35,35.55,35,35.3,54876,0
2017-11-10,35.3,35.6,34.9,35.15,13104,0
