2016-01-04,13.31,13.63,12.97,13.53,167037,0
2016-01-05,13.6,13.6,13.27,13.33,108563,0
2016-01-06,13.15,13.325,13,13.04,137653,0
2016-01-07,12.85,13.14,12.54,12.59,115988,0
2016-01-08,12.55,12.895,12.43,12.75,167154,0
2016-01-11,12.82,12.975,12.65,12.87,109352,0
2016-01-12,12.98,13.15,12.46,12.57,144904,0
2016-01-13,12.51,12.81,12.42,12.65,196722,0
2016-01-14,12.72,13.15,12.65,13,89510,0
2016-01-15,12.77,12.83,12.61,12.66,226522,0
2016-01-19,12.79,12.84,12.29,12.45,129800,0
2016-01-20,12.3,12.3,11.88,12.03,277621,0
2016-01-21,12.07,12.73,11.96,12.63,117323,0
2016-01-22,12.77,13.14,11.71,12.94,245642,0
2016-01-25,13.01,13.05,12.27,12.32,79585,0
2016-01-26,12.41,12.88,12.23,12.79,118995,0
2016-01-27,12.69,12.81,12.51,12.61,152532,0
2016-01-28,12.71,13,12.5,12.93,143610,0
2016-01-29,12.89,13.15,12.79,12.93,67197,0
2016-02-01,12.86,13.01,12.64,12.84,45049,0
2016-02-02,12.65,13.1,12.2,12.71,117742,0
2016-02-03,12.77,12.835,12.29,12.56,103824,0
2016-02-04,12.51,12.74,12.44,12.55,67250,0
2016-02-05,12.5,12.63,12.4,12.45,103209,0
2016-02-08,12.37,12.43,11.99,12.09,102795,0
2016-02-09,11.88,12.18,11.57,11.76,67987,0
2016-02-10,11.81,12.4,11.77,11.92,113011,0
2016-02-11,11.78,12.49,11.37,12.42,149695,0
2016-02-12,12.39,12.55,11.79,12.15,176063,0
2016-02-16,12.2,12.58,12.01,12.44,152276,0
2016-02-17,12.47,13.09,12.38,12.97,181755,0
2016-02-18,12.9,13.3,12.77,13.2,125065,0
2016-02-19,13.24,13.4299,13.06,13.23,107048,0
2016-02-22,13.34,13.57,13.21,13.26,123928,0
2016-02-23,13.15,13.295,13.05,13.07,69587,0
2016-02-24,12.98,13.31,12.8904,13.27,90208,0
2016-02-25,13.29,13.38,13.17,13.32,33649,0
2016-02-26,13.37,13.43,13.15,13.28,64787,0
2016-02-29,13.28,13.49,13.24,13.27,103385,0
2016-03-01,13.4,13.82,13.2,13.54,169798,0
2016-03-02,13.49,13.7,13.25,13.42,215996,0
2016-03-03,13.4,13.58,13.38,13.47,110897,0
2016-03-04,13.45,13.65,13.34,13.39,93224,0
2016-03-07,13.36,13.69,13.18,13.59,76348,0
2016-03-08,13.52,13.675,13.31,13.31,88595,0
2016-03-09,13.47,13.64,13.35,13.48,171043,0
2016-03-10,13.55,13.55,12.99,13.2,69283,0
2016-03-11,13.25,13.26,12.96,13.03,185809,0
2016-03-14,12.92,13.14,12.35,12.44,349900,0
2016-03-15,11.85,12.3299,11.57,11.77,340970,0
2016-03-16,11.78,12.19,11.68,12.03,245669,0
2016-03-17,12.08,12.46,12,12.35,169012,0
2016-03-18,12.41,12.48,12.28,12.28,117413,0
2016-03-21,12.24,12.46,12.24,12.31,65130,0
2016-03-22,12.21,12.5,12.16,12.47,98419,0
2016-03-23,12.42,12.47,12.09,12.11,67023,0
2016-03-24,11.99,12.15,11.93,12.05,48350,0
2016-03-28,12.05,12.3456,11.96,12.04,64346,0
2016-03-29,12.01,12.39,11.97,12.3,50775,0
2016-03-30,12.45,12.45,12.09,12.38,171073,0
2016-03-31,12.42,12.69,12.36,12.36,129535,0
2016-04-01,12.28,12.61,12.28,12.54,106048,0
2016-04-04,12.49,12.63,12.32,12.35,48464,0
2016-04-05,12.23,12.34,12.05,12.23,74439,0
2016-04-06,12.21,12.42,12.21,12.35,43019,0
2016-04-07,12.32,12.34,12.17,12.25,60575,0
2016-04-08,12.34,12.41,12.23,12.39,36511,0
2016-04-11,12.4,12.56,12.38,12.43,75178,0
2016-04-12,12.42,12.76,12.37,12.68,65138,0
2016-04-13,12.75,12.94,12.69,12.9,98259,0
2016-04-14,12.9,13.1,12.7401,13.07,58655,0
2016-04-15,13,13.61,13,13.22,97911,0
2016-04-18,13.22,13.52,13.15,13.52,96505,0
2016-04-19,13.6,13.62,13.27,13.37,79313,0
2016-04-20,13.43,13.44,13.16,13.17,43281,0
2016-04-21,13.23,13.37,13.08,13.24,56354,0
2016-04-22,13.29,13.29,13.09,13.19,38651,0
2016-04-25,13.14,13.26,13.04,13.23,76998,0
2016-04-26,13.25,13.25,13.03,13.15,114055,0
2016-04-27,13.04,13.22,13.03,13.19,80872,0
2016-04-28,13.16,13.35,13.02,13.1,61278,0
2016-04-29,13.11,13.15,12.77,12.99,47527,0
2016-05-02,13.06,13.09,12.88,13.06,38881,0
2016-05-03,13,13.09,12.81,13.01,63809,0
2016-05-04,12.97,13.07,12.83,12.9,119758,0
2016-05-05,13.07,13.34,12.547,12.85,126195,0
2016-05-06,12.77,12.98,12.77,12.82,127781,0
2016-05-09,12.88,12.98,12.76,12.8,130770,0
2016-05-10,12.76,13,12.7,12.75,111790,0
2016-05-11,12.67,12.67,12.03,12.1,78338,0
2016-05-12,12.15,12.36,11.91,11.99,91354,0
2016-05-13,11.94,12.03,11.63,11.65,94191,0
2016-05-16,11.62,12.06,11.39,11.64,171046,0
2016-05-17,11.59,11.62,11.28,11.33,95686,0
2016-05-18,11.27,11.44,11.25,11.36,68613,0
2016-05-19,11.31,11.38,11.11,11.14,74783,0
2016-05-20,11.16,11.27,11.11,11.21,45881,0
2016-05-23,11.17,11.41,11.1106,11.3,46462,0
2016-05-24,11.26,11.47,11.26,11.4,65275,0
2016-05-25,11.39,11.58,11.35,11.49,76257,0
2016-05-26,11.48,11.64,11.444,11.57,54472,0
2016-05-27,11.54,11.61,11.41,11.51,67512,0
2016-05-31,11.5,11.52,11.3,11.41,89143,0
2016-06-01,11.4,11.41,11.02,11.1,127613,0
2016-06-02,11.04,11.23,11,11.14,87239,0
2016-06-03,11.1,11.13,10.91,11.05,40641,0
2016-06-06,11.1,11.1,10.91,11.05,69910,0
2016-06-07,11.04,11.115,10.9,11.04,46849,0
2016-06-08,11,11.24,11,11.19,53521,0
2016-06-09,11.18,11.21,11.09,11.14,23821,0
2016-06-10,11.07,11.1739,10.76,10.96,30546,0
2016-06-13,10.81,10.81,10.24,10.55,160599,0
2016-06-14,10.52,10.52,10.22,10.35,109328,0
2016-06-15,10.33,10.36,10.28,10.33,71653,0
2016-06-16,10.27,10.35,10.15,10.32,64553,0
2016-06-17,10.35,10.42,10.23,10.25,57557,0
2016-06-20,10.34,10.37,10.151,10.25,49967,0
2016-06-21,10.23,10.23,10.04,10.16,74400,0
2016-06-22,10.22,10.3099,10.07,10.15,59912,0
2016-06-23,10.18,10.57,10.17,10.44,59112,0
2016-06-24,10.04,10.33,10.02,10.25,89049,0
2016-06-27,10.2,10.24,9.94,10.08,53337,0
2016-06-28,10.18,10.25,10.08,10.11,89738,0
2016-06-29,10.19,10.41,10.19,10.37,49528,0
2016-06-30,10.4,10.42,10.2,10.29,50641,0
2016-07-01,10.32,10.43,10.06,10.28,47566,0
2016-07-05,10.24,10.43,10.11,10.23,49823,0
2016-07-06,10.22,10.23,10.07,10.11,50084,0
2016-07-07,10.1,10.17,9.95,10.02,109725,0
2016-07-08,10.06,10.34,10.03,10.22,60605,0
2016-07-11,10.24,10.92,10.23,10.89,108440,0
2016-07-12,10.85,10.94,10.63,10.77,62143,0
2016-07-13,10.78,10.83,10.26,10.31,37423,0
2016-07-14,10.44,10.44,10.26,10.27,32151,0
2016-07-15,10.35,10.49,10.25,10.32,47301,0
2016-07-18,10.34,10.71,10.27,10.69,89814,0
2016-07-19,10.63,10.72,10.33,10.57,66016,0
2016-07-20,10.4,10.687,10.34,10.66,40499,0
2016-07-21,10.62,10.684,10.44,10.55,26998,0
2016-07-22,10.57,10.75,10.48,10.69,22234,0
2016-07-25,10.65,10.81,10.54,10.77,45506,0
2016-07-26,10.79,10.81,10.64,10.77,54576,0
2016-07-27,10.71,10.8299,10.58,10.7,31494,0
2016-07-28,10.64,11.0699,10.64,10.94,96344,0
2016-07-29,10.96,10.96,10.69,10.8,141129,0
2016-08-01,10.8,10.92,10.64,10.79,76152,0
2016-08-02,10.81,10.84,10.55,10.64,49996,0
2016-08-03,10.66,10.89,10.58,10.82,32720,0
2016-08-04,10.87,11.09,10.73,10.73,150001,0
2016-08-05,10.72,10.79,10.53,10.66,95433,0
2016-08-08,10.63,10.78,10.51,10.64,49105,0
2016-08-09,10.63,11.07,10.57,10.87,118473,0
2016-08-10,10.74,11.05,10.74,10.93,302082,0
2016-08-11,10.94,11.14,10.85,10.87,42101,0
2016-08-12,10.98,11.39,10.98,11.35,241368,0
2016-08-15,11.33,11.38,11.28,11.35,42261,0
2016-08-16,11.28,11.39,11.13,11.28,61418,0
2016-08-17,11.26,11.46,11.23,11.38,52992,0
2016-08-18,11.38,11.405,11.34,11.39,47630,0
2016-08-19,11.39,11.52,11.22,11.36,84261,0
2016-08-22,11.31,11.62,11.31,11.45,98270,0
2016-08-23,11.51,11.57,11.44,11.51,56948,0
2016-08-24,11.49,11.55,11.12,11.43,67967,0
2016-08-25,11.43,11.55,11.27,11.36,57170,0
2016-08-26,11.4,11.44,11.13,11.25,48111,0
2016-08-29,11.2,11.275,10.94,11.07,71504,0
2016-08-30,11.04,11.22,11.02,11.08,52719,0
2016-08-31,11.12,11.12,10.86,10.93,74264,0
2016-09-01,10.9,10.965,10.7,10.75,49575,0
2016-09-02,10.74,10.91,10.71,10.79,21615,0
2016-09-06,10.77,10.85,10.65,10.82,22572,0
2016-09-07,10.77,10.89,10.57,10.64,43813,0
2016-09-08,10.68,10.79,10.57,10.58,43399,0
2016-09-09,10.53,10.54,10.345,10.38,62965,0
2016-09-12,10.29,10.6,10.29,10.59,34069,0
2016-09-13,10.61,10.61,10.4,10.44,56834,0
2016-09-14,10.43,10.8,10.29,10.56,100024,0
2016-09-15,10.74,10.74,10.5,10.54,54270,0
2016-09-16,10.55,10.7,10.53,10.55,103514,0
2016-09-19,10.55,10.64,10.55,10.56,58258,0
2016-09-20,10.62,10.64,10.43,10.47,59133,0
2016-09-21,10.48,10.59,10.44,10.52,37790,0
2016-09-22,10.59,10.69,10.57,10.61,36911,0
2016-09-23,10.61,10.69,10.42,10.52,67050,0
2016-09-26,10.41,10.62,10.32,10.6,69374,0
2016-09-27,10.61,10.9038,10.61,10.89,99559,0
2016-09-28,10.75,11.05,10.73,10.94,115846,0
2016-09-29,10.91,11.03,10.7674,10.83,75200,0
2016-09-30,10.92,10.98,10.84,10.92,40494,0
2016-10-03,10.84,10.95,10.66,10.73,31264,0
2016-10-04,10.71,10.79,10.633,10.67,42163,0
2016-10-05,10.67,10.84,10.5778,10.81,59109,0
2016-10-06,10.78,10.82,10.6501,10.73,27515,0
2016-10-07,10.77,10.8,10.53,10.69,26037,0
2016-10-10,10.75,10.825,10.69,10.79,30755,0
2016-10-11,10.82,10.86,10.69,10.69,43477,0
2016-10-12,10.72,10.84,10.68,10.74,32011,0
2016-10-13,10.72,10.87,10.62,10.82,35999,0
2016-10-14,10.85,10.89,10.67,10.72,106386,0
2016-10-17,10.7,10.74,10.58,10.61,36973,0
2016-10-18,10.68,10.68,10.51,10.51,27260,0
2016-10-19,10.53,10.74,10.361,10.69,36400,0
2016-10-20,10.69,10.69,9.93,10.6,65359,0
2016-10-21,10.52,10.7,10.5196,10.59,17220,0
2016-10-24,10.55,10.67,10,10.59,22415,0
2016-10-25,10.37,10.63,10.2564,10.6,47138,0
2016-10-26,10.59,10.615,10.45,10.5,21513,0
2016-10-27,10.58,10.58,10.4001,10.55,34888,0
2016-10-28,10.58,10.61,10.53,10.56,35424,0
2016-10-31,10.57,10.6065,10.4309,10.55,38857,0
2016-11-01,10.52,10.6,10.36,10.38,54966,0
2016-11-02,10.39,10.48,10.28,10.45,42635,0
2016-11-03,10.53,10.6,10.18,10.24,65827,0
2016-11-04,9.5,10.12,9.2501,9.75,123959,0
2016-11-07,9.64,9.93,9.369,9.79,105842,0
2016-11-08,9.7,9.86,9.69,9.75,53876,0
2016-11-09,9.61,10.19,9.52,10.14,100318,0
2016-11-10,10.17,10.32,10.09,10.13,106937,0
2016-11-11,10.2,10.29,10.03,10.18,157198,0
2016-11-14,10.16,10.28,9.98,10.01,72154,0
2016-11-15,9.9,10.12,9.7,10.02,42574,0
2016-11-16,10.02,10.185,9.96,10.04,109820,0
2016-11-17,10.02,10.185,10.01,10.07,52675,0
2016-11-18,10.09,10.23,10,10.11,161623,0
2016-11-21,10.07,10.24,9.7096,10.19,54286,0
2016-11-22,10.22,10.29,10.07,10.17,99561,0
2016-11-23,10.11,10.38,10.05,10.29,65974,0
2016-11-25,10.3,10.3,10.2101,10.25,13424,0
2016-11-28,10.26,10.26,10.12,10.15,29075,0
2016-11-29,10.11,10.24,10.1,10.13,32377,0
2016-11-30,10.17,10.24,9.87,9.92,176679,0
2016-12-01,9.93,10.19,9.65,10.05,160353,0
2016-12-02,10.09,10.28,9.99,10.155,79857,0
2016-12-05,10.12,10.375,10.1,10.17,101719,0
2016-12-06,10.17,10.17,10,10.03,85447,0
2016-12-07,10.05,10.21,10.03,10.1,109145,0
2016-12-08,10.08,10.51,10.06,10.46,165740,0
2016-12-09,10.38,10.75,10.38,10.72,77408,0
2016-12-12,10.72,10.8,10.67,10.7,44961,0
2016-12-13,10.71,10.76,10.55,10.62,61217,0
2016-12-14,10.6,10.65,10.35,10.43,48753,0
2016-12-15,10.59,10.59,10.37,10.41,43388,0
2016-12-16,10.46,10.55,10.39,10.41,81345,0
2016-12-19,10.38,10.54,10.31,10.34,50926,0
2016-12-20,10.38,10.51,10.23,10.31,124601,0
2016-12-21,10.27,10.65,10.21,10.62,161985,0
2016-12-22,10.6,10.61,10.21,10.25,53607,0
2016-12-23,10.25,10.34,10.14,10.22,45118,0
2016-12-27,10.2,10.4,10.2,10.35,66794,0
2016-12-28,10.3,10.39,10.16,10.19,91805,0
2016-12-29,10.16,10.33,10.06,10.15,66217,0
2016-12-30,10.13,10.34,10,10.3,124511,0
2017-01-03,10.3,10.46,10.12,10.29,113175,0
2017-01-04,10.36,10.58,10.3,10.35,134527,0
2017-01-05,10.29,10.31,10.03,10.19,42346,0
2017-01-06,10.22,10.28,9.96,10.06,89548,0
2017-01-09,10.03,10.32,9.81,10.11,93435,0
2017-01-10,10.08,10.2,10.02,10.09,70643,0
2017-01-11,10.1,10.1,9.87,10.01,70637,0
2017-01-12,9.85,10.07,9.73,10.01,58887,0
2017-01-13,10.06,10.09,9.79,9.89,76700,0
2017-01-17,9.86,9.87,9.66,9.72,83743,0
2017-01-18,9.7,9.84,9.63,9.76,61771,0
2017-01-19,9.66,9.7,9.45,9.53,72396,0
2017-01-20,9.48,9.54,9.34,9.43,61977,0
2017-01-23,9.37,9.4,9.18,9.3,75317,0
2017-01-24,9.34,9.41,9.15,9.3,48197,0
2017-01-25,9.3,9.48,9.28,9.34,59932,0
2017-01-26,9.34,9.395,9.225,9.3,38547,0
2017-01-27,9.34,9.34,9.17,9.31,26316,0
2017-01-30,9.3,9.3,9.15,9.24,39644,0
2017-01-31,9.24,9.24,9.08,9.1,57472,0
2017-02-01,9.13,9.29,9.1,9.24,60489,0
2017-02-02,9.2,9.35,9.15,9.26,35494,0
2017-02-03,9.29,9.61,9.25,9.61,70581,0
2017-02-06,9.62,9.81,9.6,9.74,50420,0
2017-02-07,9.66,9.66,9.43,9.5,47013,0
2017-02-08,9.44,9.57,9.34,9.48,37315,0
2017-02-09,9.54,9.6,9.46,9.49,45234,0
2017-02-10,9.48,9.755,9.45,9.66,121345,0
2017-02-13,9.75,9.78,9.63,9.78,55086,0
2017-02-14,9.8,9.86,9.6,9.75,134551,0
2017-02-15,9.71,9.75,9.59,9.74,72877,0
2017-02-16,9.72,9.75,9.62,9.68,30936,0
2017-02-17,9.71,9.77,9.6,9.75,144432,0
2017-02-21,9.76,9.94,9.76,9.84,97934,0
2017-02-22,9.8,9.91,9.63,9.84,127556,0
2017-02-23,9.84,9.87,9.7,9.81,109203,0
2017-02-24,9.78,9.8,9.71,9.75,68861,0
2017-02-27,9.78,9.94,9.72,9.8925,143739,0
2017-02-28,9.85,9.975,9.7,9.71,106824,0
2017-03-01,9.76,9.8,9.55,9.58,189680,0
2017-03-02,9.62,9.78,9.61,9.67,107562,0
2017-03-03,9.77,9.79,9.62,9.6992,141508,0
2017-03-06,9.7,9.7,9.45,9.53,146487,0
2017-03-07,9.52,9.85,9.49,9.75,193089,0
2017-03-08,9.75,9.86,9.58,9.63,165595,0
2017-03-09,9.61,9.69,9.45,9.48,157003,0
2017-03-10,9.57,9.57,9.36,9.39,190243,0
2017-03-13,9.38,9.72,9.38,9.64,148543,0
2017-03-14,9.6,9.69,9.5,9.56,84128,0
2017-03-15,9.59,9.81,9.48,9.68,251944,0
2017-03-16,9.73,9.96,9.66,9.93,116196,0
2017-03-17,9.85,10.44,9.82,9.89,231569,0
2017-03-20,9.7,9.7346,9.45,9.59,292817,0
2017-03-21,9.7,9.75,9.47,9.51,165846,0
2017-03-22,9.55,9.55,9.27,9.3,176139,0
2017-03-23,9.32,9.39,9.2,9.25,182620,0
2017-03-24,9.26,9.35,9.15,9.25,165574,0
2017-03-27,9.15,9.27,9.08,9.09,154154,0
2017-03-28,9.12,9.235,9,9.21,276500,0
2017-03-29,9.2,9.38,9.1,9.15,272134,0
2017-03-30,9.11,9.165,9,9.1,293483,0
2017-03-31,9.14,9.15,9.0301,9.05,75094,0
2017-04-03,9.07,9.1,8.95,8.98,211126,0
2017-04-04,8.99,8.99,8.76,8.86,146931,0
2017-04-05,8.93,8.93,8.65,8.65,180255,0
2017-04-06,8.71,8.76,8.55,8.69,135479,0
2017-04-07,8.69,8.75,8.62,8.66,82714,0
2017-04-10,8.67,8.75,8.55,8.55,119801,0
2017-04-11,8.55,8.65,8.55,8.65,72210,0
2017-04-12,8.68,8.825,8.55,8.58,134444,0
2017-04-13,8.59,8.66,8.51,8.56,79778,0
2017-04-17,8.55,8.59,8.3784,8.46,136013,0
2017-04-18,8.43,8.44,8.28,8.3,116687,0
2017-04-19,8.34,8.34,8.11,8.2,538327,0
2017-04-20,8.25,8.34,8.2,8.26,90637,0
2017-04-21,8.29,8.37,8.25,8.34,133792,0
2017-04-24,8.39,8.43,8.3,8.42,85152,0
2017-04-25,8.48,8.54,8.46,8.5,77273,0
2017-04-26,8.49,8.64,8.43,8.47,103374,0
2017-04-27,8.46,8.55,8.36,8.53,87672,0
2017-04-28,8.66,8.66,8.4,8.52,87672,0
2017-05-01,8.25,8.55,8.25,8.46,203962,0
2017-05-02,8.49,8.65,8.39,8.4,99590,0
2017-05-03,8.38,8.59,8.2,8.22,181754,0
2017-05-04,8.42,8.44,8.22,8.3,131009,0
2017-05-05,8.31,8.39,8.15,8.22,79520,0
2017-05-08,8.2404,8.25,8.11,8.12,53034,0
2017-05-09,8.18,8.31,8.14,8.17,160237,0
2017-05-10,8.19,8.19,8.05,8.07,78171,0
2017-05-11,8.05,8.08,7.95,7.99,126565,0
2017-05-12,7.96,8.02,7.95,7.99,104688,0
2017-05-15,7.97,8.07,7.92,7.94,89692,0
2017-05-16,7.85,7.99,7.58,7.62,177348,0
2017-05-17,7.61,7.63,7.42,7.43,126551,0
2017-05-18,7.4,7.5,7.2,7.25,382718,0
2017-05-19,7.31,7.41,7.15,7.26,304558,0
2017-05-22,7.23,7.56,7.22,7.49,130544,0
2017-05-23,7.48,7.6,7.35,7.4,72148,0
2017-05-24,7.4,7.51,7.35,7.37,74077,0
2017-05-25,7.36,7.95,7.29,7.32,100329,0
2017-05-26,7.3,7.39,7.1708,7.27,65429,0
2017-05-30,7.24,7.24,7.07,7.08,92007,0
2017-05-31,7.03,7.12,7.01,7.05,72002,0
2017-06-01,7,7.24,7,7.19,162069,0
2017-06-02,7.1,7.34,7.1,7.14,179838,0
2017-06-05,7.13,7.28,6.91,6.92,152462,0
2017-06-06,6.88,7.01,6.75,6.83,134250,0
2017-06-07,6.8,6.84,6.71,6.77,87015,0
2017-06-08,6.75,6.871,6.75,6.78,133445,0
2017-06-09,6.8,6.9,6.76,6.88,151162,0
2017-06-12,6.85,7,6.84,6.91,228283,0
2017-06-13,6.91,7.8033,6.765,6.86,141365,0
2017-06-14,6.89,7.033,6.82,7.01,134066,0
2017-06-15,7.02,7.02,6.875,6.96,111564,0
2017-06-16,6.9,7.03,6.87,7.01,284397,0
2017-06-19,7.02,7.27,7,7.2,231988,0
2017-06-20,7.23,7.295,7.14,7.18,180940,0
2017-06-21,7.21,7.8,7.15,7.63,420354,0
2017-06-22,7.67,7.88,7.54,7.81,160442,0
2017-06-23,7.83,8.37,7.76,8.14,1981651,0
2017-06-26,8.1,8.11,7.9,7.95,174071,0
2017-06-27,7.9,8.03,7.8,7.82,237329,0
2017-06-28,7.85,7.9906,7.68,7.78,170091,0
2017-06-29,7.75,7.91,7.58,7.78,206335,0
2017-06-30,7.8,7.85,7.66,7.79,154660,0
2017-07-03,7.8,7.8536,7.72,7.74,38979,0
2017-07-05,7.73,7.73,7.48,7.56,101600,0
2017-07-06,7.51,7.55,7.43,7.48,62376,0
2017-07-07,7.48,7.53,7.4,7.5,102092,0
2017-07-10,7.5,7.84,7.44,7.5,60853,0
2017-07-11,7.46,7.64,7.44,7.45,82650,0
2017-07-12,7.46,7.6,7.45,7.59,80993,0
2017-07-13,7.59,8.07,7.49,7.94,169453,0
2017-07-14,7.94,8.18,7.86,8.04,100034,0
2017-07-17,8.1,8.75,8.04,8.47,275725,0
2017-07-18,8.38,8.69,8.1132,8.49,113282,0
2017-07-19,8.53,8.79,8.45,8.57,299790,0
2017-07-20,8.6,8.795,8.47,8.78,101340,0
2017-07-21,8.64,8.8,8.33,8.69,308505,0
2017-07-24,8.7,8.76,8.59,8.73,146662,0
2017-07-25,8.76,8.83,8.65,8.69,133708,0
2017-07-26,8.71,9,8.52,8.95,141952,0
2017-07-27,8.96,9.205,8.88,8.95,110576,0
2017-07-28,8.86,8.9232,8.7198,8.84,46018,0
2017-07-31,8.86,8.88,8.52,8.72,85853,0
2017-08-01,8.72,8.72,8.25,8.55,179742,0
2017-08-02,8.56,8.61,8.44,8.5,114601,0
2017-08-03,8.48,8.67,8.48,8.66,62880,0
2017-08-04,8.6,8.76,8.52,8.73,44765,0
2017-08-07,8.68,8.72,8.55,8.7,60335,0
2017-08-08,8.65,8.75,8.53,8.55,61113,0
2017-08-09,8.49,8.68,8.355,8.56,87343,0
2017-08-10,8.48,8.99,8.37,8.94,112305,0
2017-08-11,8.99,9.13,8.68,9.13,115418,0
2017-08-14,9.13,9.65,9.01,9.61,127660,0
2017-08-15,9.6,9.61,9.251,9.46,94139,0
2017-08-16,9.46,9.46,9.05,9.1,56960,0
2017-08-17,9.12,9.355,8.98,9.155,117473,0
2017-08-18,9.1,9.15,9.04,9.11,22751,0
2017-08-21,9.03,9.11,8.8836,9.04,35856,0
2017-08-22,9.08,9.25,9.07,9.12,22941,0
2017-08-23,9.08,9.165,9.06,9.14,41992,0
2017-08-24,9.2,9.34,9.1,9.26,34293,0
2017-08-25,9.23,9.59,9.215,9.47,63752,0
2017-08-28,9.47,9.91,9.325,9.82,131496,0
2017-08-29,9.77,10.38,9.5,10.15,242427,0
2017-08-30,10.15,10.28,9.81,10.07,112076,0
2017-08-31,10.06,10.1,9.8,9.855,97221,0
2017-09-01,9.89,9.94,9.71,9.85,49365,0
2017-09-05,9.85,9.85,9.65,9.74,43528,0
2017-09-06,9.79,9.79,9.52,9.59,60350,0
2017-09-07,9.62,9.73,9.49,9.64,89391,0
2017-09-08,9.65,9.79,9.49,9.755,134382,0
2017-09-11,9.7,10.09,9.67,9.93,122832,0
2017-09-12,9.99,10.23,9.9,9.97,102421,0
2017-09-13,10.04,10.33,9.87,9.91,147522,0
2017-09-14,9.94,9.99,9.31,9.48,97363,0
2017-09-15,9.5,9.5,8.94,9.03,241882,0
2017-09-18,9.1,9.25,9.06,9.1,89389,0
2017-09-19,9.15,9.315,8.75,8.87,99393,0
2017-09-20,8.62,8.99,8.62,8.65,83248,0
2017-09-21,8.72,8.72,8.32,8.37,54757,0
2017-09-22,8.66,8.66,8.28,8.33,61816,0
2017-09-25,8.26,8.33,8.06,8.26,64608,0
2017-09-26,8.14,8.56,8.1373,8.56,175671,0
2017-09-27,8.59,8.73,8.58,8.63,52069,0
2017-09-28,8.56,8.705,8.56,8.65,22582,0
2017-09-29,8.5345,8.66,8.44,8.63,17497,0
2017-10-02,8.69,8.7,8.58,8.63,29196,0
2017-10-03,8.71,8.725,8.53,8.58,30642,0
2017-10-04,8.75,8.82,8.5964,8.76,119228,0
2017-10-05,8.75,8.9,8.75,8.78,33534,0
2017-10-06,8.75,9.02,8.69,8.95,59569,0
2017-10-09,8.84,8.91,8.75,8.76,30975,0
2017-10-10,8.81,8.83,8.51,8.52,63459,0
2017-10-11,8.54,8.56,8.3566,8.46,58875,0
2017-10-12,8.46,8.55,8.28,8.29,88803,0
2017-10-13,8.2,8.37,8.15,8.25,21131,0
2017-10-16,8.26,8.4,8.22,8.26,74590,0
2017-10-17,8.26,8.49,8.01,8.11,50579,0
2017-10-18,8.09,8.325,8.03,8.08,36710,0
2017-10-19,8.1125,8.205,8.04,8.17,124150,0
2017-10-20,8.19,8.28,8.16,8.19,106330,0
2017-10-23,8.24,8.33,8.2,8.21,176812,0
2017-10-24,8.22,8.4159,8.2,8.2,50340,0
2017-10-25,8.16,8.28,8.16,8.19,28771,0
2017-10-26,8.2,8.23,8.12,8.12,21552,0
2017-10-27,8.14,8.24,8.11,8.19,26661,0
2017-10-30,8.12,8.21,8.1,8.18,43037,0
2017-10-31,8.13,8.33,8.1,8.22,32172,0
2017-11-01,8.32,8.52,8.27,8.44,57868,0
2017-11-02,8.37,8.6321,8.33,8.37,14063,0
2017-11-03,8.31,8.51,8.2142,8.28,32981,0
2017-11-06,8.25,8.56,8.25,8.39,16995,0
2017-11-07,8.34,8.425,8.05,8.16,56707,0
2017-11-08,8.07,8.182,7.88,8.03,54705,0
2017-11-09,7.94,8.13,7.725,7.75,48190,0
2017-11-10,7.74,8.0999,7.74,7.96,24044,0
