2016-01-04,5.4158,5.5337,5.2901,5.511,85409,0
2016-01-05,5.526,5.5494,5.3687,5.4882,51674,0
2016-01-06,5.3451,5.4553,5.1249,5.1958,98544,0
2016-01-07,5.1642,5.1723,4.8734,4.8969,86706,0
2016-01-08,4.9128,5.0778,4.8734,4.9757,74061,0
2016-01-11,4.9835,4.9835,4.6377,4.6377,93406,0
2016-01-12,4.7477,4.8813,4.3396,4.5275,154770,0
2016-01-13,4.5938,4.6849,4.1137,4.2213,117630,0
2016-01-14,4.2793,4.4118,4.1137,4.3703,113935,0
2016-01-15,4.18,4.2711,3.9896,4.0393,170010,0
2016-01-19,4.1054,4.18,3.6584,3.8074,95685,0
2016-01-20,3.584,3.7908,3.228,3.3688,236960,0
2016-01-21,3.4103,3.6005,3.3902,3.5592,113059,0
2016-01-22,3.8074,4.0062,3.7496,3.9978,143072,0
2016-01-25,3.973,4.2171,3.8076,3.8241,124842,0
2016-01-26,3.9317,4.1848,3.8147,4.1137,145327,0
2016-01-27,4.064,4.18,3.9895,4.1303,113078,0
2016-01-28,4.3456,4.5359,4.3207,4.4613,141845,0
2016-01-29,4.5607,4.7842,4.5607,4.6931,90069,0
2016-02-01,4.5938,4.7263,4.4199,4.7263,130738,0
2016-02-02,4.6021,4.6849,4.4448,4.4863,78768,0
2016-02-03,4.6104,4.6518,4.3124,4.6351,37138,0
2016-02-04,4.6518,4.8338,4.6022,4.8338,41329,0
2016-02-05,4.7842,4.8338,4.6186,4.6518,37472,0
2016-02-08,4.5525,4.5525,4.0309,4.0971,67863,0
2016-02-09,3.8902,3.9814,3.7411,3.8902,169496,0
2016-02-10,3.8902,3.9978,3.8074,3.8241,131137,0
2016-02-11,3.7246,3.7868,3.435,3.5426,127148,0
2016-02-12,3.6005,3.7411,3.5426,3.7411,78721,0
2016-02-16,3.9814,4.1386,3.8662,4.0062,210978,0
2016-02-17,4.1716,4.3868,4.122,4.3041,125713,0
2016-02-18,4.3868,4.4779,4.2462,4.4199,112969,0
2016-02-19,4.3207,4.3868,4.1386,4.2959,52863,0
2016-02-22,4.4118,4.6269,4.4118,4.4779,48706,0
2016-02-23,4.5275,4.5275,4.3124,4.3207,76935,0
2016-02-24,4.1881,4.4034,4.1633,4.3538,58613,0
2016-02-25,4.3787,4.3787,4.2242,4.3456,58471,0
2016-02-26,4.4448,4.5607,4.3621,4.4273,64239,0
2016-02-29,4.4863,4.6104,4.4199,4.5441,97144,0
2016-03-01,4.5689,4.6683,4.4698,4.6021,67903,0
2016-03-02,4.6104,4.8257,4.5855,4.7511,74020,0
2016-03-03,4.7344,5.0888,4.7344,4.9994,100022,0
2016-03-04,5.0738,5.165,4.9581,4.9581,83746,0
2016-03-07,4.9662,5.0738,4.9497,5.0657,80708,0
2016-03-08,4.9911,4.9911,4.805,4.8504,80641,0
2016-03-09,4.9911,4.9911,4.8753,4.9167,89114,0
2016-03-10,4.9083,4.9623,4.8504,4.9083,63272,0
2016-03-11,4.9911,5.1484,4.9755,5.0011,57865,0
2016-03-14,4.9249,5.0822,4.9249,5.0822,86511,0
2016-03-15,5.0159,5.0325,4.8835,4.9083,51878,0
2016-03-16,4.9581,5.2643,4.9581,5.2228,51993,0
2016-03-17,5.3637,5.4463,5.2892,5.3801,95996,0
2016-03-18,5.438,5.5787,5.3374,5.5458,60919,0
2016-03-21,5.5705,5.5705,5.3967,5.4547,57841,0
2016-03-22,5.4132,5.5705,5.4132,5.5623,39632,0
2016-03-23,5.5538,5.5871,5.3801,5.4455,63853,0
2016-03-24,5.3305,5.496,5.2352,5.4132,68805,0
2016-03-28,5.4216,5.4216,5.314,5.3553,54068,0
2016-03-29,5.314,5.3967,5.2726,5.3967,53187,0
2016-03-30,5.4629,5.5994,5.4216,5.5209,40792,0
2016-03-31,5.5458,5.6367,5.4878,5.6119,75156,0
2016-04-01,5.4298,5.5126,5.4052,5.438,33498,0
2016-04-04,5.3967,5.4453,5.2561,5.2948,75647,0
2016-04-05,5.2561,5.2561,5.1318,5.1732,31706,0
2016-04-06,5.2975,5.3719,5.2146,5.3305,56032,0
2016-04-07,5.347,5.3719,5.3238,5.3637,34799,0
2016-04-08,5.4547,5.6119,5.4547,5.5126,34916,0
2016-04-11,5.6119,5.7029,5.5623,5.5871,34706,0
2016-04-12,5.5871,5.9836,5.5871,5.8851,78961,0
2016-04-13,6.0189,6.0291,5.8817,5.9502,46676,0
2016-04-14,6.0447,6.0447,5.873,5.8902,22754,0
2016-04-15,5.8473,5.873,5.7787,5.8216,25254,0
2016-04-18,5.7188,6.0359,5.5815,6.0359,71431,0
2016-04-19,6.0701,6.3531,6.053,6.3531,87476,0
2016-04-20,6.3531,6.7733,6.3431,6.6104,92283,0
2016-04-21,6.696,6.919,6.619,6.7991,74202,0
2016-04-22,6.9105,7.1163,6.8248,7.0477,86250,0
2016-04-25,7.1076,7.159,6.9705,7.0648,91700,0
2016-04-26,7.1505,7.4763,7.1248,7.4506,103940,0
2016-04-27,7.562,7.8021,7.545,7.7164,101676,0
2016-04-28,7.7079,8.1107,7.6425,7.8021,69670,0
2016-04-29,7.8708,7.9222,7.3219,7.5707,164998,0
2016-05-02,7.562,7.5851,7.1763,7.3134,62108,0
2016-05-03,7.1848,7.262,6.9877,7.082,58304,0
2016-05-04,7.0477,7.1934,7.0305,7.0905,56997,0
2016-05-05,7.262,8.2736,7.219,7.4421,160802,0
2016-05-06,7.2534,7.6392,7.2534,7.4763,38354,0
2016-05-09,7.4593,7.5215,7.0906,7.2363,92825,0
2016-05-10,7.2019,7.4506,7.2019,7.262,42600,0
2016-05-11,7.2963,7.5792,7.22,7.5707,58755,0
2016-05-12,7.6992,7.6992,7.562,7.6736,29041,0
2016-05-13,7.5964,7.6392,7.5019,7.6392,50905,0
2016-05-16,7.9222,8.1365,7.8461,8.128,119705,0
2016-05-17,8.1193,8.1193,7.7765,7.8192,81415,0
2016-05-18,7.8621,7.905,7.6822,7.7507,114339,0
2016-05-19,7.6221,7.7507,7.5278,7.6736,63876,0
2016-05-20,7.7421,7.8708,7.7421,7.8192,44471,0
2016-05-23,7.8192,7.9908,7.802,7.888,45527,0
2016-05-24,8.0079,8.0079,7.7851,7.8364,57531,0
2016-05-25,7.9307,8.068,7.8364,8.0421,55870,0
2016-05-26,8.1193,8.1193,7.9222,7.9564,111270,0
2016-05-27,7.9307,7.9735,7.7678,7.9735,71985,0
2016-05-31,7.965,8.0594,7.862,7.9908,56253,0
2016-06-01,7.8537,8.0508,7.8537,8.0337,51045,0
2016-06-02,7.9479,8.1709,7.9479,8.1365,40758,0
2016-06-03,8.1966,8.3251,8.1538,8.188,64610,0
2016-06-06,8.3422,8.5054,8.3422,8.4368,34441,0
2016-06-07,8.5911,8.8226,8.5478,8.7798,117816,0
2016-06-08,8.7798,8.805,8.574,8.677,79563,0
2016-06-09,8.5054,8.531,8.2481,8.4456,61190,0
2016-06-10,8.3251,8.3637,8.0249,8.0249,42310,0
2016-06-13,7.9735,8.0079,7.8279,7.8279,40353,0
2016-06-14,7.7164,7.802,7.5278,7.665,41553,0
2016-06-15,7.6135,7.6564,7.4763,7.545,50514,0
2016-06-16,7.5363,7.5363,7.3306,7.5019,74459,0
2016-06-17,7.5879,7.7164,7.545,7.6478,21783,0
2016-06-20,7.8621,8.4878,7.8364,7.905,120394,0
2016-06-21,7.8364,8.0249,7.8021,7.9822,74105,0
2016-06-22,8.0766,8.0766,7.9564,7.9822,52685,0
2016-06-23,8.0337,8.1709,8.0277,8.1709,13958,0
2016-06-24,7.8793,8.085,7.7164,7.9307,74767,0
2016-06-27,7.725,7.7421,7.3735,7.3894,141711,0
2016-06-28,7.545,7.7249,7.545,7.6736,39637,0
2016-06-29,7.905,7.9993,7.8364,7.9136,50388,0
2016-06-30,7.9136,7.9735,7.845,7.965,31564,0
2016-07-01,7.905,8.0249,7.905,7.9822,12149,0
2016-07-05,7.9307,7.9307,7.7507,7.8793,55828,0
2016-07-06,7.7678,7.8708,7.6701,7.8364,55050,0
2016-07-07,7.9136,8.0594,7.6907,7.7678,56736,0
2016-07-08,7.8364,8.1192,7.7765,7.9822,56203,0
2016-07-11,8.0851,8.248,7.8621,7.9564,57623,0
2016-07-12,8.0422,8.2736,8.0422,8.1966,53592,0
2016-07-13,8.2547,8.3778,8.061,8.2547,75454,0
2016-07-14,8.2547,8.3954,8.1842,8.2371,90087,0
2016-07-15,8.3691,8.3691,8.0522,8.1755,29345,0
2016-07-18,8.1226,8.1401,8.0171,8.1051,44784,0
2016-07-19,8.1226,8.1226,7.9818,8.0875,63625,0
2016-07-20,8.0875,8.2458,8.0258,8.2105,58270,0
2016-07-21,8.1931,8.3691,8.1314,8.149,39326,0
2016-07-22,8.1755,8.2634,8.1755,8.2634,31304,0
2016-07-25,8.1842,8.2281,8.0262,8.0698,35771,0
2016-07-26,7.9994,8.1138,7.9554,7.9818,61225,0
2016-07-27,7.973,8.1401,7.9026,7.9375,49993,0
2016-07-28,7.8938,8.0082,7.8586,7.8851,29190,0
2016-07-29,7.8323,7.9818,7.8323,7.9818,33667,0
2016-08-01,7.9554,7.9994,7.7002,7.7265,98255,0
2016-08-02,7.6915,7.9467,7.4891,7.6123,98648,0
2016-08-03,7.6826,7.8403,7.6474,7.8323,49797,0
2016-08-04,7.8233,8.0698,7.8233,7.9377,68992,0
2016-08-05,8.017,8.0434,7.9467,8.0082,44291,0
2016-08-08,8.1401,8.3734,7.973,8.3425,132696,0
2016-08-09,8.3954,8.4394,8.1762,8.4306,50676,0
2016-08-10,8.4218,8.4834,8.1401,8.2019,79912,0
2016-08-11,8.325,8.3339,8.1931,8.2547,64084,0
2016-08-12,8.3602,8.4043,8.2458,8.3778,70068,0
2016-08-15,8.457,8.5187,8.2281,8.2634,109817,0
2016-08-16,8.2723,8.3425,8.1756,8.2986,85280,0
2016-08-17,8.3339,8.3339,8.2281,8.2634,33760,0
2016-08-18,8.325,8.4483,8.325,8.413,71689,0
2016-08-19,8.4218,8.4218,8.2547,8.2899,69002,0
2016-08-22,8.2371,8.3294,8.1514,8.2634,51592,0
2016-08-23,8.2281,8.413,8.2281,8.2986,73930,0
2016-08-24,8.2723,8.3425,8.1577,8.1577,29015,0
2016-08-25,8.1577,8.2458,8.0082,8.0875,33567,0
2016-08-26,8.061,8.1587,8.0434,8.0963,57833,0
2016-08-29,8.0963,8.1114,7.8587,8.0434,210437,0
2016-08-30,8.1051,8.1051,7.8409,8.0082,79816,0
2016-08-31,8.0434,8.0434,7.8323,7.9467,44323,0
2016-09-01,7.8938,7.9643,7.8058,7.9643,64877,0
2016-09-02,8.0347,8.1401,7.9818,8.1226,78091,0
2016-09-06,8.1577,8.215,8.1314,8.1666,51509,0
2016-09-07,8.2458,8.3419,8.2105,8.3075,88648,0
2016-09-08,8.4043,8.501,8.3425,8.4923,72047,0
2016-09-09,8.3691,8.4483,8.2372,8.2723,35458,0
2016-09-12,8.281,8.3339,8.1051,8.3162,87486,0
2016-09-13,8.2281,8.2281,7.9115,7.9377,49446,0
2016-09-14,7.9906,8.0786,7.9114,7.9818,63300,0
2016-09-15,8.0434,8.0434,7.9201,7.9467,46518,0
2016-09-16,7.9201,8.0812,7.8675,8.0522,100443,0
2016-09-19,8.1577,8.2371,8.1226,8.1577,48539,0
2016-09-20,8.1755,8.2194,8.061,8.1051,46871,0
2016-09-21,8.2371,8.2977,8.0786,8.281,64552,0
2016-09-22,8.457,8.5275,8.3425,8.457,79062,0
2016-09-23,8.4218,8.4923,8.3866,8.4306,78283,0
2016-09-26,8.5099,8.5803,8.3787,8.4043,46085,0
2016-09-27,8.3602,8.3919,8.2634,8.3339,51339,0
2016-09-28,8.4218,8.545,8.2281,8.5275,89498,0
2016-09-29,8.5893,8.6137,8.4394,8.4834,23064,0
2016-09-30,8.5803,8.6598,8.4306,8.5275,71445,0
2016-10-03,8.5187,8.5387,8.4218,8.4746,38195,0
2016-10-04,8.4834,8.5388,8.3339,8.3691,30815,0
2016-10-05,8.5099,8.5362,8.4394,8.457,39697,0
2016-10-06,8.5275,8.5275,8.3691,8.4306,27013,0
2016-10-07,8.4394,8.4834,8.4306,8.4306,37003,0
2016-10-10,8.545,8.6245,8.4923,8.6065,42135,0
2016-10-11,8.6245,8.6245,8.4394,8.5099,53208,0
2016-10-12,8.5334,8.5334,8.4069,8.4972,24471,0
2016-10-13,8.4701,8.4791,8.3798,8.4791,16508,0
2016-10-14,8.5334,8.5334,8.3984,8.434,25546,0
2016-10-17,8.4521,8.4521,8.2173,8.2624,65229,0
2016-10-18,8.3979,8.4069,8.1992,8.2534,57806,0
2016-10-19,8.2896,8.3798,8.0999,8.2985,68416,0
2016-10-20,8.2534,8.294,8.1631,8.2805,22480,0
2016-10-21,8.3166,8.3617,8.2624,8.3166,34068,0
2016-10-24,8.3798,8.4521,8.3708,8.425,55351,0
2016-10-25,8.4521,8.4521,8.3166,8.3437,30716,0
2016-10-26,8.3076,8.425,8.2624,8.3979,23587,0
2016-10-27,8.3708,8.4882,8.2896,8.2896,44572,0
2016-10-28,8.2172,8.3707,8.1541,8.1811,67882,0
2016-10-31,8.1541,8.1713,8.0185,8.0728,20574,0
2016-11-01,8.0638,8.1631,8.0051,8.0277,58574,0
2016-11-02,8.0096,8.0096,7.7523,7.8651,96630,0
2016-11-03,7.8922,7.8922,7.7026,7.7839,41180,0
2016-11-04,7.7477,7.7658,7.6123,7.6123,46432,0
2016-11-07,7.6574,7.7834,7.6213,7.7567,89507,0
2016-11-08,7.7567,7.7658,7.6755,7.7387,77784,0
2016-11-09,7.7839,8.2444,7.7839,8.1089,171583,0
2016-11-10,8.2263,8.4791,8.2263,8.3979,56383,0
2016-11-11,8.3256,8.4069,8.1902,8.2172,54130,0
2016-11-14,8.2624,8.3437,8.0044,8.3166,41363,0
2016-11-15,8.3256,8.6056,8.2985,8.5784,88997,0
2016-11-16,8.6056,8.9486,8.5641,8.831,56487,0
2016-11-17,8.9309,9.0162,8.7416,8.831,58969,0
2016-11-18,8.831,8.831,8.7049,8.7501,37532,0
2016-11-21,8.9309,9.0757,8.6868,8.831,105079,0
2016-11-22,8.8764,8.967,8.759,8.8587,60531,0
2016-11-23,8.8403,9.0757,8.7911,8.8494,45353,0
2016-11-25,8.8494,8.8494,8.6958,8.7351,10927,0
2016-11-28,8.7771,8.7771,8.5063,8.5063,43834,0
2016-11-29,8.4069,8.4882,8.2896,8.4791,30537,0
2016-11-30,8.8134,9.3015,8.7681,8.8494,173159,0
2016-12-01,8.9753,8.9847,8.723,8.732,49122,0
2016-12-02,8.7948,8.867,8.732,8.867,62061,0
2016-12-05,8.967,8.967,8.8411,8.8764,45440,0
2016-12-06,8.867,8.9753,8.805,8.867,46438,0
2016-12-07,8.9124,8.9393,8.732,8.7681,110362,0
2016-12-08,8.759,8.759,8.6326,8.714,40389,0
2016-12-09,8.7862,8.7948,8.6688,8.7409,51008,0
2016-12-12,8.8764,8.8948,8.6778,8.7049,98560,0
2016-12-13,8.8494,8.9032,8.759,8.8764,43845,0
2016-12-14,8.8403,8.9032,8.723,8.7862,79327,0
2016-12-15,8.759,8.9217,8.7409,8.8134,70866,0
2016-12-16,8.8134,8.9124,8.7157,8.867,46202,0
2016-12-19,8.9217,8.9217,8.714,8.7583,65167,0
2016-12-20,8.8226,8.8587,8.759,8.7862,95866,0
2016-12-21,8.8226,8.8948,8.7049,8.867,139408,0
2016-12-22,8.9217,9.1117,8.8948,9.0843,72717,0
2016-12-23,9.0757,9.1837,9.0663,9.1023,70696,0
2016-12-27,9.0663,9.2655,9.0389,9.1572,104163,0
2016-12-28,9.2016,9.2377,9.0304,9.1023,58291,0
2016-12-29,9.0843,9.1203,8.9309,8.9753,82135,0
2016-12-30,9.0663,9.1572,8.9753,9.0757,68955,0
2017-01-03,9.1572,9.2377,9.0843,9.2016,64127,0
2017-01-04,9.2733,9.4095,9.2016,9.3813,94821,0
2017-01-05,9.3735,9.427,9.3414,9.3735,80950,0
2017-01-06,9.391,9.427,9.3453,9.3453,54901,0
2017-01-09,9.3647,9.3647,9.2377,9.283,58317,0
2017-01-10,9.3453,9.3453,9.0304,9.0663,141781,0
2017-01-11,9.1458,9.2703,9.0256,9.1525,117044,0
2017-01-12,9.2937,9.2937,9.0066,9.0436,120742,0
2017-01-13,9.0351,9.1638,9.0351,9.0995,111151,0
2017-01-17,9.2665,9.2665,9.1137,9.1458,78043,0
2017-01-18,9.1364,9.1733,9.0805,9.1553,54684,0
2017-01-19,9.1828,9.1828,9.0995,9.1638,47838,0
2017-01-20,9.2102,9.2665,9.1638,9.2665,44888,0
2017-01-23,9.2937,9.3034,9.2386,9.2752,41937,0
2017-01-24,9.2849,9.4971,9.2849,9.4513,104837,0
2017-01-25,9.507,9.785,9.507,9.766,89369,0
2017-01-26,9.83,9.868,9.738,9.849,107920,0
2017-01-27,9.83,9.83,9.688,9.785,76951,0
2017-01-30,9.692,9.738,9.535,9.553,100929,0
2017-01-31,9.609,9.619,9.4708,9.619,43754,0
2017-02-01,9.701,9.785,9.646,9.738,56104,0
2017-02-02,9.803,9.803,9.683,9.738,50305,0
2017-02-03,9.822,9.868,9.793,9.868,29556,0
2017-02-06,9.905,9.96,9.803,9.859,65657,0
2017-02-07,9.793,9.885,9.626,9.673,95411,0
2017-02-08,9.626,9.637,9.4971,9.626,57605,0
2017-02-09,9.673,9.793,9.651,9.757,71961,0
2017-02-10,9.859,9.905,9.801,9.822,65556,0
2017-02-13,9.849,9.896,9.71,9.71,81758,0
2017-02-14,9.803,9.803,9.655,9.793,42819,0
2017-02-15,9.849,9.997,9.803,9.905,102658,0
2017-02-16,10.035,10.035,9.896,9.905,109478,0
2017-02-17,9.896,9.896,9.793,9.803,60723,0
2017-02-21,9.914,10.053,9.822,9.83,62891,0
2017-02-22,9.785,9.997,9.636,9.683,42995,0
2017-02-23,9.793,9.84,9.619,9.692,36661,0
2017-02-24,9.646,9.692,9.4971,9.663,60149,0
2017-02-27,9.701,9.71,9.562,9.71,33342,0
2017-02-28,9.738,9.775,9.655,9.775,33578,0
2017-03-01,9.914,9.923,9.757,9.859,72706,0
2017-03-02,9.83,9.933,9.636,9.923,62082,0
2017-03-03,9.988,10.016,9.818,9.979,49245,0
2017-03-06,9.988,9.988,9.883,9.969,66640,0
2017-03-07,10.053,10.053,9.84,9.933,36157,0
2017-03-08,9.997,9.997,9.626,9.655,51795,0
2017-03-09,9.581,9.599,9.3122,9.4231,83706,0
2017-03-10,9.572,9.572,9.2752,9.4328,52970,0
2017-03-13,9.4786,9.4971,9.4056,9.4971,50614,0
2017-03-14,9.3959,9.4786,9.3034,9.3764,76740,0
2017-03-15,9.4601,9.4786,9.3394,9.4056,62865,0
2017-03-16,9.4513,9.4513,9.3034,9.3394,72288,0
2017-03-17,9.3394,9.3628,9.3034,9.3307,62892,0
2017-03-20,9.3492,9.3686,9.2196,9.2752,61054,0
2017-03-21,9.3219,9.3219,9.0805,9.1269,66321,0
2017-03-22,9.1458,9.1458,8.9884,9.0256,43685,0
2017-03-23,9.1553,9.1733,9.072,9.1269,53871,0
2017-03-24,9.2016,9.2102,9.1269,9.1922,35535,0
2017-03-27,9.1638,9.247,9.1458,9.2386,96229,0
2017-03-28,9.247,9.3686,9.2386,9.3394,69592,0
2017-03-29,9.3861,9.646,9.3511,9.599,72632,0
2017-03-30,9.599,9.609,9.4971,9.572,59705,0
2017-03-31,9.581,9.766,9.581,9.766,22799,0
2017-04-03,9.896,9.896,9.738,9.849,28441,0
2017-04-04,9.859,10.043,9.859,9.969,38214,0
2017-04-05,10.164,10.164,9.923,9.997,69220,0
2017-04-06,10.035,10.21,9.997,10.173,19686,0
2017-04-07,10.182,10.459,10.09,10.414,37175,0
2017-04-10,10.489,10.655,10.266,10.266,69402,0
2017-04-11,10.508,10.508,10.139,10.338,99479,0
2017-04-12,10.83,10.83,10.243,10.422,51766,0
2017-04-13,10.498,10.612,10.308,10.432,85071,0
2017-04-17,10.414,10.518,10.224,10.3,78831,0
2017-04-18,10.29,10.318,10.148,10.262,81351,0
2017-04-19,10.272,10.272,9.741,9.779,175379,0
2017-04-20,9.864,9.931,9.609,9.656,127824,0
2017-04-21,9.685,9.789,9.4766,9.523,116488,0
2017-04-24,9.619,9.637,9.523,9.59,66025,0
2017-04-25,9.619,9.723,9.619,9.703,38431,0
2017-04-26,9.581,9.774,9.576,9.627,75412,0
2017-04-27,9.619,9.627,9.523,9.538,41912,0
2017-04-28,9.581,9.665,9.4766,9.571,43539,0
2017-05-01,9.619,9.713,9.581,9.623,37594,0
2017-05-02,9.713,9.723,9.543,9.619,25391,0
2017-05-03,9.523,9.543,9.3842,9.4192,43738,0
2017-05-04,9.4007,9.4007,9.0171,9.1449,65157,0
2017-05-05,9.1071,9.2684,9.0125,9.2587,55723,0
2017-05-08,9.2587,9.4095,9.2587,9.4095,47367,0
2017-05-09,9.3346,9.3346,9.1354,9.2112,36584,0
2017-05-10,9.3248,9.3628,9.2441,9.3346,48257,0
2017-05-11,9.3813,9.3813,9.2159,9.2396,32702,0
2017-05-12,9.2869,9.3725,9.1922,9.3725,31481,0
2017-05-15,9.581,9.675,9.4766,9.4951,54460,0
2017-05-16,9.627,9.627,9.3813,9.505,49672,0
2017-05-17,9.4669,9.518,9.2206,9.2206,38269,0
2017-05-18,9.2112,9.2684,9.0881,9.2301,38050,0
2017-05-19,9.2587,9.4144,9.2396,9.2587,40277,0
2017-05-22,9.4007,9.4572,9.3346,9.4192,33967,0
2017-05-23,9.4766,9.543,9.427,9.505,23016,0
2017-05-24,9.571,9.578,9.4338,9.505,19277,0
2017-05-25,9.4474,9.581,9.1828,9.1828,44172,0
2017-05-26,9.2489,9.3054,9.1354,9.1449,23284,0
2017-05-30,9.1354,9.1922,8.9556,9.0124,58007,0
2017-05-31,8.9461,9.0478,8.8897,8.9271,57020,0
2017-06-01,8.9366,9.1071,8.9082,9.0787,16420,0
2017-06-02,9.0787,9.0787,8.965,9.0029,23606,0
2017-06-05,8.9366,8.9934,8.8514,8.9745,21953,0
2017-06-06,8.984,9.0691,8.8419,9.0691,44234,0
2017-06-07,9.0313,9.1165,8.7756,8.8514,35734,0
2017-06-08,8.8041,8.8893,8.6431,8.6715,57686,0
2017-06-09,8.6905,8.7662,8.6277,8.7284,31813,0
2017-06-12,8.7568,8.9366,8.7094,8.7189,42259,0
2017-06-13,8.6621,8.8325,8.6621,8.7662,34364,0
2017-06-14,8.7756,8.7756,8.539,8.5674,36526,0
2017-06-15,8.539,8.539,8.2551,8.3118,71301,0
2017-06-16,8.3402,8.4065,8.1888,8.397,100527,0
2017-06-19,8.4443,8.5485,8.3496,8.4255,67082,0
2017-06-20,8.2077,8.2513,8.0278,8.0278,71745,0
2017-06-21,8.1414,8.1414,7.8006,7.9332,80129,0
2017-06-22,7.9142,8.0941,7.9048,7.9994,74277,0
2017-06-23,8.0941,8.4822,8.0846,8.4822,40485,0
2017-06-26,8.4349,8.539,8.3308,8.4917,65954,0
2017-06-27,8.5296,8.6715,8.4515,8.5674,44916,0
2017-06-28,8.6148,8.6829,8.5296,8.6053,34259,0
2017-06-29,8.6053,8.6999,8.5417,8.6526,40414,0
2017-06-30,8.7378,8.8609,8.6431,8.7473,24506,0
2017-07-03,8.7473,9.0597,8.7189,8.9745,22025,0
2017-07-05,9.0029,9.0145,8.8657,8.9745,71560,0
2017-07-06,8.9745,9.0597,8.8325,8.8325,125546,0
2017-07-07,8.7852,8.983,8.7662,8.7662,46540,0
2017-07-10,8.9745,8.9745,8.6621,8.7094,46203,0
2017-07-11,8.7378,8.8592,8.6715,8.7284,68234,0
2017-07-12,8.9035,9.0884,8.7673,8.8257,66222,0
2017-07-13,8.8159,8.8403,8.7381,8.7478,31841,0
2017-07-14,8.7575,8.9035,8.7575,8.8451,99019,0
2017-07-17,8.8646,9.0105,8.8062,8.9911,57418,0
2017-07-18,9.0203,9.0397,8.9035,9.0397,22237,0
2017-07-19,9.0689,9.0689,8.9276,9.0008,25821,0
2017-07-20,8.923,8.9619,8.778,8.8743,30249,0
2017-07-21,8.923,8.9522,8.7867,8.8257,34844,0
2017-07-24,8.8451,8.8743,8.8062,8.8451,23750,0
2017-07-25,8.923,8.9619,8.8257,8.884,70578,0
2017-07-26,8.9619,8.9619,8.8257,8.8938,46795,0
2017-07-27,8.9132,8.9716,8.8753,8.9035,16009,0
2017-07-28,8.9035,8.9476,8.8743,8.8743,30418,0
2017-07-31,8.8451,8.8548,8.6505,8.7478,52529,0
2017-08-01,8.777,8.8646,8.7478,8.7965,47215,0
2017-08-02,8.9424,8.9424,8.8062,8.8548,29562,0
2017-08-03,8.8743,8.8938,8.7089,8.7673,62743,0
2017-08-04,8.7089,8.7381,8.6797,8.6894,26011,0
2017-08-07,8.6894,8.7079,8.5337,8.5824,38955,0
2017-08-08,8.4267,8.524,8.3197,8.3975,77441,0
2017-08-09,8.4364,8.4413,8.3491,8.3975,40501,0
2017-08-10,8.4072,8.4267,8.2321,8.2321,46930,0
2017-08-11,8.2321,8.2905,8.0569,8.1834,47045,0
2017-08-14,8.2224,8.3099,8.1251,8.1834,42942,0
2017-08-15,8.1737,8.1737,7.9586,7.9694,141610,0
2017-08-16,8.0667,8.1056,7.9791,8.0277,43802,0
2017-08-17,8.0277,8.0285,7.9694,7.9888,28962,0
2017-08-18,7.9694,7.9694,7.8526,7.8623,122862,0
2017-08-21,7.911,7.9402,7.6677,7.8137,54976,0
2017-08-22,7.7845,7.911,7.7495,7.8721,118053,0
2017-08-23,7.8623,7.9986,7.8489,7.9596,86055,0
2017-08-24,7.9596,7.9894,7.9013,7.9596,31864,0
2017-08-25,7.9986,8.0764,7.9694,7.9694,31552,0
2017-08-28,8.0083,8.0083,7.8915,7.911,69634,0
2017-08-29,7.8526,8.018,7.8526,8.018,65455,0
2017-08-30,7.9596,8.0764,7.9596,8.0667,44375,0
2017-08-31,8.1348,8.223,8.0764,8.2126,48340,0
2017-09-01,8.2224,8.3391,8.2029,8.2126,37936,0
2017-09-05,8.2321,8.3002,8.1251,8.1932,16882,0
2017-09-06,8.164,8.2418,8.1445,8.1932,38302,0
2017-09-07,8.1932,8.2516,8.1542,8.1542,44805,0
2017-09-08,8.1445,8.2029,8.0472,8.0569,28199,0
2017-09-11,8.0959,8.1737,8.0277,8.0764,57435,0
2017-09-12,8.0861,8.2126,8.0861,8.164,57936,0
2017-09-13,8.2029,8.3294,8.2029,8.3294,50688,0
2017-09-14,8.3197,8.417,8.3197,8.3878,56166,0
2017-09-15,8.3683,8.3683,8.2905,8.3489,41067,0
2017-09-18,8.3683,8.417,8.3489,8.378,89586,0
2017-09-19,8.4072,8.4754,8.4072,8.417,57088,0
2017-09-20,8.4754,8.5727,8.4072,8.5337,139328,0
2017-09-21,8.5629,8.5629,8.378,8.3878,107674,0
2017-09-22,8.3975,8.4656,8.3878,8.4267,46841,0
2017-09-25,8.4462,8.6894,8.4462,8.6894,70302,0
2017-09-26,8.5727,8.7575,8.505,8.7575,75056,0
2017-09-27,8.7965,8.7965,8.562,8.6505,59548,0
2017-09-28,8.6992,8.7575,8.6408,8.6602,33318,0
2017-09-29,8.6019,8.7965,8.6019,8.6519,66172,0
2017-10-02,8.6602,8.8159,8.6602,8.7186,90392,0
2017-10-03,8.7965,8.8159,8.7186,8.7867,47852,0
2017-10-04,8.7673,8.8257,8.7575,8.8159,48196,0
2017-10-05,8.884,9.0495,8.8548,8.9132,57415,0
2017-10-06,8.8159,8.9522,8.8159,8.9035,39401,0
2017-10-09,8.9424,8.9813,8.8753,8.9813,27787,0
2017-10-10,9.0008,9.0203,8.923,8.9911,80293,0
2017-10-11,8.9522,9.0397,8.9522,9.03,62951,0
2017-10-12,9,9.0699,8.91,9.03,55687,0
2017-10-13,9.08,9.08,8.8804,8.92,56657,0
2017-10-16,8.95,9.09,8.77,8.77,53130,0
2017-10-17,8.81,8.81,8.67,8.7,24570,0
2017-10-18,8.7,8.7,8.47,8.47,37282,0
2017-10-19,8.48,8.51,8.28,8.5,53666,0
2017-10-20,8.54,8.54,8.42,8.49,74228,0
2017-10-23,8.52,8.52,8.38,8.44,22649,0
2017-10-24,8.46,8.4962,8.3,8.39,62481,0
2017-10-25,8.38,8.38,8.0501,8.1,100542,0
2017-10-26,7.99,8.19,7.56,8.08,128427,0
2017-10-27,8.15,8.35,8.1072,8.25,79241,0
2017-10-30,8.259,8.449,8.2365,8.2958,52934,0
2017-10-31,8.3,8.34,8.18,8.24,36862,0
2017-11-01,8.33,8.5,8.33,8.5,30790,0
2017-11-02,8.49,8.53,8.26,8.27,45071,0
2017-11-03,8.32,8.46,8.2301,8.31,36298,0
2017-11-06,8.33,8.45,8.29,8.45,51095,0
2017-11-07,8.45,8.49,8.43,8.43,80697,0
2017-11-08,8.42,8.44,8.27,8.44,67406,0
2017-11-09,8.41,8.48,8.27,8.38,47041,0
2017-11-10,8.35,8.42,8.22,8.27,58177,0
