2016-01-04,24.75,24.92,24.65,24.9,20381,0
2016-01-05,24.82,25.09,24.76,24.76,33246,0
2016-01-06,24.67,24.839,24.52,24.63,22840,0
2016-01-07,24.38,24.8,24.38,24.8,19589,0
2016-01-08,24.78,24.98,24.7028,24.9,20493,0
2016-01-11,24.95,24.95,24.75,24.84,9504,0
2016-01-12,24.93,24.93,24.74,24.81,16091,0
2016-01-13,24.78,24.92,24.63,24.63,19596,0
2016-01-14,24.62,24.79,24.46,24.47,37012,0
2016-01-15,24.5,24.5,24.18,24.34,30584,0
2016-01-19,24.34,24.34,24.34,24.34,0,0
2016-01-20,24.26,24.6,24.06,24.6,40091,0
2016-01-21,24.26,24.7,24.26,24.63,21503,0
2016-01-22,24.63,24.78,24.6101,24.78,24538,0
2016-01-25,24.65,24.87,24.65,24.87,10231,0
2016-01-26,24.73,24.8,24.65,24.79,22946,0
2016-01-27,24.69,24.9242,24.65,24.88,15307,0
2016-01-28,24.93,25.02,24.67,25.02,49809,0
2016-01-29,25.12,25.12,24.91,25.03,16966,0
2016-02-01,25.04,25.05,24.84,25,6477,0
2016-02-02,25.05,25.28,24.99,25.2,16786,0
2016-02-03,25.4,25.4,25.04,25.21,13609,0
2016-02-04,25.2,25.3,25.12,25.2993,8978,0
2016-02-05,25.3,25.3,25,25,16115,0
2016-02-08,25.02,25.02,24.43,24.59,30029,0
2016-02-09,24.65,24.76,24.352,24.64,20248,0
2016-02-10,24.85,25.04,24.41,24.85,21613,0
2016-02-11,24.75,24.8599,24.18,24.465,35928,0
2016-02-12,24.75,24.75,24.23,24.58,32229,0
2016-02-16,24.823,24.83,24.35,24.83,11506,0
2016-02-17,24.71,24.99,24.71,24.8982,15620,0
2016-02-18,24.92,25.2,24.6024,25.18,33712,0
2016-02-19,25.14,25.2,24.9,25.08,18227,0
2016-02-22,25.31,25.31,25.1,25.18,26178,0
2016-02-23,25.14,25.2014,24.9643,25.05,13246,0
2016-02-24,25.04,25.15,24.8701,25.03,9932,0
2016-02-25,24.99,25.08,24.99,25.04,6539,0
2016-02-26,25.19,25.2299,25.15,25.22,7807,0
2016-02-29,25.21,25.3592,25.17,25.18,47413,0
2016-03-01,25.19,25.48,25.19,25.29,53154,0
2016-03-02,25.39,25.39,25.2,25.36,6153,0
2016-03-03,25.34,25.34,25.21,25.3175,6591,0
2016-03-04,25.36,25.4,25.2911,25.2911,10690,0
2016-03-07,25.42,25.44,25.29,25.34,14112,0
2016-03-08,25.42,25.42,25.3276,25.33,2857,0
2016-03-09,25.29,25.42,25.29,25.42,3891,0
2016-03-10,25.34,25.48,25.34,25.4461,10291,0
2016-03-11,25.47,25.6,25.41,25.58,7242,0
2016-03-14,25.51,25.58,25.48,25.51,4235,0
2016-03-15,25.58,25.58,25.41,25.4929,13161,0
2016-03-16,25.41,25.52,25.4,25.485,6468,0
2016-03-17,25.57,25.65,25.47,25.52,8416,0
2016-03-18,25.64,25.87,25.558,25.73,21252,0
2016-03-21,25.73,25.78,25.6004,25.78,4008,0
2016-03-22,25.79,25.79,25.66,25.75,7947,0
2016-03-23,25.82,25.8508,25.75,25.84,10009,0
2016-03-24,25.65,25.94,25.65,25.9,8695,0
2016-03-28,25.77,26.08,25.77,26.04,23407,0
2016-03-29,25.95,26.11,25.93,26.04,25355,0
2016-03-30,26.09,26.1499,25.99,26.07,11318,0
2016-03-31,25.58,25.81,25.58,25.81,6312,0
2016-04-01,25.97,25.97,25.35,25.44,9992,0
2016-04-04,25.45,25.45,25.2,25.32,13424,0
2016-04-05,25.08,25.39,25.08,25.33,5829,0
2016-04-06,25.28,25.53,25.28,25.53,4501,0
2016-04-07,25.43,25.43,25.21,25.28,8280,0
2016-04-08,25.23,25.4,25.23,25.35,12272,0
2016-04-11,25.3315,25.52,25.3315,25.45,8475,0
2016-04-12,25.43,25.5,25.4,25.47,9188,0
2016-04-13,25.38,25.49,25.38,25.49,9008,0
2016-04-14,25.43,25.5472,25.382,25.45,8416,0
2016-04-15,25.65,25.65,25.25,25.25,80223,0
2016-04-18,25.32,25.34,25.2,25.28,23698,0
2016-04-19,25.21,25.34,25.21,25.29,10187,0
2016-04-20,25.35,25.35,25.28,25.31,6679,0
2016-04-21,25.32,25.37,25.22,25.3,16166,0
2016-04-22,25.22,25.31,25.22,25.23,22343,0
2016-04-25,25.22,25.28,25.19,25.26,26884,0
2016-04-26,25.27,25.34,25.2,25.32,7458,0
2016-04-27,25.34,25.51,25.33,25.5,16489,0
2016-04-28,25.43,25.57,25.43,25.57,7182,0
2016-04-29,25.57,25.6,25.53,25.6,7423,0
2016-05-02,25.66,25.74,25.61,25.7,6992,0
2016-05-03,25.63,25.73,25.605,25.69,11809,0
2016-05-04,25.67,25.8,25.61,25.7,9872,0
2016-05-05,25.66,25.73,25.66,25.66,6299,0
2016-05-06,25.66,25.76,25.66,25.69,8165,0
2016-05-09,25.76,25.76,25.6037,25.64,13612,0
2016-05-10,25.62,25.708,25.56,25.5918,5128,0
2016-05-11,25.56,25.68,25.55,25.55,13154,0
2016-05-12,25.55,25.65,25.55,25.58,12107,0
2016-05-13,25.65,25.74,25.59,25.6,5324,0
2016-05-16,25.74,25.83,25.64,25.7799,11883,0
2016-05-17,25.84,25.84,25.72,25.78,11514,0
2016-05-18,25.7,25.98,25.66,25.71,13853,0
2016-05-19,25.67,25.6875,25.44,25.49,9376,0
2016-05-20,25.61,25.61,25.49,25.49,9282,0
2016-05-23,25.49,25.58,25.4719,25.5,14185,0
2016-05-24,25.49,25.6,25.41,25.59,21386,0
2016-05-25,25.46,25.65,25.46,25.61,7472,0
2016-05-26,25.57,25.6301,25.54,25.6,6398,0
2016-05-27,25.55,25.67,25.49,25.49,14440,0
2016-05-31,25.47,25.6136,25.47,25.55,6109,0
2016-06-01,25.53,25.6501,25.53,25.6,6861,0
2016-06-02,25.59,25.67,25.55,25.65,7461,0
2016-06-03,25.726,25.88,25.6686,25.87,4984,0
2016-06-06,25.8446,25.95,25.83,25.95,6856,0
2016-06-07,25.81,25.98,25.8,25.9326,7455,0
2016-06-08,25.9,25.9,25.7201,25.89,6079,0
2016-06-09,25.76,25.97,25.76,25.97,4462,0
2016-06-10,25.84,25.9599,25.84,25.9499,7079,0
2016-06-13,25.9,25.95,25.8113,25.895,4835,0
2016-06-14,25.82,25.82,25.7304,25.75,7400,0
2016-06-15,25.7,25.89,25.7,25.89,12831,0
2016-06-16,25.8,25.89,25.784,25.784,2011,0
2016-06-17,25.78,25.9199,25.77,25.8,1842,0
2016-06-20,25.8,25.9101,25.8,25.8523,6020,0
2016-06-21,25.83,25.9093,25.83,25.899,5319,0
2016-06-22,25.85,25.8999,25.8419,25.88,3620,0
2016-06-23,25.915,26.07,25.915,26.07,7177,0
2016-06-24,26.0305,26.12,26,26.03,8345,0
2016-06-27,25.9,26.02,25.9,25.9818,5743,0
2016-06-28,25.95,26.02,25.92,26.02,11886,0
2016-06-29,25.94,26.1,25.94,25.97,12523,0
2016-06-30,25.75,25.97,25.6405,25.84,23868,0
2016-07-01,25.73,25.84,25.73,25.82,5594,0
2016-07-05,25.78,25.81,25.67,25.81,8894,0
2016-07-06,25.58,25.7699,25.55,25.63,6082,0
2016-07-07,25.64,25.704,25.63,25.65,7921,0
2016-07-08,25.62,25.82,25.57,25.65,6784,0
2016-07-11,25.67,25.78,25.6501,25.67,6111,0
2016-07-12,25.68,25.79,25.68,25.78,5570,0
2016-07-13,25.72,25.8,25.69,25.8,6010,0
2016-07-14,25.63,25.81,25.63,25.73,5523,0
2016-07-15,25.81,25.95,25.56,25.56,24553,0
2016-07-18,25.58,25.679,25.56,25.6392,21323,0
2016-07-19,25.64,25.6475,25.5898,25.64,5045,0
2016-07-20,25.61,25.7,25.61,25.67,6072,0
2016-07-21,25.69,25.78,25.6459,25.77,8361,0
2016-07-22,25.69,25.87,25.69,25.82,14679,0
2016-07-25,25.7501,25.88,25.7501,25.7741,5218,0
2016-07-26,25.8021,25.97,25.8021,25.97,8769,0
2016-07-27,25.87,26.0999,25.87,26.06,6970,0
2016-07-28,26.061,26.07,26.034,26.041,8725,0
2016-07-29,26,26.15,25.98,26.15,11299,0
2016-08-01,26.0882,26.14,26.0882,26.14,5246,0
2016-08-02,26.0727,26.14,26.0578,26.14,10864,0
2016-08-03,26.05,26.16,26.05,26.16,8092,0
2016-08-04,26.25,26.25,26.16,26.25,5899,0
2016-08-05,26.24,26.37,26.08,26.37,5814,0
2016-08-08,26.21,26.66,26.16,26.6,16694,0
2016-08-09,26.48,26.69,26.39,26.54,11984,0
2016-08-10,26.33,26.6,26.3,26.3,6824,0
2016-08-11,26.31,26.3925,26.18,26.18,6699,0
2016-08-12,26.16,26.33,26.1193,26.29,6227,0
2016-08-15,26.16,26.19,26.1,26.1,3643,0
2016-08-16,26.07,26.21,25.89,25.9565,14253,0
2016-08-17,25.97,26.04,25.8705,25.9,16704,0
2016-08-18,26.03,26.03,25.89,25.89,6359,0
2016-08-19,25.89,25.92,25.81,25.8264,4444,0
2016-08-22,25.76,25.84,25.67,25.79,8384,0
2016-08-23,25.84,25.84,25.69,25.69,6912,0
2016-08-24,25.7,25.76,25.6201,25.76,14457,0
2016-08-25,25.6788,25.84,25.6788,25.75,4913,0
2016-08-26,25.71,25.7999,25.71,25.7899,5743,0
2016-08-29,25.75,25.8188,25.745,25.7999,6970,0
2016-08-30,25.76,25.81,25.73,25.8,5865,0
2016-08-31,25.75,25.88,25.75,25.85,6741,0
2016-09-01,25.85,25.87,25.78,25.85,3403,0
2016-09-02,25.85,25.87,25.822,25.85,5480,0
2016-09-06,25.89,25.89,25.7,25.79,6229,0
2016-09-07,25.81,25.9199,25.8,25.89,2011,0
2016-09-08,25.82,25.9,25.74,25.87,7747,0
2016-09-09,25.7745,25.7745,25.4716,25.48,7867,0
2016-09-12,25.39,25.6,25.22,25.45,44332,0
2016-09-13,25.35,25.47,25.2974,25.31,7625,0
2016-09-14,25.28,25.47,25.27,25.47,21281,0
2016-09-15,25.4,25.4699,25.4,25.4699,5918,0
2016-09-16,25.47,25.47,25.17,25.43,21293,0
2016-09-19,25.41,25.43,25.35,25.381,10302,0
2016-09-20,25.37,25.43,25.37,25.43,13130,0
2016-09-21,25.41,25.54,25.41,25.54,9997,0
2016-09-22,25.59,25.69,25.58,25.69,12426,0
2016-09-23,25.61,25.71,25.61,25.71,12141,0
2016-09-26,25.6,25.75,25.6,25.71,9913,0
2016-09-27,25.64,25.92,25.64,25.91,21203,0
2016-09-28,25.87,26.17,25.87,26.0022,9491,0
2016-09-29,25.95,26.14,25.95,26.01,6016,0
2016-09-30,25.8,25.9399,25.45,25.776,11835,0
2016-10-03,25.76,25.93,25.54,25.54,9732,0
2016-10-04,25.57,25.64,25.48,25.49,5780,0
2016-10-05,25.49,25.49,25.49,25.49,2181,0
2016-10-06,25.43,25.569,25.42,25.5294,3285,0
2016-10-07,25.46,25.6206,25.46,25.485,6291,0
2016-10-10,25.37,25.53,25.37,25.53,4495,0
2016-10-11,25.47,25.4783,25.25,25.3,14564,0
2016-10-12,25.21,25.29,25.11,25.29,3880,0
2016-10-13,25.1,25.2825,24.91,25.27,12716,0
2016-10-14,25.35,25.4495,25.326,25.35,3440,0
2016-10-17,25.46,25.5909,25.2097,25.5909,6600,0
2016-10-18,25.45,25.77,25.3212,25.77,23036,0
2016-10-19,25.6,25.9342,25.6,25.9206,10861,0
2016-10-20,25.78,25.9299,25.77,25.77,13314,0
2016-10-21,25.75,26,25.75,26,36290,0
2016-10-24,25.8,25.8776,25.8,25.8,8548,0
2016-10-25,25.81,26.03,25.8,26.01,16560,0
2016-10-26,25.88,25.93,25.8063,25.81,5176,0
2016-10-27,25.8,25.8,25.54,25.71,9607,0
2016-10-28,25.42,25.4712,25.26,25.26,9161,0
2016-10-31,25.26,25.39,25.25,25.39,11197,0
2016-11-01,25.26,25.26,25.14,25.15,13390,0
2016-11-02,25.23,25.23,25.0236,25.13,10405,0
2016-11-03,25.01,25.01,24.77,24.77,24453,0
2016-11-04,24.84,24.95,24.73,24.8348,28892,0
2016-11-07,25,25.0576,24.77,24.85,11129,0
2016-11-08,24.79,24.92,24.7,24.77,12930,0
2016-11-09,24.77,24.8082,24.37,24.37,13192,0
2016-11-10,24.37,24.5391,23.96,24.01,22169,0
2016-11-11,24.05,24.7958,23.72,23.8495,15290,0
2016-11-14,23.71,23.71,22.61,22.7878,27160,0
2016-11-15,22.86,23.85,22.7,23.85,23975,0
2016-11-16,23.54,24.1,23.54,24.0728,23781,0
2016-11-17,23.85,24.26,23.786,23.85,26857,0
2016-11-18,23.7,24.0649,23.16,23.44,26891,0
2016-11-21,23.33,23.9899,23.33,23.42,20494,0
2016-11-22,24.07,24.07,23.51,23.7,12429,0
2016-11-23,23.6,23.77,23.6,23.65,5690,0
2016-11-25,23.92,24.06,23.8204,24,7356,0
2016-11-28,23.8916,24.1299,23.8,23.95,7662,0
2016-11-29,23.62,24.1344,23.62,23.9911,8521,0
2016-11-30,24.18,24.18,23.63,23.95,8471,0
2016-12-01,23.95,23.95,23.4,23.4,20842,0
2016-12-02,23.25,23.5,23.25,23.28,7934,0
2016-12-05,23.12,23.6283,23.06,23.6,40978,0
2016-12-06,23.64,23.687,23.5,23.5913,11049,0
2016-12-07,23.63,23.9134,23.63,23.775,17223,0
2016-12-08,23.75,24.06,23.7238,23.87,11014,0
2016-12-09,23.86,23.97,23.65,23.68,12423,0
2016-12-12,23.94,23.94,23.5374,23.61,18644,0
2016-12-13,23.55,23.9,23.5,23.71,16668,0
2016-12-14,23.62,23.9123,23.32,23.39,9658,0
2016-12-15,23.25,23.78,23.01,23.35,23156,0
2016-12-16,23.71,23.7523,23.33,23.33,22367,0
2016-12-19,23.33,23.78,23.33,23.7437,24684,0
2016-12-20,23.55,23.97,23.55,23.89,14829,0
2016-12-21,23.79,24.085,23.79,23.85,17492,0
2016-12-22,24.07,24.08,23.84,24,6735,0
2016-12-23,24.28,24.28,23.9669,23.98,6408,0
2016-12-27,23.98,23.98,23.75,23.75,7060,0
2016-12-28,23.7,24,23.7,23.95,16588,0
2016-12-29,23.48,23.6047,23.36,23.4,11536,0
2016-12-30,23.4,23.4451,23.36,23.3754,11362,0
2017-01-03,23.44,23.6095,23.3829,23.56,8521,0
2017-01-04,23.6,23.8171,23.53,23.68,346112,0
2017-01-05,23.75,23.78,23.4201,23.52,33319,0
2017-01-06,23.5265,23.57,23.4151,23.476,17064,0
2017-01-09,23.61,23.9,23.4813,23.625,29813,0
2017-01-10,23.61,23.68,23.55,23.65,22412,0
2017-01-11,23.68,23.68,23.52,23.6,52713,0
2017-01-12,23.6,23.6037,23.49,23.51,17453,0
2017-01-13,23.51,23.58,23.46,23.58,16594,0
2017-01-17,23.58,23.6413,23.5,23.53,24937,0
2017-01-18,23.55,23.63,23.45,23.63,25709,0
2017-01-19,23.52,23.5299,23.19,23.22,66540,0
2017-01-20,23.22,23.4,23.01,23.11,40682,0
2017-01-23,23.15,23.5,23.15,23.47,22669,0
2017-01-24,23.47,23.57,23.33,23.38,28927,0
2017-01-25,23.36,23.3997,23.095,23.17,45160,0
2017-01-26,23.18,23.35,23.18,23.32,10242,0
2017-01-27,23.35,23.43,23.33,23.4,18113,0
2017-01-30,23.46,23.49,23.27,23.27,36975,0
2017-01-31,23.28,23.37,23.27,23.29,42301,0
2017-02-01,23.29,23.623,23.274,23.51,56758,0
2017-02-02,23.5,23.86,23.5,23.74,17375,0
2017-02-03,23.81,23.98,23.79,23.94,11233,0
2017-02-06,23.94,23.94,23.63,23.68,41365,0
2017-02-07,23.68,23.88,23.68,23.83,14347,0
2017-02-08,23.84,24.0495,23.84,23.94,22041,0
2017-02-09,23.91,23.9758,23.8605,23.89,7305,0
2017-02-10,23.81,23.96,23.81,23.9,8505,0
2017-02-13,23.97,24,23.87,23.87,8789,0
2017-02-14,23.88,23.9432,23.69,23.72,39851,0
2017-02-15,23.71,23.85,23.62,23.63,45158,0
2017-02-16,23.65,23.805,23.65,23.7,71658,0
2017-02-17,23.8,23.8,23.71,23.72,42072,0
2017-02-21,23.75,23.871,23.72,23.85,109008,0
2017-02-22,23.82,24.01,23.82,23.9,41344,0
2017-02-23,23.95,24.0399,23.9,23.91,24241,0
2017-02-24,23.92,24.0609,23.92,24,23876,0
2017-02-27,24,24.19,23.92,23.97,32067,0
2017-02-28,23.99,24.2,23.99,24.1,58658,0
2017-03-01,24.02,24.1,24,24.0927,24679,0
2017-03-02,24.06,24.14,24.06,24.09,37960,0
2017-03-03,24.09,24.1774,24.09,24.14,15866,0
2017-03-06,24.14,24.21,24.09,24.21,18485,0
2017-03-07,24.14,24.23,24.12,24.23,14183,0
2017-03-08,24.1,24.1,23.98,24.0338,81581,0
2017-03-09,24.06,24.2,23.98,24.025,164866,0
2017-03-10,24.05,24.1551,24.05,24.15,12004,0
2017-03-13,24.2,24.24,24.121,24.18,5529,0
2017-03-14,24.14,24.21,24.14,24.16,9627,0
2017-03-15,24.23,24.37,24.16,24.34,20407,0
2017-03-16,24.42,24.5,24.352,24.44,14893,0
2017-03-17,24.4,24.78,24.4,24.67,15456,0
2017-03-20,24.76,24.94,24.67,24.67,19592,0
2017-03-21,24.65,24.727,24.65,24.68,28060,0
2017-03-22,24.71,24.8499,24.71,24.8499,19274,0
2017-03-23,24.89,25.19,24.842,25.19,44485,0
2017-03-24,25.02,25.23,25,25.23,15985,0
2017-03-27,25.05,25.1832,25.02,25.05,10510,0
2017-03-28,25,25.2,25,25.15,56319,0
2017-03-29,25.11,25.2266,25.1,25.17,18795,0
2017-03-30,25.11,25.28,25.0764,25.173,25172,0
2017-03-31,24.91,24.94,24.8209,24.94,10970,0
2017-04-03,24.91,25.1217,24.91,25.0577,24655,0
2017-04-04,24.98,25.08,24.91,24.98,14262,0
2017-04-05,24.95,25.04,24.91,24.91,16647,0
2017-04-06,24.86,24.9816,24.86,24.94,11296,0
2017-04-07,24.9,25,24.9,24.9594,6384,0
2017-04-10,24.91,25.03,24.9,25.03,9555,0
2017-04-11,24.99,25.05,24.95,25,18054,0
2017-04-12,25.01,25.08,24.9852,25.08,22844,0
2017-04-13,25.04,25.18,25.04,25.09,10408,0
2017-04-17,25.28,25.28,25.081,25.24,11602,0
2017-04-18,25.16,25.2,25.0811,25.14,14279,0
2017-04-19,25.11,25.1603,24.98,25.02,22171,0
2017-04-20,25.01,25.09,25.01,25.06,6010,0
2017-04-21,25.05,25.17,25.05,25.1,8268,0
2017-04-24,25.11,25.26,25.08,25.1514,10852,0
2017-04-25,25.12,25.2,25.1002,25.2,10285,0
2017-04-26,25.12,25.19,25.02,25.02,8837,0
2017-04-27,25.04,25.1,25.02,25.04,16284,0
2017-04-28,25.03,25.0967,25.02,25.04,10727,0
2017-05-01,25.04,25.1477,25.03,25.08,17555,0
2017-05-02,25.07,25.1499,25.06,25.06,11170,0
2017-05-03,25.06,25.14,25.06,25.13,17215,0
2017-05-04,25.08,25.08,24.95,25,23043,0
2017-05-05,24.93,24.93,24.8,24.9,10409,0
2017-05-08,24.93,24.96,24.71,24.87,52192,0
2017-05-09,24.92,25.02,24.85,24.99,35158,0
2017-05-10,24.98,25.05,24.98,24.98,7311,0
2017-05-11,24.96,25.03,24.92,24.9948,5925,0
2017-05-12,25.03,25.16,25.012,25.13,11745,0
2017-05-15,25.1213,25.2,25.0101,25.19,11371,0
2017-05-16,25.09,25.12,25.03,25.05,6022,0
2017-05-17,25.01,25.02,24.82,24.85,13027,0
2017-05-18,24.86,25.04,24.86,25.04,10289,0
2017-05-19,24.96,24.9892,24.9,24.98,14831,0
2017-05-22,24.92,24.95,24.91,24.95,8403,0
2017-05-23,24.99,24.99,24.91,24.9495,15743,0
2017-05-24,24.99,25.0036,24.9493,25,8890,0
2017-05-25,25.04,25.1252,25.04,25.11,25748,0
2017-05-26,25.13,25.19,25.0637,25.19,18549,0
2017-05-30,25.08,25.29,25.07,25.1,12177,0
2017-05-31,25.08,25.12,25.01,25.12,10861,0
2017-06-01,25.1513,25.22,25.1513,25.19,4405,0
2017-06-02,25.18,25.2799,25.16,25.2799,4415,0
2017-06-05,25.22,25.22,25.1,25.1432,13896,0
2017-06-06,25.16,25.1899,25.05,25.13,8237,0
2017-06-07,25.08,25.08,24.97,25,14336,0
2017-06-08,25,25.1189,25,25.07,10352,0
2017-06-09,25.05,25.1065,25.05,25.1,4884,0
2017-06-12,25.11,25.24,25.11,25.2,11705,0
2017-06-13,25.08,25.2,25.08,25.17,7254,0
2017-06-14,25.23,25.248,25.1918,25.2004,4197,0
2017-06-15,25.2328,25.27,25.22,25.24,12751,0
2017-06-16,25.22,25.3292,25.22,25.29,11018,0
2017-06-19,25.325,25.35,25.3,25.31,8563,0
2017-06-20,25.2378,25.43,25.2378,25.39,8350,0
2017-06-21,25.33,25.42,25.33,25.42,9675,0
2017-06-22,25.35,25.39,25.23,25.23,18530,0
2017-06-23,25.29,25.29,25.2215,25.27,4512,0
2017-06-26,25.3,25.35,25.3,25.34,6701,0
2017-06-27,25.26,25.4,25.26,25.4,10575,0
2017-06-28,25.308,25.42,25.308,25.4142,7374,0
2017-06-29,25.3546,25.4157,25.3201,25.413,3218,0
2017-06-30,25.2,25.2,25.08,25.09,9190,0
2017-07-03,25.06,25.0999,25.06,25.0999,3469,0
2017-07-05,25.15,25.15,25.09,25.14,21959,0
2017-07-06,25.06,25.13,25.06,25.07,7856,0
2017-07-07,25.08,25.22,24.94,24.94,14418,0
2017-07-10,24.95,25.09,24.9101,25.06,17707,0
2017-07-11,25.14,25.17,25.04,25.04,7637,0
2017-07-12,25.0423,25.29,25.02,25.29,7281,0
2017-07-13,25.24,25.24,24.93,25.03,12569,0
2017-07-14,25.01,25.1122,25.01,25.11,6346,0
2017-07-17,25.22,25.22,25.04,25.08,12011,0
2017-07-18,25.08,25.17,25.08,25.12,17128,0
2017-07-19,25.1,25.25,25.09,25.09,7449,0
2017-07-20,25.09,25.21,25.09,25.17,7118,0
2017-07-21,25.17,25.46,25.1,25.46,18990,0
2017-07-24,25.24,25.42,25.24,25.42,8569,0
2017-07-25,25.35,25.35,25.196,25.28,10298,0
2017-07-26,25.2131,25.28,25.17,25.25,12742,0
2017-07-27,25.2,25.2305,25.2,25.2101,4386,0
2017-07-28,25.2,25.21,25.15,25.155,1836,0
2017-07-31,25.15,25.2118,25.15,25.2118,1907,0
2017-08-01,25.1701,25.23,25.12,25.14,8721,0
2017-08-02,25.19,25.248,25.15,25.248,86100,0
2017-08-03,25.21,25.248,25.16,25.22,9037,0
2017-08-04,25.15,25.2423,25.12,25.165,12235,0
2017-08-07,25.13,25.1799,25.11,25.15,24811,0
2017-08-08,25.12,25.18,25.12,25.18,15787,0
2017-08-09,25.17,25.17,25.08,25.08,10554,0
2017-08-10,25.09,25.13,25.01,25.03,94115,0
2017-08-11,25.03,25.0899,25.003,25.07,9088,0
2017-08-14,25.09,25.14,25.0501,25.14,3989,0
2017-08-15,25.07,25.1508,25.07,25.09,15259,0
2017-08-16,25.16,25.16,25.1,25.1,31852,0
2017-08-17,25.1403,25.1403,25.09,25.09,19812,0
2017-08-18,25.03,25.14,25.03,25.14,14101,0
2017-08-21,25.1,25.1399,25.0996,25.1,3041,0
2017-08-22,25.08,25.18,25.08,25.18,19577,0
2017-08-23,25.12,25.1499,25.11,25.11,14578,0
2017-08-24,25.1,25.129,25.1,25.1186,1643,0
2017-08-25,25.11,25.19,25.08,25.19,13451,0
2017-08-28,25.1669,25.19,25.11,25.19,9109,0
2017-08-29,25.1,25.19,25.1,25.17,4937,0
2017-08-30,25.19,25.6,25.19,25.56,9560,0
2017-08-31,25.54,25.61,25.42,25.61,3621,0
2017-09-01,25.57,25.57,25.38,25.47,6850,0
2017-09-05,25.45,25.47,25.27,25.28,5808,0
2017-09-06,25.3158,25.3158,25.3158,25.3158,1028,0
2017-09-07,25.35,25.42,25.26,25.26,2583,0
2017-09-08,25.36,25.37,25.12,25.17,4580,0
2017-09-11,25.1824,25.2796,25.158,25.2282,2267,0
2017-09-12,25.18,25.31,25.18,25.2788,7381,0
2017-09-13,25.3015,25.3015,25.21,25.23,26767,0
2017-09-14,25.21,25.276,25.2,25.21,8139,0
2017-09-15,25.2387,25.29,25.171,25.29,12948,0
2017-09-18,25.2876,25.33,25.2801,25.2805,4685,0
2017-09-19,25.2996,25.3105,25.19,25.19,20307,0
2017-09-20,25.2,25.28,25.19,25.19,21273,0
2017-09-21,25.2771,25.28,25.2771,25.28,1298,0
2017-09-22,25.28,25.33,25.25,25.25,7981,0
2017-09-25,25.24,25.3,25.216,25.29,5783,0
2017-09-26,25.21,25.32,25.21,25.2502,5025,0
2017-09-27,25.33,25.33,25.231,25.3,2774,0
2017-09-28,25.25,25.35,25.25,25.35,11815,0
2017-09-29,25.34,25.36,25.31,25.36,12115,0
2017-10-02,25.04,25.04,24.9901,25.0099,4503,0
2017-10-03,24.99,25.033,24.972,25,34536,0
2017-10-04,25.0402,25.07,25,25.07,7202,0
2017-10-05,25.0569,25.0569,24.96,25.04,5468,0
2017-10-06,25,25,24.91,24.98,9387,0
2017-10-09,24.9126,25,24.9126,24.97,8692,0
2017-10-10,24.95,25.12,24.95,24.98,7291,0
2017-10-11,24.99,25.038,24.99,25.02,3798,0
2017-10-12,25.02,25.09,24.9533,25.01,14009,0
2017-10-13,25.02,25.12,25.01,25.02,6730,0
2017-10-16,25.05,25.1299,25.01,25.07,7206,0
2017-10-17,24.99,25.04,24.98,25.04,5440,0
2017-10-18,25.02,25.089,24.99,25.02,5357,0
2017-10-19,25.02,25.0547,24.9978,25.021,28633,0
2017-10-20,25.0198,25.1,24.88,25.08,19316,0
2017-10-23,25.13,25.14,25,25,15016,0
2017-10-24,25.02,25.21,25.0158,25.21,8427,0
2017-10-25,25.17,25.19,25,25.02,62838,0
2017-10-26,25.02,25.15,25.02,25.08,54683,0
2017-10-27,25.05,25.12,25.03,25.12,4240,0
2017-10-30,25.11,25.14,25.07,25.116,1888,0
2017-10-31,25.11,25.12,25.0705,25.12,81306,0
2017-11-01,25.08,25.13,25.08,25.12,7120,0
2017-11-02,25.07,25.228,25.07,25.125,6010,0
2017-11-03,25.09,25.1033,25.0276,25.07,10174,0
2017-11-06,25.1173,25.1698,25.09,25.1152,1959,0
2017-11-07,25.19,25.19,25.19,25.19,12308,0
2017-11-08,25.149,25.17,25.14,25.14,3974,0
2017-11-09,25.11,25.11,24.96,24.98,12029,0
2017-11-10,24.98,25.0443,24.9756,25,7012,0
