2016-01-04,17.03,17.42,16.83,17.1,1231360,0
2016-01-05,17.17,17.21,16.16,16.33,1462481,0
2016-01-06,16.08,16.1,14.8601,15.15,1935848,0
2016-01-07,14.82,15.05,13.85,13.98,1543306,0
2016-01-08,14.4,14.46,13.46,13.71,2056393,0
2016-01-11,13.79,13.87,12.83,13.09,1352180,0
2016-01-12,13.31,13.57,12.68,12.99,1203395,0
2016-01-13,13.12,13.5243,12.55,12.6,1175193,0
2016-01-14,12.61,12.85,11.9,12.54,1856540,0
2016-01-15,12.13,12.3,11.74,12.15,1365110,0
2016-01-19,12.42,12.52,11.5,11.69,1308500,0
2016-01-20,11.39,11.84,10.5284,11.7,1871502,0
2016-01-21,11.64,12.385,11.49,12,1017531,0
2016-01-22,12.26,12.93,12.13,12.3,874962,0
2016-01-25,12.21,12.2299,11.79,11.99,834558,0
2016-01-26,12.11,12.84,11.97,12.77,876051,0
2016-01-27,12.68,13.11,12.43,12.56,689030,0
2016-01-28,12.79,13.04,12.33,12.89,1117654,0
2016-01-29,12.84,13.29,12.77,12.91,940615,0
2016-02-01,12.87,15.08,12.5,13.36,7325914,0
2016-02-02,13.15,13.39,12.6,12.77,1222731,0
2016-02-03,12.9,12.95,12.07,12.38,994025,0
2016-02-04,12.32,13.15,12.26,12.74,959521,0
2016-02-05,12.68,12.73,12.27,12.34,619020,0
2016-02-08,12.2,12.43,11.8551,12.35,1129098,0
2016-02-09,12.06,12.58,11.97,12.09,875647,0
2016-02-10,12.1,13.03,11.74,12.41,2636070,0
2016-02-11,12.16,12.46,11.5,11.79,1383965,0
2016-02-12,11.96,12.61,11.9546,12.33,1123853,0
2016-02-16,12.69,13.95,12.5825,13.82,1332700,0
2016-02-17,14.45,16.12,14.36,14.77,3328274,0
2016-02-18,14.89,14.892,13.74,14.42,1496385,0
2016-02-19,14.39,14.46,13.82,14.21,1061543,0
2016-02-22,11.61,12.427,10.75,11.4,9821405,0
2016-02-23,11.5,11.87,11.21,11.27,2715859,0
2016-02-24,11.25,11.59,10.84,11.39,1810386,0
2016-02-25,11.37,11.47,10.75,11.24,2273893,0
2016-02-26,11.37,11.44,11.05,11.11,2128859,0
2016-02-29,10.38,11.4,10.01,11.33,6535571,0
2016-03-01,11.42,11.5,10.73,11.19,2612178,0
2016-03-02,11.03,11.42,10.92,11.38,1834510,0
2016-03-03,11.27,12.41,11.25,12.01,2788776,0
2016-03-04,12.1,12.92,12.01,12.21,1972653,0
2016-03-07,12.25,13.9,12.21,13.84,2294233,0
2016-03-08,13.7,14.11,11.71,11.77,6042802,0
2016-03-09,12.2,12.2,11.29,11.8,3439656,0
2016-03-10,11.84,11.9,11.3,11.48,1834340,0
2016-03-11,11.55,11.59,11.1,11.41,1607921,0
2016-03-14,11.34,11.805,11.28,11.48,1524133,0
2016-03-15,11.44,11.52,11.2,11.24,865785,0
2016-03-16,11.24,11.25,10.86,11.07,1121130,0
2016-03-17,11.06,11.45,10.92,11.33,898996,0
2016-03-18,11.46,12.26,11.42,12.24,1733146,0
2016-03-21,12.25,12.3,11.93,12.02,795909,0
2016-03-22,11.94,14.33,11.8,13.94,7722189,0
2016-03-23,14.32,14.8,12.53,12.54,5549912,0
2016-03-24,12.57,13.23,12.3001,13.15,2050393,0
2016-03-28,13.17,13.2,12.39,12.69,1185475,0
2016-03-29,12.65,13.2698,12.54,13.04,1426599,0
2016-03-30,13.17,13.27,12.65,12.91,1067246,0
2016-03-31,12.96,13.29,12.86,13.12,907753,0
2016-04-01,13.02,13.26,12.83,13.06,733578,0
2016-04-04,13.01,13.49,12.81,12.82,1039751,0
2016-04-05,13.45,15,13.42,14.2,4596846,0
2016-04-06,14.5,14.59,13.78,14.21,1713374,0
2016-04-07,14.16,14.25,13.645,13.72,1077202,0
2016-04-08,13.8,14.1,13.56,13.76,860413,0
2016-04-11,13.81,14.15,13.75,13.96,1263142,0
2016-04-12,13.95,14.46,13.84,14.22,981112,0
2016-04-13,14.32,15.35,14.32,15.24,1596995,0
2016-04-14,15.21,15.38,14.85,15.19,1222363,0
2016-04-15,15.11,15.57,14.95,15.13,1172024,0
2016-04-18,15.07,15.32,14.84,15.25,1152415,0
2016-04-19,15.28,15.635,14.7875,14.99,1148130,0
2016-04-20,15.02,15.39,14.89,15.16,1043865,0
2016-04-21,15.29,15.35,14.785,14.82,898045,0
2016-04-22,14.85,15.62,14.85,15.04,1410003,0
2016-04-25,15.03,15.07,14.63,14.87,950091,0
2016-04-26,14.87,15.75,14.87,15.74,1755080,0
2016-04-27,15.78,16.22,15.5,16.02,1070495,0
2016-04-28,16.05,16.25,15.24,15.28,1453811,0
2016-04-29,15.36,15.42,14.3801,14.91,1421808,0
2016-05-02,14.95,15.22,14.52,14.71,868655,0
2016-05-03,14.45,14.51,13.97,14.08,837329,0
2016-05-04,14.03,14.4,13.79,13.91,465690,0
2016-05-05,13.9,14.0567,13.34,13.36,785854,0
2016-05-06,13.23,13.53,13.11,13.53,645642,0
2016-05-09,13.26,13.6,12.64,13.45,2100256,0
2016-05-10,11.1,13.18,11.07,12.39,5843548,0
2016-05-11,12.23,12.26,11.4399,11.51,2596400,0
2016-05-12,11.6,11.97,11.53,11.58,1918326,0
2016-05-13,11.54,11.79,11.29,11.34,1261457,0
2016-05-16,11.46,11.65,11.3,11.41,1546968,0
2016-05-17,11.4,12.05,11.4,11.59,1473060,0
2016-05-18,11.56,11.64,11.28,11.35,870432,0
2016-05-19,11.33,11.6,11.21,11.46,816226,0
2016-05-20,11.5,12.1538,11.47,12.02,1136615,0
2016-05-23,12,12.1,11.84,11.9,850243,0
2016-05-24,11.6,12.1,11.6,12.01,846855,0
2016-05-25,11.93,12.67,11.93,12.53,1082753,0
2016-05-26,12.58,12.95,12.5,12.53,805049,0
2016-05-27,12.51,12.92,12.51,12.8,637793,0
2016-05-31,12.91,13.22,12.76,13.1,824363,0
2016-06-01,13,13.23,12.9,13.01,754434,0
2016-06-02,12.98,13.49,12.95,13.45,904014,0
2016-06-03,13.45,13.52,13.0501,13.39,673223,0
2016-06-06,13.3,14.09,13.27,14.08,785829,0
2016-06-07,14,14.59,14,14.29,1157211,0
2016-06-08,14.33,14.555,14.31,14.47,587984,0
2016-06-09,14.27,14.4499,14.09,14.33,696979,0
2016-06-10,14.09,14.26,13.38,13.5,996431,0
2016-06-13,13.45,13.6,13.12,13.35,1147953,0
2016-06-14,13.29,13.46,12.9,13.16,674048,0
2016-06-15,13.25,13.67,13.13,13.14,918148,0
2016-06-16,13,13.34,12.67,13.23,648739,0
2016-06-17,14.27,16.4854,14.19,15.78,7119984,0
2016-06-20,16,16.25,15.34,15.93,2165688,0
2016-06-21,16,16.1,15.2,15.45,1648719,0
2016-06-22,15.58,15.76,15.26,15.42,847146,0
2016-06-23,15.44,15.86,15.42,15.78,901994,0
2016-06-24,15.09,15.81,15,15.71,1260294,0
2016-06-27,15.36,15.4989,14.13,14.29,1881835,0
2016-06-28,14.53,14.94,14.469,14.69,982226,0
2016-06-29,14.89,15.41,14.77,15.32,851304,0
2016-06-30,15.27,15.43,14.9,15.42,1515719,0
2016-07-01,15.51,16.13,15.46,15.88,1024524,0
2016-07-05,15.72,15.8399,15.02,15.49,784174,0
2016-07-06,15.22,15.89,15.1501,15.81,613450,0
2016-07-07,15.94,16.56,15.92,16.36,904446,0
2016-07-08,16.5,17.16,16.5,16.85,1012875,0
2016-07-11,16.96,17.58,16.93,17.47,1121230,0
2016-07-12,17.75,17.99,17.515,17.55,1579499,0
2016-07-13,17.62,17.875,16.78,17.05,953387,0
2016-07-14,17.16,17.37,16.79,16.85,745103,0
2016-07-15,16.93,17.13,16.69,16.75,581517,0
2016-07-18,16.79,17.549,16.7247,17.32,828362,0
2016-07-19,17.24,17.42,16.97,17.1,465178,0
2016-07-20,17.11,17.2899,16.72,17.17,595206,0
2016-07-21,16.98,17.447,16.93,17.32,637174,0
2016-07-22,17.28,17.48,17.0083,17.32,727851,0
2016-07-25,17.1,17.1,16.45,16.9,1262348,0
2016-07-26,16.86,17.44,16.85,16.98,1266217,0
2016-07-27,15.77,16.33,14.85,15.1,4213397,0
2016-07-28,15.06,15.3,14.4435,14.49,2210327,0
2016-07-29,14.38,15.06,14.26,15.03,1465794,0
2016-08-01,14.98,15.41,14.51,15.31,1697802,0
2016-08-02,15.27,15.45,15.04,15.2,1027213,0
2016-08-03,15.06,15.63,14.95,15.61,945260,0
2016-08-04,15.5,15.85,15.2,15.22,761238,0
2016-08-05,15.46,15.83,15.32,15.61,858746,0
2016-08-08,15.67,16.19,15.67,15.97,925894,0
2016-08-09,15.91,16.08,15.73,15.85,694585,0
2016-08-10,15.93,16.089,15.6652,15.88,549363,0
2016-08-11,16,16.35,15.93,16.23,589453,0
2016-08-12,16.11,16.52,16.11,16.32,634163,0
2016-08-15,16.34,16.56,16.32,16.41,503383,0
2016-08-16,16.46,16.49,16.131,16.28,302891,0
2016-08-17,17.65,17.84,16.39,16.84,3438474,0
2016-08-18,16.78,17.08,16.58,16.81,809618,0
2016-08-19,16.72,16.73,16.27,16.35,652463,0
2016-08-22,16.33,16.39,16.12,16.26,555014,0
2016-08-23,16.35,16.62,16.26,16.31,694119,0
2016-08-24,16.25,16.41,15.8,15.84,922958,0
2016-08-25,15.75,16.33,15.75,16.19,718614,0
2016-08-26,16.22,16.38,15.8,15.97,582213,0
2016-08-29,15.98,16.23,15.95,16.06,336149,0
2016-08-30,16.09,16.25,15.85,15.98,394983,0
2016-08-31,15.95,16.2,15.67,15.76,462963,0
2016-09-01,15.75,15.78,15.35,15.6,560741,0
2016-09-02,15.68,15.97,15.63,15.91,408951,0
2016-09-06,16,16,15.62,15.74,357148,0
2016-09-07,15.7,16.09,15.65,16.07,504539,0
2016-09-08,15.89,16.306,15.88,16.09,575122,0
2016-09-09,15.99,16.0799,15.58,15.67,670164,0
2016-09-12,15.68,16.07,15.49,16.01,527984,0
2016-09-13,15.83,16.02,15.38,15.53,443997,0
2016-09-14,15.53,15.74,15.305,15.31,563126,0
2016-09-15,15.3,15.785,15.26,15.78,680034,0
2016-09-16,15.67,15.87,15.53,15.68,461441,0
2016-09-19,15.71,16.33,15.65,15.87,622855,0
2016-09-20,15.93,15.939,15.6,15.61,341368,0
2016-09-21,15.89,17.09,15.89,17.07,2392566,0
2016-09-22,17.14,18.3,17.14,18.23,2687762,0
2016-09-23,18.29,18.69,17.68,17.97,1433892,0
2016-09-26,17.96,18.083,17.77,17.79,579167,0
2016-09-27,17.75,18.05,17.59,18.01,826527,0
2016-09-28,18.04,18.29,17.87,18.21,830808,0
2016-09-29,18.2,20.09,18.2,19.07,2145955,0
2016-09-30,19.27,19.82,19.21,19.67,1059577,0
2016-10-03,19.67,19.8189,19.33,19.53,488097,0
2016-10-04,19.55,20.1,18.9,18.93,1217017,0
2016-10-05,19.06,19.75,19,19.45,791772,0
2016-10-06,19.47,19.71,19.11,19.62,767698,0
2016-10-07,19.7,20.09,19.38,19.48,648475,0
2016-10-10,19.63,19.7996,19.3,19.44,400544,0
2016-10-11,19.4,19.4304,18.691,18.83,697672,0
2016-10-12,18.92,19.44,18.8,19.11,424205,0
2016-10-13,18.83,18.95,18.5603,18.75,534283,0
2016-10-14,18.9,19.02,18.63,18.64,467150,0
2016-10-17,18.66,19.01,18.56,18.74,835700,0
2016-10-18,18.98,19.35,18.6,18.97,748324,0
2016-10-19,19.13,19.31,18.92,19.05,769309,0
2016-10-20,18.98,19.384,18.86,19.1,608926,0
2016-10-21,18.9,19.39,18.77,19.22,590015,0
2016-10-24,19.47,19.53,18.8,19.03,655152,0
2016-10-25,19.02,19.03,18.35,18.48,520574,0
2016-10-26,18.47,18.95,18.25,18.37,576815,0
2016-10-27,18.44,18.6811,17.945,18.08,614338,0
2016-10-28,18.1,18.8,18.03,18.48,825039,0
2016-10-31,18.45,18.549,15.0292,15.51,6657992,0
2016-11-01,15.34,15.65,14.8,15.18,2056811,0
2016-11-02,15.22,15.25,14.785,14.99,922799,0
2016-11-03,15.07,15.195,14.7,15.02,828243,0
2016-11-04,14.99,15.59,14.95,15.31,846401,0
2016-11-07,15.63,15.742,15.11,15.22,754055,0
2016-11-08,15.16,15.24,14.36,14.78,1198814,0
2016-11-09,14.28,15.155,14.02,15.1,1116394,0
2016-11-10,15.1,15.57,15.09,15.27,860526,0
2016-11-11,15.28,16.51,15.28,16.47,927802,0
2016-11-14,16.82,17.12,16.61,16.83,783240,0
2016-11-15,16.81,17.17,16.52,16.63,589628,0
2016-11-16,16.6,16.67,16.25,16.56,509018,0
2016-11-17,16.7,16.99,16.43,16.76,439589,0
2016-11-18,16.83,16.99,16.7,16.9,437313,0
2016-11-21,17.1,17.2,16.56,17.02,666151,0
2016-11-22,17.18,18.57,17.18,18.27,1237936,0
2016-11-23,18.06,18.2419,17.66,17.97,535631,0
2016-11-25,18.01,18.27,17.9,18,261462,0
2016-11-28,18.01,18.16,17.38,17.41,440394,0
2016-11-29,17.4,18.09,17.4,17.9,1128670,0
2016-11-30,18,18.205,17.58,17.65,837194,0
2016-12-01,17.65,17.84,16.89,17.15,783662,0
2016-12-02,17.21,17.6,17.202,17.39,495038,0
2016-12-05,17.5,17.725,17.4,17.6,652565,0
2016-12-06,17.67,17.95,17.46,17.77,806459,0
2016-12-07,17.79,18.09,17.77,17.97,762102,0
2016-12-08,18.0004,18.37,17.96,18.2,1282969,0
2016-12-09,18.19,18.27,17.73,18,809289,0
2016-12-12,17.86,17.95,17.5,17.51,730465,0
2016-12-13,17.58,17.82,17.1908,17.4,605885,0
2016-12-14,17.38,17.39,16.79,16.9,716715,0
2016-12-15,16.94,17.3502,16.59,16.65,618904,0
2016-12-16,16.7,16.85,16.46,16.51,941646,0
2016-12-19,16.52,17,16.52,16.79,614394,0
2016-12-20,16.82,17.17,16.73,16.93,671727,0
2016-12-21,16.93,17.24,16.61,17.03,817442,0
2016-12-22,17.05,17.34,16.39,16.44,813062,0
2016-12-23,16.56,16.69,16.34,16.5,368041,0
2016-12-27,16.5,16.68,16.22,16.53,588609,0
2016-12-28,16.53,16.57,16.02,16.12,670819,0
2016-12-29,16.16,16.45,15.86,16.03,673589,0
2016-12-30,16,16.1,15.63,15.74,770368,0
2017-01-03,15.91,16.03,15.4199,15.53,689075,0
2017-01-04,15.62,15.95,15.57,15.91,555831,0
2017-01-05,15.75,15.93,15.48,15.76,513550,0
2017-01-06,15.76,15.86,15.49,15.65,391720,0
2017-01-09,15.62,15.7,15.28,15.35,426592,0
2017-01-10,15.35,15.62,15.34,15.46,389025,0
2017-01-11,15.42,15.4567,15.1521,15.33,446673,0
2017-01-12,15.32,15.4886,14.99,15.47,475157,0
2017-01-13,15.53,16,15.53,15.72,547832,0
2017-01-17,15.73,15.98,15.44,15.56,416218,0
2017-01-18,15.56,15.63,15.25,15.57,480378,0
2017-01-19,15.57,15.6999,15.13,15.18,403859,0
2017-01-20,15.17,15.315,15,15.29,518593,0
2017-01-23,15.33,15.52,15.14,15.39,403177,0
2017-01-24,15.44,15.825,15.4,15.8,489716,0
2017-01-25,15.9,16.17,15.66,15.72,542266,0
2017-01-26,15.71,15.88,15.48,15.65,405989,0
2017-01-27,15.61,15.61,15.38,15.57,354366,0
2017-01-30,15.52,15.72,15.26,15.56,443045,0
2017-01-31,15.5,15.71,15.35,15.66,409265,0
2017-02-01,15.64,15.73,15.53,15.58,371924,0
2017-02-02,15.64,15.69,15.41,15.42,328079,0
2017-02-03,15.48,15.795,15.38,15.79,382615,0
2017-02-06,15.75,16.05,15.68,15.77,600155,0
2017-02-07,15.74,15.96,15.6,15.66,246924,0
2017-02-08,15.62,15.862,15.47,15.73,368406,0
2017-02-09,15.81,16.2,15.7,16.09,456556,0
2017-02-10,16.18,16.37,16.05,16.29,395258,0
2017-02-13,16.41,16.43,16.01,16.03,353562,0
2017-02-14,15.9,16.0999,15.8,15.94,444069,0
2017-02-15,15.9,16.0236,15.74,15.89,597170,0
2017-02-16,15.91,15.97,15.4,15.66,844809,0
2017-02-17,15.64,15.7,15.25,15.36,945688,0
2017-02-21,16.88,18.9,16.45,17.98,6048999,0
2017-02-22,18.19,18.35,17.72,18.19,2662505,0
2017-02-23,18.23,18.35,17.86,17.91,1477775,0
2017-02-24,17.8,17.9,17.335,17.39,1303546,0
2017-02-27,17.6,18.23,17.4,18.19,875945,0
2017-02-28,18.1,18.196,17.67,17.73,754723,0
2017-03-01,18.06,18.64,17.93,18.46,1389649,0
2017-03-02,18.4,18.71,18.34,18.4,698285,0
2017-03-03,18.4,18.55,17.94,18.19,528111,0
2017-03-06,18,18.45,17.75,18,1186301,0
2017-03-07,17.97,18.01,17.73,17.84,468165,0
2017-03-08,17.91,18.0548,17.77,17.8,544793,0
2017-03-09,17.72,17.83,17.41,17.69,594297,0
2017-03-10,17.86,17.9,17.58,17.84,487109,0
2017-03-13,17.82,18.02,17.58,17.93,455063,0
2017-03-14,17.91,17.95,17.35,17.95,608235,0
2017-03-15,18,18.58,17.933,18.51,934828,0
2017-03-16,18.49,19.17,18.33,19.07,1012249,0
2017-03-17,19.15,19.36,18.92,19.29,1189625,0
2017-03-20,19.2,19.265,18.95,19.16,538676,0
2017-03-21,19.23,19.25,18.53,18.68,772285,0
2017-03-22,18.6,18.93,18.39,18.63,633570,0
2017-03-23,18.59,19.04,18.49,18.78,497644,0
2017-03-24,18.82,18.97,18.52,18.6,396839,0
2017-03-27,18.34,18.6,18.26,18.58,478463,0
2017-03-28,18.57,18.69,18.37,18.62,357261,0
2017-03-29,18.68,19.93,18.67,19.66,939838,0
2017-03-30,19.57,19.82,19.3801,19.75,536051,0
2017-03-31,19.79,21.06,19.73,20.99,1755065,0
2017-04-03,21.01,22.73,21.01,22.46,3537532,0
2017-04-04,22.43,23.76,22.06,23.19,2996928,0
2017-04-05,23.19,23.65,22.33,22.6,1945584,0
2017-04-06,22.71,23.1885,22.46,22.84,1255083,0
2017-04-07,22.84,22.94,22.58,22.7,815924,0
2017-04-10,22.67,23.12,21.83,22.22,1499744,0
2017-04-11,22.15,22.4,22.021,22.37,1044250,0
2017-04-12,22.19,22.28,21.7347,21.96,910406,0
2017-04-13,21.87,21.9763,21.1,21.56,1134420,0
2017-04-17,21.56,22,21.4,21.95,679376,0
2017-04-18,21.93,23.17,21.85,22.84,1599714,0
2017-04-19,22.96,23.18,22.75,22.79,909244,0
2017-04-20,22.91,23.4128,22.74,23.14,963085,0
2017-04-21,23.17,23.36,22.85,23.05,833613,0
2017-04-24,23.31,23.48,22.54,22.66,794279,0
2017-04-25,22.77,23.3,22.17,22.97,1339866,0
2017-04-26,22.95,24.84,22.83,24.25,2214321,0
2017-04-27,24.05,24.58,23.83,24.36,1217504,0
2017-04-28,24.39,24.747,23.85,24.55,1312438,0
2017-05-01,24.59,24.9,24.05,24.41,1564987,0
2017-05-02,22.5,22.5,19.46,21.05,6929872,0
2017-05-03,21.21,21.94,20.815,21.22,2508029,0
2017-05-04,21.38,21.45,20.67,21.33,1531256,0
2017-05-05,21.35,21.915,21.02,21.89,1465818,0
2017-05-08,21.88,22.37,21.84,21.96,822536,0
2017-05-09,21.94,22.12,21.515,21.69,834111,0
2017-05-10,22.8,24.84,22.63,24.78,3203908,0
2017-05-11,24.6,25.37,23.83,25.31,2248303,0
2017-05-12,25.32,25.5,24.73,25.18,838211,0
2017-05-15,25.13,25.49,24.9821,25.43,830411,0
2017-05-16,25.59,26.9,25.57,26.7,1743476,0
2017-05-17,25.99,26.6,25.44,25.56,1343889,0
2017-05-18,25.31,26.43,25.12,26.21,1076232,0
2017-05-19,27.64,29.773,27.2999,29.13,4010449,0
2017-05-22,29.62,30.65,29.31,30.14,2299693,0
2017-05-23,30.34,30.5,29.72,29.98,1155166,0
2017-05-24,29.95,30,29.52,29.85,884235,0
2017-05-25,30.18,30.5,29.621,29.88,1123870,0
2017-05-26,29.93,29.99,29.38,29.9,796422,0
2017-05-30,29.8,29.97,29.23,29.52,718127,0
2017-05-31,29.58,29.58,28.61,28.98,932746,0
2017-06-01,28.99,29.43,28.64,29.09,799003,0
2017-06-02,29.7,30.18,27.77,28.28,1803112,0
2017-06-05,28.24,28.55,27.39,27.93,1172551,0
2017-06-06,27.78,28.04,27.27,27.32,989889,0
2017-06-07,27.3,27.46,26.67,26.71,969945,0
2017-06-08,26.68,27.7,26.521,26.83,713359,0
2017-06-09,26.96,27.579,26.14,26.55,1441459,0
2017-06-12,26.4,26.52,25.76,26.06,1200575,0
2017-06-13,26.19,26.405,25.88,25.91,1107554,0
2017-06-14,25.93,25.98,25.185,25.3,1435244,0
2017-06-15,25.1,25.2,24.69,24.94,830645,0
2017-06-16,24.76,25.03,24.55,24.92,1027290,0
2017-06-19,25.25,26.74,25.22,26.45,1302706,0
2017-06-20,26.42,26.61,25.61,25.93,817799,0
2017-06-21,26,26.4428,25.819,25.85,630965,0
2017-06-22,25.88,26.35,25.55,26.04,606146,0
2017-06-23,25.74,26.26,25.7,25.77,1124905,0
2017-06-26,25.86,26.24,25.63,25.96,600222,0
2017-06-27,25.92,26.35,25.62,25.76,501778,0
2017-06-28,25.89,26.35,25.57,25.9,661748,0
2017-06-29,25.78,25.8674,24.0664,24.88,1314234,0
2017-06-30,24.93,25.16,24.22,25.06,657066,0
2017-07-03,25.21,25.44,24.56,25.25,368914,0
2017-07-05,25.14,25.53,24.68,25.4,682335,0
2017-07-06,25.3,25.62,24.77,24.83,680207,0
2017-07-07,24.82,25.1601,24.62,24.98,675810,0
2017-07-10,24.96,24.96,24.27,24.35,715263,0
2017-07-11,24.35,24.66,24.16,24.53,553659,0
2017-07-12,24.76,25.07,24.55,24.63,427064,0
2017-07-13,24.77,24.985,24.41,24.78,452916,0
2017-07-14,24.82,25,24.36,24.72,434083,0
2017-07-17,24.72,26.22,24.685,26.01,1293227,0
2017-07-18,25.82,25.97,24.9,25.21,802770,0
2017-07-19,25.33,25.68,25.24,25.44,576724,0
2017-07-20,25.45,25.7,24.67,24.83,561614,0
2017-07-21,24.9,24.9,24.44,24.63,405400,0
2017-07-24,24.74,24.9,24.32,24.77,429989,0
2017-07-25,24.95,25.74,24.7858,25.41,527781,0
2017-07-26,25.64,25.72,25.1,25.3,476837,0
2017-07-27,25.45,25.6522,24.83,25.36,612170,0
2017-07-28,25.36,25.828,24.96,25.58,835062,0
2017-07-31,25.68,25.9503,24.5,24.71,1216781,0
2017-08-01,30.2,33.75,30.07,33.59,12614643,0
2017-08-02,33.39,36.9,33.05,35.55,7827008,0
2017-08-03,34.89,36.32,33.94,35.27,2952213,0
2017-08-04,35.305,36.98,35.101,36.49,2178746,0
2017-08-07,36.49,37.54,35.84,37.13,1767493,0
2017-08-08,37.31,37.84,35.86,35.99,1666579,0
2017-08-09,35.63,37.69,35.14,37.21,1753071,0
2017-08-10,37,37.2,35.22,35.23,1603183,0
2017-08-11,35.13,36.48,35.02,35.62,1004883,0
2017-08-14,36.26,36.5,35.89,36.45,898569,0
2017-08-15,36.55,36.55,35.08,35.34,838596,0
2017-08-16,35.55,35.82,34.83,34.92,810927,0
2017-08-17,34.82,35.55,34.49,34.5,760795,0
2017-08-18,34.7,35.98,34.7,35.22,1118818,0
2017-08-21,35.13,35.92,34.76,35.65,740137,0
2017-08-22,35.5,36.14,35.06,35.49,532802,0
2017-08-23,35.15,35.93,35.0008,35.39,696969,0
2017-08-24,35.71,35.88,35.22,35.68,576472,0
2017-08-25,35.9,37.16,35.66,37.06,1362248,0
2017-08-28,37.61,39.29,37.501,38.7,2590807,0
2017-08-29,38.25,39.08,37.58,38.92,1789961,0
2017-08-30,38.85,39.25,36.5879,37.11,2092145,0
2017-08-31,37.4,38.0699,37.071,37.53,1428038,0
2017-09-01,37.77,37.79,37,37.66,890224,0
2017-09-05,37.86,39.49,37.78,39.24,1779638,0
2017-09-06,40,40,38.78,39.46,1089991,0
2017-09-07,39.94,40.2399,38.85,39.69,1144726,0
2017-09-08,39.61,41.33,39.61,40.46,1985943,0
2017-09-11,40,40,37.3116,37.82,2580465,0
2017-09-12,37.89,39.08,37.8892,38.59,1084915,0
2017-09-13,38.57,39.15,38.21,38.23,980926,0
2017-09-14,38.09,38.1452,37.29,37.4,885591,0
2017-09-15,37.49,37.94,37.12,37.49,1003960,0
2017-09-18,37.59,37.9269,36.84,37.54,786668,0
2017-09-19,37.61,37.88,37.06,37.62,649743,0
2017-09-20,37.3,38.23,37.3,37.55,949430,0
2017-09-21,37.63,37.87,37.31,37.54,439623,0
2017-09-22,37.51,37.605,36.62,36.95,789563,0
2017-09-25,36.92,37.89,36.631,37.74,915771,0
2017-09-26,37.68,38.24,37.22,37.27,503271,0
2017-09-27,37.38,37.95,36.96,37.67,587321,0
2017-09-28,37.56,38.93,37.528,38.8,1009241,0
2017-09-29,38.81,39.25,38.44,38.98,950516,0
2017-10-02,39.22,39.249,37.82,38.71,799922,0
2017-10-03,38.02,38.66,35.7,36.82,2411906,0
2017-10-04,36.81,37.13,36.1,36.8,882302,0
2017-10-05,36.81,37.92,36.5,36.8,821297,0
2017-10-06,36.59,37.45,36.59,36.91,711882,0
2017-10-09,36.45,36.57,35.75,35.8,1142798,0
2017-10-10,35.84,36.0897,34.04,34.23,1677092,0
2017-10-11,34.56,35.66,34.44,35.16,1114475,0
2017-10-12,35.04,35.31,34.18,34.81,750722,0
2017-10-13,34.85,35.09,34.465,34.82,519163,0
2017-10-16,34.89,35.26,34.22,34.48,608382,0
2017-10-17,34.51,35.315,34.26,35.13,887765,0
2017-10-18,35.13,35.73,35.06,35.14,647691,0
2017-10-19,34.83,35.06,33.9,34.96,867588,0
2017-10-20,35.18,35.54,34.21,34.86,719682,0
2017-10-23,35.01,35.05,34.45,34.65,541920,0
2017-10-24,34.69,35.3,34.65,34.88,485598,0
2017-10-25,36.83,36.85,34.07,34.88,1134848,0
2017-10-26,34.88,35.65,34.57,35.55,855121,0
2017-10-27,35.36,35.845,34.738,35.47,1230238,0
2017-10-30,35.07,35.43,34.34,34.77,1913798,0
2017-10-31,33.27,35.9399,30.68,30.78,5974304,0
2017-11-01,31.01,31.75,29.2135,31.38,2726806,0
2017-11-02,31.23,31.2548,30.24,30.35,1208683,0
2017-11-03,30.46,31.47,30.43,30.71,1430758,0
2017-11-06,30.63,31.03,30.24,30.73,715630,0
2017-11-07,30.98,30.98,28.56,28.81,1873205,0
2017-11-08,28.88,29.73,28.85,29.58,1000086,0
2017-11-09,29.21,29.81,29.08,29.43,717531,0
2017-11-10,29.43,29.59,28.99,29,552681,0
