2016-01-04,39.57,39.57,38.17,38.58,269896,0
2016-01-05,38.62,38.7,38.08,38.27,223066,0
2016-01-06,37.78,37.9,37.03,37.08,277673,0
2016-01-07,36.53,36.83,35.23,36.17,301894,0
2016-01-08,36.22,37.03,35.69,36.01,288680,0
2016-01-11,36.41,36.41,35.64,35.93,265711,0
2016-01-12,36.35,36.77,35.82,36.58,225155,0
2016-01-13,36.72,37.17,35.42,35.6,228651,0
2016-01-14,35.72,36.51,35.68,36.01,223975,0
2016-01-15,35.06,36.1,35.06,36.05,208688,0
2016-01-19,36.47,37.5,36.05,36.84,460100,0
2016-01-20,36.43,37.59,35.9201,37.19,191550,0
2016-01-21,37.19,38.0399,36.9,37.5,194024,0
2016-01-22,37.94,38.47,37.65,37.92,187152,0
2016-01-25,37.74,38.07,37.31,37.49,192470,0
2016-01-26,37.69,38.44,37.13,37.66,275817,0
2016-01-27,37.59,38.03,36.3,36.44,282927,0
2016-01-28,36.71,36.85,36.1701,36.37,118043,0
2016-01-29,36.41,37.77,36.41,37.64,171614,0
2016-02-01,37.53,37.92,36.96,37.59,208336,0
2016-02-02,37.14,37.26,36.29,36.46,147041,0
2016-02-03,36.34,36.86,35.99,36.5,189921,0
2016-02-04,36.46,36.94,35.36,35.42,297786,0
2016-02-05,35.32,35.47,34.35,34.36,229691,0
2016-02-08,34.31,35.07,31.12,34.92,259100,0
2016-02-09,34.47,35.28,32.02,34.57,356824,0
2016-02-10,34.71,35.11,34.08,34.1,250342,0
2016-02-11,33.61,34.36,33.51,33.74,179625,0
2016-02-12,34.09,35.02,33.85,34.05,163032,0
2016-02-16,34.35,34.68,33.2,34.15,361215,0
2016-02-17,34.46,34.55,33.38,33.63,561071,0
2016-02-18,38.98,40,35.5,38.24,1286243,0
2016-02-19,38.19,38.55,37.59,38.21,601352,0
2016-02-22,38.31,39.1199,38.25,38.9,351292,0
2016-02-23,38.65,38.76,37.84,38,226028,0
2016-02-24,37.22,39.11,35.712,38.39,160890,0
2016-02-25,38.54,38.54,37.48,38.2,135775,0
2016-02-26,38.24,38.58,37.77,38.5,158286,0
2016-02-29,38.49,39.1,38.445,38.98,320572,0
2016-03-01,39.43,40.51,38.875,40.39,557108,0
2016-03-02,40.25,40.64,39.87,40.51,262430,0
2016-03-03,40.13,41.67,39.94,41.39,579322,0
2016-03-04,41.5,41.71,38.181,40.21,1010795,0
2016-03-07,41.3,42.22,40.89,41.84,617718,0
2016-03-08,41.8,42.27,41.09,41.3,490887,0
2016-03-09,41.31,42.01,41.27,41.98,328747,0
2016-03-10,42.13,42.5,41.41,42.23,463829,0
2016-03-11,42.23,42.23,41.65,41.92,610161,0
2016-03-14,41.8,43.29,41.6,42.82,511777,0
2016-03-15,42.38,43.06,41.42,41.49,324038,0
2016-03-16,41.49,42.11,41.21,41.88,248201,0
2016-03-17,41.73,42.84,41.455,42.69,176010,0
2016-03-18,42.92,43.37,41.615,42.77,379430,0
2016-03-21,42.57,43.18,42.36,43.01,242911,0
2016-03-22,42.56,43.07,42.2,42.24,193699,0
2016-03-23,42.14,42.28,41.46,41.74,196014,0
2016-03-24,41.45,42.25,41.23,42.24,268075,0
2016-03-28,42.15,42.32,41.74,41.86,147535,0
2016-03-29,41.9,42.9,41.6973,42.83,135166,0
2016-03-30,42.84,43.13,42.38,42.6,146655,0
2016-03-31,42.62,42.9,42.15,42.74,192159,0
2016-04-01,42.26,43.04,42.26,43,224208,0
2016-04-04,43.13,43.58,42.94,42.99,411944,0
2016-04-05,42.79,43.42,42.57,42.7,252579,0
2016-04-06,42.75,43.5,42.4735,43.04,280312,0
2016-04-07,42.75,43.12,42.25,42.41,173083,0
2016-04-08,42.62,42.89,42.31,42.51,158335,0
2016-04-11,42.63,42.78,42.18,42.4,126396,0
2016-04-12,42.39,42.8,42.22,42.57,114726,0
2016-04-13,42.71,43.48,42.58,43.45,161042,0
2016-04-14,43.58,43.58,42.85,42.89,138394,0
2016-04-15,42.74,43.53,42.62,43.52,194934,0
2016-04-18,43.79,44.14,43.42,44.01,198700,0
2016-04-19,44.19,44.593,43.61,43.98,237865,0
2016-04-20,43.84,44.245,43.11,43.52,103955,0
2016-04-21,43.25,43.61,43.07,43.44,261908,0
2016-04-22,43.6,44.54,43.6,44.19,197863,0
2016-04-25,44.26,44.26,43.38,43.87,199389,0
2016-04-26,44.06,44.635,44.05,44.44,327303,0
2016-04-27,44.5,45.02,44.3,44.95,190436,0
2016-04-28,44.68,45.015,44.21,44.57,291910,0
2016-04-29,44.32,44.35,43.3601,43.73,299078,0
2016-05-02,44.11,44.33,43.89,44.05,272981,0
2016-05-03,43.55,44.41,42.9012,43.55,180385,0
2016-05-04,43.49,44.02,43.04,43.07,173119,0
2016-05-05,43.3,43.595,42.545,42.81,173429,0
2016-05-06,42.89,44.03,42.19,43.93,348626,0
2016-05-09,43.8,44.87,43.42,44.17,471266,0
2016-05-10,43.66,43.76,38.812,41.93,843476,0
2016-05-11,41.91,42.33,41.41,41.89,350964,0
2016-05-12,41.84,42.21,41.43,41.64,551876,0
2016-05-13,41.69,41.82,41.31,41.55,303259,0
2016-05-16,41.67,42.06,41.1311,41.84,195859,0
2016-05-17,41.77,41.81,41.11,41.42,217878,0
2016-05-18,41.37,41.74,40.88,41.54,190716,0
2016-05-19,41.44,41.78,41.1025,41.26,186906,0
2016-05-20,41.31,41.78,41.16,41.47,112713,0
2016-05-23,41.63,42.04,41.37,41.47,166048,0
2016-05-24,41.69,42.03,41.46,41.9,245268,0
2016-05-25,41.83,41.83,41.09,41.47,343143,0
2016-05-26,41.4,41.74,41.14,41.54,99658,0
2016-05-27,41.28,42.0492,41.28,41.99,160423,0
2016-05-31,41.92,42.27,41.64,41.76,150392,0
2016-06-01,41.76,41.805,41.19,41.7,273757,0
2016-06-02,41.43,41.73,41.14,41.71,351268,0
2016-06-03,41.54,41.87,41.15,41.72,93804,0
2016-06-06,41.47,42.15,41.31,41.77,203665,0
2016-06-07,41.89,42.16,41.56,41.98,197835,0
2016-06-08,41.87,42.55,41.65,42.36,200948,0
2016-06-09,42.26,42.44,41.97,41.99,103584,0
2016-06-10,41.57,42.39,41.43,41.88,387122,0
2016-06-13,41.93,42.07,41.27,41.36,238692,0
2016-06-14,41.16,41.49,41.09,41.32,149269,0
2016-06-15,41.56,41.92,41.26,41.55,189038,0
2016-06-16,41.5,41.94,41.35,41.84,202927,0
2016-06-17,41.94,42.12,41.34,41.42,357626,0
2016-06-20,41.92,42.05,41.7,41.81,173126,0
2016-06-21,41.86,41.95,41.02,41.1,120465,0
2016-06-22,41.09,41.43,40.7,40.73,212041,0
2016-06-23,40.98,41.6699,40.46,40.85,200531,0
2016-06-24,39.66,39.97,39.12,39.3,189401,0
2016-06-27,39.04,39.04,38.26,38.38,275804,0
2016-06-28,38.53,38.84,37.94,38.03,201763,0
2016-06-29,38.46,39.32,38.38,39.07,161106,0
2016-06-30,39.14,39.92,39.14,39.92,175859,0
2016-07-01,39.85,40.445,39.85,40.32,240458,0
2016-07-05,40.28,40.43,38.94,39.09,342306,0
2016-07-06,39.02,39.24,38.81,39.13,197355,0
2016-07-07,39.15,39.82,39,39.22,78750,0
2016-07-08,39.6,40.29,39.34,39.99,194222,0
2016-07-11,40.03,40.81,40.03,40.37,167831,0
2016-07-12,40.58,41.82,40.43,41.76,354745,0
2016-07-13,42,42,41.49,41.78,290335,0
2016-07-14,42.12,42.52,41.78,42.34,220046,0
2016-07-15,42.55,42.55,40.3,41.86,136054,0
2016-07-18,41.84,42.3,41.52,42.08,117577,0
2016-07-19,42.1,42.3587,41.91,42.1,108089,0
2016-07-20,42.37,42.81,41.81,42.34,113196,0
2016-07-21,42.16,42.73,42.04,42.09,150875,0
2016-07-22,42.13,42.515,41.78,42.13,161172,0
2016-07-25,42.04,42.07,41.69,41.79,168543,0
2016-07-26,41.68,42.5,41.68,42.5,163540,0
2016-07-27,42.39,42.5,41.62,42.05,133990,0
2016-07-28,42.02,42.296,41.76,42.08,191829,0
2016-07-29,41.91,42.46,41.58,42.06,179120,0
2016-08-01,41.97,42.2,41.56,42.03,134638,0
2016-08-02,42,42.1,41.68,41.71,154995,0
2016-08-03,41.75,41.88,41.27,41.75,147750,0
2016-08-04,42.11,42.11,41.34,41.66,144152,0
2016-08-05,42.49,43.97,40.61,43.77,337625,0
2016-08-08,43.99,44.5,43.64,44.37,322474,0
2016-08-09,44.07,44.1,43.54,43.75,214139,0
2016-08-10,43.64,43.74,42.81,42.86,381459,0
2016-08-11,43.03,43.6,42.8101,43.18,146941,0
2016-08-12,43.15,44.9799,42.81,43.37,144799,0
2016-08-15,43.52,43.947,42.91,42.98,210537,0
2016-08-16,42.96,42.96,42.0574,42.34,204189,0
2016-08-17,42.36,42.6,41.875,42.57,203582,0
2016-08-18,42.46,43.09,41.98,42.25,179109,0
2016-08-19,42.06,42.96,41.92,42.79,556167,0
2016-08-22,42.29,42.92,42.29,42.61,140530,0
2016-08-23,42.77,42.97,42.45,42.76,268641,0
2016-08-24,42.85,43.21,42.63,43.05,242482,0
2016-08-25,43.07,43.13,42.46,42.5,214386,0
2016-08-26,42.51,42.8,41.74,41.95,304158,0
2016-08-29,42.07,42.085,41.385,41.86,387694,0
2016-08-30,41.83,42.14,41.63,42.08,237284,0
2016-08-31,41.91,41.91,40.74,41.53,291252,0
2016-09-01,41.58,41.96,41.37,41.61,102912,0
2016-09-02,41.71,42.02,41.51,41.63,133531,0
2016-09-06,41.7,41.77,41.25,41.51,145064,0
2016-09-07,41.44,41.63,41.2,41.42,148343,0
2016-09-08,41.42,41.6,41.11,41.57,102724,0
2016-09-09,41.27,41.365,40.38,40.4,111808,0
2016-09-12,40.23,40.91,40.1901,40.89,127220,0
2016-09-13,40.54,40.83,39.92,40.24,161691,0
2016-09-14,40.22,40.42,39.771,39.8,84470,0
2016-09-15,39.89,41.03,39.55,41.02,219847,0
2016-09-16,41.1,41.1,39.071,40.3,213594,0
2016-09-19,40.46,40.57,40.05,40.19,95307,0
2016-09-20,40.36,40.5899,39.89,39.89,51316,0
2016-09-21,39.89,40.31,39.64,40.29,145888,0
2016-09-22,40.35,41.05,40.33,41.03,149802,0
2016-09-23,40.89,40.93,40.39,40.42,185133,0
2016-09-26,40.23,40.91,39.9,40.35,190743,0
2016-09-27,40.32,40.49,39.8,40.14,240259,0
2016-09-28,40.2,40.5416,39.69,40.35,256963,0
2016-09-29,40.33,40.4,39.8775,39.93,100915,0
2016-09-30,40.07,40.66,39.88,40.39,160797,0
2016-10-03,40.22,40.42,39.97,40.04,154829,0
2016-10-04,39.99,40.63,39.68,40.11,292254,0
2016-10-05,40.31,40.98,40,40.71,230904,0
2016-10-06,40.69,41.04,40.5,40.62,199208,0
2016-10-07,40.58,40.8793,40.1468,40.47,203852,0
2016-10-10,40.73,41.18,40.73,40.99,142943,0
2016-10-11,40.99,41.09,40.515,40.7,122744,0
2016-10-12,40.68,41.17,40.58,40.6,109900,0
2016-10-13,40.29,40.66,40.02,40.5,159036,0
2016-10-14,40.77,40.96,40.55,40.56,115010,0
2016-10-17,40.5,40.85,40.18,40.79,115393,0
2016-10-18,41.09,41.5,40.74,40.89,158273,0
2016-10-19,40.98,41.42,40.73,41.36,143249,0
2016-10-20,41.28,41.35,40.76,41.27,118290,0
2016-10-21,41,41.4,40.89,41.13,108419,0
2016-10-24,41.31,42.09,40.93,41.59,163794,0
2016-10-25,41.54,41.8,41.53,41.77,116176,0
2016-10-26,41.56,42.67,41.31,42.43,303107,0
2016-10-27,42.5,42.92,42.18,42.88,137656,0
2016-10-28,42.83,43.47,42.81,43.06,227955,0
2016-10-31,43.06,43.815,42.0811,43.64,198379,0
2016-11-01,43.75,43.94,42.32,43.32,482305,0
2016-11-02,43.42,44.28,43.25,44.15,468436,0
2016-11-03,46,49.18,45.271,47.06,1253018,0
2016-11-04,47.19,49.03,47.06,48.41,609801,0
2016-11-07,48.81,49.21,47.88,48.18,641367,0
2016-11-08,47.95,48.32,47.72,47.9,469549,0
2016-11-09,47.61,53,47.61,52.95,1015418,0
2016-11-10,53.66,54.75,52.12,52.97,934073,0
2016-11-11,52.13,54.8,50.44,54,730787,0
2016-11-14,54.73,56.18,54.13,54.97,534192,0
2016-11-15,54.75,55.86,54.58,55.82,537959,0
2016-11-16,55.6,57.47,55.6,57.08,505744,0
2016-11-17,57.1,57.18,56.13,56.46,504966,0
2016-11-18,56.09,56.82,55.33,56.4,1049078,0
2016-11-21,56.35,56.82,55.68,56.34,276109,0
2016-11-22,56.5,56.845,55.99,56.71,397166,0
2016-11-23,56.4,57.21,56.4,56.85,418339,0
2016-11-25,57.12,58.35,56.815,58.1,221653,0
2016-11-28,58.37,58.395,56.95,57.1,287041,0
2016-11-29,57.16,57.255,56.622,56.92,544407,0
2016-11-30,56.95,57.58,56.53,57.1,487508,0
2016-12-01,56.93,57.98,56.54,57.65,302798,0
2016-12-02,57.42,57.64,56.4,57.04,312323,0
2016-12-05,57.57,58.53,57.35,57.9,275625,0
2016-12-06,58.12,59.8,57.61,59.63,389027,0
2016-12-07,59.35,60.34,59.02,60.07,373549,0
2016-12-08,60.01,61.315,59.76,60.78,263031,0
2016-12-09,61.04,61.8,60.05,60.45,346675,0
2016-12-12,60.21,60.21,58.21,58.7,395479,0
2016-12-13,59.03,59.66,57.99,58.23,267680,0
2016-12-14,57.98,58.33,57.42,57.54,336496,0
2016-12-15,57.73,59.45,57.04,58.68,406519,0
2016-12-16,58.93,59.15,57.88,58.58,373082,0
2016-12-19,58.86,59.12,58.35,58.97,147813,0
2016-12-20,59.44,59.645,58.99,59.5,137264,0
2016-12-21,59.47,59.93,58.7,58.71,237259,0
2016-12-22,59.01,59.24,58.3824,59.06,166610,0
2016-12-23,58.92,59.3,58.62,59.23,116265,0
2016-12-27,59.67,60.46,59.22,60.25,208789,0
2016-12-28,60.22,60.75,58.66,58.84,129899,0
2016-12-29,59.07,59.59,58.59,58.91,159304,0
2016-12-30,58.95,58.955,57.82,58.45,274044,0
2017-01-03,58.57,58.8,57.59,58.38,200452,0
2017-01-04,58.57,59.52,58.5,58.66,215026,0
2017-01-05,58.81,59.13,58.31,58.94,283717,0
2017-01-06,58.74,59.09,58.38,58.76,315603,0
2017-01-09,58.48,59.29,58.305,59.11,323689,0
2017-01-10,59.38,59.9,58.73,59.35,354516,0
2017-01-11,59.57,60.13,58.91,59.78,171530,0
2017-01-12,59.5,59.74,58.19,58.91,184400,0
2017-01-13,58.97,59.65,58.9,58.95,144630,0
2017-01-17,58.8,59.27,57.56,57.61,232879,0
2017-01-18,57.78,58.15,57.15,58.08,250373,0
2017-01-19,58.22,58.85,57.435,57.61,233579,0
2017-01-20,57.59,58.3,57.34,57.94,200560,0
2017-01-23,58,58.15,56.81,57.16,206406,0
2017-01-24,57.11,57.82,56.95,57.5,468453,0
2017-01-25,57.78,58.2657,57.59,58.16,273186,0
2017-01-26,58.16,58.465,57.7,58.15,125531,0
2017-01-27,57.98,58.21,57.58,57.75,107535,0
2017-01-30,57.51,58.105,56.88,57.95,207578,0
2017-01-31,57.59,59.24,57.54,58.98,217562,0
2017-02-01,59.41,59.62,57.86,58.17,234035,0
2017-02-02,57.99,58.29,57.25,58.04,285289,0
2017-02-03,58.29,58.82,58.15,58.74,197425,0
2017-02-06,58.39,58.69,57.99,58.08,202196,0
2017-02-07,58.15,58.34,57.231,57.42,130548,0
2017-02-08,57.07,57.64,56.52,56.87,198526,0
2017-02-09,57.07,58.5,56.97,57.95,167776,0
2017-02-10,58.21,58.21,57.1701,57.67,141398,0
2017-02-13,57.99,58.3,57.56,58.02,335499,0
2017-02-14,57.72,58.22,57.4,57.71,382713,0
2017-02-15,57.48,58.21,57.48,58,134092,0
2017-02-16,57.87,58.5,56.62,57.53,321737,0
2017-02-17,67.18,67.18,59.42,61.39,845239,0
2017-02-21,62.03,63,60.33,60.91,507017,0
2017-02-22,60.71,61.8,60.16,60.98,302499,0
2017-02-23,60.86,61.05,60.25,60.85,209910,0
2017-02-24,60.47,61.015,60.07,60.69,184889,0
2017-02-27,60.68,61.48,60.36,61.27,211871,0
2017-02-28,61,61.56,60.88,61.38,378629,0
2017-03-01,62.3,63.22,62.3,62.9,388443,0
2017-03-02,62.9,63.5,62.4316,63.02,219526,0
2017-03-03,62.47,64.67,62.43,64.59,531715,0
2017-03-06,64.46,65.38,63.8,65.29,530343,0
2017-03-07,65.2,66.28,65.2,66,721047,0
2017-03-08,66,66.32,65.49,65.98,396465,0
2017-03-09,65.91,66.56,65.85,66.13,614097,0
2017-03-10,66.26,66.45,65.77,66.32,301675,0
2017-03-13,67.34,67.85,66.6,67.64,338911,0
2017-03-14,67.09,67.43,66.305,67.32,201607,0
2017-03-15,67.48,68.73,66.2623,68.47,458084,0
2017-03-16,68.8,69.34,68.23,69.27,317153,0
2017-03-17,68.94,69.81,68.84,69.51,549525,0
2017-03-20,69.67,70.19,68.84,69.94,499268,0
2017-03-21,70.29,70.32,68.21,68.28,726228,0
2017-03-22,67.91,68.77,66.34,68.6,190657,0
2017-03-23,68.56,69.54,68.52,69.09,294387,0
2017-03-24,69.17,69.3699,68.45,68.73,177565,0
2017-03-27,68.23,69.61,67.755,69.38,176676,0
2017-03-28,69.48,70.88,69.48,70.22,388755,0
2017-03-29,70.38,70.92,70.21,70.74,157164,0
2017-03-30,70.88,71.7999,70.64,71.74,334300,0
2017-03-31,71.65,72.16,71.16,71.61,591339,0
2017-04-03,71.93,72.31,69.85,70.26,491052,0
2017-04-04,70.34,70.94,69.74,70.39,287483,0
2017-04-05,70.72,71.15,69.28,69.34,276830,0
2017-04-06,69.39,70.72,68.771,70.57,498525,0
2017-04-07,70.22,71.335,70.12,71.15,275563,0
2017-04-10,71,71.18,69.92,70.27,296617,0
2017-04-11,70.26,71.145,70.22,71.03,170866,0
2017-04-12,70.94,71.1799,69.5415,69.59,218540,0
2017-04-13,69.39,69.89,69.03,69.33,310105,0
2017-04-17,69.24,71.1,68.82,71.02,247002,0
2017-04-18,70.81,71.82,69.94,71.4,377800,0
2017-04-19,71.8,73.38,71.8,72.9,413342,0
2017-04-20,73.59,74.255,73.46,73.87,367990,0
2017-04-21,73.66,74.92,73.38,74.43,299992,0
2017-04-24,75.61,76.08,74.72,74.98,304424,0
2017-04-25,75.57,75.68,74.855,74.99,397362,0
2017-04-26,75,76.05,74.84,75.51,466124,0
2017-04-27,75.75,75.88,74.87,75.35,253724,0
2017-04-28,75.14,75.95,74.77,75.16,257552,0
2017-05-01,75.37,75.56,74.59,74.93,304033,0
2017-05-02,75.05,75.41,74.52,74.87,288856,0
2017-05-03,74.75,75.4,74.3601,74.78,545486,0
2017-05-04,74.75,74.99,73.78,74.91,357043,0
2017-05-05,77.04,81.16,76.49,77.94,1025854,0
2017-05-08,78.17,79.405,77.72,78.62,444212,0
2017-05-09,78.41,80.61,78.41,79.28,644827,0
2017-05-10,79.15,79.15,77.92,78.4,350103,0
2017-05-11,78.21,79,77.91,78.78,351555,0
2017-05-12,78.67,78.67,77.31,77.33,246423,0
2017-05-15,77.31,78.1,76.8,77.65,210400,0
2017-05-16,77.92,78.09,77.1,78.06,228550,0
2017-05-17,77.14,78.18,76.65,76.79,460551,0
2017-05-18,76.46,77.565,75.17,76.42,307892,0
2017-05-19,76.59,77.22,76.42,76.52,188297,0
2017-05-22,76.83,77.39,76.12,77.28,190993,0
2017-05-23,77.61,77.75,76.56,77.32,148702,0
2017-05-24,77.39,77.675,76.525,77.26,151247,0
2017-05-25,77.44,78.755,77.29,77.89,327340,0
2017-05-26,77.76,78.25,76.29,77.32,203768,0
2017-05-30,77.22,77.72,76.83,76.88,179751,0
2017-05-31,77.18,78.45,76.82,78.4,194584,0
2017-06-01,78.49,80.19,78.02,80.14,244787,0
2017-06-02,80.19,81.76,80.0982,80.6,254633,0
2017-06-05,80.49,80.8,77.931,78.92,222251,0
2017-06-06,78.76,79.08,77.77,78.37,226489,0
2017-06-07,78.51,79.35,78.42,79.3,224802,0
2017-06-08,79.12,79.32,78.51,79.15,185180,0
2017-06-09,79.23,80.99,79.11,80.88,331763,0
2017-06-12,80.72,80.89,78.5,79.07,307200,0
2017-06-13,79.78,80.29,78.67,80.13,236955,0
2017-06-14,80.28,80.71,79.34,80.07,180619,0
2017-06-15,79.55,80.79,79.37,80.59,167915,0
2017-06-16,79.43,81.45,79.43,81.33,289261,0
2017-06-19,82.23,82.9999,81.03,81.2,172523,0
2017-06-20,81.21,81.82,80.48,81.11,165865,0
2017-06-21,81.14,81.59,80.63,80.92,143639,0
2017-06-22,81.06,81.4975,80.09,80.51,168261,0
2017-06-23,80.58,81.02,79.22,79.56,370177,0
2017-06-26,79.55,80,77.32,78.13,352987,0
2017-06-27,78.35,79.32,77.3,77.41,259016,0
2017-06-28,77.48,79.6,77.41,79.05,333821,0
2017-06-29,79.17,79.53,76.67,77.48,264412,0
2017-06-30,77.79,78.91,77.65,78.41,239596,0
2017-07-03,78.3,78.69,77.78,78.08,194223,0
2017-07-05,77.93,78.96,77.93,78.56,287222,0
2017-07-06,78.09,78.41,76.57,76.87,221809,0
2017-07-07,77.16,78.52,76.05,78.37,170853,0
2017-07-10,78.02,78.07,76.58,76.66,207272,0
2017-07-11,76.7,78.09,76.471,77.73,158677,0
2017-07-12,78.01,79.129,77.36,77.94,196850,0
2017-07-13,77.68,78.14,77.161,78.04,101355,0
2017-07-14,77.99,78.53,76.93,76.98,157702,0
2017-07-17,77.04,77.6,76.465,76.9,162623,0
2017-07-18,76.5,77.28,76.14,76.5,259522,0
2017-07-19,76.69,77.399,76.69,77.32,224949,0
2017-07-20,77.49,78.33,77.0701,77.85,163624,0
2017-07-21,78.34,78.35,76.87,76.9,133339,0
2017-07-24,76.89,77.645,75.881,77.03,143353,0
2017-07-25,76.98,78.17,76.18,76.58,253386,0
2017-07-26,76.6,76.98,74.71,74.789,288138,0
2017-07-27,74.91,74.91,71.44,71.61,465830,0
2017-07-28,71.26,72.9396,71.005,72.76,394360,0
2017-07-31,72.85,74.18,72.26,73.57,299328,0
2017-08-01,74.15,75.38,72.63,73.17,362818,0
2017-08-02,79.36,85.94,77.5001,80.01,1338538,0
2017-08-03,80,80.9,78.48,80.84,501140,0
2017-08-04,81.7,83.67,80.81,81.07,391974,0
2017-08-07,81.77,82.61,81.235,81.74,223113,0
2017-08-08,81.8,82.4475,80.18,80.42,191481,0
2017-08-09,80.22,80.995,79.89,80.63,186533,0
2017-08-10,80.37,81.03,79.19,79.44,182517,0
2017-08-11,79.51,80.23,78.88,79.43,199400,0
2017-08-14,79.94,81.54,79.94,81.4,147114,0
2017-08-15,81.41,81.96,80.19,80.22,154719,0
2017-08-16,79.92,80.9799,77.78,79.15,172946,0
2017-08-17,79.03,80.18,78.92,79.36,235566,0
2017-08-18,78.93,80.7399,78.9,80.04,409961,0
2017-08-21,80.4,81.41,79.94,81.17,278647,0
2017-08-22,81.87,82.84,81.16,82.65,406586,0
2017-08-23,82.51,82.98,80.52,80.54,211438,0
2017-08-24,80.54,80.95,78.83,78.87,174315,0
2017-08-25,79.43,80.49,79.1501,79.69,171888,0
2017-08-28,80.21,80.9,79.79,80.68,280791,0
2017-08-29,80.35,81.14,79.84,79.89,196634,0
2017-08-30,80.08,80.84,79.51,80.32,231126,0
2017-08-31,80.32,82.18,80.32,82.05,230486,0
2017-09-01,82.01,82.08,80.76,81.67,151099,0
2017-09-05,81.72,82.29,80.88,81.33,228891,0
2017-09-06,81.42,81.725,79.84,79.9,250472,0
2017-09-07,80.31,80.5278,79.39,79.91,192902,0
2017-09-08,79.78,80.69,79.23,79.85,220345,0
2017-09-11,80.44,81.5599,80.44,80.82,201503,0
2017-09-12,81.12,82.2,81.12,82.12,188100,0
2017-09-13,82.29,82.63,81.78,81.86,174730,0
2017-09-14,81.83,82.14,80.9755,81.34,282995,0
2017-09-15,81.54,81.9,80.87,81.83,293156,0
2017-09-18,82.21,83.61,82.1,83.23,207657,0
2017-09-19,83.21,83.21,82.26,82.84,157728,0
2017-09-20,82.83,85.61,82.83,85.51,396707,0
2017-09-21,85.65,86.15,83.88,84.81,221599,0
2017-09-22,84.54,85.22,84.5,85.17,265458,0
2017-09-25,85.31,87.48,85.29,85.97,259138,0
2017-09-26,86.35,88.03,85.89,87.29,450216,0
2017-09-27,87.81,90.21,87.771,89.9,408029,0
2017-09-28,89.68,90.6,88.47,89.07,283194,0
2017-09-29,89.52,91.1199,88.6,90.82,433087,0
2017-10-02,91,92.7,90.6,92.46,297239,0
2017-10-03,92.73,93.08,89.51,90,357381,0
2017-10-04,90.01,90.83,89.32,90.1,229450,0
2017-10-05,90.11,90.14,88.97,89.22,199944,0
2017-10-06,89,89.57,88.65,89.49,177024,0
2017-10-09,89.75,90.1,88.07,88.26,156715,0
2017-10-10,88.8,88.93,87.6001,88.64,168848,0
2017-10-11,89.59,89.59,87.98,88.3,239508,0
2017-10-12,88,88.685,87.59,87.76,334147,0
2017-10-13,88.02,88.72,87.68,88.66,275800,0
2017-10-16,88.67,89.49,88.29,89.27,338764,0
2017-10-17,89.06,89.06,87.83,87.92,148032,0
2017-10-18,88.36,89.36,87.81,89.11,291812,0
2017-10-19,88.33,88.86,87.135,88.86,202383,0
2017-10-20,89.61,89.9899,88.6901,88.98,172493,0
2017-10-23,88.99,89.24,88.54,89.03,140952,0
2017-10-24,89.51,90.14,88.5,89.62,315838,0
2017-10-25,89.38,89.6,87.89,88.54,194666,0
2017-10-26,88.75,89.93,88.32,89.24,331767,0
2017-10-27,89.31,90.149,88.47,89.39,230613,0
2017-10-30,89.58,89.9,88.78,89,201464,0
2017-10-31,89.21,89.83,88.81,89.51,285968,0
2017-11-01,89.96,89.96,83.52,85.69,586175,0
2017-11-02,94.9,95.51,88.64,88.84,884315,0
2017-11-03,88.82,89.84,87.11,88.54,372863,0
2017-11-06,88.39,89.63,88.11,88.91,144748,0
2017-11-07,89.61,90.54,88.51,89.14,272569,0
2017-11-08,88.76,90.61,88.021,90.38,438591,0
2017-11-09,89.57,90.6,88.67,90.49,206474,0
2017-11-10,90.4,92.01,90.18,91.22,196964,0
