2016-01-04,40.027,40.235,38.544,39.195,1022539,0
2016-01-05,39.222,39.313,38.201,38.382,874839,0
2016-01-06,37.875,38.327,37.731,38.11,523645,0
2016-01-07,37.288,37.694,36.781,37.432,858368,0
2016-01-08,37.523,38.825,36.691,36.89,833360,0
2016-01-11,36.953,37.956,36.356,36.863,600851,0
2016-01-12,37.152,37.55,36.745,37.414,475213,0
2016-01-13,37.514,37.785,35.832,36.076,716695,0
2016-01-14,36.058,37.233,35.814,36.655,729142,0
2016-01-15,35.57,36.51,35.208,35.443,650668,0
2016-01-19,35.769,36.166,35.163,35.642,867104,0
2016-01-20,35.217,35.877,34.222,35.461,1215757,0
2016-01-21,35.561,35.913,35.081,35.552,610377,0
2016-01-22,36.076,36.691,35.606,35.868,676332,0
2016-01-25,35.787,36.13,34.801,34.81,633809,0
2016-01-26,34.837,35.298,34.078,35.289,578845,0
2016-01-27,35.217,35.253,33.571,34.467,552531,0
2016-01-28,34.873,34.928,34.105,34.756,577715,0
2016-01-29,34.873,36.107,34.566,35.552,512902,0
2016-02-01,35.271,36.031,34.774,35.723,583881,0
2016-02-02,35.506,35.895,34.376,34.566,429525,0
2016-02-03,34.765,34.81,33.4,33.454,811380,0
2016-02-04,33.409,33.413,32.523,32.893,591813,0
2016-02-05,32.622,32.803,30.606,31.022,3141332,0
2016-02-08,30.552,30.986,29.458,29.919,1310264,0
2016-02-09,29.539,30.271,29.25,29.982,1588379,0
2016-02-10,30.154,31.316,29.937,30.687,815907,0
2016-02-11,31.058,32.495,30.976,32.007,1194817,0
2016-02-12,32.369,32.893,31.745,32.098,1212083,0
2016-02-16,32.468,32.749,32.043,32.559,545803,0
2016-02-17,32.875,33.327,32.423,33.205,2005094,0
2016-02-18,33.291,33.617,32.061,32.116,1067403,0
2016-02-19,31.944,31.962,31.465,31.908,1243314,0
2016-02-22,32.107,32.92,31.691,32.559,2763377,0
2016-02-23,32.441,32.731,31.772,31.908,634684,0
2016-02-24,31.591,31.935,31.239,31.881,1080011,0
2016-02-25,31.763,32.862,31.6,32.595,1542393,0
2016-02-26,32.821,33.4,32.622,33.056,657249,0
2016-02-29,33.038,33.4,32.297,33.174,599748,0
2016-03-01,33.418,33.933,32.902,33.933,762511,0
2016-03-02,33.807,34.177,32.663,33.888,816164,0
2016-03-03,33.761,34.602,33.761,34.503,989355,0
2016-03-04,34.693,34.693,33.838,34.231,836568,0
2016-03-07,34.06,34.765,32.622,34.394,621934,0
2016-03-08,34.186,34.412,33.436,33.662,1265213,0
2016-03-09,33.716,33.761,32.957,33.327,1357810,0
2016-03-10,33.454,33.852,32.794,33.282,967282,0
2016-03-11,33.707,34.024,33.544,33.816,1290119,0
2016-03-14,33.626,34.222,33.4,34.087,1754113,0
2016-03-15,33.906,34.213,33.526,33.843,811464,0
2016-03-16,33.779,34.548,33.499,34.367,4218172,0
2016-03-17,34.168,34.222,33.617,33.933,1189511,0
2016-03-18,34.096,35.488,34.051,35.262,3260612,0
2016-03-21,35.289,35.416,34.729,35.099,2164827,0
2016-03-22,34.955,35.054,34.367,34.729,630840,0
2016-03-23,34.665,34.792,34.363,34.684,608612,0
2016-03-24,34.611,35.208,34.358,34.801,930098,0
2016-03-28,34.837,35.172,34.15,34.584,1734122,0
2016-03-29,34.448,35.018,34.358,34.81,1676945,0
2016-03-30,34.946,35.289,34.679,35.136,924304,0
2016-03-31,35.253,35.452,34.892,35.371,902269,0
2016-04-01,35.244,35.425,34.738,35.416,791471,0
2016-04-04,35.335,35.38,34.729,34.901,435800,0
2016-04-05,34.783,35.081,34.231,34.593,652120,0
2016-04-06,34.593,34.937,34.512,34.828,1477514,0
2016-04-07,34.602,34.801,34.349,34.421,1509233,0
2016-04-08,34.575,34.715,34.087,34.34,606276,0
2016-04-11,34.566,34.711,34.159,34.322,961190,0
2016-04-12,34.458,34.729,34.268,34.557,1613141,0
2016-04-13,34.873,35.208,34.313,35.118,3108194,0
2016-04-14,35.271,35.389,34.941,35.244,2034944,0
2016-04-15,35.398,35.398,34.638,34.973,495228,0
2016-04-18,34.801,35.57,34.62,35.452,1817732,0
2016-04-19,35.515,35.515,34.72,34.81,1828019,0
2016-04-20,34.729,34.919,34.268,34.747,1198203,0
2016-04-21,34.756,34.964,34.014,34.566,1361903,0
2016-04-22,34.322,34.675,34.114,34.349,581767,0
2016-04-25,34.34,34.955,34.005,34.955,1010961,0
2016-04-26,35.018,35.533,34.964,35.136,1493515,0
2016-04-27,34.919,35.488,34.837,35.09,734731,0
2016-04-28,35.054,35.561,34.837,35.063,3003349,0
2016-04-29,35.814,36.203,35.425,36.166,1492535,0
2016-05-02,36.257,36.564,36.004,36.474,673011,0
2016-05-03,36.112,36.42,35.651,35.769,1469123,0
2016-05-04,35.533,35.583,34.882,35.307,1379890,0
2016-05-05,35.316,35.579,35,35.018,1358262,0
2016-05-06,34.774,34.91,34.439,34.765,1043314,0
2016-05-09,34.575,35.289,34.394,34.855,1213114,0
2016-05-10,35.063,35.769,34.873,35.579,805378,0
2016-05-11,35.389,35.705,34.846,34.955,766280,0
2016-05-12,35.154,35.154,34.295,34.638,767207,0
2016-05-13,34.43,34.656,34.132,34.367,684453,0
2016-05-16,34.476,34.679,34.06,34.322,1094514,0
2016-05-17,34.213,34.792,33.847,34.01,682218,0
2016-05-18,33.843,34.485,33.761,33.996,632860,0
2016-05-19,33.807,34.051,33.309,33.68,547283,0
2016-05-20,33.761,33.761,33.327,33.535,3184551,0
2016-05-23,33.544,33.544,33.174,33.273,897183,0
2016-05-24,33.427,33.87,33.201,33.834,1085643,0
2016-05-25,33.861,34.06,33.599,33.635,608996,0
2016-05-26,33.626,33.781,33.409,33.562,665015,0
2016-05-27,33.535,33.906,33.391,33.797,742842,0
2016-05-31,33.915,33.915,33.463,33.734,611953,0
2016-06-01,33.743,34.127,33.382,34.078,1363654,0
2016-06-02,33.942,34.792,33.879,34.756,1163581,0
2016-06-03,34.557,34.557,34.159,34.494,1300031,0
2016-06-06,34.53,34.76,34.448,34.62,637577,0
2016-06-07,34.584,34.819,34.313,34.738,694245,0
2016-06-08,34.937,35.154,34.602,34.693,740238,0
2016-06-09,35.072,35.253,34.494,34.774,739915,0
2016-06-10,34.376,34.458,33.942,34.096,995062,0
2016-06-13,33.978,34.241,33.463,33.535,801316,0
2016-06-14,33.382,33.743,33.255,33.499,1234081,0
2016-06-15,33.354,33.635,33.146,33.327,764594,0
2016-06-16,33.183,33.535,32.803,33.517,977089,0
2016-06-17,33.544,33.77,33.165,33.472,1199305,0
2016-06-20,33.788,34.557,33.779,34.078,749288,0
2016-06-21,34.141,34.141,33.571,33.716,553429,0
2016-06-22,33.698,33.969,33.612,33.96,570233,0
2016-06-23,34.241,34.602,33.968,34.575,642713,0
2016-06-24,33.029,33.481,32.631,32.776,1520030,0
2016-06-27,32.523,32.685,30.976,31.374,1396399,0
2016-06-28,31.646,32.17,31.591,32.152,775669,0
2016-06-29,32.36,33.49,32.233,33.137,1461555,0
2016-06-30,33.264,34.439,32.776,33.517,926668,0
2016-07-01,33.282,33.725,33.282,33.58,1074888,0
2016-07-05,33.418,33.653,32.866,33.336,379531,0
2016-07-06,33.183,33.59,32.767,33.553,375109,0
2016-07-07,33.49,33.924,33.49,33.897,346426,0
2016-07-08,34.105,34.783,34.105,34.756,670028,0
2016-07-11,34.973,35.235,34.765,35.027,664601,0
2016-07-12,35.118,35.389,35.036,35.181,630316,0
2016-07-13,35.506,35.506,34.982,35.09,537776,0
2016-07-14,35.217,36.808,35.081,36.745,1622911,0
2016-07-15,36.989,37.061,36.537,36.646,523741,0
2016-07-18,36.573,37.179,36.51,36.944,546145,0
2016-07-19,36.727,37.206,36.637,37.134,790012,0
2016-07-20,36.817,37.604,36.817,37.532,760692,0
2016-07-21,37.369,37.957,37.306,37.803,874306,0
2016-07-22,38.02,38.599,37.812,38.562,1251114,0
2016-07-25,39.27,39.93,37.9,38.31,2030139,0
2016-07-26,38.35,38.62,38.08,38.4,1165731,0
2016-07-27,38.62,38.65,37.98,38.09,918443,0
2016-07-28,38.15,38.4,37.83,38.18,1168279,0
2016-07-29,37.79,37.94,37.515,37.71,631627,0
2016-08-01,37.65,37.8,37.41,37.5,998748,0
2016-08-02,37.35,37.455,36.48,36.87,556740,0
2016-08-03,36.98,37.24,36.78,37.2,343809,0
2016-08-04,37.32,37.99,36.97,37.35,342670,0
2016-08-05,37.59,37.8,36.68,36.75,504568,0
2016-08-08,36.65,37.34,36.16,36.64,872253,0
2016-08-09,36.53,38.42,36.085,37.91,1786784,0
2016-08-10,37.93,38.686,37.57,38.41,1297087,0
2016-08-11,38.46,39.03,38.19,38.74,1085372,0
2016-08-12,38.52,39.31,38.311,39.24,687826,0
2016-08-15,39.26,39.65,39.13,39.44,425476,0
2016-08-16,39.38,39.54,38.955,39.07,354943,0
2016-08-17,39.01,39.29,38.64,38.85,499046,0
2016-08-18,38.91,39,38.64,38.79,311632,0
2016-08-19,38.68,39.8299,38.4,38.58,498105,0
2016-08-22,38.62,38.65,38.28,38.59,294752,0
2016-08-23,38.85,39.01,38.63,38.93,459336,0
2016-08-24,38.82,39.06,38.7,38.78,764896,0
2016-08-25,38.79,38.89,38.5136,38.69,249573,0
2016-08-26,38.75,39.23,38.31,38.58,360461,0
2016-08-29,38.54,39.11,38.49,38.73,890300,0
2016-08-30,38.81,38.96,38.27,38.5,368934,0
2016-08-31,38.41,38.6,38.16,38.54,527525,0
2016-09-01,38.71,39.89,38.71,39.67,1064029,0
2016-09-02,39.93,40,39.6,39.97,493229,0
2016-09-06,39.96,40.44,39.88,40.43,1216952,0
2016-09-07,40.53,40.53,40.13,40.49,529148,0
2016-09-08,40.4,40.555,39.91,40.15,643237,0
2016-09-09,39.74,40.14,39.55,39.61,925859,0
2016-09-12,39.37,40.8,39.19,40.61,793261,0
2016-09-13,40.33,40.57,39.75,39.94,543124,0
2016-09-14,39.91,40.275,39.78,39.9,538611,0
2016-09-15,39.72,40.02,39.66,39.95,526334,0
2016-09-16,39.9,40.01,38.41,38.6,3895931,0
2016-09-19,38.8,39.59,38.15,38.42,1150819,0
2016-09-20,38.51,38.51,37.925,38.18,826496,0
2016-09-21,38.24,38.69,38.12,38.53,660850,0
2016-09-22,38.83,39.31,38.62,39.31,647833,0
2016-09-23,39.31,39.4699,38.87,39.17,891517,0
2016-09-26,38.95,39,38.7,38.93,475450,0
2016-09-27,38.9,39.72,38.83,39.63,793568,0
2016-09-28,39.75,39.91,39.44,39.75,418103,0
2016-09-29,39.82,39.99,39.25,39.42,418039,0
2016-09-30,39.12,40.08,38.92,39.86,460127,0
2016-10-03,39.73,39.9,39.23,39.57,828959,0
2016-10-04,39.75,40.43,39.53,40.4,1126795,0
2016-10-05,40.65,40.97,40.5,40.77,824262,0
2016-10-06,40.8,40.8,40.02,40.15,462329,0
2016-10-07,40.27,40.39,39.92,40.37,592206,0
2016-10-10,40.49,40.7,40.33,40.4,239534,0
2016-10-11,40.33,40.33,39.37,39.48,894927,0
2016-10-12,39.58,39.8,39.34,39.44,656309,0
2016-10-13,39.16,39.32,38.75,39.15,210420,0
2016-10-14,39.36,39.61,39.04,39.13,592532,0
2016-10-17,39.13,39.47,39.13,39.41,311859,0
2016-10-18,40.55,40.7267,39.61,39.62,607674,0
2016-10-19,39.86,40.29,39.68,40.02,393528,0
2016-10-20,40.01,40.54,39.95,40.09,476471,0
2016-10-21,40,40.69,39.76,40.59,764638,0
2016-10-24,40.91,41.16,40.76,41.06,452846,0
2016-10-25,40.98,41.37,40.66,41.22,864830,0
2016-10-26,41,41,39.77,39.78,832244,0
2016-10-27,39.82,39.82,38.87,39.25,1017761,0
2016-10-28,39.32,40.72,39.32,40.12,503229,0
2016-10-31,40.3,40.3787,39.71,39.9,620648,0
2016-11-01,40.04,40.2,38.655,39.13,637527,0
2016-11-02,39.24,39.33,38.74,38.93,630497,0
2016-11-03,39.16,39.75,38.97,39.18,789008,0
2016-11-04,38.4,39.43,38.4,39.4,1175110,0
2016-11-07,38.4,39.235,36.54,38.95,1781648,0
2016-11-08,39.82,40.4,37.24,39.44,1497228,0
2016-11-09,38.09,40.85,38.09,40.71,3135537,0
2016-11-10,41.12,41.74,39.43,39.65,1746183,0
2016-11-11,39.56,39.75,38.96,39.47,1506582,0
2016-11-14,39.65,39.77,38.93,39,1061378,0
2016-11-15,39.23,39.745,39.02,39.2,847908,0
2016-11-16,39.19,39.48,38.77,39.14,592614,0
2016-11-17,39.23,39.88,39.12,39.72,445145,0
2016-11-18,39.79,40.2,39.38,39.76,519371,0
2016-11-21,39.82,40.08,39.59,39.87,327731,0
2016-11-22,39.87,40.11,39.31,39.79,1843557,0
2016-11-23,39.7,39.97,39.29,39.42,1190038,0
2016-11-25,39.62,40.07,39.32,40.01,311186,0
2016-11-28,39.9,40,38.98,39.01,621672,0
2016-11-29,39.01,39.76,38.69,39.57,879620,0
2016-11-30,39.76,39.76,38.6,39.02,774843,0
2016-12-01,39,39.02,37.78,37.93,978594,0
2016-12-02,37.99,38.31,37.255,37.51,646913,0
2016-12-05,37.76,38.29,37.36,37.99,523260,0
2016-12-06,38.24,38.69,37.89,38.59,1009032,0
2016-12-07,38.52,39.39,38.46,39.17,1117035,0
2016-12-08,39.24,39.52,39.07,39.4,800562,0
2016-12-09,39.44,39.58,39.12,39.24,589521,0
2016-12-12,39.2,39.775,38.9,39.62,1084387,0
2016-12-13,39.85,40.64,39.82,40.29,626059,0
2016-12-14,39.82,40.93,39.29,40.35,1516345,0
2016-12-15,40.28,40.61,39.83,40.27,1055753,0
2016-12-16,40.27,40.37,38.51,38.7,2219544,0
2016-12-19,38.68,38.755,37.16,37.25,1392092,0
2016-12-20,37.32,37.67,37.1,37.55,1300615,0
2016-12-21,37.61,38.45,37.11,38.1,630878,0
2016-12-22,38.16,38.16,37.67,37.87,598456,0
2016-12-23,37.76,38.12,37.63,37.73,580653,0
2016-12-27,37.71,38.01,37.63,37.78,246798,0
2016-12-28,38,38.03,37.25,37.34,321557,0
2016-12-29,37.32,37.99,37.15,37.46,287793,0
2016-12-30,37.42,37.42,36.58,36.87,727867,0
2017-01-03,37.04,37.23,36.69,37.1,607129,0
2017-01-04,37.06,37.79,36.98,37.63,569120,0
2017-01-05,37.54,38.26,37.48,38.18,364484,0
2017-01-06,38.24,38.74,37.92,38.52,473529,0
2017-01-09,38.55,39.31,38.32,39.15,518633,0
2017-01-10,39.21,39.93,38.83,39.83,753315,0
2017-01-11,39.84,40.15,39.32,39.83,358400,0
2017-01-12,39.68,39.86,39.28,39.63,256444,0
2017-01-13,39.74,40.08,39.6386,39.79,273432,0
2017-01-17,39.68,40.57,39.62,40.56,371179,0
2017-01-18,40.56,41,40.32,40.77,430452,0
2017-01-19,40.85,41.05,40.475,40.97,498363,0
2017-01-20,41.17,41.26,40.86,41.24,474954,0
2017-01-23,41.33,41.54,40.88,41.47,561037,0
2017-01-24,41.48,41.76,41.28,41.61,236213,0
2017-01-25,41.75,42.09,41.34,42.03,275454,0
2017-01-26,43.69,45.17,43.69,44.29,1809513,0
2017-01-27,44.41,44.45,43.11,43.45,578823,0
2017-01-30,43.36,43.42,42.5,43.39,598689,0
2017-01-31,43.22,43.72,42.63,43.65,516777,0
2017-02-01,43.71,44.08,43.27,43.45,576661,0
2017-02-02,43.24,43.66,43.17,43.35,258345,0
2017-02-03,43.52,43.73,43.25,43.65,352224,0
2017-02-06,43.58,43.62,42.97,43.26,442753,0
2017-02-07,43.21,43.59,43.08,43.56,306138,0
2017-02-08,43.37,43.68,43.1,43.55,269321,0
2017-02-09,43.54,44.13,43.31,44.07,368025,0
2017-02-10,44.27,44.57,43.77,44.51,336801,0
2017-02-13,44.65,44.78,43.81,43.82,287503,0
2017-02-14,43.75,43.91,42.63,43.86,293708,0
2017-02-15,43.9,44.09,43.73,43.94,612865,0
2017-02-16,43.92,44.13,43.45,43.93,438169,0
2017-02-17,44.07,44.18,43.54,43.87,301889,0
2017-02-21,43.99,44.24,43.68,44.13,357968,0
2017-02-22,44.2,44.27,43.99,44.13,241814,0
2017-02-23,44.38,44.44,43.63,43.69,312036,0
2017-02-24,43.73,43.84,43.23,43.84,520059,0
2017-02-27,43.86,44.17,43.61,44.09,297301,0
2017-02-28,43.96,43.98,43.59,43.86,588595,0
2017-03-01,44.17,44.5,43.81,44.25,581742,0
2017-03-02,44.12,44.4656,43.86,44.03,292052,0
2017-03-03,44.17,44.295,43.03,44.12,323851,0
2017-03-06,44.07,44.34,43.69,44.12,441706,0
2017-03-07,44.04,44.28,43.78,43.92,177857,0
2017-03-08,44.01,44.245,43.635,43.74,202811,0
2017-03-09,43.77,44.2,43.58,43.82,234339,0
2017-03-10,44.08,44.3,43.67,43.82,273591,0
2017-03-13,43.93,44.23,43.73,44.1,205109,0
2017-03-14,43.94,44.43,43.67,44.26,228324,0
2017-03-15,44.41,44.5502,44.08,44.29,325590,0
2017-03-16,44.43,44.92,43.922,44.19,289231,0
2017-03-17,44.42,44.55,44.03,44.45,464905,0
2017-03-20,44.31,44.68,43.81,43.94,288083,0
2017-03-21,44.05,44.08,42.44,42.6,522925,0
2017-03-22,42.65,43.0375,42.39,42.66,352304,0
2017-03-23,42.59,43.36,42.3,43.29,253604,0
2017-03-24,43.54,43.88,43.22,43.42,264888,0
2017-03-27,43.16,43.7625,42.66,43.66,344729,0
2017-03-28,43.64,44,43.46,43.81,371930,0
2017-03-29,43.74,44.23,43.69,44.16,237045,0
2017-03-30,44.26,44.56,44.03,44.5,262699,0
2017-03-31,44.41,44.98,44.245,44.48,830292,0
2017-04-03,44.52,44.9039,44.13,44.51,611005,0
2017-04-04,47.4,50.82,47.01,50.43,6686301,0
2017-04-05,51.08,52.17,50.47,51.4,3139479,0
2017-04-06,51.54,52,51.25,51.97,1004066,0
2017-04-07,51.99,52.2899,51.49,51.68,1164857,0
2017-04-10,51.74,52.81,51.57,52.51,1269082,0
2017-04-11,52.44,52.92,52.01,52.42,1180311,0
2017-04-12,52.39,52.66,51.59,51.97,1440464,0
2017-04-13,52.01,52.01,50.85,50.87,678257,0
2017-04-17,51.05,51.25,50.56,51.16,802047,0
2017-04-18,51.16,51.16,50.49,50.94,715821,0
2017-04-19,51.03,51.84,50.74,51.34,662293,0
2017-04-20,51.43,52.12,51.285,51.74,748045,0
2017-04-21,51.95,52.28,51.61,52.23,873992,0
2017-04-24,52.92,53.17,52.46,52.91,1053280,0
2017-04-25,53.2,53.56,52.1592,53.48,847910,0
2017-04-26,53.68,54.51,53.64,54.1,927510,0
2017-04-27,54.99,54.99,54.19,54.27,504129,0
2017-04-28,54.36,54.52,53.37,53.85,609461,0
2017-05-01,53.91,54.3,53.55,54.1,553717,0
2017-05-02,54.18,54.18,53.18,53.66,585019,0
2017-05-03,53.56,53.56,51.48,51.91,800579,0
2017-05-04,52.04,52.13,51.12,51.76,1073543,0
2017-05-05,52.02,52.8,51.73,52.76,1213158,0
2017-05-08,52.78,52.78,51.46,51.87,586114,0
2017-05-09,52.5,52.5,51.42,52.06,759604,0
2017-05-10,52.23,52.23,51.5,51.75,745547,0
2017-05-11,51.5,52.12,51.34,52,928205,0
2017-05-12,51.82,52.165,51.565,52.03,711052,0
2017-05-15,52.02,52.31,51.63,51.89,556594,0
2017-05-16,51.96,52.08,51.58,51.93,538599,0
2017-05-17,51.74,51.87,50.37,50.45,866500,0
2017-05-18,50.32,51.1589,50.21,50.75,450016,0
2017-05-19,50.75,51.35,50.75,50.91,414840,0
2017-05-22,50.86,51.37,50.86,51.3,688588,0
2017-05-23,51.37,51.4,50.65,51.26,493656,0
2017-05-24,51.29,52.33,51.07,52.17,574188,0
2017-05-25,52.62,53.1,52.26,53.01,471387,0
2017-05-26,53.16,53.2892,52.82,53.08,513470,0
2017-05-30,53.26,53.725,52.84,53.27,670682,0
2017-05-31,53.5,53.95,52.15,53.89,974803,0
2017-06-01,53.85,54.99,53.67,54.84,888450,0
2017-06-02,54.91,55.93,54.91,55.75,622227,0
2017-06-05,55.72,55.75,54.14,54.32,650840,0
2017-06-06,54.23,54.23,53.67,53.7,567713,0
2017-06-07,53.73,54.07,53.47,53.98,547021,0
2017-06-08,53.98,53.98,52.6,53.29,461302,0
2017-06-09,53.61,53.61,52,52.6,961757,0
2017-06-12,52.29,52.97,52.1,52.94,617862,0
2017-06-13,52.86,53.8,52.86,53.57,496238,0
2017-06-14,53.86,53.86,52.27,52.81,616226,0
2017-06-15,52.34,52.85,51.77,52.72,640333,0
2017-06-16,52.43,52.79,51.83,52.72,1049584,0
2017-06-19,53.1,53.24,52.65,52.73,649927,0
2017-06-20,52.55,52.55,50.96,51.66,572059,0
2017-06-21,51.62,52.05,51.29,51.79,358992,0
2017-06-22,51.57,52.18,51.41,51.93,297720,0
2017-06-23,51.88,52.64,51.06,52.42,1023897,0
2017-06-26,52.58,52.8,52.01,52.17,367351,0
2017-06-27,52.15,52.42,51.38,51.51,572588,0
2017-06-28,51.6,52.89,51.52,52.69,439664,0
2017-06-29,52.51,52.68,51.25,51.88,484475,0
2017-06-30,52.1,52.46,51.11,52.29,807479,0
2017-07-03,52.64,52.64,50.9,51.02,399420,0
2017-07-05,50.88,51.64,50.805,51.42,760832,0
2017-07-06,51.64,51.64,50.56,51.02,667210,0
2017-07-07,51.04,51.46,50.84,51.21,692890,0
2017-07-10,51.22,52.41,50.99,52.15,695642,0
2017-07-11,52.21,53.11,52.14,52.94,1357426,0
2017-07-12,53.17,54.17,53.12,53.86,789102,0
2017-07-13,53.86,54.14,53.43,53.75,305759,0
2017-07-14,53.91,54.35,53.44,54.25,294451,0
2017-07-17,54.28,54.71,54.03,54.41,377006,0
2017-07-18,54.39,54.81,53.94,54.3,585190,0
2017-07-19,54.51,55.25,54.31,55.11,839354,0
2017-07-20,55.23,55.74,54.95,55.02,833357,0
2017-07-21,55.14,56.19,55.14,56,2330980,0
2017-07-24,56.09,56.18,55.27,55.49,352725,0
2017-07-25,55.58,55.7,55.19,55.33,425724,0
2017-07-26,55.49,55.71,55.34,55.59,265511,0
2017-07-27,55.84,58.07,55.84,57.4,1054922,0
2017-07-28,57.25,57.95,56.91,57.84,323337,0
2017-07-31,60.45,61.37,60.03,60.58,1409644,0
2017-08-01,60.54,61.01,59.9,60.19,1030872,0
2017-08-02,60.1,60.1,59.04,59.86,815733,0
2017-08-03,59.89,60.47,59.67,59.75,513441,0
2017-08-04,59.41,59.985,59.26,59.44,463186,0
2017-08-07,59.4,59.76,59.18,59.6,518417,0
2017-08-08,59.88,60.49,58.97,60.24,972318,0
2017-08-09,59.64,62.02,58.69,61.96,1009469,0
2017-08-10,61.53,61.75,60.46,60.58,680075,0
2017-08-11,60.58,60.88,59.7,60.58,666264,0
2017-08-14,61.3,62.41,60.81,61.98,551190,0
2017-08-15,62.21,62.33,61.66,62.02,690747,0
2017-08-16,62.05,62.12,61.31,61.55,584211,0
2017-08-17,61.27,61.49,59.865,59.87,408954,0
2017-08-18,59.71,60.05,59.2,59.7,271476,0
2017-08-21,59.66,60.23,59.52,60.18,246037,0
2017-08-22,60.57,60.98,60.31,60.88,337618,0
2017-08-23,60.39,60.59,60.08,60.21,347855,0
2017-08-24,60.33,60.33,59.19,60.13,259723,0
2017-08-25,60.42,60.42,59.37,59.4,286331,0
2017-08-28,59.83,59.84,59.06,59.22,294406,0
2017-08-29,58.62,59.29,58.62,59.27,343256,0
2017-08-30,59.32,60.67,59.25,60.57,312675,0
2017-08-31,60.55,61.68,60.37,61.56,497544,0
2017-09-01,61.5,61.635,60.8,60.97,383217,0
2017-09-05,60.74,61.08,59.95,60.74,371424,0
2017-09-06,60.81,61.58,60.17,61.44,920781,0
2017-09-07,61.51,61.77,59.98,60.41,577287,0
2017-09-08,60.32,60.33,59.39,60.16,468616,0
2017-09-11,60.6,60.94,58.99,59.17,474858,0
2017-09-12,59.51,59.95,58.6,59.67,683165,0
2017-09-13,59.54,60.14,59.41,60.04,641682,0
2017-09-14,59.59,59.965,58.58,58.76,586284,0
2017-09-15,58.64,59.02,57.23,57.25,1133645,0
2017-09-18,57.35,57.47,56.86,57.31,648115,0
2017-09-19,57.25,57.56,56.78,57.18,931651,0
2017-09-20,57.11,57.635,56.5001,57.14,495830,0
2017-09-21,57.41,57.41,56.44,56.69,379506,0
2017-09-22,56.46,56.95,56.44,56.83,348424,0
2017-09-25,56.8,56.89,55.81,56.17,477455,0
2017-09-26,56.38,56.49,55.97,56.32,588894,0
2017-09-27,56.59,57.44,56.27,57.28,452855,0
2017-09-28,56.82,57.29,56.35,56.95,293042,0
2017-09-29,56.91,57.57,56.61,57.53,527150,0
2017-10-02,57.57,57.98,57.38,57.86,481437,0
2017-10-03,57.83,58.88,57.63,58.86,497666,0
2017-10-04,58.77,59.82,58.71,59.28,577473,0
2017-10-05,59.29,59.9,59.09,59.43,689708,0
2017-10-06,59.23,59.54,59.17,59.31,338777,0
2017-10-09,59.56,59.56,58.86,59.05,411256,0
2017-10-10,59.42,59.42,58.68,59,605771,0
2017-10-11,58.74,59.21,58.63,58.9,630416,0
2017-10-12,59.01,59.01,57.141,57.64,771466,0
2017-10-13,57.36,58.055,56.59,57.98,628215,0
2017-10-16,58.04,58.37,57.82,58.35,409626,0
2017-10-17,58.49,58.49,57.63,57.88,369185,0
2017-10-18,57.85,58,57.59,57.65,340173,0
2017-10-19,57.25,57.25,56.64,57.2,674737,0
2017-10-20,57.69,57.81,57.2304,57.72,483161,0
2017-10-23,57.91,57.91,56.39,56.42,327230,0
2017-10-24,56.58,56.8,55.69,56.25,831998,0
2017-10-25,56.11,56.62,55.66,56.47,536906,0
2017-10-26,55.32,55.33,52.43,53.96,2309055,0
2017-10-27,53.7992,54.73,53.2,54.55,883023,0
2017-10-30,54.06,55.5,54.06,55.4,714086,0
2017-10-31,55.46,57.02,55.37,56.96,604361,0
2017-11-01,57.14,57.56,56.09,56.55,569770,0
2017-11-02,56.92,57.3,56.32,57.22,368437,0
2017-11-03,57.25,57.25,56.13,56.57,393000,0
2017-11-06,56.46,59.77,56.35,58.38,646194,0
2017-11-07,58.12,58.74,57.14,57.44,305292,0
2017-11-08,57.44,57.65,56.33,56.37,988773,0
2017-11-09,55.76,56.6,55.43,56.29,530556,0
2017-11-10,56.19,56.76,55.95,56.57,310173,0
