2016-01-04,8.8433,9.1649,8.5867,9.1649,50831,0
2016-01-05,9.1832,9.2167,8.9637,9.1832,40970,0
2016-01-06,9.0219,9.285,8.5867,8.7153,44198,0
2016-01-07,8.7705,9.1466,8.6785,9.1389,40125,0
2016-01-08,9.1736,9.1832,9.0274,9.0274,13052,0
2016-01-11,9.1034,9.285,8.862,9.1649,56794,0
2016-01-12,9.2215,9.2277,8.9815,9.1832,46225,0
2016-01-13,9.1525,9.545,9.1525,9.3141,55448,0
2016-01-14,9.3141,9.4619,9.2215,9.3044,30329,0
2016-01-15,9.286,9.4252,9.0456,9.3595,38614,0
2016-01-19,9.3977,9.3977,9.0805,9.2957,53038,0
2016-01-20,9.2306,9.4807,9.0125,9.0805,40106,0
2016-01-21,9.09,9.3507,8.7514,8.7746,169231,0
2016-01-22,8.8305,9.3742,8.6539,8.9974,41786,0
2016-01-25,8.9515,9.1736,8.8025,8.9609,55827,0
2016-01-26,8.9609,9.2024,8.8025,9.1736,59091,0
2016-01-27,9.1736,9.4718,9.0805,9.2763,132834,0
2016-01-28,9.2482,9.687,9.2306,9.286,51705,0
2016-01-29,9.2579,9.602,9.1044,9.2393,75105,0
2016-02-01,9.2215,9.4173,9.0068,9.3507,221041,0
2016-02-02,9.3141,9.3879,9.1283,9.3507,147636,0
2016-02-03,9.518,9.863,9.2393,9.3879,72223,0
2016-02-04,9.3693,9.731,9.1283,9.444,56081,0
2016-02-05,9.3141,9.594,9.2666,9.4173,32013,0
2016-02-08,9.4718,9.4807,9.2482,9.2957,31974,0
2016-02-09,9.3329,9.3977,8.5237,9.1091,49037,0
2016-02-10,9.2927,9.3241,8.6166,9.072,82400,0
2016-02-11,8.9703,9.4341,8.9703,9.1379,175948,0
2016-02-12,9.1832,9.3507,9.0996,9.2957,183886,0
2016-02-16,9.545,9.634,9.2393,9.286,116332,0
2016-02-17,9.3693,9.62,9.3693,9.4906,76149,0
2016-02-18,9.4341,9.594,9.2957,9.51,53106,0
2016-02-19,9.4252,9.62,9.3781,9.4173,96893,0
2016-02-22,9.4529,9.51,9.444,9.5,100710,0
2016-02-23,9.4252,9.51,9.4074,9.4074,59780,0
2016-02-24,9.4074,9.51,9.3693,9.51,45804,0
2016-02-25,9.4807,9.61,9.4529,9.602,31824,0
2016-02-26,9.602,10.029,9.602,9.77,67710,0
2016-02-29,9.761,9.863,9.4074,9.668,99141,0
2016-03-01,9.658,10.112,9.575,9.843,50381,0
2016-03-02,9.926,10.131,9.797,10.029,93715,0
2016-03-03,10.039,10.067,9.984,10.039,22322,0
2016-03-04,10.01,10.149,9.965,9.965,24775,0
2016-03-07,9.881,9.974,9.797,9.9,115767,0
2016-03-08,9.806,9.872,9.594,9.668,82466,0
2016-03-09,9.646,9.761,9.565,9.62,48665,0
2016-03-10,9.648,9.648,9.3781,9.4619,57615,0
2016-03-11,9.4341,9.722,9.1185,9.575,82787,0
2016-03-14,9.61,9.638,9.4619,9.536,27818,0
2016-03-15,9.668,9.713,9.2957,9.3693,158108,0
2016-03-16,9.594,9.815,8.6632,9.2306,116538,0
2016-03-17,9.3044,9.687,9.3044,9.565,67945,0
2016-03-18,9.687,10.42,9.536,10.122,77496,0
2016-03-21,10.086,10.188,9.872,9.974,29803,0
2016-03-22,9.946,10.058,9.731,9.77,24118,0
2016-03-23,9.788,9.955,9.575,9.594,35019,0
2016-03-24,9.4173,9.819,9.4173,9.713,48042,0
2016-03-28,9.668,9.815,9.4173,9.648,74124,0
2016-03-29,9.703,9.761,9.4589,9.731,93254,0
2016-03-30,9.761,9.853,9.575,9.853,105465,0
2016-03-31,9.797,9.955,9.62,9.863,81687,0
2016-04-01,9.9,10.42,9.703,10.281,114297,0
2016-04-04,10.401,10.42,10.002,10.198,124215,0
2016-04-05,10.105,10.198,9.815,10.086,70676,0
2016-04-06,10.095,10.224,9.965,10.179,73752,0
2016-04-07,10.179,10.355,10.039,10.179,56738,0
2016-04-08,9.974,10.281,9.974,10.076,38981,0
2016-04-11,10.131,10.42,10.131,10.392,14396,0
2016-04-12,10.207,10.643,10.207,10.615,53552,0
2016-04-13,10.521,10.709,10.389,10.615,36070,0
2016-04-14,10.69,10.69,10.493,10.643,27624,0
2016-04-15,10.69,11.057,10.539,10.981,55402,0
2016-04-18,11.132,12.213,11.132,11.836,236083,0
2016-04-19,12.071,12.307,11.803,12.248,81197,0
2016-04-20,12.258,12.258,11.883,12.043,144535,0
2016-04-21,12.119,12.484,12.089,12.287,151822,0
2016-04-22,12.316,12.316,11.987,12.183,52906,0
2016-04-25,12.41,12.775,12.053,12.232,155894,0
2016-04-26,12.4,12.526,12.119,12.446,88860,0
2016-04-27,12.4,12.635,12.297,12.4,79789,0
2016-04-28,12.326,12.342,12.08,12.147,49853,0
2016-04-29,12.043,12.174,11.902,12.071,50436,0
2016-05-02,12.174,12.212,11.85,12.043,27540,0
2016-05-03,11.789,12.193,11.687,11.987,68713,0
2016-05-04,11.874,12.138,11.723,11.836,139976,0
2016-05-05,11.874,11.996,11.648,11.893,53597,0
2016-05-06,11.911,12.061,11.696,11.78,97980,0
2016-05-09,11.658,11.713,11.253,11.526,68094,0
2016-05-10,12.541,12.748,11.987,12.089,64529,0
2016-05-11,12.128,12.277,11.78,11.893,43189,0
2016-05-12,11.968,12.138,11.678,11.789,36029,0
2016-05-13,11.836,11.921,11.513,11.658,48538,0
2016-05-16,11.78,11.902,11.602,11.619,19091,0
2016-05-17,11.668,12.053,11.495,11.977,57008,0
2016-05-18,12.034,12.034,11.554,11.713,69490,0
2016-05-19,11.658,11.789,11.31,11.564,40464,0
2016-05-20,11.554,11.949,11.431,11.827,52515,0
2016-05-23,11.704,12.061,11.574,11.996,61583,0
2016-05-24,12.034,12.241,11.556,11.865,55604,0
2016-05-25,11.949,12.154,11.874,12.015,89926,0
2016-05-26,12.099,12.263,12.024,12.164,65267,0
2016-05-27,12.241,12.682,12.138,12.307,106651,0
2016-05-31,12.39,12.598,12.174,12.42,96959,0
2016-06-01,12.484,12.484,12.114,12.258,105293,0
2016-06-02,11.949,12.174,11.544,11.855,80269,0
2016-06-03,11.911,12.213,11.752,12.174,68085,0
2016-06-06,12.203,12.203,11.817,11.93,134609,0
2016-06-07,11.968,12.232,11.544,11.752,75635,0
2016-06-08,11.855,12.08,11.544,12.061,126482,0
2016-06-09,12.005,12.071,11.544,11.648,69125,0
2016-06-10,11.619,11.696,11.169,11.243,175540,0
2016-06-13,11.367,11.638,11.253,11.584,69787,0
2016-06-14,11.611,11.678,11.302,11.424,40959,0
2016-06-15,11.517,11.865,11.273,11.593,45998,0
2016-06-16,11.638,11.771,11.329,11.648,103061,0
2016-06-17,11.807,11.817,11.325,11.329,65196,0
2016-06-20,11.414,11.619,11.282,11.32,176115,0
2016-06-21,11.329,11.517,11.273,11.385,158102,0
2016-06-22,11.584,11.668,11.357,11.619,56853,0
2016-06-23,11.713,12.213,11.564,11.93,120249,0
2016-06-24,11.367,11.516,11.226,11.273,96449,0
2016-06-27,11.395,11.395,10.709,10.868,138887,0
2016-06-28,9.384,11.31,9.384,11.226,129715,0
2016-06-29,11.32,11.47,10.949,11.347,151389,0
2016-06-30,11.451,11.611,11.057,11.302,80855,0
2016-07-01,11.517,11.687,11.347,11.526,92714,0
2016-07-05,11.123,11.525,11.123,11.357,140699,0
2016-07-06,11.234,11.638,11.207,11.395,32754,0
2016-07-07,11.414,11.584,11.132,11.159,59109,0
2016-07-08,11.357,11.357,11.084,11.084,31006,0
2016-07-11,11.074,11.141,10.907,11.132,93834,0
2016-07-12,11.544,11.544,11.104,11.282,126311,0
2016-07-13,11.482,11.547,11.286,11.386,78072,0
2016-07-14,11.595,11.685,11.31,11.51,55097,0
2016-07-15,11.728,11.728,11.405,11.728,66747,0
2016-07-18,11.823,12.705,11.823,12.051,191889,0
2016-07-19,12.137,12.137,11.776,11.861,89785,0
2016-07-20,11.871,12.163,11.69,12.013,29761,0
2016-07-21,12.137,12.288,11.786,11.966,41492,0
2016-07-22,12.003,12.088,11.804,11.956,49751,0
2016-07-25,11.197,11.415,10.627,11.32,130245,0
2016-07-26,11.378,11.537,11.197,11.329,43803,0
2016-07-27,11.482,11.482,11.302,11.405,39563,0
2016-07-28,11.386,11.519,11.32,11.51,43460,0
2016-07-29,11.453,11.547,11.397,11.482,34103,0
2016-08-01,11.443,11.718,11.329,11.368,63102,0
2016-08-02,11.405,11.491,11.158,11.273,17088,0
2016-08-03,11.338,11.386,11.131,11.368,28228,0
2016-08-04,11.462,11.567,11.338,11.433,34032,0
2016-08-05,11.529,11.691,11.31,11.378,44052,0
2016-08-08,11.292,11.292,10.913,10.959,46968,0
2016-08-09,11.035,11.197,10.779,10.921,23058,0
2016-08-10,11.064,11.415,10.837,11.216,75649,0
2016-08-11,11.358,11.358,10.646,10.94,75984,0
2016-08-12,10.921,10.921,10.627,10.685,42151,0
2016-08-15,10.732,10.913,10.38,10.437,60542,0
2016-08-16,10.457,10.585,10.323,10.475,19956,0
2016-08-17,10.437,10.541,10.068,10.342,41098,0
2016-08-18,10.38,10.485,10.124,10.172,13587,0
2016-08-19,10.106,10.172,9.983,10.096,36529,0
2016-08-22,10.077,10.137,9.755,9.83,87517,0
2016-08-23,9.839,10.124,9.835,10.058,34251,0
2016-08-24,10.039,10.228,9.964,10.182,27012,0
2016-08-25,10.247,10.319,10.072,10.191,21465,0
2016-08-26,10.182,10.546,10.172,10.465,34560,0
2016-08-29,10.457,10.6,10.41,10.514,57446,0
2016-08-30,10.428,10.798,10.257,10.779,44062,0
2016-08-31,10.675,11.225,10.637,11.207,51489,0
2016-09-01,11.177,11.31,10.913,11.045,67471,0
2016-09-02,10.94,11.15,10.788,11.092,40282,0
2016-09-06,11.102,11.102,10.722,10.921,30933,0
2016-09-07,10.893,10.988,10.708,10.931,58237,0
2016-09-08,11.064,11.064,10.793,10.913,54832,0
2016-09-09,10.883,10.883,10.573,10.58,24800,0
2016-09-12,10.57,10.627,10.352,10.523,28177,0
2016-09-13,10.428,10.428,10.087,10.172,10450,0
2016-09-14,10.201,10.314,10.087,10.182,16502,0
2016-09-15,10.257,10.352,10.068,10.277,12038,0
2016-09-16,10.437,10.437,10.212,10.296,33282,0
2016-09-19,10.305,10.39,10.096,10.238,43612,0
2016-09-20,10.296,10.997,10.068,10.56,85433,0
2016-09-21,10.541,11.273,10.541,11.263,56723,0
2016-09-22,11.263,11.263,11.055,11.187,33614,0
2016-09-23,11.162,11.358,11.14,11.31,16095,0
2016-09-26,11.234,11.234,11.027,11.158,9258,0
2016-09-27,11.207,11.263,11.092,11.168,6991,0
2016-09-28,11.112,11.177,10.95,11.177,31003,0
2016-09-29,11.064,11.338,10.988,11.225,25238,0
2016-09-30,11.32,11.51,10.931,10.997,55092,0
2016-10-03,10.959,11.112,10.931,11.102,22702,0
2016-10-04,11.15,11.216,10.874,10.913,43481,0
2016-10-05,10.968,11.058,10.713,10.76,22449,0
2016-10-06,10.808,10.988,10.685,10.779,66060,0
2016-10-07,10.845,11.112,10.732,10.94,39638,0
2016-10-10,11.082,11.253,10.903,10.978,40309,0
2016-10-11,10.722,10.732,9.0334,9.594,565965,0
2016-10-12,9.535,9.725,9.1379,9.4599,62555,0
2016-10-13,9.3653,9.4747,9.3555,9.3938,55505,0
2016-10-14,9.4886,9.545,9.3752,9.4036,43111,0
2016-10-17,9.2898,9.4133,9.1562,9.2412,45046,0
2016-10-18,9.3752,9.3752,9.2462,9.2606,262082,0
2016-10-19,9.2898,9.52,9.2225,9.2325,46180,0
2016-10-20,9.1361,9.3958,9.1361,9.1649,94682,0
2016-10-21,9.1937,9.2129,8.9728,9.0208,33597,0
2016-10-24,9.1169,9.2033,9.0977,9.1265,51766,0
2016-10-25,9.1649,9.1937,9.1265,9.1649,27972,0
2016-10-26,9.1457,9.2412,9.1265,9.1265,14454,0
2016-10-27,9.1937,9.2225,9.1169,9.2033,28706,0
2016-10-28,9.1361,9.2996,8.9247,9.0016,73079,0
2016-10-31,8.9343,9.0977,8.9343,9.0208,55337,0
2016-11-01,9.0881,9.3565,8.9152,9.0496,109725,0
2016-11-02,9.04,9.28,9.0304,9.2509,24619,0
2016-11-03,9.2033,9.3761,9.1458,9.2033,11671,0
2016-11-04,9.2033,9.3761,9.1841,9.2225,14431,0
2016-11-07,9.2325,9.3467,8.9343,9.0496,37833,0
2016-11-08,9.2703,9.3958,9.1362,9.1744,77501,0
2016-11-09,9.1553,9.319,9.1265,9.1265,39359,0
2016-11-10,9.2509,9.4628,9.1265,9.2703,104483,0
2016-11-11,9.2703,9.516,9.2509,9.319,44717,0
2016-11-14,9.3761,9.598,9.3761,9.4529,23646,0
2016-11-15,9.4331,9.751,9.4331,9.665,125025,0
2016-11-16,9.655,9.877,9.655,9.79,157582,0
2016-11-17,9.731,10.721,9.731,10.221,193908,0
2016-11-18,10.231,10.231,10.001,10.078,372797,0
2016-11-21,10.039,10.279,9.857,10.145,46755,0
2016-11-22,10.107,10.808,10.107,10.712,49123,0
2016-11-23,10.625,10.721,10.414,10.481,13515,0
2016-11-25,10.548,10.683,10.501,10.501,10434,0
2016-11-28,10.511,10.663,10.423,10.471,16105,0
2016-11-29,10.538,10.597,10.423,10.481,79037,0
2016-11-30,10.606,10.923,10.548,10.914,78535,0
2016-12-01,10.875,10.914,10.673,10.884,60750,0
2016-12-02,10.904,11.038,10.788,10.894,61374,0
2016-12-05,10.875,10.99,10.808,10.818,16287,0
2016-12-06,10.923,10.923,10.693,10.712,37537,0
2016-12-07,10.741,10.933,10.731,10.798,12378,0
2016-12-08,10.846,11.355,10.759,11.192,88835,0
2016-12-09,11.288,11.288,10.837,10.865,22657,0
2016-12-12,10.942,10.97,10.577,10.702,124856,0
2016-12-13,10.846,11.038,10.693,10.875,30022,0
2016-12-14,10.99,11.086,10.879,10.942,24710,0
2016-12-15,10.894,11.365,10.635,11.221,117019,0
2016-12-16,11.298,11.423,11,11.394,54447,0
2016-12-19,11.394,11.394,11.058,11.116,19046,0
2016-12-20,11.091,11.587,10.759,11.471,90244,0
2016-12-21,11.49,11.577,10.99,11.202,31324,0
2016-12-22,11.235,11.269,10.759,10.769,47672,0
2016-12-23,10.731,11.058,10.731,10.933,21106,0
2016-12-27,10.837,11.048,10.837,10.875,21601,0
2016-12-28,10.875,11.02,10.712,10.769,9011,0
2016-12-29,10.939,11.02,10.702,10.798,12306,0
2016-12-30,10.808,10.808,10.423,10.462,11825,0
2017-01-03,10.548,10.741,10.423,10.538,30139,0
2017-01-04,10.538,10.818,10.528,10.712,25544,0
2017-01-05,10.663,11.797,10.452,11.595,90752,0
2017-01-06,11.317,11.345,10.653,10.683,30927,0
2017-01-09,10.673,10.731,10.395,10.395,28599,0
2017-01-10,10.471,10.721,10.471,10.587,48162,0
2017-01-11,10.501,10.904,10.481,10.721,23704,0
2017-01-12,10.567,10.808,10.491,10.769,29109,0
2017-01-13,10.717,10.798,10.707,10.759,28804,0
2017-01-17,10.798,11.086,10.625,10.923,51358,0
2017-01-18,10.904,11.059,10.812,10.826,28798,0
2017-01-19,10.854,11.136,10.854,11.039,18760,0
2017-01-20,10.981,11.039,10.807,10.817,22847,0
2017-01-23,10.747,10.912,10.583,10.757,34251,0
2017-01-24,10.767,10.826,10.613,10.67,35995,0
2017-01-25,10.632,10.831,10.613,10.66,134144,0
2017-01-26,10.68,10.838,10.632,10.7,121741,0
2017-01-27,10.739,10.914,10.671,10.826,26744,0
2017-01-30,10.69,10.826,10.544,10.729,98105,0
2017-01-31,10.66,10.68,10.534,10.603,31894,0
2017-02-01,10.544,10.845,10.544,10.787,35510,0
2017-02-02,10.991,10.991,10.836,10.942,31153,0
2017-02-03,11.011,11.011,10.777,10.914,24893,0
2017-02-06,10.894,10.961,10.632,10.68,78796,0
2017-02-07,10.7,10.817,10.632,10.68,36576,0
2017-02-08,10.66,10.894,10.632,10.874,29244,0
2017-02-09,10.817,11.025,10.817,10.971,26544,0
2017-02-10,11.068,11.068,10.807,10.874,32534,0
2017-02-13,10.817,10.845,10.632,10.787,66725,0
2017-02-14,10.69,10.847,10.68,10.729,49093,0
2017-02-15,10.914,10.914,10.719,10.747,47966,0
2017-02-16,10.867,10.893,10.679,10.747,22512,0
2017-02-17,10.777,10.952,10.777,10.952,32418,0
2017-02-21,10.991,10.991,10.874,10.971,34494,0
2017-02-22,10.836,10.961,10.836,10.864,13448,0
2017-02-23,10.874,10.884,10.817,10.845,34351,0
2017-02-24,10.817,10.947,10.729,10.884,28985,0
2017-02-27,10.854,10.96,10.68,10.757,25546,0
2017-02-28,10.817,10.817,10.68,10.767,50334,0
2017-03-01,10.757,10.942,10.7,10.884,37247,0
2017-03-02,10.826,10.961,10.71,10.884,32334,0
2017-03-03,10.777,10.981,10.767,10.874,17416,0
2017-03-06,10.845,10.845,10.67,10.729,55721,0
2017-03-07,10.71,10.85,10.67,10.739,23482,0
2017-03-08,10.884,11.408,10.874,11.118,112180,0
2017-03-09,11.108,11.205,10.935,11.136,176635,0
2017-03-10,11.302,11.525,11.273,11.457,27020,0
2017-03-13,11.36,11.505,11.302,11.477,62250,0
2017-03-14,11.408,11.499,11.35,11.399,44440,0
2017-03-15,11.487,11.681,11.437,11.651,41318,0
2017-03-16,11.651,11.709,11.544,11.69,13920,0
2017-03-17,11.748,11.845,11.651,11.758,53741,0
2017-03-20,11.778,11.797,11.685,11.787,35525,0
2017-03-21,11.768,11.778,11.602,11.651,30097,0
2017-03-22,11.651,11.681,11.485,11.651,27865,0
2017-03-23,11.661,11.845,11.574,11.709,45715,0
2017-03-24,11.709,11.826,11.69,11.748,14622,0
2017-03-27,11.631,11.768,11.554,11.671,31282,0
2017-03-28,11.651,11.835,11.651,11.738,28203,0
2017-03-29,11.597,11.758,11.544,11.661,40234,0
2017-03-30,11.602,11.758,11.602,11.738,24063,0
2017-03-31,11.738,11.835,11.738,11.806,41303,0
2017-04-03,11.816,11.845,11.437,11.487,20676,0
2017-04-04,11.477,11.748,11.146,11.282,69236,0
2017-04-05,11.253,11.34,10.991,11.049,12105,0
2017-04-06,11.029,11.243,10.904,11.039,35504,0
2017-04-07,11.011,11.253,11.011,11.166,21438,0
2017-04-10,11.166,11.282,11.126,11.263,49634,0
2017-04-11,11.165,11.233,11.008,11.174,37188,0
2017-04-12,11.096,11.135,11.027,11.106,15205,0
2017-04-13,11.135,11.135,10.88,11.106,47587,0
2017-04-17,11.106,11.381,10.978,11.066,69305,0
2017-04-18,10.978,10.998,10.718,10.851,59478,0
2017-04-19,10.89,10.89,10.644,10.704,52359,0
2017-04-20,10.725,10.88,10.674,10.841,78598,0
2017-04-21,10.87,10.939,10.782,10.87,12583,0
2017-04-24,10.998,11.086,10.998,11.008,14633,0
2017-04-25,11.076,11.253,11.076,11.145,46544,0
2017-04-26,11.135,11.429,11.135,11.253,551421,0
2017-04-27,11.204,11.429,11.097,11.361,26235,0
2017-04-28,11.302,11.547,11.302,11.469,55362,0
2017-05-01,11.528,11.679,11.416,11.587,25875,0
2017-05-02,11.547,11.743,11.359,11.626,66840,0
2017-05-03,11.606,11.606,11.194,11.233,8177,0
2017-05-04,11.312,11.508,11.106,11.469,23142,0
2017-05-05,11.224,11.508,11.145,11.439,21311,0
2017-05-08,11.479,11.508,11.281,11.498,11589,0
2017-05-09,12.243,12.243,11.665,11.989,272361,0
2017-05-10,12.009,12.343,12.009,12.293,87115,0
2017-05-11,12.21,12.253,12.102,12.243,25300,0
2017-05-12,12.155,12.225,11.94,12.195,137743,0
2017-05-15,12.126,12.411,12.126,12.185,18675,0
2017-05-16,12.253,12.253,11.871,11.979,8662,0
2017-05-17,11.851,12.009,11.748,11.93,64553,0
2017-05-18,12.146,12.234,11.792,12.077,31865,0
2017-05-19,12.155,12.469,12.145,12.361,35131,0
2017-05-22,12.459,12.459,12.156,12.263,11064,0
2017-05-23,12.253,12.263,12.126,12.175,15322,0
2017-05-24,12.175,12.283,12.068,12.283,17046,0
2017-05-25,12.303,12.489,12.077,12.136,12860,0
2017-05-26,12.136,12.557,12.136,12.459,53458,0
2017-05-30,12.391,12.547,12.338,12.479,9684,0
2017-05-31,12.459,13.009,12.459,12.843,112494,0
2017-06-01,12.813,12.979,12.479,12.675,115100,0
2017-06-02,12.754,12.754,12.562,12.685,57241,0
2017-06-05,12.597,12.833,12.329,12.803,101088,0
2017-06-06,12.773,12.931,12.666,12.813,9947,0
2017-06-07,12.852,12.931,12.763,12.843,95644,0
2017-06-08,12.852,13.235,12.803,13.029,18326,0
2017-06-09,13.077,13.077,12.803,12.803,47870,0
2017-06-12,12.509,12.735,12.117,12.675,75016,0
2017-06-13,12.665,12.808,12.391,12.499,121608,0
2017-06-14,12.567,12.574,12.351,12.441,20800,0
2017-06-15,12.313,12.547,12.275,12.342,24623,0
2017-06-16,12.273,12.401,12.145,12.361,9688,0
2017-06-19,12.431,12.431,11.959,12.009,43855,0
2017-06-20,11.999,12.097,11.773,11.989,28982,0
2017-06-21,11.999,12.038,11.858,11.939,28302,0
2017-06-22,11.841,12.028,11.841,11.93,12283,0
2017-06-23,11.895,12.038,11.724,11.92,21105,0
2017-06-26,11.724,12.107,11.467,11.93,44576,0
2017-06-27,11.911,12.115,11.812,11.92,51183,0
2017-06-28,11.92,12.21,11.92,12.185,30103,0
2017-06-29,12.175,12.263,11.675,11.979,67146,0
2017-06-30,11.979,12.612,11.979,12.547,63832,0
2017-07-03,12.547,13.166,12.535,12.725,62524,0
2017-07-05,12.754,12.813,12.607,12.735,18077,0
2017-07-06,12.675,12.793,12.557,12.597,7553,0
2017-07-07,12.587,12.715,12.469,12.509,104628,0
2017-07-10,12.519,12.843,12.519,12.715,27420,0
2017-07-11,12.803,12.969,12.705,12.725,46687,0
2017-07-12,12.803,13.019,12.421,12.705,70572,0
2017-07-13,12.725,13.032,12.596,12.725,29544,0
2017-07-14,12.808,12.952,12.576,12.784,15892,0
2017-07-17,12.774,12.774,12.215,12.527,52802,0
2017-07-18,12.537,12.774,12.438,12.764,47841,0
2017-07-19,12.606,12.764,12.388,12.438,39321,0
2017-07-20,12.616,12.646,12.301,12.487,40221,0
2017-07-21,12.527,13.2,12.457,13.141,205575,0
2017-07-24,13.131,13.19,12.819,12.913,34051,0
2017-07-25,12.903,13.2,12.883,12.903,52871,0
2017-07-26,13.002,13.061,12.646,12.913,73616,0
2017-07-27,12.903,13.071,12.844,12.873,57022,0
2017-07-28,12.764,12.913,12.764,12.834,18473,0
2017-07-31,12.527,13.111,12.527,12.576,76779,0
2017-08-01,12.566,12.943,12.428,12.873,62212,0
2017-08-02,12.853,13.071,12.705,12.814,40453,0
2017-08-03,12.764,12.933,12.576,12.794,27574,0
2017-08-04,12.893,12.893,12.299,12.527,28840,0
2017-08-07,12.418,12.497,12.041,12.21,74787,0
2017-08-08,12.111,12.111,11.814,11.972,189878,0
2017-08-09,11.675,12.17,11.378,12.051,72752,0
2017-08-10,11.784,12.15,11.606,11.863,71257,0
2017-08-11,11.289,11.923,11.289,11.734,71165,0
2017-08-14,11.655,11.883,11.398,11.497,82826,0
2017-08-15,11.487,11.853,11.388,11.626,114529,0
2017-08-16,11.626,11.962,11.626,11.734,35910,0
2017-08-17,11.576,12.041,11.437,11.754,120058,0
2017-08-18,11.764,11.784,11.556,11.616,66676,0
2017-08-21,11.588,11.764,11.368,11.467,54080,0
2017-08-22,11.348,11.586,11.269,11.338,32108,0
2017-08-23,11.289,11.596,11.19,11.398,109006,0
2017-08-24,11.457,11.635,11.289,11.487,32961,0
2017-08-25,11.685,11.804,11.368,11.764,54564,0
2017-08-28,11.804,11.804,11.457,11.626,51768,0
2017-08-29,11.645,11.774,11.556,11.655,55046,0
2017-08-30,11.556,11.942,11.556,11.705,18672,0
2017-08-31,11.685,11.893,11.646,11.843,39644,0
2017-09-01,11.873,12.378,11.774,12.348,15709,0
2017-09-05,12.329,12.616,12.309,12.477,107541,0
2017-09-06,12.507,12.626,12.22,12.447,46406,0
2017-09-07,12.576,12.804,12.368,12.675,20659,0
2017-09-08,12.626,12.655,11.982,12.388,66786,0
2017-09-11,12.487,12.646,12.294,12.546,31061,0
2017-09-12,12.576,12.576,12.269,12.566,30452,0
2017-09-13,12.556,12.576,12.457,12.576,39722,0
2017-09-14,12.546,12.566,12.251,12.527,72891,0
2017-09-15,12.527,12.556,12.428,12.556,48022,0
2017-09-18,12.527,12.616,12.418,12.517,22752,0
2017-09-19,12.368,12.566,12.269,12.537,23586,0
2017-09-20,12.546,12.873,12.467,12.596,47551,0
2017-09-21,12.378,12.616,12.378,12.537,8254,0
2017-09-22,12.259,12.596,12.259,12.497,6901,0
2017-09-25,12.497,12.725,12.279,12.378,25262,0
2017-09-26,12.546,12.546,12.224,12.329,25529,0
2017-09-27,12.28,12.556,12.051,12.091,54423,0
2017-09-28,12.071,12.378,12.071,12.309,4952,0
2017-09-29,12.289,12.329,11.992,12.329,81513,0
2017-10-02,12.309,12.467,12.179,12.2,19412,0
2017-10-03,12.259,12.477,11.913,12.131,133373,0
2017-10-04,12.17,12.358,11.903,12.022,251145,0
2017-10-05,12.041,12.329,12.041,12.15,35882,0
2017-10-06,12.24,12.309,12.091,12.18,62720,0
2017-10-09,12.249,12.249,11.972,12.121,20806,0
2017-10-10,12.121,12.215,12.111,12.18,24577,0
2017-10-11,12.17,12.378,11.948,12.121,40330,0
2017-10-12,12.111,12.428,11.843,12.19,17769,0
2017-10-13,12.22,12.43,12.22,12.39,32731,0
2017-10-16,12.43,12.5,12.33,12.46,63072,0
2017-10-17,12.5,12.5,12.41,12.44,193213,0
2017-10-18,12.5,12.51,12.34,12.47,138176,0
2017-10-19,12.54,12.72,12.13,12.28,58967,0
2017-10-20,12.47,12.61,12.06,12.49,17169,0
2017-10-23,12.3151,12.61,12.3151,12.47,222078,0
2017-10-24,12.54,12.74,12.4386,12.69,45572,0
2017-10-25,12.794,12.84,12.61,12.69,22173,0
2017-10-26,12.76,12.8,12.36,12.7,23745,0
2017-10-27,12.74,12.84,12.46,12.74,20390,0
2017-10-30,12.79,12.79,12.28,12.4,9381,0
2017-10-31,12.34,12.55,12.105,12.38,48481,0
2017-11-01,12.51,12.67,12.17,12.43,23272,0
2017-11-02,12.31,12.76,12.31,12.58,11638,0
2017-11-03,12.66,12.76,12.47,12.69,11723,0
2017-11-06,12.69,12.78,12.25,12.68,58142,0
2017-11-07,13,13.38,12.92,13.34,336103,0
2017-11-08,13.37,13.79,13.37,13.73,74525,0
2017-11-09,13.55,13.59,13.2201,13.27,329703,0
2017-11-10,13.49,13.49,13.25,13.4,23991,0
