2016-01-04,7.08,7.24,7,7.09,50024,0
2016-01-05,7.13,7.18,7.04,7.13,33967,0
2016-01-06,7.21,7.21,6.96,7,46877,0
2016-01-07,7.1,7.1,6.86,6.87,46142,0
2016-01-08,6.81,6.975,6.75,6.82,32385,0
2016-01-11,6.86,6.86,6.49,6.6,42646,0
2016-01-12,6.6,6.73,6.48,6.71,38624,0
2016-01-13,6.72,7.05,6.675,7.05,25914,0
2016-01-14,6.85,6.85,6.58,6.7,32508,0
2016-01-15,6.79,6.79,6.53,6.55,60543,0
2016-01-19,6.57,6.62,6.31,6.34,41300,0
2016-01-20,6.36,6.44,6.2,6.29,83391,0
2016-01-21,6.27,6.4,6.12,6.3532,28265,0
2016-01-22,6.34,6.59,6.29,6.36,32430,0
2016-01-25,6.46,6.54,6.34,6.41,46360,0
2016-01-26,6.43,6.69,6.43,6.57,50156,0
2016-01-27,6.57,6.59,6.45,6.54,26505,0
2016-01-28,6.46,6.56,6.39,6.47,43261,0
2016-01-29,6.48,6.58,6.41,6.57,40055,0
2016-02-01,6.57,6.72,6.52,6.71,51199,0
2016-02-02,6.7,6.76,6.52,6.58,18676,0
2016-02-03,6.66,7.08,6.66,7.08,39345,0
2016-02-04,7.18,7.38,7.15,7.17,47119,0
2016-02-05,7.03,7.37,7,7.36,27016,0
2016-02-08,7.49,7.8,7.49,7.8,110302,0
2016-02-09,7.7,7.81,7.38,7.38,45427,0
2016-02-10,7.33,7.34,7.15,7.26,47914,0
2016-02-11,7.52,7.65,7.39,7.53,81951,0
2016-02-12,7.44,7.83,7.438,7.8,51757,0
2016-02-16,7.62,7.89,7.61,7.75,42716,0
2016-02-17,7.8,8.06,7.723,7.88,31550,0
2016-02-18,7.86,8.25,7.8255,8.23,120374,0
2016-02-19,8.22,8.25,8.03,8.11,40370,0
2016-02-22,7.98,8.11,7.92,7.99,53347,0
2016-02-23,7.24,7.4,7.18,7.3,1332144,0
2016-02-24,7.35,7.44,7.2,7.2,634096,0
2016-02-25,7.2,7.32,7.16,7.2,222938,0
2016-02-26,7.1,7.21,6.97,7.02,150182,0
2016-02-29,6.99,7.16,6.99,7.11,135223,0
2016-03-01,7.09,7.15,6.93,6.97,97253,0
2016-03-02,6.96,7.21,6.93,7.18,204303,0
2016-03-03,7.2,7.44,7.2,7.39,591866,0
2016-03-04,7.43,7.98,7.38,7.79,476807,0
2016-03-07,7.81,7.99,7.81,7.87,349230,0
2016-03-08,7.84,8.06,7.82,7.97,257846,0
2016-03-09,7.89,8.3,7.8589,8.24,270248,0
2016-03-10,8.34,8.97,8.28,8.9,282918,0
2016-03-11,8.98,9.05,8.57,8.62,130420,0
2016-03-14,8.74,8.78,8.56,8.59,131001,0
2016-03-15,8.5,8.72,8.4387,8.71,107215,0
2016-03-16,8.66,9.22,8.52,9.16,116586,0
2016-03-17,9.42,9.6565,9.2101,9.32,159348,0
2016-03-18,9.31,9.64,9.21,9.55,633437,0
2016-03-21,9.47,9.73,9.46,9.7,247220,0
2016-03-22,9.82,9.82,9.53,9.57,118323,0
2016-03-23,9.33,9.52,9.02,9.31,169765,0
2016-03-24,9.26,9.5199,9.2,9.29,122673,0
2016-03-28,9.24,9.26,8.935,9.14,93539,0
2016-03-29,9.19,9.91,9.19,9.84,104681,0
2016-03-30,9.83,9.95,9.52,9.62,75300,0
2016-03-31,9.61,9.76,9.38,9.44,89676,0
2016-04-01,9.1,9.51,9.1,9.51,97852,0
2016-04-04,9.45,9.58,9.23,9.33,67625,0
2016-04-05,9.34,9.8,9.29,9.8,113551,0
2016-04-06,9.81,9.81,9.44,9.51,88471,0
2016-04-07,9.69,9.89,9.59,9.8,47939,0
2016-04-08,9.81,9.88,9.59,9.62,87312,0
2016-04-11,9.77,10.36,9.716,10.25,153656,0
2016-04-12,10.42,10.756,10.12,10.71,125496,0
2016-04-13,10.66,10.71,10.29,10.29,108086,0
2016-04-14,10.26,10.52,9.97,10.22,76046,0
2016-04-15,10.18,10.88,10.11,10.87,104231,0
2016-04-18,10.88,11.09,10.7,10.9,97169,0
2016-04-19,11.59,12.12,11.44,12.11,247793,0
2016-04-20,12.15,12.47,11.61,11.66,214758,0
2016-04-21,11.93,11.9875,11.55,11.82,147723,0
2016-04-22,11.89,12.3,11.61,12.01,233797,0
2016-04-25,11.92,11.95,11.5101,11.6,111115,0
2016-04-26,11.73,11.95,11.39,11.9,126956,0
2016-04-27,11.96,12.28,11.77,12.05,85870,0
2016-04-28,12.14,12.78,12.05,12.53,204993,0
2016-04-29,12.77,13.03,12.67,13,257810,0
2016-05-02,13.14,13.18,12.32,12.49,183622,0
2016-05-03,12.44,12.62,12.15,12.46,182735,0
2016-05-04,12.35,12.6,11.94,12.13,130604,0
2016-05-05,12.39,12.6,12.14,12.44,129969,0
2016-05-06,12.55,13.25,12.55,13.21,142816,0
2016-05-09,12.82,12.82,12.06,12.06,137540,0
2016-05-10,12.06,12.53,11.84,12.4,72632,0
2016-05-11,12.66,13.0899,12.23,12.43,107069,0
2016-05-12,12.58,12.81,12.389,12.61,86405,0
2016-05-13,12.61,13.61,12.4501,13.61,193817,0
2016-05-16,13.87,14.27,13.8,13.91,211334,0
2016-05-17,13.96,14.4,13.63,14.31,153760,0
2016-05-18,13.94,14.21,13.24,13.35,279442,0
2016-05-19,12.99,13.54,12.85,13.18,181606,0
2016-05-20,13.45,13.72,12.98,13.72,185093,0
2016-05-23,13.59,13.79,13.3033,13.52,58719,0
2016-05-24,13.36,13.36,12.45,12.45,170422,0
2016-05-25,12.34,12.83,11.95,12.74,211925,0
2016-05-26,12.94,13.22,12.2457,12.35,139950,0
2016-05-27,12.29,12.34,11.73,11.95,162381,0
2016-05-31,11.83,12.67,11.83,12.24,190557,0
2016-06-01,12.36,12.39,11.9,12.25,71541,0
2016-06-02,12.08,12.48,11.94,12.36,103100,0
2016-06-03,12.76,13.65,12.76,13.4,189946,0
2016-06-06,13.49,13.63,13.12,13.63,130506,0
2016-06-07,13.42,13.49,13.13,13.13,62294,0
2016-06-08,13.69,14.01,13.52,13.63,103442,0
2016-06-09,13.68,14.07,13.51,14,91494,0
2016-06-10,14,14.3989,13.63,13.76,107796,0
2016-06-13,13.97,14.05,12.85,13.18,208561,0
2016-06-14,13.23,13.47,12.72,12.88,75632,0
2016-06-15,12.84,13.55,12.71,13.42,216925,0
2016-06-16,13.72,13.79,12.71,12.96,177659,0
2016-06-17,13.1,13.5,12.99,13.08,117202,0
2016-06-20,12.95,13.71,12.74,13.48,140553,0
2016-06-21,13.38,13.38,12.69,12.73,176260,0
2016-06-22,12.57,12.64,11.85,12.28,252730,0
2016-06-23,12.12,12.68,12.09,12.37,147724,0
2016-06-24,13.1,13.16,12.37,12.52,172310,0
2016-06-27,12.67,12.89,11.74,11.97,163200,0
2016-06-28,12.01,12.2699,11.51,12,138952,0
2016-06-29,12.18,12.57,12.13,12.3,136874,0
2016-06-30,12.36,12.61,12.21,12.61,135492,0
2016-07-01,12.69,14.44,12.69,14.29,327385,0
2016-07-05,14.12,14.65,13.85,14.21,241090,0
2016-07-06,14.5,14.62,14,14.52,131483,0
2016-07-07,14.42,14.5,14.03,14.15,120092,0
2016-07-08,14.33,14.37,14.08,14.29,5123,0
2016-07-11,14.57,15.01,14.51,14.91,120473,0
2016-07-12,14.99,14.99,14.61,14.8,176606,0
2016-07-13,15,15.89,14.96,15.7,166605,0
2016-07-14,15.54,15.93,15.31,15.89,207262,0
2016-07-15,15.8,15.99,15.62,15.7,125801,0
2016-07-18,15.58,15.75,15.42,15.66,62263,0
2016-07-19,15.52,15.69,15.3,15.4,158000,0
2016-07-20,15.07,15.16,14.63,14.71,147531,0
2016-07-21,14.75,15.0021,14.75,14.87,94702,0
2016-07-22,14.67,15,14.51,14.92,61100,0
2016-07-25,14.8,14.8,14.18,14.47,95906,0
2016-07-26,14.68,15.1099,14.45,14.93,93512,0
2016-07-27,15.15,15.43,14.67,15.27,76817,0
2016-07-28,15.27,15.51,15.001,15.42,90455,0
2016-07-29,15.5,15.89,15.47,15.67,85872,0
2016-08-01,15.7,16.33,15.5,16.25,73894,0
2016-08-02,16.36,16.77,16.2,16.29,157926,0
2016-08-03,16.17,16.4,15.88,16.01,59908,0
2016-08-04,16.02,16.18,15.79,16.07,49570,0
2016-08-05,15.68,16.03,15.3701,15.95,149365,0
2016-08-08,15.88,16.4096,15.74,15.89,60298,0
2016-08-09,15.94,16.42,15.94,16.3,98142,0
2016-08-10,16.66,17.16,16.66,16.96,144098,0
2016-08-11,17.04,17.15,16.87,16.87,129205,0
2016-08-12,17.13,17.29,16.37,16.69,109296,0
2016-08-15,16.8,17.14,16.425,16.52,136341,0
2016-08-16,16.54,17.56,16.49,17.41,145677,0
2016-08-17,16.77,17.1,16.29,16.77,126664,0
2016-08-18,16.81,16.9,16.61,16.78,96613,0
2016-08-19,16.67,16.83,16.21,16.37,87709,0
2016-08-22,16.12,16.28,15.86,15.97,67204,0
2016-08-23,15.98,16.17,15.66,15.71,99917,0
2016-08-24,15.52,15.52,14.81,14.96,185342,0
2016-08-25,14.59,15.49,14.59,15.31,103471,0
2016-08-26,15.55,16.24,15.07,15.69,184973,0
2016-08-29,15.42,16.08,15.14,15.85,151846,0
2016-08-30,15.88,15.99,14.97,15.24,94234,0
2016-08-31,15.13,15.13,14.4,14.74,130394,0
2016-09-01,14.59,15.38,14.48,15.36,81621,0
2016-09-02,15.84,16.72,15.84,16.72,199521,0
2016-09-06,16.91,17.68,16.91,17.5,119183,0
2016-09-07,17.57,18.05,17.2142,17.85,144413,0
2016-09-08,17.91,18.12,17.26,17.53,104457,0
2016-09-09,17.29,17.46,16.28,16.44,131746,0
2016-09-12,16.21,16.85,15.87,16.68,153658,0
2016-09-13,16.48,16.48,15.38,15.55,212550,0
2016-09-14,15.7,15.94,15.17,15.27,146668,0
2016-09-15,15.25,16.19,15.1252,15.82,186731,0
2016-09-16,15.67,15.8,15.07,15.32,121090,0
2016-09-19,15.67,15.76,15.36,15.58,59357,0
2016-09-20,15.7,15.74,15.17,15.67,58874,0
2016-09-21,15.94,17,15.84,16.93,233959,0
2016-09-22,17.12,17.35,16.655,16.82,238175,0
2016-09-23,16.74,16.74,15.8,15.97,99116,0
2016-09-26,15.94,16.35,15.37,15.41,106345,0
2016-09-27,15.21,15.37,14.87,15.16,85620,0
2016-09-28,15.04,15.47,14.67,15.32,94914,0
2016-09-29,15.2,15.48,14.97,15.34,76529,0
2016-09-30,15.72,15.77,14.96,15.08,66371,0
2016-10-03,15.41,16.05,15.08,15.45,102076,0
2016-10-04,15.25,15.35,13.53,13.7,240897,0
2016-10-05,13.99,14.28,13.53,14.05,131652,0
2016-10-06,13.87,13.92,13.23,13.47,184484,0
2016-10-07,13.8,14.17,13.164,13.58,156041,0
2016-10-10,13.58,13.75,13.58,13.6,21310,0
2016-10-11,13.42,13.7,13.18,13.39,122612,0
2016-10-12,13.39,13.6,13.22,13.45,238060,0
2016-10-13,13.4,13.74,13.25,13.52,215858,0
2016-10-14,13.43,13.79,13.24,13.32,51141,0
2016-10-17,13.42,13.82,13.42,13.77,60072,0
2016-10-18,13.94,14.55,13.755,14.08,120289,0
2016-10-19,14.29,14.48,14.03,14.38,80411,0
2016-10-20,14.49,14.92,14.47,14.9,100893,0
2016-10-21,14.9,15.41,14.89,15.41,281628,0
2016-10-24,15.52,15.59,14.51,14.76,211984,0
2016-10-25,15.09,15.22,14.57,14.89,137565,0
2016-10-26,15.07,15.07,14.3523,14.45,83810,0
2016-10-27,14.54,14.64,14.23,14.32,50515,0
2016-10-28,14.3,14.7,14.13,14.42,76309,0
2016-10-31,14.7,14.7,14.26,14.63,121705,0
2016-11-01,14.84,15.54,14.84,15.23,172797,0
2016-11-02,15.54,16.27,15.08,15.14,183472,0
2016-11-03,14.96,15.56,14.96,15.56,120845,0
2016-11-04,15.56,15.56,14.54,14.71,117680,0
2016-11-07,14.65,14.65,13.9,14.36,96292,0
2016-11-08,14.4,14.93,14.07,14.42,128712,0
2016-11-09,14.81,15.21,14.2,14.51,152710,0
2016-11-10,14.61,14.63,13.42,13.55,159273,0
2016-11-11,13.41,13.54,11.5,11.57,366882,0
2016-11-14,11.7,12.1161,11.15,11.88,137665,0
2016-11-15,11.9,12.64,11.84,12.6,134367,0
2016-11-16,12.61,12.61,11.94,12.15,101289,0
2016-11-17,12.41,12.5,11.63,11.78,142844,0
2016-11-18,11.72,11.93,11.35,11.69,150174,0
2016-11-21,11.68,12.17,11.68,11.95,130553,0
2016-11-22,12.31,12.9,12.0719,12.76,630394,0
2016-11-23,12.44,12.48,11.93,12.07,320501,0
2016-11-25,12.03,12.31,11.89,12.02,107555,0
2016-11-28,12.18,12.52,11.93,12.4,157719,0
2016-11-29,12.31,13.0606,12.22,12.93,141215,0
2016-11-30,12.93,12.98,12.3604,12.43,138292,0
2016-12-01,12.38,12.82,12.03,12.38,177299,0
2016-12-02,13.38,13.38,12.46,13.18,161802,0
2016-12-05,13.04,13.54,12.7,13.24,182761,0
2016-12-06,13.28,13.67,13.1,13.33,145893,0
2016-12-07,13.54,13.73,13.13,13.22,120765,0
2016-12-08,13.26,13.26,12.5,12.71,134790,0
2016-12-09,12.57,12.69,11.6,11.6,322390,0
2016-12-12,11.7,12.3,11.55,11.73,337037,0
2016-12-13,11.74,12.26,11.73,12.15,225262,0
2016-12-14,12.4,12.4,11.24,11.37,187733,0
2016-12-15,11.11,11.11,10.12,10.41,224191,0
2016-12-16,10.5,10.69,9.94,10.12,297767,0
2016-12-19,9.93,10.1906,9.5,9.94,281188,0
2016-12-20,9.64,9.95,9.54,9.74,336593,0
2016-12-21,9.78,9.84,9.54,9.58,146812,0
2016-12-22,9.82,10.01,9.62,9.7,235800,0
2016-12-23,9.76,10.39,9.75,10.39,242562,0
2016-12-27,10.52,10.7185,10.29,10.43,131437,0
2016-12-28,10.43,10.81,10.28,10.74,286265,0
2016-12-29,10.8,11.69,10.79,11.67,388863,0
2016-12-30,11.87,12.22,10.895,11.03,309114,0
2017-01-03,11.06,11.61,11.03,11.58,234697,0
2017-01-04,11.76,12.1,11.4422,11.94,245961,0
2017-01-05,12.27,12.99,12.12,12.85,387203,0
2017-01-06,12.46,12.57,11.5747,11.93,360827,0
2017-01-09,12.26,12.54,11.93,12.12,449171,0
2017-01-10,12.38,13.009,12.35,12.73,246134,0
2017-01-11,12.78,13.1,12.27,12.86,281900,0
2017-01-12,13.12,13.28,12.48,12.7,244683,0
2017-01-13,12.6,12.95,12.42,12.88,327313,0
2017-01-17,13.49,13.57,12.99,13.17,280639,0
2017-01-18,13.08,13.42,12.87,13.08,298071,0
2017-01-19,12.86,13.21,12.71,13.07,230693,0
2017-01-20,13.05,13.541,12.89,13.27,285636,0
2017-01-23,13.47,13.8415,13.45,13.78,260513,0
2017-01-24,13.78,14.16,13.4,13.65,371576,0
2017-01-25,13.39,13.7217,13.1626,13.72,205548,0
2017-01-26,13.37,13.48,13.08,13.37,269148,0
2017-01-27,13.37,13.87,13.28,13.79,179794,0
2017-01-30,13.81,14.02,13.65,13.76,270733,0
2017-01-31,14.17,14.3,13.99,14.22,191222,0
2017-02-01,14.09,14.68,13.92,14.63,227412,0
2017-02-02,14.93,15.31,14.9,15.29,326399,0
2017-02-03,15.17,15.25,14.86,14.99,217838,0
2017-02-06,15.18,15.99,14.9,15.93,538631,0
2017-02-07,15.76,16.45,15.63,16.08,395708,0
2017-02-08,16.2,16.47,15.65,15.99,228366,0
2017-02-09,15.91,15.97,15.5,15.83,231005,0
2017-02-10,15.55,16.47,15.5391,16.23,197344,0
2017-02-13,16.23,16.3,15.88,16.18,205329,0
2017-02-14,16.61,16.78,15.98,16.59,274515,0
2017-02-15,16.05,16.17,15.45,16.08,330211,0
2017-02-16,16.3,16.41,15.91,16.25,289030,0
2017-02-17,16.08,16.34,15.91,16.05,263784,0
2017-02-21,16,16.46,15.68,15.93,362626,0
2017-02-22,15.82,16.13,15.46,16.08,299487,0
2017-02-23,16.31,16.5,16.14,16.22,433367,0
2017-02-24,16.55,16.55,15.44,15.54,420144,0
2017-02-27,15.49,15.93,14.15,14.25,639647,0
2017-02-28,14.35,14.75,14.09,14.38,518371,0
2017-03-01,14.36,15.55,14.02,15.48,558921,0
2017-03-02,15.13,15.4,14.1,14.16,431372,0
2017-03-03,14,14.39,13.56,14.16,569147,0
2017-03-06,13.94,14.13,13.1,13.3,529797,0
2017-03-07,13.15,13.48,12.87,13.3,296725,0
2017-03-08,13.09,13.34,13,13,272182,0
2017-03-09,12.99,13.25,12.9,13.12,166382,0
2017-03-10,13.23,13.83,13.05,13.76,311186,0
2017-03-13,13.79,14.41,13.53,14.22,502118,0
2017-03-14,14.15,14.2,13.26,13.33,492611,0
2017-03-15,13.56,14.39,13.25,14.26,993169,0
2017-03-16,14.63,14.87,14.15,14.39,427623,0
2017-03-17,14.45,14.76,13.8611,13.97,975083,0
2017-03-20,14.09,14.45,13.91,14.41,321035,0
2017-03-21,14.51,14.91,14.43,14.5,313376,0
2017-03-22,14.65,14.67,14.2,14.2,293569,0
2017-03-23,14.29,14.34,13.63,14.04,399391,0
2017-03-24,14.04,14.15,13.84,13.93,252178,0
2017-03-27,14.25,14.27,13.98,14.17,269155,0
2017-03-28,14.12,14.26,13.59,13.72,287354,0
2017-03-29,13.69,13.84,13.4,13.77,240407,0
2017-03-30,13.58,13.79,13.37,13.44,212198,0
2017-03-31,13.25,13.3789,12.93,13.13,541894,0
2017-04-03,13.12,13.6785,13.07,13.55,238935,0
2017-04-04,13.6,13.84,13.56,13.82,279732,0
2017-04-05,13.61,13.91,13.35,13.87,403197,0
2017-04-06,13.88,14.09,13.69,14,358703,0
2017-04-07,14.34,14.47,13.77,13.89,328267,0
2017-04-10,13.82,14.19,13.82,13.96,278677,0
2017-04-11,14.11,14.48,14.05,14.13,345747,0
2017-04-12,14.13,14.31,13.77,14.03,287407,0
2017-04-13,14.12,14.13,13.63,13.73,423729,0
2017-04-17,13.72,13.73,13.02,13.23,410820,0
2017-04-18,13.11,13.25,12.94,13.22,482597,0
2017-04-19,13.05,13.11,12.21,12.9,761570,0
2017-04-20,12.78,12.78,12.42,12.49,591173,0
2017-04-21,12.52,12.67,12.28,12.58,474925,0
2017-04-24,12.39,12.41,12.155,12.23,544844,0
2017-04-25,12.03,12.17,11.34,12.17,928273,0
2017-04-26,11.79,12.3,11.47,12.3,862848,0
2017-04-27,12.08,12.08,11.59,11.92,663891,0
2017-04-28,11.92,12.4,11.8,12.22,787076,0
2017-05-01,12.1,12.14,11.56,11.62,493891,0
2017-05-02,11.6,11.83,11.52,11.73,627842,0
2017-05-03,11.73,11.93,11.54,11.66,633894,0
2017-05-04,11.42,11.5,11.105,11.11,656957,0
2017-05-05,11.22,11.5,11.09,11.31,448561,0
2017-05-08,11.35,11.37,10.97,11.25,301596,0
2017-05-09,11.2,11.22,10.93,11,410448,0
2017-05-10,11.12,11.26,10.99,11.04,376382,0
2017-05-11,11.08,11.82,11.02,11.78,625080,0
2017-05-12,11.87,12.05,11.78,11.95,550507,0
2017-05-15,12.26,12.26,11.59,11.84,417779,0
2017-05-16,11.9,12.2499,11.79,12.24,400436,0
2017-05-17,12.45,12.61,12.25,12.37,487388,0
2017-05-18,12.18,12.35,11.95,12.15,397147,0
2017-05-19,12.25,12.2571,11.87,12.04,572510,0
2017-05-22,12.18,12.265,11.92,12.19,263856,0
2017-05-23,12.21,12.21,11.57,11.65,576468,0
2017-05-24,11.56,11.69,11.02,11.59,823740,0
2017-05-25,11.48,11.56,11.2,11.48,525144,0
2017-05-26,11.89,12.12,11.89,11.94,477731,0
2017-05-30,11.95,12.08,11.8199,11.84,273233,0
2017-05-31,11.89,12.14,11.65,12.01,388888,0
2017-06-01,11.93,12.23,11.69,12.19,551557,0
2017-06-02,12.34,12.44,12.1,12.26,280654,0
2017-06-05,12.32,12.33,12.02,12.16,478696,0
2017-06-06,12.45,12.99,12.39,12.93,898262,0
2017-06-07,12.71,13.05,12.57,12.78,528007,0
2017-06-08,12.63,12.83,12.21,12.7,582509,0
2017-06-09,12.41,12.55,12.16,12.22,380665,0
2017-06-12,12.1,12.64,11.97,12.5,725728,0
2017-06-13,12.41,12.92,12.36,12.62,696139,0
2017-06-14,12.91,12.9377,11.8,11.95,1603313,0
2017-06-15,11.76,12.165,11.75,12.02,754696,0
2017-06-16,12.08,12.32,12.05,12.07,4066753,0
2017-06-19,12.07,12.69,12.05,12.31,563584,0
2017-06-20,12.28,12.46,12.25,12.36,260618,0
2017-06-21,12.3,12.66,12.3,12.62,319491,0
2017-06-22,12.72,12.83,12.55,12.7,408194,0
2017-06-23,12.85,13.16,12.64,13.08,452713,0
2017-06-26,12.86,13.3,12.82,13.19,343117,0
2017-06-27,13.33,13.33,13.05,13.17,375032,0
2017-06-28,13.23,13.36,13.08,13.29,219641,0
2017-06-29,13.11,13.27,12.81,13.01,247102,0
2017-06-30,12.98,13.17,12.85,13.04,318398,0
2017-07-03,12.8,12.915,12.44,12.5,88981,0
2017-07-05,12.43,12.72,12.42,12.66,381530,0
2017-07-06,12.7,12.8,12.53,12.53,390439,0
2017-07-07,12.45,12.63,12.34,12.37,278213,0
2017-07-10,12.28,12.9,12.28,12.9,614932,0
2017-07-11,12.9,12.9,12.58,12.81,447726,0
2017-07-12,12.96,12.96,12.57,12.62,602645,0
2017-07-13,12.64,12.71,12.47,12.61,215907,0
2017-07-14,12.9,13.26,12.78,13.17,288804,0
2017-07-17,13.37,13.47,13.14,13.24,250730,0
2017-07-18,13.43,13.48,13.24,13.34,246433,0
2017-07-19,13.32,13.4827,13.29,13.43,169644,0
2017-07-20,13.29,13.63,13.29,13.52,148459,0
2017-07-21,13.61,13.61,13.42,13.47,122469,0
2017-07-24,13.5,13.51,13.15,13.15,227472,0
2017-07-25,13.31,13.45,13.09,13.19,240159,0
2017-07-26,13.05,13.78,13.0401,13.78,412746,0
2017-07-27,13.76,13.76,13.14,13.14,387445,0
2017-07-28,13.41,13.58,13.31,13.52,180619,0
2017-07-31,13.52,13.82,13.49,13.78,271336,0
2017-08-01,13.7,13.84,13.07,13.17,507392,0
2017-08-02,13.04,13.26,12.78,12.78,349563,0
2017-08-03,12.81,12.89,12.62,12.73,250610,0
2017-08-04,12.52,12.72,12.24,12.24,547575,0
2017-08-07,12.42,12.57,12.14,12.19,180232,0
2017-08-08,12.19,12.68,12.19,12.51,411737,0
2017-08-09,12.76,12.97,12.61,12.81,257006,0
2017-08-10,13.13,13.13,12.78,12.85,252509,0
2017-08-11,12.92,12.99,12.73,12.81,346024,0
2017-08-14,12.56,12.97,12.56,12.88,165999,0
2017-08-15,12.66,12.88,12.6,12.6,289567,0
2017-08-16,12.56,13.05,12.52,12.97,327337,0
2017-08-17,13.04,13.14,12.86,13.01,322256,0
2017-08-18,13.29,13.29,12.72,12.77,220994,0
2017-08-21,12.86,12.98,12.74,12.82,172472,0
2017-08-22,12.76,12.77,12.32,12.33,211544,0
2017-08-23,12.44,12.44,11.99,12.17,292091,0
2017-08-24,12.15,12.57,12.08,12.37,213111,0
2017-08-25,12.4,12.45,12.17,12.22,196763,0
2017-08-28,12.28,12.84,12.2316,12.84,271648,0
2017-08-29,13.08,13.08,12.59,12.69,227009,0
2017-08-30,12.65,12.69,12.28,12.37,158652,0
2017-08-31,12.35,12.57,12.35,12.56,265428,0
2017-09-01,12.6,12.77,12.5964,12.71,187620,0
2017-09-05,12.8,13.05,12.78,13.05,236549,0
2017-09-06,12.98,13.09,12.37,12.67,274497,0
2017-09-07,12.79,12.93,12.74,12.82,240225,0
2017-09-08,12.76,12.79,12.48,12.7,242077,0
2017-09-11,12.43,12.73,12.35,12.37,336097,0
2017-09-12,12.3,12.66,12.3,12.61,205143,0
2017-09-13,12.6,12.6,12.43,12.47,349238,0
2017-09-14,12.45,12.5,12.23,12.38,200142,0
2017-09-15,12.37,12.4,12.13,12.17,356206,0
2017-09-18,12.01,12.01,11.77,11.77,350724,0
2017-09-19,11.77,12.04,11.77,11.96,210194,0
2017-09-20,11.97,12.23,11.77,11.88,393015,0
2017-09-21,11.73,11.96,11.52,11.66,316850,0
2017-09-22,11.68,12.04,11.68,11.96,205305,0
2017-09-25,11.93,12.29,11.93,12.22,291691,0
2017-09-26,12.04,12.24,11.83,11.83,203083,0
2017-09-27,11.76,11.83,11.36,11.37,267199,0
2017-09-28,11.39,11.545,11.34,11.42,167359,0
2017-09-29,11.39,11.4,11.19,11.23,267773,0
2017-10-02,11.15,11.23,10.9901,11.12,403018,0
2017-10-03,11.2,11.26,11.07,11.11,246209,0
2017-10-04,11.17,11.58,11.015,11.53,339343,0
2017-10-05,11.52,11.7,11.49,11.62,213461,0
2017-10-06,11.54,12.03,11.4594,12,309656,0
2017-10-09,12.15,12.17,11.9429,12.14,76344,0
2017-10-10,12.14,12.18,11.62,11.76,265606,0
2017-10-11,11.77,11.85,11.38,11.71,279597,0
2017-10-12,11.6,11.74,11.41,11.64,205550,0
2017-10-13,11.68,11.73,11.51,11.68,218450,0
2017-10-16,11.71,11.71,11.21,11.25,287749,0
2017-10-17,11.13,11.35,11.13,11.23,310485,0
2017-10-18,11.2,11.29,11.02,11.02,158020,0
2017-10-19,11.09,11.12,10.91,10.96,171041,0
2017-10-20,10.85,11.26,10.64,11.21,218483,0
2017-10-23,11.07,11.26,11.03,11.16,180604,0
2017-10-24,11.09,11.21,10.915,10.93,261067,0
2017-10-25,10.88,11.08,10.86,10.88,423974,0
2017-10-26,10.88,11.02,10.6,10.6,258245,0
2017-10-27,10.5,10.87,10.5,10.73,305238,0
2017-10-30,10.8,10.97,10.7301,10.82,170944,0
2017-10-31,10.75,10.79,10.54,10.62,253892,0
2017-11-01,10.78,11.07,10.74,11.07,608818,0
2017-11-02,11,11.17,10.875,10.88,280862,0
2017-11-03,10.84,11.06,10.6901,10.76,253343,0
2017-11-06,10.75,11.06,10.75,10.98,338661,0
2017-11-07,10.94,10.94,10.7,10.84,134167,0
2017-11-08,12,12.5,11.15,11.64,621058,0
2017-11-09,11.58,11.66,11.32,11.43,473796,0
2017-11-10,11.43,11.45,10.9,10.9,425061,0
