2016-01-04,25.032,25.46,24.947,25.407,280621,0
2016-01-05,25.433,25.858,25.283,25.833,154338,0
2016-01-06,25.557,26.45,25.355,25.922,401639,0
2016-01-07,25.579,25.772,25.25,25.278,298923,0
2016-01-08,25.46,25.763,24.99,25.092,284769,0
2016-01-11,25.215,25.417,24.884,25.112,322090,0
2016-01-12,25.128,25.228,24.884,25.032,370210,0
2016-01-13,25.121,25.189,24.388,24.51,287565,0
2016-01-14,24.502,24.502,22.917,23.813,770524,0
2016-01-15,23.586,24.23,23.194,23.753,768328,0
2016-01-19,24.083,24.355,23.337,23.579,534513,0
2016-01-20,23.383,23.475,21.221,23.096,1668756,0
2016-01-21,23.191,24.463,23.096,23.483,485055,0
2016-01-22,24.121,24.42,23.466,24.216,411699,0
2016-01-25,24.104,24.586,24.042,24.216,312582,0
2016-01-26,24.306,25.058,24.306,25.058,269300,0
2016-01-27,24.975,25.243,24.57,24.965,297044,0
2016-01-28,25.233,25.319,24.77,25.243,308290,0
2016-01-29,25.401,26.279,25.263,25.325,474841,0
2016-02-01,25.306,25.331,24.716,24.867,273053,0
2016-02-02,24.867,24.867,24.242,24.516,309682,0
2016-02-03,24.402,24.63,23.868,24.333,265905,0
2016-02-04,24.261,24.763,24.228,24.544,241970,0
2016-02-05,24.402,24.981,24.402,24.525,236122,0
2016-02-08,24.42,24.525,23.728,23.771,479433,0
2016-02-09,23.685,24.499,23.666,24.261,536324,0
2016-02-10,24.489,24.561,24.167,24.252,230549,0
2016-02-11,23.903,24.36,23.579,23.675,396419,0
2016-02-12,23.789,24.261,23.754,24.261,230926,0
2016-02-16,24.725,24.832,24.324,24.7,311777,0
2016-02-17,24.928,25.331,24.586,25.068,391892,0
2016-02-18,25.264,25.35,24.956,25.094,362129,0
2016-02-19,25.015,25.058,24.389,24.399,310075,0
2016-02-22,24.576,24.831,24.265,24.663,409625,0
2016-02-23,24.522,24.663,23.994,24.337,190357,0
2016-02-24,24.171,24.68,23.905,24.609,337198,0
2016-02-25,24.609,25.299,24.476,24.806,483832,0
2016-02-26,25.051,25.669,25.051,25.431,241073,0
2016-02-29,25.395,26.021,25.186,25.951,297835,0
2016-03-01,26.197,26.33,25.861,26.206,272462,0
2016-03-02,25.993,26.67,25.993,26.452,476895,0
2016-03-03,26.461,26.948,26.461,26.62,279526,0
2016-03-04,26.683,27.239,25.695,26.189,445687,0
2016-03-07,25.993,26.445,25.802,26.33,310825,0
2016-03-08,26.364,26.364,25.827,25.951,318681,0
2016-03-09,25.96,26.906,25.96,26.831,512409,0
2016-03-10,26.906,27.122,26.471,26.922,516042,0
2016-03-11,27.007,27.097,26.806,27.056,252034,0
2016-03-14,27.114,27.114,26.87,27.106,173329,0
2016-03-15,27.122,27.122,26.547,27.097,241945,0
2016-03-16,27.114,27.549,26.948,27.495,267271,0
2016-03-17,27.626,27.974,27.211,27.735,396667,0
2016-03-18,27.94,27.947,27.502,27.663,279736,0
2016-03-21,27.654,27.947,27.512,27.671,209701,0
2016-03-22,27.68,27.913,27.512,27.813,416828,0
2016-03-23,27.727,27.787,27.379,27.413,169195,0
2016-03-24,27.282,27.626,27.024,27.45,181322,0
2016-03-28,27.549,27.727,27.282,27.477,207013,0
2016-03-29,27.362,27.908,27.238,27.795,281625,0
2016-03-30,27.884,28.008,27.745,27.913,310434,0
2016-03-31,27.832,27.91,27.619,27.813,308257,0
2016-04-01,27.626,27.875,27.53,27.745,242833,0
2016-04-04,27.727,27.787,27.386,27.386,228144,0
2016-04-05,27.2,27.575,26.987,27.12,200041,0
2016-04-06,27.034,27.521,27.034,27.274,163555,0
2016-04-07,27.167,27.371,26.91,27.079,161132,0
2016-04-08,27.343,27.468,27.138,27.282,148246,0
2016-04-11,27.413,27.59,27.325,27.477,139120,0
2016-04-12,27.568,27.856,27.406,27.707,188839,0
2016-04-13,27.875,27.947,27.68,27.787,180114,0
2016-04-14,27.94,28.068,27.795,27.931,199665,0
2016-04-15,28.078,28.078,27.884,27.957,177279,0
2016-04-18,28.068,28.562,27.795,27.922,428005,0
2016-04-19,27.974,28.079,27.509,27.992,255152,0
2016-04-20,28.028,28.082,27.589,27.947,199332,0
2016-04-21,27.794,28.108,27.679,27.812,201773,0
2016-04-22,27.821,28.155,27.801,28.052,169977,0
2016-04-25,28.155,28.445,27.856,28.214,230448,0
2016-04-26,28.331,28.626,28.098,28.395,297637,0
2016-04-27,28.189,28.369,28.037,28.241,255640,0
2016-04-28,28.052,28.236,27.913,27.922,365428,0
2016-04-29,27.875,27.982,27.582,27.856,311716,0
2016-05-02,27.786,27.967,27.753,27.866,185358,0
2016-05-03,27.77,27.784,27.28,27.762,154246,0
2016-05-04,27.794,27.874,27.566,27.812,115834,0
2016-05-05,27.839,27.884,27.5,27.547,157264,0
2016-05-06,27.556,28.241,27.556,28.098,370557,0
2016-05-09,28.223,28.33,27.884,28.223,200096,0
2016-05-10,28.223,28.445,28.223,28.445,195438,0
2016-05-11,28.404,28.734,28.376,28.47,236855,0
2016-05-12,28.677,28.724,28.251,28.437,236289,0
2016-05-13,28.556,28.582,28.34,28.34,369365,0
2016-05-16,28.489,28.614,28.35,28.6,286988,0
2016-05-17,28.6,28.778,28.437,28.769,286267,0
2016-05-18,28.769,28.815,28.375,28.581,237617,0
2016-05-19,28.536,28.536,27.85,28.22,251421,0
2016-05-20,28.193,28.443,28.141,28.22,163577,0
2016-05-23,28.22,28.497,28.193,28.228,187420,0
2016-05-24,28.256,28.591,28.256,28.487,214705,0
2016-05-25,28.487,28.864,28.469,28.714,266739,0
2016-05-26,28.788,28.922,28.641,28.815,175695,0
2016-05-27,28.714,29.063,28.714,28.874,136025,0
2016-05-31,28.912,29.046,28.83,28.856,215722,0
2016-06-01,28.938,29.52,28.874,29.52,359827,0
2016-06-02,29.323,29.486,29.072,29.226,357468,0
2016-06-03,29.199,29.477,29.163,29.36,250510,0
2016-06-06,29.36,29.718,29.242,29.397,449617,0
2016-06-07,29.407,29.611,29.163,29.163,347529,0
2016-06-08,29.253,29.51,29.226,29.306,264845,0
2016-06-09,29.296,29.51,29.208,29.467,371130,0
2016-06-10,29.271,29.502,29.163,29.226,319388,0
2016-06-13,29.163,29.369,29.146,29.226,345321,0
2016-06-14,29.163,29.208,28.912,29.081,235529,0
2016-06-15,29.163,29.24,29.057,29.163,275071,0
2016-06-16,28.94,29.311,28.848,29.258,191549,0
2016-06-17,29.258,29.475,29.231,29.414,161271,0
2016-06-20,29.538,29.63,29.431,29.431,260089,0
2016-06-21,29.431,29.548,29.267,29.422,185658,0
2016-06-22,29.484,29.592,29.367,29.502,160875,0
2016-06-23,29.582,29.864,29.502,29.737,300742,0
2016-06-24,28.822,29.691,28.705,29.649,515682,0
2016-06-27,29.63,29.727,28.822,28.848,504533,0
2016-06-28,29.159,29.538,29.059,29.329,322265,0
2016-06-29,29.669,29.867,29.458,29.867,272238,0
2016-06-30,29.884,29.922,29.612,29.893,209629,0
2016-07-01,29.867,30.03,29.648,29.913,218987,0
2016-07-05,29.729,29.855,29.632,29.777,190863,0
2016-07-06,29.777,29.826,29.576,29.777,255858,0
2016-07-07,29.758,29.848,29.584,29.758,200112,0
2016-07-08,29.739,29.848,29.622,29.674,234077,0
2016-07-11,29.71,29.863,29.641,29.71,172645,0
2016-07-12,29.71,30.03,29.684,29.867,315874,0
2016-07-13,29.876,30.022,29.804,29.903,322496,0
2016-07-14,30.013,30.03,29.729,29.977,309682,0
2016-07-15,30.03,30.211,29.823,30.068,436443,0
2016-07-18,30.04,30.477,30.04,30.368,351098,0
2016-07-19,30.422,30.514,30.158,30.422,217164,0
2016-07-20,30.432,30.432,30.102,30.322,171126,0
2016-07-21,30.322,30.507,30.011,30.23,260507,0
2016-07-22,30.192,30.402,30.13,30.313,140586,0
2016-07-25,30.332,30.514,30.201,30.358,230167,0
2016-07-26,30.25,30.514,30.238,30.258,208329,0
2016-07-27,30.25,30.479,30.25,30.441,178827,0
2016-07-28,30.441,30.55,30.349,30.451,187172,0
2016-07-29,30.358,30.604,30.358,30.604,236776,0
2016-08-01,30.614,30.881,30.377,30.55,583342,0
2016-08-02,30.644,30.742,30.23,30.422,370964,0
2016-08-03,30.469,31.028,30.451,31.008,381140,0
2016-08-04,31.064,31.064,30.816,31.018,227992,0
2016-08-05,31.038,31.108,30.881,31.081,177505,0
2016-08-08,31.108,31.438,31.081,31.228,272427,0
2016-08-09,31.246,31.75,31.246,31.621,429183,0
2016-08-10,31.702,31.74,31.181,31.428,440610,0
2016-08-11,31.539,31.539,31.246,31.374,235328,0
2016-08-12,31.603,31.603,31.329,31.428,180924,0
2016-08-15,31.53,31.53,31.291,31.374,422500,0
2016-08-16,31.483,31.483,31.291,31.329,186406,0
2016-08-17,31.319,31.467,31.181,31.291,198870,0
2016-08-18,31.346,31.633,31.228,31.494,341821,0
2016-08-19,31.494,31.566,31.181,31.439,252761,0
2016-08-22,31.429,31.459,31.227,31.355,230756,0
2016-08-23,31.484,31.595,31.3,31.374,225020,0
2016-08-24,31.374,31.494,31.126,31.346,309075,0
2016-08-25,31.319,31.491,31.181,31.209,361252,0
2016-08-26,31.274,31.511,31.209,31.383,230666,0
2016-08-29,31.411,31.686,31.274,31.686,202925,0
2016-08-30,31.704,31.788,31.595,31.761,228652,0
2016-08-31,31.732,31.732,31.364,31.605,276520,0
2016-09-01,31.605,31.637,31.227,31.531,318571,0
2016-09-02,31.549,31.724,31.459,31.704,214050,0
2016-09-06,31.742,31.871,31.689,31.798,234006,0
2016-09-07,31.732,31.871,31.6,31.807,180810,0
2016-09-08,31.779,31.934,31.669,31.816,210544,0
2016-09-09,31.798,31.798,31.319,31.411,373670,0
2016-09-12,31.282,31.696,31.181,31.54,323819,0
2016-09-13,31.476,31.502,31.016,31.026,353505,0
2016-09-14,31.135,31.158,30.758,31.088,253741,0
2016-09-15,31.088,31.429,30.978,31.401,186632,0
2016-09-16,31.274,31.694,31.173,31.642,346567,0
2016-09-19,31.794,31.877,31.276,31.341,370657,0
2016-09-20,31.506,31.738,31.424,31.525,195822,0
2016-09-21,31.655,31.757,31.544,31.699,153740,0
2016-09-22,31.896,31.896,31.628,31.776,141605,0
2016-09-23,31.699,31.699,31.424,31.488,314944,0
2016-09-26,31.562,31.767,31.443,31.544,162009,0
2016-09-27,31.581,31.757,31.453,31.655,150046,0
2016-09-28,31.674,31.847,31.6,31.803,125491,0
2016-09-29,31.748,31.951,31.628,31.831,284595,0
2016-09-30,31.931,31.98,31.748,31.748,377764,0
2016-10-03,31.719,31.887,31.637,31.748,320866,0
2016-10-04,31.776,31.931,31.748,31.831,166614,0
2016-10-05,31.812,31.931,31.812,31.847,152738,0
2016-10-06,31.847,32.136,31.647,31.914,277573,0
2016-10-07,32.016,32.032,31.682,31.877,137290,0
2016-10-10,32.042,32.07,31.821,31.905,122229,0
2016-10-11,31.857,32.016,31.757,31.803,232664,0
2016-10-12,31.767,32.016,31.767,31.839,256577,0
2016-10-13,31.767,31.896,31.443,31.59,285547,0
2016-10-14,31.664,31.719,30.998,31.064,346688,0
2016-10-17,31.073,31.128,30.639,30.925,311693,0
2016-10-18,31.06,31.06,30.817,30.884,253365,0
2016-10-19,30.921,31.504,30.826,31.413,204099,0
2016-10-20,31.18,31.265,30.752,30.956,309691,0
2016-10-21,30.983,31.403,30.921,31.329,131259,0
2016-10-24,31.338,31.757,31.338,31.655,221600,0
2016-10-25,31.646,31.897,31.646,31.888,170917,0
2016-10-26,31.699,31.888,31.524,31.776,161931,0
2016-10-27,31.848,31.904,31.495,31.504,196774,0
2016-10-28,31.514,31.831,31.431,31.663,222763,0
2016-10-31,31.757,31.757,31.188,31.208,199609,0
2016-11-01,31.265,31.57,30.845,30.983,198003,0
2016-11-02,30.993,31.014,30.242,30.362,393069,0
2016-11-03,30.242,30.242,29.87,29.971,348442,0
2016-11-04,30.037,30.807,29.925,30.67,282047,0
2016-11-07,30.78,31.589,30.78,31.495,329841,0
2016-11-08,31.423,31.699,31.3,31.608,304747,0
2016-11-09,31.208,32.082,31.152,31.812,395120,0
2016-11-10,32.129,33.476,32.034,33.476,942410,0
2016-11-11,33.337,34.359,33.133,34.231,562046,0
2016-11-14,34.306,34.326,33.636,33.849,431982,0
2016-11-15,33.878,33.925,33.515,33.736,398386,0
2016-11-16,33.774,33.84,33.403,33.559,381320,0
2016-11-17,33.491,34.014,33.471,33.937,358167,0
2016-11-18,33.929,34.125,33.76,34.125,328259,0
2016-11-21,34.061,34.2,33.583,33.74,340667,0
2016-11-22,33.75,33.81,33.331,33.407,323829,0
2016-11-23,33.529,33.865,33.417,33.78,288168,0
2016-11-25,33.903,34.152,33.74,34.152,230680,0
2016-11-28,34.116,34.116,33.716,33.818,345586,0
2016-11-29,33.789,34.007,33.651,33.789,344271,0
2016-11-30,34.051,34.071,33.798,34.044,293002,0
2016-12-01,34.071,34.257,33.994,34.171,223842,0
2016-12-02,34.267,34.267,33.554,33.716,364790,0
2016-12-05,33.885,34.034,33.75,34.034,249749,0
2016-12-06,34.152,34.152,33.808,33.994,297763,0
2016-12-07,33.846,34.152,33.677,34.051,230833,0
2016-12-08,34.1,34.305,34.034,34.24,366561,0
2016-12-09,34.24,34.267,34.024,34.171,420803,0
2016-12-12,34.35,34.753,34.24,34.444,564566,0
2016-12-13,34.463,34.536,33.818,34.23,586383,0
2016-12-14,34.272,34.302,33.969,34.075,295889,0
2016-12-15,34.104,34.526,34.075,34.272,278265,0
2016-12-16,34.31,34.553,34.291,34.374,225710,0
2016-12-19,34.507,34.659,34.384,34.639,267124,0
2016-12-20,34.807,35.089,34.794,34.883,361125,0
2016-12-21,34.987,35.221,34.875,35.081,238763,0
2016-12-22,35.278,35.327,34.752,35.109,261202,0
2016-12-23,35.297,35.297,35.054,35.186,197769,0
2016-12-27,35.383,35.383,35.034,35.167,357892,0
2016-12-28,35.143,35.153,34.67,34.764,238007,0
2016-12-29,34.661,35.114,34.661,34.849,238187,0
2016-12-30,35.067,35.11,34.727,34.801,211540,0
2017-01-03,35.028,35.153,34.546,34.773,438955,0
2017-01-04,34.782,35.172,34.782,35.018,592658,0
2017-01-05,35.162,35.182,34.764,34.953,357498,0
2017-01-06,34.926,35.077,34.819,34.859,230019,0
2017-01-09,34.745,34.829,34.403,34.442,366901,0
2017-01-10,34.403,34.679,34.403,34.546,270684,0
2017-01-11,34.481,34.782,34.461,34.745,332816,0
2017-01-12,34.819,34.982,34.592,34.953,295148,0
2017-01-13,35.028,35.172,34.782,34.896,276639,0
2017-01-17,34.906,35.048,34.801,34.963,611035,0
2017-01-18,35.081,35.1,34.814,35.053,229872,0
2017-01-19,34.94,35.151,34.777,34.967,280799,0
2017-01-20,34.777,35.033,34.595,34.958,308749,0
2017-01-23,34.911,34.916,34.595,34.692,358457,0
2017-01-24,34.605,34.682,34.444,34.549,407802,0
2017-01-25,34.539,34.664,34.384,34.483,346170,0
2017-01-26,34.357,34.473,34.206,34.236,365075,0
2017-01-27,34.206,34.245,33.968,34.129,406091,0
2017-01-30,34.054,34.103,33.693,33.93,507655,0
2017-01-31,33.892,33.934,33.531,33.665,342227,0
2017-02-01,33.738,34.434,33.722,34.349,406025,0
2017-02-02,34.405,34.483,34.254,34.444,234741,0
2017-02-03,34.605,34.882,34.449,34.711,399730,0
2017-02-06,34.721,34.948,34.605,34.94,248040,0
2017-02-07,35.004,35.004,34.644,34.873,207135,0
2017-02-08,34.901,34.967,34.634,34.958,207775,0
2017-02-09,35.1,35.232,34.759,34.911,336233,0
2017-02-10,35.023,35.12,34.911,35.11,304872,0
2017-02-13,35.149,35.262,35.12,35.242,216571,0
2017-02-14,35.281,35.481,35.12,35.471,226165,0
2017-02-15,35.529,35.604,35.347,35.604,231726,0
2017-02-16,35.624,35.632,35.432,35.558,301628,0
2017-02-17,35.417,35.619,35.319,35.619,233208,0
2017-02-21,35.637,35.838,35.637,35.819,194110,0
2017-02-22,35.628,35.798,35.573,35.773,184500,0
2017-02-23,35.838,35.848,35.628,35.783,198289,0
2017-02-24,35.916,35.916,35.371,35.829,241633,0
2017-02-27,35.59,35.706,35.38,35.39,361186,0
2017-02-28,35.371,35.398,35.19,35.362,333834,0
2017-03-01,35.706,35.773,35.235,35.245,334972,0
2017-03-02,35.245,35.422,35.199,35.294,268250,0
2017-03-03,35.294,35.599,35.217,35.495,224089,0
2017-03-06,35.362,35.446,35.216,35.371,171761,0
2017-03-07,35.504,35.505,35.225,35.362,187225,0
2017-03-08,35.476,35.563,35.206,35.206,234495,0
2017-03-09,35.199,35.324,34.988,35.006,197245,0
2017-03-10,34.996,35.426,34.996,35.334,196519,0
2017-03-13,35.362,35.599,35.334,35.514,234087,0
2017-03-14,35.456,35.581,35.371,35.476,175970,0
2017-03-15,35.646,35.974,35.619,35.916,246915,0
2017-03-16,35.916,36.058,35.686,35.686,576677,0
2017-03-17,35.711,36.267,35.642,36.238,363601,0
2017-03-20,36.258,36.267,36.046,36.143,185577,0
2017-03-21,36.287,36.287,35.577,35.624,262325,0
2017-03-22,35.567,35.711,35.43,35.43,248523,0
2017-03-23,35.47,35.805,35.44,35.508,194449,0
2017-03-24,35.538,35.912,35.402,35.74,174425,0
2017-03-27,35.604,35.97,35.47,35.873,202629,0
2017-03-28,35.912,36.503,35.883,36.248,292833,0
2017-03-29,36.218,36.493,36.162,36.363,229984,0
2017-03-30,36.411,36.873,36.316,36.757,222622,0
2017-03-31,36.776,36.901,36.58,36.766,393383,0
2017-04-03,36.796,37.069,36.7,36.892,269587,0
2017-04-04,36.892,37.03,36.757,36.882,293006,0
2017-04-05,37.035,37.143,36.518,36.585,296883,0
2017-04-06,36.518,36.818,36.518,36.739,268919,0
2017-04-07,36.681,37.016,36.632,36.834,216347,0
2017-04-10,36.931,37.133,36.776,36.931,255847,0
2017-04-11,37.007,37.18,36.942,37.17,220955,0
2017-04-12,37.17,37.468,37.113,37.198,289578,0
2017-04-13,37.276,37.344,36.988,37.025,305677,0
2017-04-17,37.208,37.527,37.123,37.468,282738,0
2017-04-18,37.387,37.636,37.358,37.492,269162,0
2017-04-19,37.636,37.765,37.433,37.492,133044,0
2017-04-20,37.58,37.868,37.473,37.773,180737,0
2017-04-21,37.937,38.303,37.853,38.129,268029,0
2017-04-24,38.497,38.564,38.178,38.188,194396,0
2017-04-25,38.303,38.593,38.274,38.418,202185,0
2017-04-26,38.602,38.755,38.438,38.534,211460,0
2017-04-27,38.622,39.023,38.539,38.989,239635,0
2017-04-28,39.066,39.447,38.602,38.651,486333,0
2017-05-01,38.824,38.95,38.544,38.738,232744,0
2017-05-02,38.728,39.052,38.641,38.959,214857,0
2017-05-03,38.612,39.124,38.216,38.602,422465,0
2017-05-04,38.612,38.804,37.917,37.985,489170,0
2017-05-05,37.985,39.084,37.985,38.882,336816,0
2017-05-08,38.959,39.046,38.428,38.622,313849,0
2017-05-09,38.689,38.689,38.332,38.506,210626,0
2017-05-10,37.646,38.129,35.851,36.488,1521027,0
2017-05-11,36.383,37.01,36.257,36.874,412609,0
2017-05-12,36.893,37.251,36.893,37.067,264018,0
2017-05-15,37.309,37.482,37.067,37.155,471346,0
2017-05-16,37.338,37.443,37.087,37.097,334010,0
2017-05-17,36.801,37.092,36.626,36.995,382156,0
2017-05-18,36.897,37.053,36.665,36.937,240869,0
2017-05-19,36.965,37.247,36.801,37.023,298622,0
2017-05-22,37.247,37.247,37.033,37.121,244529,0
2017-05-23,37.286,37.479,37.131,37.364,173577,0
2017-05-24,37.46,37.538,37.305,37.47,140218,0
2017-05-25,37.519,37.702,37.354,37.354,204682,0
2017-05-26,37.344,37.479,37.251,37.364,263493,0
2017-05-30,37.364,37.577,37.169,37.247,184184,0
2017-05-31,37.247,37.269,36.888,36.975,301065,0
2017-06-01,37.005,37.577,36.965,37.548,182333,0
2017-06-02,37.499,37.712,37.334,37.364,217530,0
2017-06-05,37.393,37.603,37.171,37.393,226466,0
2017-06-06,37.295,37.383,37.033,37.188,303608,0
2017-06-07,37.131,37.344,36.917,36.957,180420,0
2017-06-08,36.957,37.257,36.937,37.053,132403,0
2017-06-09,37.131,37.741,37.131,37.44,271884,0
2017-06-12,37.674,38.071,37.489,38.043,293371,0
2017-06-13,38.168,38.255,37.644,37.8,266906,0
2017-06-14,37.916,38.013,37.625,37.906,230806,0
2017-06-15,37.804,37.96,37.637,37.931,168321,0
2017-06-16,38,38.097,37.911,38.087,222385,0
2017-06-19,38.195,38.292,37.765,37.824,321790,0
2017-06-20,37.619,37.882,37.415,37.481,229078,0
2017-06-21,37.609,37.861,37.491,37.599,163178,0
2017-06-22,37.706,37.755,37.521,37.57,122947,0
2017-06-23,37.726,38.048,37.599,37.95,155513,0
2017-06-26,38,38.097,37.824,38.029,196898,0
2017-06-27,38.087,38.351,37.911,37.941,229900,0
2017-06-28,38.103,38.157,37.7,37.946,242061,0
2017-06-29,38.004,38.103,37.701,38.083,235585,0
2017-06-30,38.171,38.171,37.621,37.749,258162,0
2017-07-03,37.769,37.964,37.357,37.425,168305,0
2017-07-05,37.504,37.651,37.357,37.602,213626,0
2017-07-06,37.592,37.738,37.455,37.602,160862,0
2017-07-07,37.631,37.838,37.504,37.681,112650,0
2017-07-10,37.681,37.964,37.612,37.72,165533,0
2017-07-11,37.759,38.024,37.71,37.867,158331,0
2017-07-12,37.867,38.024,37.789,37.906,141335,0
2017-07-13,38.024,38.024,37.789,37.867,150048,0
2017-07-14,37.936,38.024,37.867,37.965,131401,0
2017-07-17,37.887,38.201,37.838,38.004,193464,0
2017-07-18,37.817,38.211,37.778,38.113,198580,0
2017-07-19,38.133,38.34,37.985,38.044,183892,0
2017-07-20,37.926,38.172,37.876,38.034,115092,0
2017-07-21,38.083,38.241,38.004,38.004,128949,0
2017-07-24,37.985,38.143,37.969,38.044,136853,0
2017-07-25,38.143,38.241,38.103,38.153,101494,0
2017-07-26,38.211,38.428,38.162,38.261,138022,0
2017-07-27,38.3,38.389,38.172,38.34,113525,0
2017-07-28,38.32,38.418,38.014,38.153,148315,0
2017-07-31,38.113,38.29,38.024,38.211,164957,0
2017-08-01,38.261,38.428,38.227,38.3,138824,0
2017-08-02,38.389,38.872,38.261,38.852,242714,0
2017-08-03,38.902,38.941,38.655,38.754,209258,0
2017-08-04,38.734,38.922,37.998,38.705,233490,0
2017-08-07,38.932,39.71,38.874,39.296,309778,0
2017-08-08,39.39,39.839,39.356,39.661,287540,0
2017-08-09,39.523,40.036,39.382,39.839,282404,0
2017-08-10,39.76,39.819,39.336,39.336,195134,0
2017-08-11,39.001,39.444,38.557,39.306,292169,0
2017-08-14,39.493,39.78,39.444,39.71,155635,0
2017-08-15,39.8,39.858,39.593,39.72,210514,0
2017-08-16,39.77,39.86,39.473,39.483,205432,0
2017-08-17,39.533,39.751,39.207,39.207,173548,0
2017-08-18,39.117,39.177,38.741,38.909,225058,0
2017-08-21,38.781,38.879,38.691,38.751,148744,0
2017-08-22,38.781,39.028,38.731,38.959,125385,0
2017-08-23,38.82,39.102,38.82,38.979,128882,0
2017-08-24,39.047,39.097,38.929,38.999,188180,0
2017-08-25,39.008,39.127,38.979,39.028,148614,0
2017-08-28,39.137,39.226,38.889,38.939,163017,0
2017-08-29,38.949,39.325,38.839,39.038,236901,0
2017-08-30,39.197,39.226,38.929,39.067,198129,0
2017-08-31,39.187,39.246,38.82,38.82,293149,0
2017-09-01,38.929,39.255,38.83,39.107,242195,0
2017-09-05,39.127,39.147,38.671,38.8,254690,0
2017-09-06,38.849,38.969,38.681,38.83,226245,0
2017-09-07,38.879,38.929,38.641,38.661,149732,0
2017-09-08,38.631,38.929,38.592,38.859,159393,0
2017-09-11,38.999,39.207,38.969,39.038,145301,0
2017-09-12,39.067,39.355,38.979,39.167,192587,0
2017-09-13,39.167,39.711,39.167,39.603,560925,0
2017-09-14,39.821,39.831,39.444,39.633,198726,0
2017-09-15,39.671,39.703,39.382,39.573,254857,0
2017-09-18,39.642,39.741,39.473,39.533,181061,0
2017-09-19,39.623,39.691,39.523,39.563,167533,0
2017-09-20,39.633,39.775,39.473,39.573,150291,0
2017-09-21,39.642,39.742,39.424,39.523,148999,0
2017-09-22,39.623,39.742,39.528,39.732,113653,0
2017-09-25,39.712,39.712,39.394,39.563,157005,0
2017-09-26,39.563,39.613,39.414,39.424,177535,0
2017-09-27,39.543,39.573,39.175,39.414,215602,0
2017-09-28,39.314,39.503,39.185,39.463,204984,0
2017-09-29,39.364,39.663,39.364,39.563,269826,0
2017-10-02,39.443,39.672,39.314,39.613,307230,0
2017-10-03,39.642,39.827,39.563,39.772,176325,0
2017-10-04,39.812,39.891,39.692,39.812,170223,0
2017-10-05,39.852,39.853,39.563,39.772,167998,0
2017-10-06,39.792,39.861,39.657,39.752,145256,0
2017-10-09,39.772,39.812,39.712,39.772,124504,0
2017-10-10,39.772,39.812,39.662,39.712,192899,0
2017-10-11,39.732,39.732,39.448,39.533,186074,0
2017-10-12,39.513,39.911,39.513,39.563,229932,0
2017-10-13,39.623,39.742,39.533,39.722,192303,0
2017-10-16,39.712,40.01,39.712,39.981,193623,0
2017-10-17,40.061,40.073,39.742,39.881,168786,0
2017-10-18,39.941,40.21,39.911,40.17,202836,0
2017-10-19,40.15,40.299,39.95,40.25,146901,0
2017-10-20,40.3009,40.53,40.3,40.49,209810,0
2017-10-23,40.61,40.61,40.4,40.4,154158,0
2017-10-24,40.6,40.64,40.321,40.39,154210,0
2017-10-25,40.42,40.45,39.7,39.86,246480,0
2017-10-26,39.86,40.09,39.79,39.96,155489,0
2017-10-27,40,40.38,39.9,40.3,125884,0
2017-10-30,40.42,40.58,40.365,40.43,140603,0
2017-10-31,40.36,40.485,40.09,40.17,241048,0
2017-11-01,40.25,40.2534,40.02,40.08,109870,0
2017-11-02,40.29,40.29,39.77,40.1,254557,0
2017-11-03,40.2,41.06,40.165,40.96,225330,0
2017-11-06,41.1,41.21,40.98,41.1,210977,0
2017-11-07,41.79,41.79,41.33,41.46,201452,0
2017-11-08,41.52,41.63,41.26,41.55,209414,0
2017-11-09,41.65,41.7,41.07,41.1,226751,0
2017-11-10,41,41.1961,40.34,40.71,238986,0
