2016-01-04,48.39,49.39,46.175,47.3,600963,0
2016-01-05,47.3,48.56,47.28,48.05,227582,0
2016-01-06,47.38,48.38,47.035,47.92,253220,0
2016-01-07,46.98,47.475,45.89,46.02,212509,0
2016-01-08,46.15,46.83,45.39,45.47,279073,0
2016-01-11,45.64,48.615,43.22,44.77,379526,0
2016-01-12,45.19,47.95,44.58,45.33,349659,0
2016-01-13,45.39,45.69,42.58,42.89,298055,0
2016-01-14,43.34,43.84,41.2559,43.4,419764,0
2016-01-15,42.11,43.85,41.5701,43.8,314516,0
2016-01-19,44.27,44.66,42.71,42.96,350500,0
2016-01-20,42.47,43.59,40.37,43.04,318135,0
2016-01-21,43.06,43.54,41.42,43.11,252031,0
2016-01-22,43.57,44.75,42.9912,44.65,314462,0
2016-01-25,44.17,44.805,43.32,43.42,319731,0
2016-01-26,43.74,43.76,42.3325,43.35,288537,0
2016-01-27,43.18,44.08,42.68,43.25,263970,0
2016-01-28,43.71,43.71,41.36,42.13,271848,0
2016-01-29,42.1,42.78,41.91,42.73,411295,0
2016-02-01,42.54,44.1,42.18,43.96,215917,0
2016-02-02,43.52,43.52,42.66,42.93,262058,0
2016-02-03,43.37,43.37,41.1,42.09,253137,0
2016-02-04,41.79,42.68,41.5,41.78,391872,0
2016-02-05,41.66,41.72,38.33,38.36,620825,0
2016-02-08,37.7,38.53,34.44,35.08,1222866,0
2016-02-09,34.82,36.775,34.79,36,686216,0
2016-02-10,31.49,32.75,30.22,32.3,3199371,0
2016-02-11,31.49,32.98,30.97,32.91,711917,0
2016-02-12,33.2,34.66,31.83,32.83,596383,0
2016-02-16,33.45,34.26,32.869,33.6,759278,0
2016-02-17,33.89,35.87,33.625,35.34,484343,0
2016-02-18,35.6,36.85,35.34,35.44,465699,0
2016-02-19,35.27,36.07,34.47,35.36,345398,0
2016-02-22,35.77,36.17,34.69,34.87,363989,0
2016-02-23,34.59,35.92,34.09,35.62,476297,0
2016-02-24,35.25,35.25,33.265,34.77,841560,0
2016-02-25,34.98,35.58,34.56,34.89,710486,0
2016-02-26,35.21,35.83,34.71,34.85,394655,0
2016-02-29,34.77,35.15,34.4,34.51,297721,0
2016-03-01,34.62,36,34.47,35.21,737889,0
2016-03-02,35.25,36.12,35.0066,35.72,349129,0
2016-03-03,35.6,36.45,35.6,36.24,632130,0
2016-03-04,36.17,36.77,35.74,36.66,385887,0
2016-03-07,36.32,37.58,35.96,37.18,329328,0
2016-03-08,36.82,37.08,35.63,35.78,242390,0
2016-03-09,35.96,36.11,35.53,35.92,210826,0
2016-03-10,35.72,36.11,35.55,35.82,497607,0
2016-03-11,36.13,37.17,36.05,37.15,236656,0
2016-03-14,37.15,37.4,36.245,36.48,326545,0
2016-03-15,36.26,36.95,34.94,35.06,422518,0
2016-03-16,34.99,35.75,34.67,35.19,281502,0
2016-03-17,35.13,35.83,34.25,35.74,328288,0
2016-03-18,36,37.07,35.81,36.83,539577,0
2016-03-21,36.68,37.39,35.72,36.18,253164,0
2016-03-22,36.06,36.68,35.86,36.52,187530,0
2016-03-23,36.55,36.96,35.44,35.66,640279,0
2016-03-24,35.36,35.75,35.01,35.73,327118,0
2016-03-28,35.71,36.4,35.586,36.13,221106,0
2016-03-29,35.93,37.7,35.78,37.66,348067,0
2016-03-30,37.89,38.54,37.37,38.16,295155,0
2016-03-31,38.27,39.53,37.88,38.71,447058,0
2016-04-01,38.26,38.77,37.68,38.66,172541,0
2016-04-04,38.57,39.465,37.36,38.42,243614,0
2016-04-05,38.24,39.09,38.15,38.87,265385,0
2016-04-06,39,40.05,38,39.95,221535,0
2016-04-07,39.7,40.25,38.8125,39.49,436884,0
2016-04-08,39.67,40.055,38.83,39.15,193569,0
2016-04-11,39.28,39.72,38.3503,38.64,227166,0
2016-04-12,38.64,39.23,37.96,39.13,244880,0
2016-04-13,39.34,40.9875,39.34,40.82,240918,0
2016-04-14,40.82,41,40.225,40.4,219942,0
2016-04-15,40.18,40.89,39.45,40.8,271986,0
2016-04-18,40.06,41.77,40.06,41.35,185823,0
2016-04-19,41.47,41.7,41.1,41.49,233361,0
2016-04-20,41.36,41.99,41.095,41.54,460311,0
2016-04-21,45,46.39,43.71,46.17,848601,0
2016-04-22,46.5,48.46,45.83,46.97,840707,0
2016-04-25,46.68,47.2327,45.75,46.6,481528,0
2016-04-26,44.57,45.961,44.12,45.63,603505,0
2016-04-27,45.6,45.76,44.35,45.63,334800,0
2016-04-28,45.31,45.99,44.97,45.09,261173,0
2016-04-29,45.1,45.1,43.03,43.63,329345,0
2016-05-02,43.92,44.32,43.39,43.71,193212,0
2016-05-03,43.42,43.91,42.17,42.49,338195,0
2016-05-04,42.25,43.8189,41.15,41.68,229932,0
2016-05-05,41.69,42.37,41.31,41.77,157803,0
2016-05-06,41.64,42.88,40.47,41.56,210124,0
2016-05-09,41.57,43.05,41.57,42.51,268020,0
2016-05-10,42.59,42.92,41.94,42.77,220524,0
2016-05-11,42.59,43.1,42.07,42.12,133773,0
2016-05-12,42.26,42.26,41.22,41.85,160941,0
2016-05-13,41.68,42.92,41.3104,42.06,147224,0
2016-05-16,42.3,43.12,42.18,43.02,206749,0
2016-05-17,42.8,43.52,41.6,41.79,261922,0
2016-05-18,41.71,42.74,41.52,42.47,255301,0
2016-05-19,42,43.09,41.35,41.98,194979,0
2016-05-20,42.24,43.06,41.7034,43.05,218868,0
2016-05-23,43.15,44.24,42.31,43.61,270333,0
2016-05-24,44.04,44.78,42.8482,44.59,294449,0
2016-05-25,44.91,45.42,44.295,44.84,312705,0
2016-05-26,44.96,45.4199,43.06,43.25,295482,0
2016-05-27,43.18,43.7,42.84,43.68,409736,0
2016-05-31,43.72,46,43.72,45.94,461321,0
2016-06-01,46.85,46.85,45.47,45.74,348205,0
2016-06-02,45.48,46.5199,45.29,46.46,295743,0
2016-06-03,46.37,46.37,44.88,45.29,156079,0
2016-06-06,45.38,46.19,44.07,46.06,214741,0
2016-06-07,45.9,46.61,45.785,46.61,170556,0
2016-06-08,46.74,47.67,45.88,47.56,272968,0
2016-06-09,47.59,48.575,46.91,47.55,468135,0
2016-06-10,46.92,48.09,46.69,46.8,291588,0
2016-06-13,46.62,48,46.62,47.02,565958,0
2016-06-14,46.71,47.24,45.71,46,209523,0
2016-06-15,46.06,46.25,45.47,45.58,236469,0
2016-06-16,45.43,45.79,44.36,45.77,178231,0
2016-06-17,45.87,45.87,44.7,44.97,537888,0
2016-06-20,45.51,46.87,45.085,46.02,219421,0
2016-06-21,46.23,46.569,45.16,45.52,152843,0
2016-06-22,45.67,46.13,45.065,45.09,96408,0
2016-06-23,45.61,46.6499,45.45,46.51,175237,0
2016-06-24,44.18,45.228,43.5975,44.64,365170,0
2016-06-27,44.16,44.16,41.65,43,330511,0
2016-06-28,43.31,44.45,43.18,44.2,218388,0
2016-06-29,44.57,46.09,44.57,45.87,223828,0
2016-06-30,45.99,46.9,45.8,46.87,234836,0
2016-07-01,46.97,47.64,46.396,47.35,142119,0
2016-07-05,46.8,47.5,46.11,46.53,136142,0
2016-07-06,46.32,47.21,46.32,46.95,242787,0
2016-07-07,46.99,47.37,46.78,47.03,228460,0
2016-07-08,47.38,48.285,47.065,48.17,443814,0
2016-07-11,48.61,50,48.5,49.33,459878,0
2016-07-12,49.77,50.4399,48.74,48.8,711144,0
2016-07-13,48.85,48.85,48.3,48.43,431385,0
2016-07-14,48.65,48.84,47.71,47.78,222595,0
2016-07-15,48.06,48.06,47.09,47.27,304791,0
2016-07-18,47.42,49.41,47.21,47.49,565554,0
2016-07-19,47.34,48.339,46.605,46.73,587015,0
2016-07-20,48.13,54.24,47.24,53.58,1925408,0
2016-07-21,52.68,52.9799,50.79,51,844670,0
2016-07-22,51.13,51.855,50.86,51.63,338695,0
2016-07-25,51.46,51.93,51.15,51.69,201099,0
2016-07-26,51.56,53.29,51.56,52.83,372288,0
2016-07-27,52.85,53.2,52.39,53.06,236585,0
2016-07-28,52.94,53.87,51.52,53.24,237029,0
2016-07-29,52.97,53.48,52.33,53.15,345478,0
2016-08-01,52.99,53.99,52.597,53.48,228435,0
2016-08-02,53.32,53.86,50.541,52.99,239553,0
2016-08-03,53.07,54.401,52.8,54.26,182752,0
2016-08-04,54.3,54.77,53.46,53.99,252899,0
2016-08-05,54.33,55.25,54.17,54.2,186291,0
2016-08-08,54.29,54.85,53.8301,54.12,183678,0
2016-08-09,54.33,54.65,54.06,54.4,229453,0
2016-08-10,54.31,54.31,52.43,53.41,198191,0
2016-08-11,53.55,54.45,53.24,54.08,274740,0
2016-08-12,54.1,54.52,53.61,54.48,150523,0
2016-08-15,54.48,54.87,53.98,54.21,314032,0
2016-08-16,54.15,54.4,53.82,53.82,133458,0
2016-08-17,53.88,53.88,52.04,52.84,320229,0
2016-08-18,52.71,53.39,52.14,52.95,135881,0
2016-08-19,52.8,53.44,52.48,53.1,253823,0
2016-08-22,53.11,53.9199,51.87,53.77,220807,0
2016-08-23,54.03,55.4,53.41,55.01,305825,0
2016-08-24,55,55.31,52.99,54.03,300069,0
2016-08-25,53.98,54.13,53.1,53.25,151857,0
2016-08-26,53.36,53.98,53.2,53.79,284010,0
2016-08-29,53.94,54.7455,53.62,54.05,160983,0
2016-08-30,54.11,54.36,53.52,54.13,331217,0
2016-08-31,54.19,54.78,53.73,54.1,349518,0
2016-09-01,54.01,54.38,53.08,53.73,258284,0
2016-09-02,54.05,54.85,53.595,54.85,398860,0
2016-09-06,54.99,55.61,54.46,55.59,224339,0
2016-09-07,55.56,56.27,55.16,56.27,264661,0
2016-09-08,55.89,56.05,55.4,55.87,319285,0
2016-09-09,55.25,55.35,53.65,53.67,274098,0
2016-09-12,53.19,54.02,53.13,53.905,325553,0
2016-09-13,53.8,54.01,53,53.36,232793,0
2016-09-14,53.4,54.24,53.07,54.08,270461,0
2016-09-15,54.17,56.23,53.8812,55.76,423740,0
2016-09-16,55.75,55.95,54.89,54.95,569163,0
2016-09-19,55.42,56.15,55.26,55.36,216575,0
2016-09-20,55.85,56.1,55.41,55.5,305722,0
2016-09-21,55.76,56.17,54.85,56.01,248810,0
2016-09-22,56.53,56.76,55.61,56.59,354683,0
2016-09-23,56.53,56.75,56.06,56.51,130945,0
2016-09-26,55.9,56.26,55.37,55.41,193238,0
2016-09-27,55.48,56.11,55.37,56.06,115115,0
2016-09-28,56.09,56.74,55.8,56.67,179400,0
2016-09-29,56.59,56.59,54.6,54.83,301619,0
2016-09-30,55.03,56.02,54.52,55.76,474355,0
2016-10-03,55.56,55.83,54.71,55.45,248580,0
2016-10-04,55.34,55.57,54.125,54.94,293004,0
2016-10-05,54.99,56.59,54.985,56.31,405786,0
2016-10-06,56.1,56.1,54.89,55.48,201750,0
2016-10-07,55.48,55.94,54.72,55.81,181206,0
2016-10-10,56.25,57.21,55.83,56.39,156687,0
2016-10-11,56.19,56.4,54.15,54.69,219719,0
2016-10-12,54.77,54.78,53.43,53.48,418607,0
2016-10-13,52.98,53.77,52.245,52.32,592866,0
2016-10-14,52.56,52.92,49.68,49.71,848391,0
2016-10-17,49.54,49.73,48.96,49.5,771218,0
2016-10-18,49.97,50.6399,49.68,49.96,432761,0
2016-10-19,50.16,50.16,49.42,49.55,321704,0
2016-10-20,49.31,49.73,48.83,48.93,405711,0
2016-10-21,48.98,49.13,48.14,48.76,612023,0
2016-10-24,49.31,50.82,48.7285,50.71,811407,0
2016-10-25,54,54.62,48.82,49.42,1410418,0
2016-10-26,48.94,48.95,47.685,48.15,720643,0
2016-10-27,48.45,48.71,47.47,47.67,529995,0
2016-10-28,47.5,48.9,47.41,48.7,526368,0
2016-10-31,48.9,48.91,47.63,47.99,546954,0
2016-11-01,47.98,48.5,46.15,47.12,587711,0
2016-11-02,46.89,47.12,46.1,46.84,598991,0
2016-11-03,46.96,47.95,46.34,46.39,761200,0
2016-11-04,46.56,47.38,46.12,46.68,842569,0
2016-11-07,47.83,48.68,47.16,48.63,560968,0
2016-11-08,48.51,49.89,48.25,49.66,645940,0
2016-11-09,49.17,51.93,48.4445,51.74,805174,0
2016-11-10,52.6,53.42,51.66,53,679518,0
2016-11-11,53.1,53.83,52.34,53.3,573813,0
2016-11-14,54.1,56.15,53.5236,55.53,527318,0
2016-11-15,55.36,56.9,54.98,56.65,384380,0
2016-11-16,56.2,57.85,55.855,56.24,654198,0
2016-11-17,56.59,56.775,55.235,55.54,760942,0
2016-11-18,55.41,55.78,54.19,54.36,789203,0
2016-11-21,54.57,55.02,53.71,54.4,477278,0
2016-11-22,54.51,55.3,54,55.2,356492,0
2016-11-23,54.83,55.73,54.29,55.65,271603,0
2016-11-25,55.71,55.76,55.06,55.74,161070,0
2016-11-28,55.44,55.69,54.4,54.89,427379,0
2016-11-29,55,55.92,54.695,54.77,443019,0
2016-11-30,55.22,55.37,54.31,55.23,318647,0
2016-12-01,55.15,55.525,52.75,53.01,326577,0
2016-12-02,53.03,53.46,51.8,51.9,814206,0
2016-12-05,52.32,53.9,52.11,53.315,368925,0
2016-12-06,53.48,53.49,52.53,52.82,520239,0
2016-12-07,52.55,53.62,50.88,53.04,692162,0
2016-12-08,52.97,53.65,51.86,52.6,420558,0
2016-12-09,52.94,53.39,52.24,52.42,309897,0
2016-12-12,52.14,52.14,51,51.28,418456,0
2016-12-13,51.69,51.85,49.76,50.5,844299,0
2016-12-14,50.23,51.53,50.16,50.54,433580,0
2016-12-15,50.81,51.79,50.3,51.51,320581,0
2016-12-16,51.61,52.23,51.355,51.83,586768,0
2016-12-19,52.13,52.48,51.79,52.33,277337,0
2016-12-20,52.71,52.98,51.38,51.89,400657,0
2016-12-21,51.73,51.9475,50.44,50.5,179488,0
2016-12-22,50.5,50.7,49.36,49.38,207288,0
2016-12-23,49.29,50.29,49.26,50.25,113921,0
2016-12-27,50.16,51.4,49.8657,50.37,147551,0
2016-12-28,50.36,50.53,49.32,49.44,159893,0
2016-12-29,49.63,50.32,49.62,50.15,158409,0
2016-12-30,50.12,50.56,49.45,49.67,213827,0
2017-01-03,49.67,50.89,49.59,50.87,312451,0
2017-01-04,50.98,51.97,50.46,51.8,258904,0
2017-01-05,51.77,52.405,51.24,51.84,336234,0
2017-01-06,52,53.14,51.545,52.76,265012,0
2017-01-09,52.83,53.18,52.14,52.7,322403,0
2017-01-10,52.95,53.5,52.68,52.97,275513,0
2017-01-11,52.95,53.37,51.91,52.27,304407,0
2017-01-12,51.98,52.42,51.11,52.17,256631,0
2017-01-13,52.31,53.23,52.31,52.71,222809,0
2017-01-17,52.48,52.51,51.37,51.9,297278,0
2017-01-18,51.98,52.45,50.92,51.36,299487,0
2017-01-19,51.38,51.45,50.45,50.49,220948,0
2017-01-20,50.46,51.175,49.78,50.03,547375,0
2017-01-23,49.92,50.3354,48.97,49.43,443301,0
2017-01-24,49.43,50.23,49.19,49.92,371196,0
2017-01-25,50.45,51.12,50.07,50.53,298458,0
2017-01-26,50.32,50.825,49.9,49.96,250503,0
2017-01-27,50.08,50.59,49.25,49.75,228719,0
2017-01-30,49.43,49.455,48.545,48.77,394856,0
2017-01-31,48.6,49.5899,48.26,49.5101,495354,0
2017-02-01,49.83,50.1,49.06,49.44,483638,0
2017-02-02,49.1,49.1,47.99,48.33,364108,0
2017-02-03,48.52,49.11,48.31,49,960987,0
2017-02-06,48.98,48.99,48.15,48.72,376785,0
2017-02-07,48.84,49.38,48.65,48.79,221037,0
2017-02-08,48.56,49.03,47.77,48,754397,0
2017-02-09,51,56.42,50,55.8,3001842,0
2017-02-10,57.49,58.77,56.94,58.43,1273432,0
2017-02-13,58.57,58.765,56.87,56.98,620344,0
2017-02-14,56.14,58.06,56.14,57.23,395185,0
2017-02-15,56.79,57.23,56.35,56.62,365322,0
2017-02-16,56.62,56.83,55.26,55.5,481281,0
2017-02-17,55.64,56.43,55.32,56.1,362121,0
2017-02-21,56.36,56.73,55.22,56.07,203256,0
2017-02-22,55.51,56.45,55.41,56.26,315474,0
2017-02-23,56.1,56.6768,55.59,56.36,284285,0
2017-02-24,55.57,56.53,55.33,55.6,423760,0
2017-02-27,55.2,56.69,54.36,56.59,450095,0
2017-02-28,56.53,57.22,55.7,55.92,628695,0
2017-03-01,56.01,57.45,55.75,57.11,520934,0
2017-03-02,57.34,57.48,56.6,56.77,381757,0
2017-03-03,56.5,56.8,55.6,56.32,355663,0
2017-03-06,55.93,55.94,54.9,55.54,254229,0
2017-03-07,55.39,55.94,54.7,55.57,291501,0
2017-03-08,55.77,56.66,55.53,56.62,435156,0
2017-03-09,56.4,56.54,55.69,56.51,484572,0
2017-03-10,56.93,57,55.69,56.6,289631,0
2017-03-13,56.59,57.35,55.85,57.31,319002,0
2017-03-14,57.22,57.22,56.08,56.8,256226,0
2017-03-15,56.96,58.14,56.51,58,305876,0
2017-03-16,58.18,58.49,57.2791,57.98,193305,0
2017-03-17,57.69,58.2,56.9343,57.9,488193,0
2017-03-20,57.91,58.08,57.27,57.43,187786,0
2017-03-21,57.75,58.035,55.53,55.99,310332,0
2017-03-22,56,57.11,55.64,55.83,234168,0
2017-03-23,55.66,56.53,54.96,55.21,240112,0
2017-03-24,55.21,56.38,55.21,55.97,394406,0
2017-03-27,55.06,56.52,54.91,56.28,244383,0
2017-03-28,56.06,56.6,55.685,56.59,222748,0
2017-03-29,56.45,57.35,56.14,57.1,204881,0
2017-03-30,57.15,57.47,56.57,57,186458,0
2017-03-31,56.96,57.7,56.82,57.68,308949,0
2017-04-03,57.7,57.96,56.98,57.37,346634,0
2017-04-04,57.22,57.91,56.65,57.33,199549,0
2017-04-05,57.58,58.94,57.58,58.1,793105,0
2017-04-06,58.22,59.85,57.94,59.8,467119,0
2017-04-07,59.9,64.35,59.57,63.69,2314768,0
2017-04-10,64.01,64.52,62.345,62.48,1105229,0
2017-04-11,62.38,63.35,62.03,62.31,449478,0
2017-04-12,62.13,62.45,60.6301,61.09,423162,0
2017-04-13,61.09,61.785,60.2,60.3,266781,0
2017-04-17,60.28,61.485,59.22,60.38,335644,0
2017-04-18,60.25,61,59.81,60.48,279955,0
2017-04-19,60.53,61.65,60.261,60.66,242371,0
2017-04-20,60.89,62.53,60.63,62.45,378041,0
2017-04-21,62.43,63.17,62.07,63,450598,0
2017-04-24,64,64.1,63.16,63.65,470014,0
2017-04-25,63.9,64.97,63.21,63.34,515397,0
2017-04-26,66,69.68,65.18,67.14,1497692,0
2017-04-27,67.76,67.76,65.11,65.19,723717,0
2017-04-28,65.31,65.825,63.82,65.43,502480,0
2017-05-01,67.49,67.49,66,66.96,479724,0
2017-05-02,67.13,67.13,65.27,66.69,346845,0
2017-05-03,66.44,67.16,65.84,67.15,306470,0
2017-05-04,67.33,68.028,66.97,67.83,403644,0
2017-05-05,68.03,68.3,67.22,68.14,307428,0
2017-05-08,68.15,69.219,66.8365,68.43,402711,0
2017-05-09,68.63,69.25,68.4,68.62,423267,0
2017-05-10,68.49,69.855,68.401,68.99,471502,0
2017-05-11,68.98,71.67,68.64,70.34,679565,0
2017-05-12,70,70.2475,68.99,69.25,292471,0
2017-05-15,69.6,69.85,68.89,69.32,259536,0
2017-05-16,69.31,71.52,69.01,70.35,444472,0
2017-05-17,69.1,70.3399,68.117,68.2,617326,0
2017-05-18,68.19,69.84,68.03,69.49,434127,0
2017-05-19,69.49,72.13,69.49,70.68,541760,0
2017-05-22,71.22,73.15,70.885,72.76,456354,0
2017-05-23,73.01,73.01,71.17,71.87,374958,0
2017-05-24,71.88,73.39,71.4,73.16,462846,0
2017-05-25,73.57,73.75,72.09,72.16,246842,0
2017-05-26,72.18,72.81,71.68,72.7,343852,0
2017-05-30,72.28,72.81,70.57,71.09,367675,0
2017-05-31,71.36,71.85,70.08,71.18,352646,0
2017-06-01,71.32,73.205,70.44,73.19,291407,0
2017-06-02,73.25,74.32,72.6,73.9,355119,0
2017-06-05,74.03,74.13,73.055,73.27,338135,0
2017-06-06,74.83,79.91,73.32,78.11,1323058,0
2017-06-07,78.15,78.49,76.81,77.9,588596,0
2017-06-08,78.19,79.09,77.34,78.86,400160,0
2017-06-09,79.08,80.7,74.005,75.37,960018,0
2017-06-12,74.39,75,70.38,74.71,1143480,0
2017-06-13,74.8,75.8,72.88,72.98,667300,0
2017-06-14,74.29,74.65,73.05,73.93,370912,0
2017-06-15,73.12,74.92,72.26,74.86,396694,0
2017-06-16,74.53,76.185,74,75.81,540115,0
2017-06-19,76.97,78.66,76.29,78.42,676490,0
2017-06-20,78.11,79.03,75.72,75.76,391032,0
2017-06-21,76.26,77.31,75.657,76,673884,0
2017-06-22,76.19,81.12,76.19,80.25,1427102,0
2017-06-23,80.3,81.65,79.42,79.9,8163090,0
2017-06-26,80.1,80.84,77.22,77.73,862379,0
2017-06-27,78.1,78.66,75.35,75.87,516116,0
2017-06-28,76.48,78.82,75.45,78.5,699474,0
2017-06-29,78.49,78.87,77.32,78.23,830417,0
2017-06-30,78.23,78.78,77.6,78.2,363361,0
2017-07-03,78.21,78.8,76.5,77.47,217966,0
2017-07-05,77.27,78.53,77.22,78.19,350577,0
2017-07-06,77.69,78.3,77.355,77.85,479953,0
2017-07-07,78.72,79.8,77.625,79.63,473317,0
2017-07-10,79.79,80.83,79.425,80.29,415336,0
2017-07-11,80.2,81.4,79.905,81.24,444066,0
2017-07-12,82,82.83,80.87,81.34,628958,0
2017-07-13,81.38,82.29,79.84,80.67,488657,0
2017-07-14,80.65,82.63,80.61,81.77,459942,0
2017-07-17,81.81,82.25,80.72,81,775337,0
2017-07-18,82,85.92,79.99,80.19,1974261,0
2017-07-19,79.75,80.0596,76.42,76.51,1285712,0
2017-07-20,76.8,76.8,74.62,75.78,1218923,0
2017-07-21,76.35,77.18,74.56,74.78,525096,0
2017-07-24,74.63,76.8,74.3777,76.78,447867,0
2017-07-25,76.95,78.15,76.82,78.11,642618,0
2017-07-26,78.3,78.892,76.1,76.8,449021,0
2017-07-27,76.85,77.3,74.7,76.02,732158,0
2017-07-28,75.76,78.09,75.56,77.64,393762,0
2017-07-31,77.75,78.41,76.24,76.81,372043,0
2017-08-01,77.34,77.95,76.57,77.64,314135,0
2017-08-02,77.72,77.92,76.24,76.86,467507,0
2017-08-03,76.93,77.7,76.56,77.33,509712,0
2017-08-04,77.5,77.8,77.04,77.71,225110,0
2017-08-07,77.78,79.36,77.5534,79.04,297234,0
2017-08-08,78.73,78.88,77.73,77.96,342938,0
2017-08-09,77.52,78.465,76.87,77.79,364892,0
2017-08-10,77.5,77.61,72.43,72.71,753662,0
2017-08-11,73.27,73.47,72.01,72.84,479726,0
2017-08-14,73.35,75.33,73.35,74.65,445860,0
2017-08-15,75.32,75.365,73.4,73.64,481285,0
2017-08-16,73.82,74.66,72.9792,74.03,227330,0
2017-08-17,73.77,74.47,72.49,72.53,305030,0
2017-08-18,71.88,72.79,71.22,72.34,445931,0
2017-08-21,72.21,72.49,70.38,71.45,611998,0
2017-08-22,71.85,73.4,71.33,73.24,286433,0
2017-08-23,72.56,73.91,72.42,72.83,225290,0
2017-08-24,73.3,73.35,72.35,72.86,211024,0
2017-08-25,72.97,73.63,71.1,72.03,309524,0
2017-08-28,72.21,72.73,71.86,72.53,283257,0
2017-08-29,71.8,72.99,71.385,72.96,252132,0
2017-08-30,72.84,73.47,72.35,73.18,253488,0
2017-08-31,73.47,74.99,73.46,74.96,249616,0
2017-09-01,75.01,75.14,74.095,74.96,441763,0
2017-09-05,74.67,75.915,73.55,74.54,520355,0
2017-09-06,74.74,74.77,72.46,73.32,524884,0
2017-09-07,73.34,74.01,72.93,73.38,408912,0
2017-09-08,73.2,74.96,73.07,74.01,395472,0
2017-09-11,74.62,75.81,74.29,75.34,446830,0
2017-09-12,75.39,75.76,74.32,74.79,304012,0
2017-09-13,74.64,74.64,73.51,74.46,417825,0
2017-09-14,74.44,76.06,74.02,76,449713,0
2017-09-15,76.1,76.6,73.83,75.86,1487624,0
2017-09-18,75.72,76.13,75.21,75.85,426966,0
2017-09-19,75.56,75.9899,74.82,75.57,652710,0
2017-09-20,75.43,76.84,74.86,76.79,584149,0
2017-09-21,76.65,77.07,75.94,76.55,663826,0
2017-09-22,76.55,76.72,75.765,76.5,305805,0
2017-09-25,76.15,76.15,74.1,74.93,427805,0
2017-09-26,75.27,75.81,74.87,75.78,272924,0
2017-09-27,76.4,79.83,76.4,79.56,658413,0
2017-09-28,79.18,79.46,77.81,78.57,453833,0
2017-09-29,78.65,79.11,74.93,78.05,528438,0
2017-10-02,78,79.77,78,79.46,371023,0
2017-10-03,79.29,80.2181,78.2,79.96,343645,0
2017-10-04,79.9,80.15,78.67,79.68,220332,0
2017-10-05,79.95,79.95,79.23,79.88,254915,0
2017-10-06,79.51,81.2,79.4,81.02,267248,0
2017-10-09,81.02,81.775,80.37,80.62,281040,0
2017-10-10,81.02,81.02,78.53,78.85,403777,0
2017-10-11,78.81,79.47,78.55,79.45,306393,0
2017-10-12,79.27,80.69,79.18,79.45,275635,0
2017-10-13,79.44,80.16,78.75,80.01,240824,0
2017-10-16,80.32,80.9,78.975,79.34,188507,0
2017-10-17,79.21,80.67,78.92,80.3,209047,0
2017-10-18,80.51,81.27,80.255,80.72,221032,0
2017-10-19,80.22,80.36,78.77,79.64,232856,0
2017-10-20,80.45,81.47,80.45,81.08,255733,0
2017-10-23,81.16,81.73,80.51,80.9,204677,0
2017-10-24,81.19,81.88,81.01,81.87,292159,0
2017-10-25,81.6,81.82,80.08,81.25,821473,0
2017-10-26,77.04,78.5,72.1501,75.33,2756375,0
2017-10-27,75.46,75.94,70.65,72.26,1144275,0
2017-10-30,72.66,75.19,71.34,75.01,773603,0
2017-10-31,74.79,75.6399,73.635,75.23,490196,0
2017-11-01,75.57,75.57,70.01,70.38,702253,0
2017-11-02,70.17,72.06,70.02,71.72,839859,0
2017-11-03,71.7,72.33,71.31,71.78,616102,0
2017-11-06,71.69,72,70.77,70.88,587503,0
2017-11-07,70.7,70.92,64.095,65.9,2294238,0
2017-11-08,64.99,67.42,63.93,66.93,1374919,0
2017-11-09,66.27,66.71,64.51,64.96,444119,0
2017-11-10,64.84,66.09,64.42,65.69,516233,0
