2016-01-04,17.12,17.408,16.988,17.244,1624834,0
2016-01-05,17.347,17.665,16.964,17.566,1235817,0
2016-01-06,17.244,17.537,17.149,17.299,1353608,0
2016-01-07,16.959,17.101,16.514,16.598,1068812,0
2016-01-08,16.636,16.855,16.438,16.58,1278715,0
2016-01-11,16.608,16.684,16.357,16.514,741944,0
2016-01-12,16.618,16.618,15.897,16.154,973711,0
2016-01-13,16.154,16.333,15.603,15.869,1643529,0
2016-01-14,15.842,16.429,15.74,16.287,1532066,0
2016-01-15,15.86,15.86,15.205,15.529,1985753,0
2016-01-19,15.652,15.926,15.443,15.813,1314629,0
2016-01-20,15.585,15.652,14.755,15.386,1516533,0
2016-01-21,15.358,15.571,15.112,15.434,1452546,0
2016-01-22,15.719,15.983,15.557,15.842,1302826,0
2016-01-25,15.719,15.755,15.264,15.328,1293874,0
2016-01-26,15.451,15.755,15.235,15.386,2247113,0
2016-01-27,15.368,15.699,15.26,15.529,1641271,0
2016-01-28,15.699,15.813,14.911,15.186,4334634,0
2016-01-29,15.282,16.012,15.282,15.993,4672924,0
2016-02-01,15.907,16.342,15.842,16.181,1940759,0
2016-02-02,16.068,16.166,15.709,16.002,2033862,0
2016-02-03,16.126,16.598,16.012,16.429,2933790,0
2016-02-04,15.954,16.455,15.784,16.201,2572522,0
2016-02-05,15.936,16.524,15.887,15.907,2755605,0
2016-02-08,15.851,15.993,15.282,15.425,2128174,0
2016-02-09,15.415,15.799,15.318,15.567,1774073,0
2016-02-10,15.671,15.842,15.451,15.679,1591348,0
2016-02-11,15.612,15.671,15.386,15.451,1241705,0
2016-02-12,15.509,15.764,15.245,15.593,978354,0
2016-02-16,15.709,16.126,15.603,16.068,1024972,0
2016-02-17,16.106,16.495,16.048,16.381,910171,0
2016-02-18,16.446,16.816,16.361,16.684,1077751,0
2016-02-19,16.56,16.674,16.352,16.485,606747,0
2016-02-22,16.694,16.865,16.674,16.845,729495,0
2016-02-23,16.75,16.929,16.565,16.75,728635,0
2016-02-24,16.636,17.166,16.542,17.12,1512431,0
2016-02-25,17.166,17.46,17.12,17.291,830695,0
2016-02-26,17.377,17.602,17.171,17.234,1128076,0
2016-02-29,17.204,17.433,17.111,17.254,1159894,0
2016-03-01,17.413,17.494,17.082,17.214,1285712,0
2016-03-02,17.13,17.377,16.855,17.318,1593419,0
2016-03-03,17.377,17.489,17.234,17.386,1372853,0
2016-03-04,17.377,17.93,17.347,17.754,1650753,0
2016-03-07,17.735,18.143,17.675,17.963,1522919,0
2016-03-08,17.817,18.027,17.597,17.703,1027414,0
2016-03-09,17.798,17.917,17.674,17.798,994569,0
2016-03-10,17.837,17.874,17.424,17.654,1058316,0
2016-03-11,17.768,18.2,17.768,17.942,1070588,0
2016-03-14,17.837,17.932,17.549,17.817,686001,0
2016-03-15,17.74,17.803,17.569,17.645,664583,0
2016-03-16,17.579,17.874,17.462,17.827,1074236,0
2016-03-17,17.874,18.411,17.856,18.373,651276,0
2016-03-18,18.353,18.611,18.114,18.2,1813528,0
2016-03-21,18.171,18.286,18.009,18.267,658322,0
2016-03-22,18.171,18.507,18.114,18.382,1063848,0
2016-03-23,18.295,18.365,17.856,18.036,930850,0
2016-03-24,17.892,18.142,17.592,18.124,875375,0
2016-03-28,18.152,18.2,17.961,18.066,585018,0
2016-03-29,18.056,18.659,17.947,18.64,1247115,0
2016-03-30,18.697,18.707,18.401,18.621,814706,0
2016-03-31,18.621,18.687,18.343,18.621,1147274,0
2016-04-01,18.497,18.674,18.219,18.582,1216393,0
2016-04-04,18.573,18.573,18.295,18.515,1254403,0
2016-04-05,18.391,18.439,18.027,18.095,2109347,0
2016-04-06,18.114,18.315,17.952,18.305,754494,0
2016-04-07,18.219,18.382,17.897,18.095,1044848,0
2016-04-08,18.267,18.467,18.2,18.286,514933,0
2016-04-11,18.333,18.678,18.295,18.477,1177513,0
2016-04-12,18.545,18.822,18.439,18.64,753660,0
2016-04-13,18.784,18.794,18.439,18.746,696762,0
2016-04-14,18.774,18.812,18.63,18.726,408178,0
2016-04-15,18.678,18.917,18.621,18.908,653415,0
2016-04-18,18.746,18.917,18.602,18.908,708280,0
2016-04-19,18.956,19.109,18.851,19.041,599142,0
2016-04-20,19.071,19.133,18.794,18.822,615347,0
2016-04-21,18.861,18.861,18.477,18.535,759961,0
2016-04-22,18.592,18.87,18.592,18.736,642181,0
2016-04-25,18.726,18.802,18.449,18.65,681041,0
2016-04-26,18.687,18.917,18.563,18.861,843870,0
2016-04-27,18.908,19.234,18.764,19.051,721845,0
2016-04-28,18.861,19.148,18.746,18.908,868290,0
2016-04-29,18.898,19.214,18.861,19.195,1361854,0
2016-05-02,19.195,19.286,19.013,19.224,743181,0
2016-05-03,19.138,19.195,18.879,19.148,866937,0
2016-05-04,18.956,19.847,18.956,19.713,1237824,0
2016-05-05,19.807,20.237,19.569,19.683,806297,0
2016-05-06,19.588,20.028,19.534,19.999,962015,0
2016-05-09,19.971,20.085,19.663,19.931,834667,0
2016-05-10,19.999,20.228,19.912,20.208,837728,0
2016-05-11,20.143,20.535,20.143,20.535,988853,0
2016-05-12,20.573,20.936,20.495,20.926,1603979,0
2016-05-13,20.907,20.975,20.717,20.907,1084251,0
2016-05-16,20.936,21.134,20.832,21.099,927855,0
2016-05-17,21.041,21.139,20.741,20.87,966789,0
2016-05-18,20.802,20.875,20.279,20.371,866052,0
2016-05-19,20.218,20.602,20.038,20.535,650079,0
2016-05-20,20.555,20.763,20.55,20.688,673253,0
2016-05-23,20.688,20.75,20.525,20.525,526149,0
2016-05-24,20.61,20.832,20.555,20.802,555708,0
2016-05-25,20.87,21.151,20.688,20.946,815902,0
2016-05-26,20.985,21.185,20.926,21.014,568703,0
2016-05-27,21.06,21.129,20.907,21.089,559355,0
2016-05-31,21.481,21.975,21.337,21.883,1424156,0
2016-06-01,21.828,21.873,21.569,21.759,778701,0
2016-06-02,21.694,22.071,21.694,22.047,891592,0
2016-06-03,22.066,22.218,21.903,22.075,811652,0
2016-06-06,22.191,22.342,22.003,22.094,850644,0
2016-06-07,22.179,22.299,22.14,22.266,894110,0
2016-06-08,22.352,22.753,22.333,22.603,822450,0
2016-06-09,22.556,22.815,22.429,22.768,684075,0
2016-06-10,22.642,22.796,22.266,22.304,766019,0
2016-06-13,22.342,22.578,22.237,22.352,788108,0
2016-06-14,22.352,22.391,22.111,22.256,730260,0
2016-06-15,22.314,22.411,22.005,22.053,937285,0
2016-06-16,22.024,22.202,21.783,22.179,704802,0
2016-06-17,22.149,22.421,22.14,22.421,1504686,0
2016-06-20,22.613,22.815,22.573,22.661,816818,0
2016-06-21,22.7,22.796,22.517,22.69,802227,0
2016-06-22,22.777,22.787,22.439,22.439,620677,0
2016-06-23,22.661,22.893,22.613,22.893,604339,0
2016-06-24,22.131,22.95,21.918,22.7,1506230,0
2016-06-27,22.526,22.583,22.034,22.401,1310892,0
2016-06-28,22.536,22.671,22.034,22.573,1895329,0
2016-06-29,22.748,22.845,22.256,22.429,1391301,0
2016-06-30,22.478,23.163,22.391,23.153,1730574,0
2016-07-01,23.163,23.452,22.922,23.414,1477111,0
2016-07-05,23.405,23.645,23.26,23.52,1969897,0
2016-07-06,23.385,23.799,23.318,23.423,2588524,0
2016-07-07,23.395,23.481,22.758,22.825,1219422,0
2016-07-08,22.903,23.095,22.671,23.085,839368,0
2016-07-11,23.028,23.245,22.903,23.192,1177611,0
2016-07-12,23.125,23.337,23.066,23.105,1039199,0
2016-07-13,23.23,23.337,23.115,23.278,903812,0
2016-07-14,23.173,23.365,23.173,23.278,905811,0
2016-07-15,23.278,23.423,23.182,23.278,924752,0
2016-07-18,23.25,23.562,23.182,23.54,1071682,0
2016-07-19,23.288,23.385,23.095,23.355,1117639,0
2016-07-20,23.345,23.365,23.21,23.298,1092634,0
2016-07-21,23.288,23.54,23.182,23.53,743240,0
2016-07-22,23.5,23.799,23.472,23.78,805016,0
2016-07-25,23.732,23.761,23.472,23.52,919273,0
2016-07-26,23.54,23.684,23.414,23.472,922927,0
2016-07-27,23.423,23.481,22.957,23.105,1007111,0
2016-07-28,23.143,23.25,22.98,23.057,953891,0
2016-07-29,23.048,23.395,22.95,23.201,5436685,0
2016-08-01,23.173,23.312,22.768,22.845,1207895,0
2016-08-02,22.758,22.883,22.391,22.7,1126516,0
2016-08-03,22.573,22.998,21.678,22.671,1753228,0
2016-08-04,22.632,22.989,22.411,22.748,1079294,0
2016-08-05,22.758,22.97,22.642,22.825,1096965,0
2016-08-08,22.863,23.095,22.777,22.835,775322,0
2016-08-09,22.815,22.835,22.448,22.507,1217710,0
2016-08-10,22.536,22.69,22.406,22.487,551948,0
2016-08-11,22.565,22.652,22.448,22.468,939307,0
2016-08-12,22.556,22.975,22.556,22.728,636968,0
2016-08-15,22.748,23.038,22.573,22.613,1033239,0
2016-08-16,22.573,22.573,22.207,22.217,811640,0
2016-08-17,22.217,22.487,22.131,22.391,1009146,0
2016-08-18,22.372,22.718,22.372,22.718,954904,0
2016-08-19,22.652,22.671,22.497,22.603,658356,0
2016-08-22,22.603,22.825,22.593,22.768,639104,0
2016-08-23,22.835,23.048,22.708,22.718,695422,0
2016-08-24,22.69,22.708,22.517,22.7,686147,0
2016-08-25,22.661,23.095,22.632,23.048,1091846,0
2016-08-26,23.085,23.288,22.671,22.768,1031085,0
2016-08-29,22.883,23.08,22.769,22.787,574921,0
2016-08-30,22.796,22.989,22.603,22.652,657705,0
2016-08-31,22.671,22.835,22.458,22.738,1642145,0
2016-09-01,22.728,22.913,22.556,22.738,759329,0
2016-09-02,22.825,23.138,22.825,23.057,795806,0
2016-09-06,23.259,23.395,23.141,23.355,752640,0
2016-09-07,23.297,23.501,23.161,23.491,828322,0
2016-09-08,23.511,23.691,23.473,23.677,657678,0
2016-09-09,23.433,23.453,22.5,22.5,1052957,0
2016-09-12,22.431,22.85,22.423,22.801,792578,0
2016-09-13,22.675,22.743,22.423,22.52,1741967,0
2016-09-14,22.626,22.872,22.481,22.723,1005153,0
2016-09-15,22.753,23.055,22.705,23.015,540516,0
2016-09-16,22.899,23.141,22.723,23.103,806592,0
2016-09-19,23.268,23.569,23.229,23.569,571093,0
2016-09-20,23.705,23.89,23.589,23.861,770503,0
2016-09-21,23.91,24.386,23.628,24.377,1320432,0
2016-09-22,24.542,25.077,24.444,24.98,1620090,0
2016-09-23,24.882,24.902,24.416,24.561,777753,0
2016-09-26,24.571,24.96,24.561,24.766,883588,0
2016-09-27,24.95,24.95,24.59,24.649,709778,0
2016-09-28,24.726,25.018,24.523,24.95,1060065,0
2016-09-29,24.95,25.028,24.571,24.698,934797,0
2016-09-30,24.814,24.922,24.61,24.736,1006740,0
2016-10-03,24.659,24.756,24.435,24.62,1208045,0
2016-10-04,24.6,24.6,23.813,24.007,1143368,0
2016-10-05,24.163,24.454,24.075,24.348,1119976,0
2016-10-06,24.211,24.493,24.133,24.444,635935,0
2016-10-07,24.493,24.668,24.09,24.104,879935,0
2016-10-10,24.241,24.58,24.202,24.542,496486,0
2016-10-11,24.416,24.416,23.91,23.949,815122,0
2016-10-12,23.968,24.221,23.832,24.163,826707,0
2016-10-13,24.056,24.411,24.017,24.299,827523,0
2016-10-14,24.241,24.435,24.138,24.182,687730,0
2016-10-17,24.133,24.289,24.026,24.172,755824,0
2016-10-18,24.425,24.454,24.036,24.348,922462,0
2016-10-19,24.396,24.552,24.299,24.406,651208,0
2016-10-20,24.318,24.62,24.26,24.386,518144,0
2016-10-21,24.231,24.464,24.153,24.444,733526,0
2016-10-24,24.688,24.698,24.104,24.318,774392,0
2016-10-25,24.27,24.659,24.226,24.649,917771,0
2016-10-26,24.532,24.862,24.362,24.862,820782,0
2016-10-27,24.862,24.95,24.518,24.726,909380,0
2016-10-28,24.678,25.285,24.668,24.97,1653079,0
2016-10-31,25.038,25.524,24.941,25.486,3019356,0
2016-11-01,25.397,25.514,24.804,24.931,1175300,0
2016-11-02,24.852,24.912,24.27,24.328,1390109,0
2016-11-03,24.328,24.941,24.114,24.941,1005985,0
2016-11-04,24.988,25.431,24.988,25.154,1565478,0
2016-11-07,25.222,25.694,25.222,25.669,1514270,0
2016-11-08,25.436,26.36,25.106,26.332,1718966,0
2016-11-09,25.914,26.879,25.82,26.7,1929560,0
2016-11-10,26.487,26.71,25.923,26.487,1877694,0
2016-11-11,26.36,26.614,25.738,26,1535653,0
2016-11-14,25.758,26.914,25.758,26.914,1422756,0
2016-11-15,27.05,27.697,26.934,27.653,1203700,0
2016-11-16,27.614,27.692,27.012,27.284,1154196,0
2016-11-17,27.245,27.547,27.012,27.06,1274887,0
2016-11-18,27.138,27.401,27.022,27.168,1188756,0
2016-11-21,27.322,27.634,27.186,27.449,1395351,0
2016-11-22,27.644,27.876,27.378,27.858,1526940,0
2016-11-23,27.74,27.838,26.886,26.982,1780856,0
2016-11-25,26.992,27.401,26.691,27.332,795244,0
2016-11-28,27.43,27.809,27.376,27.653,856533,0
2016-11-29,27.517,28.062,27.517,27.76,1377078,0
2016-11-30,27.527,27.683,27.032,27.05,1461408,0
2016-12-01,27.05,27.498,26.943,27.255,1363412,0
2016-12-02,27.44,27.614,27.06,27.206,877577,0
2016-12-05,27.216,27.668,27.04,27.653,1083715,0
2016-12-06,27.803,28.254,27.753,28.244,1242351,0
2016-12-07,28.311,28.782,28.254,28.762,1340843,0
2016-12-08,28.655,28.968,28.43,28.722,1637657,0
2016-12-09,28.869,28.949,28.693,28.859,1147279,0
2016-12-12,28.812,29.066,28.556,28.879,1006910,0
2016-12-13,28.996,29.114,28.777,28.996,1109146,0
2016-12-14,29.134,29.29,28.301,28.341,1047413,0
2016-12-15,28.311,28.869,28.272,28.821,1017241,0
2016-12-16,28.821,28.949,28.254,28.321,4388940,0
2016-12-19,28.458,28.894,28.381,28.762,1373750,0
2016-12-20,28.802,28.909,28.63,28.675,1086388,0
2016-12-21,28.665,28.812,28.478,28.498,842035,0
2016-12-22,28.538,28.625,28.401,28.518,615169,0
2016-12-23,28.556,28.665,28.438,28.665,425505,0
2016-12-27,28.528,28.85,28.518,28.752,391003,0
2016-12-28,29.066,29.114,28.204,28.292,587442,0
2016-12-29,28.321,28.605,28.321,28.438,602246,0
2016-12-30,28.488,28.546,28.131,28.164,726024,0
2017-01-03,27.94,28.224,27.823,28.037,1381204,0
2017-01-04,28.017,28.722,27.96,28.615,1254432,0
2017-01-05,28.605,28.812,28.448,28.722,1383719,0
2017-01-06,28.615,28.804,28.508,28.713,788414,0
2017-01-09,28.713,28.713,27.539,27.558,1283600,0
2017-01-10,27.558,28.097,27.519,28.047,1134049,0
2017-01-11,28.037,28.371,27.92,28.321,921196,0
2017-01-12,28.351,28.351,27.743,28.047,762330,0
2017-01-13,27.979,28.488,27.979,28.292,612396,0
2017-01-17,28.214,28.468,27.989,28.107,878869,0
2017-01-18,28.067,28.443,27.998,28.184,713417,0
2017-01-19,28.126,28.268,27.97,28.077,710846,0
2017-01-20,28.077,28.187,27.861,28.008,778906,0
2017-01-23,28.077,28.135,27.734,27.833,536765,0
2017-01-24,27.9,28.292,27.9,28.164,944665,0
2017-01-25,28.117,28.688,28.117,28.645,960854,0
2017-01-26,28.675,29.026,28.585,28.812,964903,0
2017-01-27,28.869,28.958,28.498,28.693,699292,0
2017-01-30,29.076,29.114,28.263,28.675,1062044,0
2017-01-31,28.684,28.899,28.381,28.732,3383903,0
2017-02-01,28.635,28.684,27.176,27.235,1650498,0
2017-02-02,27.068,27.195,25.697,25.864,3405986,0
2017-02-03,25.894,26.178,25.356,26.178,2657356,0
2017-02-06,26.138,26.53,26.07,26.148,1259204,0
2017-02-07,26.178,26.226,25.874,26.021,1202099,0
2017-02-08,25.943,26.119,25.717,25.864,1566279,0
2017-02-09,25.864,26.001,25.654,25.697,1449373,0
2017-02-10,25.825,25.879,25.688,25.815,1897881,0
2017-02-13,25.59,25.63,25.356,25.463,1159467,0
2017-02-14,25.365,25.56,25.286,25.56,1301091,0
2017-02-15,25.433,25.62,25.37,25.551,918279,0
2017-02-16,25.551,25.943,25.473,25.815,1637061,0
2017-02-17,25.854,25.894,25.413,25.737,1570543,0
2017-02-21,25.737,25.991,25.717,25.962,682160,0
2017-02-22,25.991,26.354,25.874,26.168,1409401,0
2017-02-23,26.305,26.623,26.099,26.481,2179193,0
2017-02-24,26.452,26.814,26.432,26.559,1028901,0
2017-02-27,26.472,26.966,26.432,26.756,1124085,0
2017-02-28,26.657,26.873,26.495,26.54,1770858,0
2017-03-01,26.55,26.873,26.481,26.559,1177247,0
2017-03-02,26.452,26.736,26.339,26.412,1284425,0
2017-03-03,26.49,26.54,26.188,26.422,1064234,0
2017-03-06,26.335,26.52,26.256,26.354,1120166,0
2017-03-07,26.406,26.583,26.351,26.366,1101681,0
2017-03-08,26.218,26.228,25.755,25.775,999783,0
2017-03-09,25.725,26.001,25.661,25.765,1268212,0
2017-03-10,25.982,26.238,25.853,26.129,1241628,0
2017-03-13,26.12,26.484,26.1,26.337,819321,0
2017-03-14,26.277,26.336,26.06,26.12,642374,0
2017-03-15,26.228,26.938,26.228,26.83,953176,0
2017-03-16,26.82,26.869,26.618,26.652,767641,0
2017-03-17,26.711,26.948,26.642,26.879,3189686,0
2017-03-20,27.037,27.106,26.287,26.415,830238,0
2017-03-21,26.445,26.627,26.248,26.494,934417,0
2017-03-22,26.524,26.81,26.297,26.8,957582,0
2017-03-23,26.692,27.096,26.652,26.721,850009,0
2017-03-24,26.721,26.979,26.642,26.79,502043,0
2017-03-27,26.701,26.879,26.376,26.76,620325,0
2017-03-28,26.692,26.8,26.524,26.603,1146988,0
2017-03-29,26.662,26.859,26.327,26.78,1190742,0
2017-03-30,26.682,26.76,26.568,26.701,576504,0
2017-03-31,26.662,27.155,26.662,26.987,1047865,0
2017-04-03,26.898,27.046,26.731,27.027,876976,0
2017-04-04,27.037,27.303,26.938,27.244,819001,0
2017-04-05,27.254,27.313,26.79,26.879,1806025,0
2017-04-06,26.898,27.116,26.682,27.046,525380,0
2017-04-07,27.106,27.387,26.978,27.214,749950,0
2017-04-10,27.184,27.268,27.032,27.076,452436,0
2017-04-11,27.027,27.313,26.889,27.293,766789,0
2017-04-12,27.214,27.254,26.948,27.076,524851,0
2017-04-13,27.007,27.15,26.76,26.76,697084,0
2017-04-17,26.8,26.978,26.8,26.978,675920,0
2017-04-18,26.968,27.106,26.8,26.889,651811,0
2017-04-19,26.938,26.938,26.406,26.524,883048,0
2017-04-20,26.613,26.721,26.406,26.563,720915,0
2017-04-21,26.632,26.76,26.572,26.692,626849,0
2017-04-24,26.987,26.987,26.76,26.839,999943,0
2017-04-25,26.908,26.958,26.672,26.721,986810,0
2017-04-26,26.672,27.061,26.672,26.83,838963,0
2017-04-27,26.78,27.066,26.701,26.741,869421,0
2017-04-28,26.78,26.79,26.514,26.524,2338975,0
2017-05-01,26.553,26.583,26.09,26.129,968802,0
2017-05-02,26.189,26.425,25.913,25.982,702172,0
2017-05-03,25.982,26.129,25.804,25.824,898219,0
2017-05-04,25.991,26.08,25.222,25.705,797480,0
2017-05-05,25.755,26.144,25.617,25.755,670873,0
2017-05-08,25.735,25.824,25.39,25.567,518953,0
2017-05-09,25.607,25.637,25.291,25.321,695465,0
2017-05-10,25.429,25.755,25.39,25.715,690681,0
2017-05-11,25.607,25.814,25.449,25.765,831008,0
2017-05-12,25.784,25.903,25.666,25.873,620258,0
2017-05-15,25.932,26.297,25.932,26.149,622771,0
2017-05-16,26.041,26.134,25.696,25.755,747561,0
2017-05-17,25.656,25.834,25.37,25.725,903590,0
2017-05-18,25.646,26.001,25.471,25.646,655141,0
2017-05-19,25.646,26.051,25.607,26.001,485000,0
2017-05-22,26.031,26.415,25.903,26.287,572924,0
2017-05-23,26.317,26.514,26.218,26.396,578221,0
2017-05-24,26.307,26.751,26.159,26.692,571507,0
2017-05-25,26.662,27.079,26.662,26.968,512784,0
2017-05-26,26.958,26.958,26.721,26.928,389676,0
2017-05-30,26.82,27.056,26.692,26.938,419529,0
2017-05-31,26.82,27.037,26.731,26.849,841015,0
2017-06-01,26.741,27.046,26.504,27.037,782527,0
2017-06-02,27.116,27.234,26.933,26.938,431707,0
2017-06-05,26.889,27.017,26.785,26.898,605350,0
2017-06-06,26.921,27.03,26.702,26.712,563595,0
2017-06-07,26.643,26.643,26.131,26.395,1047434,0
2017-06-08,26.295,26.295,25.968,26.007,748876,0
2017-06-09,25.987,26.504,25.987,26.494,615300,0
2017-06-12,26.534,26.772,26.514,26.643,468590,0
2017-06-13,26.643,26.971,26.514,26.961,516550,0
2017-06-14,27.05,27.139,26.742,26.941,454490,0
2017-06-15,26.792,26.866,26.643,26.841,395591,0
2017-06-16,26.812,27.695,26.767,27.308,1581141,0
2017-06-19,27.368,27.566,27.179,27.487,999417,0
2017-06-20,27.457,27.547,27.268,27.348,700795,0
2017-06-21,27.368,27.437,27.159,27.209,477513,0
2017-06-22,27.259,27.259,26.901,26.921,541661,0
2017-06-23,26.921,27.239,26.901,27.05,921274,0
2017-06-26,27.08,27.328,26.921,27.239,412610,0
2017-06-27,27.1,27.1,26.494,26.504,691833,0
2017-06-28,26.752,26.851,26.405,26.434,653059,0
2017-06-29,26.285,26.335,25.905,26.166,580780,0
2017-06-30,26.166,26.365,25.908,26.017,654012,0
2017-07-03,26.136,26.236,25.958,26.097,417894,0
2017-07-05,26.107,26.146,25.819,26.007,875970,0
2017-07-06,25.918,26.166,25.848,26.017,1680277,0
2017-07-07,25.997,26.117,25.332,25.61,1001533,0
2017-07-10,25.64,25.729,25.392,25.402,552818,0
2017-07-11,25.372,25.421,25.218,25.292,685093,0
2017-07-12,25.461,25.839,25.461,25.62,587001,0
2017-07-13,25.551,25.63,25.332,25.382,858668,0
2017-07-14,25.481,25.65,25.387,25.421,581941,0
2017-07-17,25.451,25.511,25.362,25.461,521312,0
2017-07-18,25.471,25.499,25.193,25.282,723208,0
2017-07-19,25.352,25.57,25.312,25.471,708750,0
2017-07-20,25.59,25.64,25.233,25.441,768070,0
2017-07-21,25.441,25.66,25.382,25.65,529928,0
2017-07-24,25.58,25.689,25.352,25.451,495254,0
2017-07-25,25.481,25.682,25.471,25.67,1509666,0
2017-07-26,25.62,25.868,25.511,25.829,807302,0
2017-07-27,25.829,26.246,25.749,26.216,867667,0
2017-07-28,26.156,26.166,25.888,26.117,954803,0
2017-07-31,26.117,26.196,25.938,26.166,1315790,0
2017-08-01,26.176,26.335,25.868,26.146,737257,0
2017-08-02,25.65,25.719,25.054,25.272,1373101,0
2017-08-03,25.203,25.521,24.965,25.451,786664,0
2017-08-04,25.421,25.814,25.421,25.809,609394,0
2017-08-07,25.819,26.126,25.699,25.958,730516,0
2017-08-08,25.858,26.027,25.819,25.918,468353,0
2017-08-09,25.958,26.002,25.709,25.779,671189,0
2017-08-10,25.709,25.719,25.412,25.531,751071,0
2017-08-11,25.352,25.526,25.213,25.441,725990,0
2017-08-14,25.57,25.978,25.516,25.958,699363,0
2017-08-15,25.878,26.017,25.806,25.898,757472,0
2017-08-16,25.898,26.246,25.898,26.176,662657,0
2017-08-17,26.097,26.136,25.62,25.63,667913,0
2017-08-18,25.65,25.848,25.56,25.67,514342,0
2017-08-21,25.62,25.709,25.521,25.64,559245,0
2017-08-22,25.67,25.883,25.486,25.878,497945,0
2017-08-23,25.769,26.067,25.759,26.027,567821,0
2017-08-24,26.037,26.226,25.987,26.226,470967,0
2017-08-25,26.226,26.414,26.196,26.355,402485,0
2017-08-28,26.395,26.583,26.345,26.553,615395,0
2017-08-29,26.514,26.661,26.345,26.534,497839,0
2017-08-30,26.494,26.653,26.474,26.653,566669,0
2017-08-31,26.722,26.891,26.683,26.851,521393,0
2017-09-01,26.911,27.05,26.802,27,428847,0
2017-09-05,27.06,27.139,26.871,27.11,737756,0
2017-09-06,27.179,27.308,26.961,26.99,815537,0
2017-09-07,27.05,27.139,26.832,27.139,438789,0
2017-09-08,27.09,27.308,26.921,27.239,646684,0
2017-09-11,27.278,27.522,27.199,27.467,486176,0
2017-09-12,27.467,27.537,27,27.05,602047,0
2017-09-13,27.1,27.1738,26.78,26.79,849186,0
2017-09-14,26.75,27.13,26.71,27.12,520132,0
2017-09-15,26.97,27.17,26.84,27.02,1359704,0
2017-09-18,27.04,27.04,26.58,26.64,639944,0
2017-09-19,26.71,26.845,26.62,26.65,625849,0
2017-09-20,26.7,26.85,26.13,26.4,806531,0
2017-09-21,26.35,26.525,26.125,26.21,559973,0
2017-09-22,26.26,26.31,25.93,25.99,665072,0
2017-09-25,25.99,26.14,25.92,26.08,823217,0
2017-09-26,26.04,26.315,26.04,26.15,581351,0
2017-09-27,26.09,26.3,25.61,25.98,1144028,0
2017-09-28,25.93,26.09,25.81,26.06,873474,0
2017-09-29,26.07,26.25,25.92,25.95,740014,0
2017-10-02,26.05,26.505,25.97,26.23,786078,0
2017-10-03,26.34,26.77,26.31,26.65,986677,0
2017-10-04,26.63,26.67,26.45,26.67,854553,0
2017-10-05,26.7,26.79,26.54,26.71,487571,0
2017-10-06,26.61,26.75,26.485,26.6,477244,0
2017-10-09,26.56,26.67,26.43,26.54,378215,0
2017-10-10,26.67,26.87,26.63,26.87,606597,0
2017-10-11,26.82,27.03,26.77,26.94,483458,0
2017-10-12,26.95,27.215,26.94,27.16,571879,0
2017-10-13,27.19,27.25,26.87,26.91,345735,0
2017-10-16,27.03,27.16,26.89,26.98,344562,0
2017-10-17,26.93,27.13,26.88,27.11,426808,0
2017-10-18,27.07,27.175,26.98,27.14,304467,0
2017-10-19,27.07,27.27,26.89,27.25,530092,0
2017-10-20,27.27,27.28,26.91,27.03,340126,0
2017-10-23,27.02,27.04,26.76,26.97,403068,0
2017-10-24,26.95,27.02,26.68,26.89,564882,0
2017-10-25,26.78,26.8,26.53,26.7,760530,0
2017-10-26,26.78,27,26.71,26.79,556482,0
2017-10-27,26.73,27.04,26.61,27.02,661473,0
2017-10-30,26.99,27.21,26.88,27.14,647888,0
2017-10-31,27.12,27.405,26.99,27.35,1326190,0
2017-11-01,27.5,27.5,26.93,27.09,881400,0
2017-11-02,26.63,26.77,25.89,26.41,1475902,0
2017-11-03,26.17,26.5,26.1,26.16,701468,0
2017-11-06,26.13,27.22,26.09,27.15,1183815,0
2017-11-07,27.14,27.28,26.9,26.9,1463994,0
2017-11-08,26.97,27.03,26.52,26.8,967591,0
2017-11-09,26.57,26.73,26.5,26.54,957330,0
2017-11-10,26.42,26.67,26.34,26.41,1054875,0
