2016-01-04,24.84,25.05,24.83,24.91,40683,0
2016-01-05,25.08,25.1,24.75,24.82,44000,0
2016-01-06,24.82,24.98,24.61,24.68,33113,0
2016-01-07,24.6,24.78,24.6,24.73,41325,0
2016-01-08,24.8,24.8,24.65,24.72,25702,0
2016-01-11,24.67,24.73,24.6,24.73,25472,0
2016-01-12,24.8,24.8,24.6515,24.7699,29857,0
2016-01-13,24.83,24.83,24.33,24.4,64402,0
2016-01-14,24.4,24.4659,24.3,24.36,125431,0
2016-01-15,24.35,24.36,24.06,24.3,47306,0
2016-01-19,24.16,24.16,24.16,24.16,0,0
2016-01-20,24.17,24.17,23.58,23.94,136098,0
2016-01-21,23.73,24.3664,23.6422,23.86,46628,0
2016-01-22,24,24.19,23.99,24.18,41677,0
2016-01-25,24,24.43,24,24.25,51153,0
2016-01-26,24.28,24.46,24.15,24.18,58629,0
2016-01-27,24.345,24.4,24.2,24.38,25113,0
2016-01-28,24.4492,24.46,24.21,24.35,80294,0
2016-01-29,24.4,24.4,24.15,24.26,112991,0
2016-02-01,24.25,24.39,24.11,24.25,47561,0
2016-02-02,24.35,24.45,24.25,24.28,94731,0
2016-02-03,24.4,24.41,24.18,24.32,41705,0
2016-02-04,24.3,24.3094,23.85,23.85,59248,0
2016-02-05,23.9,23.9,23.42,23.57,97742,0
2016-02-08,23.67,23.67,22.88,23.4,60266,0
2016-02-09,23.09,23.92,22.76,23.38,78708,0
2016-02-10,23.6,24.15,23.6,24,36113,0
2016-02-11,23.55,23.74,22.85,23.18,85184,0
2016-02-12,23.24,24.04,23.24,23.8,78048,0
2016-02-16,24.12,24.39,24,24.24,36416,0
2016-02-17,24.43,24.5,24.27,24.28,134089,0
2016-02-18,24.39,24.68,24.25,24.59,42434,0
2016-02-19,24.59,24.78,24.38,24.78,50298,0
2016-02-22,24.75,24.9,24.56,24.66,40271,0
2016-02-23,24.6,24.8,24.48,24.66,34824,0
2016-02-24,24.6,24.76,24.57,24.72,35589,0
2016-02-25,24.72,24.887,24.68,24.8799,31074,0
2016-02-26,24.6974,24.98,24.6974,24.87,31802,0
2016-02-29,24.8204,25.19,24.8204,25.01,87558,0
2016-03-01,25.19,25.32,25,25.249,78106,0
2016-03-02,25.21,25.2588,24.8701,24.8924,45833,0
2016-03-03,24.97,25.08,24.92,25,25084,0
2016-03-04,25,25.1,24.95,25.0001,25417,0
2016-03-07,24.95,25.16,24.92,25.16,47747,0
2016-03-08,25.19,25.19,24.96,25.1,40369,0
2016-03-09,24.89,25.05,24.85,24.8831,29534,0
2016-03-10,24.79,25.07,24.79,25.03,25219,0
2016-03-11,24.94,25.238,24.921,24.96,46532,0
2016-03-14,24.97,25.1299,24.96,24.96,24730,0
2016-03-15,25.14,25.2005,24.99,25,20657,0
2016-03-16,25.23,25.3,25,25.01,48279,0
2016-03-17,25.07,25.2008,24.97,25.12,32384,0
2016-03-18,25.071,25.18,25.071,25.1,29975,0
2016-03-21,25.03,25.11,25,25.07,32433,0
2016-03-22,25.01,25.1585,25.0001,25.02,38571,0
2016-03-23,25.02,25.18,24.935,25.17,35687,0
2016-03-24,25.13,25.1899,25.03,25.12,33600,0
2016-03-28,25.06,25.52,25.05,25.35,72218,0
2016-03-29,25.54,25.54,25.11,25.11,32356,0
2016-03-30,25.23,25.4742,25.12,25.14,52803,0
2016-03-31,25.15,25.25,24.95,24.95,54464,0
2016-04-01,25.04,25.1,24.9,24.99,45710,0
2016-04-04,25.01,25.05,24.9,25,70441,0
2016-04-05,24.9,25.14,24.9,24.97,42733,0
2016-04-06,25,25.0999,25,25.09,44614,0
2016-04-07,25,25.0799,24.9,24.97,41877,0
2016-04-08,25.05,25.1899,25,25.05,31725,0
2016-04-11,25.05,25.18,25.04,25.11,34753,0
2016-04-12,25.1,25.19,25.02,25.04,21213,0
2016-04-13,25.08,25.29,25.08,25.23,38572,0
2016-04-14,25.27,25.27,25.02,25.05,37711,0
2016-04-15,25.02,25.37,25.02,25.05,129931,0
2016-04-18,25.07,25.12,24.71,24.81,76464,0
2016-04-19,24.85,24.97,24.7601,24.86,48190,0
2016-04-20,24.8,24.9031,24.8,24.86,44514,0
2016-04-21,24.86,24.8756,24.59,24.6299,75381,0
2016-04-22,24.7,24.76,24.6755,24.68,32199,0
2016-04-25,24.8,24.83,24.61,24.77,60946,0
2016-04-26,24.765,24.95,24.73,24.89,32885,0
2016-04-27,24.94,25.33,24.861,25.24,25497,0
2016-04-28,25.25,25.2879,25.087,25.22,29353,0
2016-04-29,25.16,25.38,25.11,25.11,48290,0
2016-05-02,25.23,25.3036,25.13,25.15,15171,0
2016-05-03,25.1,25.26,25.0334,25.2,23792,0
2016-05-04,25.08,25.22,25.03,25.1752,26002,0
2016-05-05,25.18,25.25,25.1417,25.2,22753,0
2016-05-06,25.2,25.33,25.0332,25.06,54022,0
2016-05-09,25.1,25.19,25.09,25.19,25425,0
2016-05-10,25.1201,25.23,25.11,25.195,23079,0
2016-05-11,25.1,25.28,25.09,25.27,36646,0
2016-05-12,25.2,25.269,25.12,25.13,28320,0
2016-05-13,25.13,25.26,25.13,25.13,30290,0
2016-05-16,25.15,25.27,25.1,25.1699,55962,0
2016-05-17,25.17,25.1999,25.08,25.08,36656,0
2016-05-18,25.16,25.24,25.1,25.12,40387,0
2016-05-19,25.11,25.23,25.08,25.23,24470,0
2016-05-20,25.24,25.24,25.15,25.2201,16391,0
2016-05-23,25.24,25.55,25.22,25.53,39381,0
2016-05-24,25.4,25.53,25.38,25.44,54993,0
2016-05-25,25.4,25.51,25.25,25.49,77016,0
2016-05-26,25.38,25.44,25.3,25.32,35125,0
2016-05-27,25.31,25.35,25.19,25.32,26088,0
2016-05-31,25.26,25.35,25.25,25.35,30240,0
2016-06-01,25.24,25.4,25.24,25.3799,33028,0
2016-06-02,25.26,25.4,25.26,25.36,28766,0
2016-06-03,25.38,25.55,25.33,25.54,41065,0
2016-06-06,25.5,25.5,25.3,25.3,31175,0
2016-06-07,25.33,25.46,25.11,25.11,117798,0
2016-06-08,25.16,25.16,25.02,25.03,55825,0
2016-06-09,25.1,25.1376,24.84,24.95,85139,0
2016-06-10,24.95,25.1,24.915,24.99,65064,0
2016-06-13,25.05,25.21,24.96,24.99,32934,0
2016-06-14,25,25.0999,24.97,25.07,14157,0
2016-06-15,25.19,25.23,25.01,25.01,41688,0
2016-06-16,25.12,25.12,25,25.01,27982,0
2016-06-17,25.12,25.38,25.0211,25.38,25445,0
2016-06-20,25.26,25.65,25.26,25.41,52519,0
2016-06-21,25.4,25.5,25.3,25.342,26338,0
2016-06-22,25.45,25.5,25.38,25.49,43404,0
2016-06-23,25.5,25.5899,25.472,25.5384,17990,0
2016-06-24,25.19,25.66,25.19,25.49,31359,0
2016-06-27,25.4,25.4813,25.25,25.25,31196,0
2016-06-28,25.27,25.4999,25.27,25.48,38897,0
2016-06-29,25.5,25.63,25.4201,25.5,45428,0
2016-06-30,25.52,25.7624,25.52,25.66,36717,0
2016-07-01,25.66,25.66,25.41,25.5,20446,0
2016-07-05,25.57,25.7,25.345,25.7,26935,0
2016-07-06,25.7,25.7,25.451,25.59,31422,0
2016-07-07,25.53,25.69,25.53,25.68,40549,0
2016-07-08,25.65,25.68,25.57,25.57,42967,0
2016-07-11,25.53,25.53,25.44,25.507,40117,0
2016-07-12,25.44,25.53,25.38,25.4,41248,0
2016-07-13,25.46,25.46,25.26,25.4,51386,0
2016-07-14,25.37,25.43,25.33,25.4,25356,0
2016-07-15,25.33,25.65,25.33,25.53,61710,0
2016-07-18,25.63,25.67,25.55,25.67,25968,0
2016-07-19,25.57,25.79,25.56,25.6,32924,0
2016-07-20,25.61,25.7,25.4901,25.69,26016,0
2016-07-21,25.6918,25.6949,25.5101,25.6262,52998,0
2016-07-22,25.52,25.57,25.48,25.5399,24815,0
2016-07-25,25.51,25.51,25.3,25.37,48466,0
2016-07-26,25.34,25.39,25.28,25.37,34727,0
2016-07-27,25.37,25.4,25.32,25.3899,20616,0
2016-07-28,25.35,25.44,25.33,25.33,37882,0
2016-07-29,25.36,25.57,25.32,25.4,43153,0
2016-08-01,25.5,25.54,25.34,25.38,22786,0
2016-08-02,25.45,25.48,25.35,25.46,20143,0
2016-08-03,25.46,25.72,25.419,25.72,25219,0
2016-08-04,25.69,25.76,25.56,25.73,44342,0
2016-08-05,25.75,25.75,25.52,25.67,34840,0
2016-08-08,25.65,25.73,25.57,25.68,31011,0
2016-08-09,25.65,25.88,25.62,25.86,29754,0
2016-08-10,25.82,25.96,25.81,25.85,31138,0
2016-08-11,25.85,25.85,25.62,25.7,35737,0
2016-08-12,25.89,25.89,25.6601,25.82,18030,0
2016-08-15,25.74,25.78,25.57,25.58,31820,0
2016-08-16,25.57,25.67,25.51,25.52,30899,0
2016-08-17,25.48,25.69,25.48,25.69,31941,0
2016-08-18,25.63,25.8,25.63,25.65,24648,0
2016-08-19,25.6372,25.73,25.6,25.61,34731,0
2016-08-22,25.61,25.61,25.4701,25.55,25328,0
2016-08-23,25.55,25.7699,25.5015,25.7201,17010,0
2016-08-24,25.77,25.78,25.63,25.74,49192,0
2016-08-25,25.65,25.75,25.64,25.66,29401,0
2016-08-26,25.6999,25.73,25.5601,25.73,25429,0
2016-08-29,25.48,25.58,25.42,25.43,26047,0
2016-08-30,25.43,25.55,25.42,25.49,28073,0
2016-08-31,25.42,25.6,25.39,25.42,35385,0
2016-09-01,25.45,25.53,25.42,25.52,16229,0
2016-09-02,25.5122,25.61,25.43,25.47,20779,0
2016-09-06,25.52,25.55,25.37,25.4399,26316,0
2016-09-07,25.37,25.49,25.34,25.49,26199,0
2016-09-08,25.49,25.5,25.39,25.47,24922,0
2016-09-09,25.4,25.444,25.15,25.16,34855,0
2016-09-12,25.15,25.36,25.1,25.2949,23903,0
2016-09-13,25.18,25.2568,25.03,25.06,15282,0
2016-09-14,25.17,25.3,25.06,25.3,20763,0
2016-09-15,25.33,25.39,25.16,25.19,38888,0
2016-09-16,25.28,25.319,25.18,25.2,18243,0
2016-09-19,25.2739,25.4,25.26,25.34,18646,0
2016-09-20,25.27,25.47,25.27,25.46,14427,0
2016-09-21,25.39,25.55,25.37,25.55,13355,0
2016-09-22,25.55,25.5896,25.44,25.5086,20109,0
2016-09-23,25.51,25.63,25.3,25.31,35865,0
2016-09-26,25.3,25.43,25.2701,25.43,30074,0
2016-09-27,25.34,25.45,25.291,25.42,26011,0
2016-09-28,25.38,25.47,25.34,25.41,23584,0
2016-09-29,25.49,25.5048,25.4,25.41,19864,0
2016-09-30,25.43,25.58,25.41,25.45,24011,0
2016-10-03,25.57,25.627,25.536,25.55,21101,0
2016-10-04,25.55,25.59,25.47,25.47,19219,0
2016-10-05,25.47,25.53,25.38,25.5,20203,0
2016-10-06,25.41,25.54,25.4,25.54,15158,0
2016-10-07,25.5,25.65,25.5,25.6,14131,0
2016-10-10,25.64,25.64,25.35,25.45,25955,0
2016-10-11,25.4624,25.47,25.06,25.17,42698,0
2016-10-12,25.11,25.25,25.01,25.03,31542,0
2016-10-13,25.04,25.06,24.75,24.9,77162,0
2016-10-14,24.98,25.2,24.956,25.02,18253,0
2016-10-17,25.077,25.1665,25.04,25.06,12119,0
2016-10-18,25.13,25.44,25.04,25.4,30930,0
2016-10-19,25.43,25.49,25.3501,25.46,18489,0
2016-10-20,25.43,25.53,25.4,25.45,7507,0
2016-10-21,25.41,25.74,25.401,25.74,36134,0
2016-10-24,25.62,25.66,25.455,25.54,28888,0
2016-10-25,25.48,25.509,25.25,25.49,41073,0
2016-10-26,25.47,25.47,25.19,25.25,33817,0
2016-10-27,25.19,25.39,25.15,25.39,11484,0
2016-10-28,25.25,25.4,25.25,25.265,13612,0
2016-10-31,25.281,25.44,25.281,25.31,14748,0
2016-11-01,25.31,25.34,25.26,25.29,8309,0
2016-11-02,25.29,25.3053,25.1201,25.14,29058,0
2016-11-03,25.09,25.15,25,25,33586,0
2016-11-04,25.0407,25.23,25.04,25.22,21761,0
2016-11-07,25.24,25.28,25.07,25.08,38943,0
2016-11-08,25.1,25.1,25,25.0283,23777,0
2016-11-09,24.9,25.1,24.75,25,61175,0
2016-11-10,24.78,25.0533,24.54,24.8,80433,0
2016-11-11,24.64,24.74,24.17,24.74,46852,0
2016-11-14,24.56,24.56,23.76,24.09,80296,0
2016-11-15,24.372,24.88,24.372,24.87,28008,0
2016-11-16,24.84,25.17,24.76,25.0412,26647,0
2016-11-17,24.99,25.1012,24.78,24.858,29137,0
2016-11-18,24.78,24.92,24.3,24.3973,50569,0
2016-11-21,24.4,24.6344,24.31,24.3127,42638,0
2016-11-22,24.4,24.4,24.01,24.25,62150,0
2016-11-23,24,24.1341,23.882,23.97,46395,0
2016-11-25,23.9999,24.1287,23.86,23.86,40738,0
2016-11-28,23.8,23.94,23.721,23.84,69393,0
2016-11-29,23.85,24.15,23.64,23.9571,40938,0
2016-11-30,23.98,24.15,23.52,24.13,26020,0
2016-12-01,24.12,24.12,23.6501,23.9163,37260,0
2016-12-02,23.84,24,23.6,23.6,31359,0
2016-12-05,23.74,23.9,23.314,23.62,24831,0
2016-12-06,23.65,24,23.5641,23.97,45180,0
2016-12-07,24.07,24.0899,23.7573,23.81,36285,0
2016-12-08,23.88,23.88,23.51,23.55,31823,0
2016-12-09,23.61,23.77,23.41,23.49,43962,0
2016-12-12,23.5,23.5,23.2601,23.49,30092,0
2016-12-13,23.33,23.8399,23.31,23.61,41044,0
2016-12-14,23.51,23.85,23.51,23.6798,43511,0
2016-12-15,23.76,23.85,23.66,23.66,48689,0
2016-12-16,23.9,23.94,23.68,23.68,43327,0
2016-12-19,23.76,23.879,23.56,23.66,46270,0
2016-12-20,23.85,23.97,23.651,23.88,43231,0
2016-12-21,23.99,24.189,23.7,23.89,50868,0
2016-12-22,23.78,24.0199,23.78,23.864,25189,0
2016-12-23,23.89,24.0199,23.84,23.85,28661,0
2016-12-27,23.81,23.85,23.44,23.46,44933,0
2016-12-28,23.48,23.49,23.12,23.28,67667,0
2016-12-29,23.38,23.529,23.202,23.33,35323,0
2016-12-30,23.3,23.4052,23.0915,23.28,51083,0
2017-01-03,23.27,23.451,23.25,23.36,32000,0
2017-01-04,23.43,23.87,23.43,23.74,76289,0
2017-01-05,23.86,23.99,23.36,23.95,53676,0
2017-01-06,23.98,24.226,23.872,24.15,36257,0
2017-01-09,24.15,24.28,24.08,24.15,29035,0
2017-01-10,24.19,24.3101,24.11,24.3,55691,0
2017-01-11,24.3,24.67,24.2488,24.64,56693,0
2017-01-12,24.45,24.7399,24.3834,24.7399,37907,0
2017-01-13,24.53,24.6,24.22,24.48,24920,0
2017-01-17,24.33,24.57,24.28,24.42,57551,0
2017-01-18,24.52,24.5521,24.0375,24.1,39566,0
2017-01-19,24.05,24.05,23.62,23.65,64361,0
2017-01-20,23.65,23.88,23.27,23.27,122189,0
2017-01-23,23.55,23.85,23.53,23.84,48097,0
2017-01-24,23.88,23.94,23.63,23.68,51027,0
2017-01-25,23.68,23.79,23.41,23.51,46277,0
2017-01-26,23.52,23.75,23.41,23.73,74909,0
2017-01-27,23.65,23.7,23.4901,23.62,106018,0
2017-01-30,23.6,23.79,23.55,23.68,61643,0
2017-01-31,23.77,24.07,23.66,24.07,42951,0
2017-02-01,23.86,24.0399,23.62,23.63,73996,0
2017-02-02,23.71,23.72,23.47,23.57,86450,0
2017-02-03,23.62,23.8,23.61,23.6897,60546,0
2017-02-06,23.85,23.86,23.7,23.82,74381,0
2017-02-07,23.88,24.07,23.77,24.01,39847,0
2017-02-08,24.01,24.579,24.01,24.52,51023,0
2017-02-09,24.4801,24.6831,24.25,24.25,44194,0
2017-02-10,24.38,24.61,24.3048,24.57,48110,0
2017-02-13,24.52,24.69,24.35,24.57,45260,0
2017-02-14,24.54,24.74,24.45,24.73,48290,0
2017-02-15,24.6,24.85,24.6,24.82,57516,0
2017-02-16,24.75,24.92,24.72,24.92,42089,0
2017-02-17,24.92,24.99,24.87,24.96,26161,0
2017-02-21,24.88,24.9589,24.67,24.67,28561,0
2017-02-22,24.83,24.83,24.66,24.8,45849,0
2017-02-23,24.79,24.93,24.74,24.928,33735,0
2017-02-24,24.93,24.96,24.8501,24.96,27254,0
2017-02-27,24.99,25,24.84,24.9205,40094,0
2017-02-28,24.86,25.09,24.8384,25,44157,0
2017-03-01,24.87,24.893,24.73,24.82,58957,0
2017-03-02,24.81,24.925,24.62,24.62,47076,0
2017-03-03,24.6,24.8,24.5784,24.6,20392,0
2017-03-06,24.63,24.63,24.22,24.22,46956,0
2017-03-07,24.26,24.48,24.26,24.37,46811,0
2017-03-08,24.03,24.28,24.03,24.2115,63937,0
2017-03-09,24.23,24.36,24.11,24.36,52049,0
2017-03-10,24.18,24.498,24.18,24.44,49773,0
2017-03-13,24.47,24.47,24.22,24.45,27817,0
2017-03-14,24.56,24.64,24.22,24.64,31090,0
2017-03-15,24.63,24.84,24.42,24.84,29543,0
2017-03-16,24.92,24.93,24.76,24.93,38336,0
2017-03-17,24.8,24.93,24.66,24.69,37074,0
2017-03-20,24.69,24.8699,24.69,24.814,32074,0
2017-03-21,24.74,24.88,24.721,24.88,40241,0
2017-03-22,24.73,25.06,24.73,25,39959,0
2017-03-23,24.98,25.1399,24.95,25.1,49959,0
2017-03-24,25.02,25.08,24.95,25.05,36414,0
2017-03-27,24.93,25.08,24.85,24.89,25029,0
2017-03-28,24.9207,24.959,24.82,24.93,17905,0
2017-03-29,24.84,25.09,24.8301,24.95,25126,0
2017-03-30,24.88,25.133,24.88,25.01,21832,0
2017-03-31,24.93,24.9423,24.8,24.85,16906,0
2017-04-03,24.89,24.99,24.8813,24.93,31286,0
2017-04-04,24.88,25.09,24.88,24.9665,30518,0
2017-04-05,25.07,25.079,24.895,24.895,35743,0
2017-04-06,24.9,24.9599,24.84,24.89,37968,0
2017-04-07,24.86,24.95,24.77,24.842,29935,0
2017-04-10,24.9149,25.0099,24.77,24.95,20925,0
2017-04-11,24.9,25.0799,24.9,24.95,39663,0
2017-04-12,25.05,25.05,24.8601,25,47450,0
2017-04-13,25.03,25.07,24.82,25.07,24781,0
2017-04-17,24.98,25,24.92,24.96,30677,0
2017-04-18,25,25.05,24.92,25.05,23088,0
2017-04-19,25.09,25.09,24.93,25.02,24204,0
2017-04-20,25,25.02,24.95,24.99,32669,0
2017-04-21,24.93,25.09,24.93,25.09,49932,0
2017-04-24,25.1,25.1,24.91,24.93,51537,0
2017-04-25,24.9594,25.0694,24.95,25.02,26478,0
2017-04-26,24.96,25.05,24.94,24.941,35280,0
2017-04-27,24.9988,25.1,24.91,25.09,27284,0
2017-04-28,25.1,25.15,24.95,24.95,61559,0
2017-05-01,24.96,25.07,24.96,25.07,36125,0
2017-05-02,25.01,25.14,25.01,25.14,23985,0
2017-05-03,25.06,25.19,25.02,25.19,38609,0
2017-05-04,25.1,25.2,25.081,25.11,25136,0
2017-05-05,25.11,25.2,25.01,25.2,32419,0
2017-05-08,25.18,25.2,25.09,25.2,37226,0
2017-05-09,25.1623,25.31,25.15,25.23,39870,0
2017-05-10,25.18,25.29,25.16,25.17,34354,0
2017-05-11,25.16,25.27,25.11,25.23,21404,0
2017-05-12,25.17,25.23,25.131,25.18,26365,0
2017-05-15,25.15,25.23,25.15,25.19,19076,0
2017-05-16,25.16,25.38,25.15,25.33,39037,0
2017-05-17,25.23,25.35,25.2,25.22,19506,0
2017-05-18,25.35,25.45,25.25,25.41,27025,0
2017-05-19,25.39,25.46,25.33,25.38,19936,0
2017-05-22,25.36,25.49,25.315,25.36,23952,0
2017-05-23,25.33,25.4,25.328,25.4,12879,0
2017-05-24,25.32,25.44,25.2,25.44,20295,0
2017-05-25,25.35,25.45,25.21,25.33,29313,0
2017-05-26,25.09,25.29,25.09,25.29,14020,0
2017-05-30,25.26,25.49,25.26,25.47,16553,0
2017-05-31,25.38,25.64,25.21,25.25,49190,0
2017-06-01,25.2756,25.3066,25.1315,25.18,15594,0
2017-06-02,25.21,25.31,25.15,25.31,18345,0
2017-06-05,25.1928,25.27,25.14,25.15,16333,0
2017-06-06,25.19,25.24,25.081,25.11,48181,0
2017-06-07,25.15,25.18,25,25.0725,29151,0
2017-06-08,25.06,25.14,25.05,25.14,12077,0
2017-06-09,25.11,25.15,25.06,25.07,18193,0
2017-06-12,25.18,25.18,25.051,25.08,16260,0
2017-06-13,25.08,25.19,25.08,25.1699,15014,0
2017-06-14,25.11,25.34,25.11,25.22,18668,0
2017-06-15,25.27,25.33,25.2388,25.33,16563,0
2017-06-16,25.34,25.34,25.15,25.17,10727,0
2017-06-19,25.17,25.37,25.17,25.32,13790,0
2017-06-20,25.33,25.59,25.33,25.42,27414,0
2017-06-21,25.28,25.62,25.28,25.62,18054,0
2017-06-22,25.67,25.67,25.52,25.52,22420,0
2017-06-23,25.65,25.65,25.37,25.37,13053,0
2017-06-26,25.38,25.559,25.38,25.47,13611,0
2017-06-27,25.53,25.54,25.3829,25.4402,25749,0
2017-06-28,25.42,25.5,25.2969,25.35,20966,0
2017-06-29,25.43,25.43,25.3,25.31,10442,0
2017-06-30,25.3207,25.389,25.23,25.23,12865,0
2017-07-03,25.23,25.38,25.16,25.3,6906,0
2017-07-05,25.23,25.44,25.22,25.43,24840,0
2017-07-06,25.34,25.5,25.321,25.49,11291,0
2017-07-07,25.39,25.58,25.33,25.49,31241,0
2017-07-10,25.49,25.49,25.19,25.3,24010,0
2017-07-11,25.32,25.34,25.08,25.12,27910,0
2017-07-12,25.13,25.31,25.12,25.3099,39829,0
2017-07-13,25.23,25.3,25.18,25.21,23355,0
2017-07-14,25.19,25.31,25.15,25.23,20914,0
2017-07-17,25.2,25.24,25.12,25.16,21958,0
2017-07-18,25.19,25.2173,25.14,25.16,20708,0
2017-07-19,25.19,25.24,25.13,25.14,44465,0
2017-07-20,25.16,25.21,25.14,25.18,23177,0
2017-07-21,25.192,25.57,25.18,25.57,46707,0
2017-07-24,25.4,25.4,25.21,25.26,34803,0
2017-07-25,25.36,25.38,25.2,25.36,17322,0
2017-07-26,25.27,25.359,25.14,25.16,30004,0
2017-07-27,25.16,25.16,25.091,25.1,23049,0
2017-07-28,25.1,25.17,25.08,25.17,12962,0
2017-07-31,25.16,25.222,25.07,25.08,13987,0
2017-08-01,25.11,25.299,25.11,25.21,17094,0
2017-08-02,25.18,25.22,25.12,25.169,17815,0
2017-08-03,25.15,25.37,25.13,25.31,23524,0
2017-08-04,25.38,25.3994,25.25,25.334,20102,0
2017-08-07,25.38,25.38,25.1801,25.32,18108,0
2017-08-08,25.3,25.35,25.28,25.34,13600,0
2017-08-09,25.23,25.34,25.21,25.33,19058,0
2017-08-10,25.2,25.2,25.06,25.09,27681,0
2017-08-11,25.12,25.169,25,25.04,32069,0
2017-08-14,25.16,25.2399,25.07,25.11,33793,0
2017-08-15,25.0841,25.18,25.05,25.176,25115,0
2017-08-16,25.16,25.244,25.15,25.22,19438,0
2017-08-17,25.18,25.24,25.1,25.15,8732,0
2017-08-18,25.17,25.6,25.14,25.48,34764,0
2017-08-21,25.41,25.54,25.37,25.4,10040,0
2017-08-22,25.46,25.46,25.22,25.251,19959,0
2017-08-23,25.2601,25.489,25.2601,25.34,21320,0
2017-08-24,25.29,25.359,25.28,25.3,20436,0
2017-08-25,25.33,25.3556,25.1724,25.29,19244,0
2017-08-28,25.25,25.33,25.19,25.23,18722,0
2017-08-29,25,25.25,25,25.15,13064,0
2017-08-30,25.19,25.28,25.15,25.27,13251,0
2017-08-31,25.21,25.35,25.1501,25.34,22041,0
2017-09-01,25.23,25.34,25.23,25.25,7607,0
2017-09-05,25.25,25.45,25.25,25.3,15212,0
2017-09-06,25.29,25.36,25.23,25.29,11635,0
2017-09-07,25.26,25.31,25.1801,25.245,9748,0
2017-09-08,25.236,25.24,25.03,25.03,26548,0
2017-09-11,25.11,25.17,25.06,25.08,15336,0
2017-09-12,25.09,25.1,25.05,25.08,13284,0
2017-09-13,25.08,25.13,25.03,25.08,15075,0
2017-09-14,25.05,25.1499,25.05,25.1,15620,0
2017-09-15,25.15,25.15,25.11,25.13,12770,0
2017-09-18,25.19,25.24,25.111,25.18,20754,0
2017-09-19,25.18,25.24,25.16,25.2314,14894,0
2017-09-20,25.31,25.35,25.2,25.2989,11632,0
2017-09-21,25.24,25.45,25.24,25.39,16412,0
2017-09-22,25.27,25.38,25.19,25.22,26844,0
2017-09-25,25.22,25.25,25.15,25.15,14650,0
2017-09-26,25.15,25.17,25.08,25.09,20186,0
2017-09-27,25.14,25.16,24.97,25.0431,38221,0
2017-09-28,25.02,25.05,24.96,24.97,36256,0
2017-09-29,24.96,25.09,24.96,25.05,28813,0
2017-10-02,25.08,25.14,24.96,24.98,24210,0
2017-10-03,25.01,25.05,24.95,24.95,31440,0
2017-10-04,24.95,25.061,24.95,24.98,20379,0
2017-10-05,25.04,25.08,24.93,24.93,15841,0
2017-10-06,24.94,25.0099,24.8,24.96,43906,0
2017-10-09,24.93,25,24.83,24.88,22449,0
2017-10-10,24.98,25.17,24.955,25.13,21223,0
2017-10-11,25.16,25.23,25.1141,25.23,12199,0
2017-10-12,25.11,25.28,25.11,25.28,15317,0
2017-10-13,25.23,25.33,25.2,25.21,13936,0
2017-10-16,25.221,25.28,25.2,25.2,7661,0
2017-10-17,25.2,25.25,25.2,25.2,26253,0
2017-10-18,25.2,25.29,25.2,25.28,35460,0
2017-10-19,25.25,25.3,25.22,25.28,16712,0
2017-10-20,25.2824,25.46,25.2632,25.46,34391,0
2017-10-23,25.37,25.43,25.31,25.4125,14906,0
2017-10-24,25.4,25.4,25.33,25.34,17341,0
2017-10-25,25.3264,25.34,25.25,25.25,29401,0
2017-10-26,25.3101,25.4728,25.25,25.41,41181,0
2017-10-27,25.37,25.4331,25.26,25.2909,35955,0
2017-10-30,25.35,25.35,24.81,24.89,105884,0
2017-10-31,24.91,25.32,24.91,25.16,34374,0
2017-11-01,25.15,25.2394,25.1346,25.21,14420,0
2017-11-02,25.28,25.28,25.0998,25.2283,16374,0
2017-11-03,25.19,25.2584,25.17,25.1799,16569,0
2017-11-06,25.25,25.25,24.9501,25,26446,0
2017-11-07,24.95,25.19,24.95,24.95,38346,0
2017-11-08,24.9501,25.0799,24.9256,25.0469,16047,0
2017-11-09,25.0447,25.14,24.95,25.03,20818,0
2017-11-10,25.02,25.1201,24.96,24.972,19585,0
