2016-01-04,23.89,24.08,23.76,24.08,9919,0
2016-01-05,24.04,24.06,23.9,23.9,16111,0
2016-01-06,23.9,24.2332,23.8006,23.98,13835,0
2016-01-07,23.98,24.19,23.81,23.98,9527,0
2016-01-08,24.0773,24.0773,23.9,23.9,5347,0
2016-01-11,23.86,24.25,23.86,24.04,12583,0
2016-01-12,24.17,24.17,23.59,23.62,11864,0
2016-01-13,23.7381,23.7386,23.02,23.1,9291,0
2016-01-14,23.23,23.35,22.9001,23.34,8934,0
2016-01-15,23.34,23.34,23.04,23.19,9932,0
2016-01-19,22.8576,22.8576,22.8576,22.8576,0,0
2016-01-20,22.55,22.67,21.75,22.57,36760,0
2016-01-21,22.52,22.88,22.2,22.85,9305,0
2016-01-22,22.87,23.8,22.87,23.08,10379,0
2016-01-25,23,23.489,22.9,23.12,24187,0
2016-01-26,23.1,23.5,23.1,23.44,21733,0
2016-01-27,23.45,23.5,23.38,23.42,38244,0
2016-01-28,23.5,24.04,23.499,24.04,41603,0
2016-01-29,23.73,24,23.57,23.8795,14116,0
2016-02-01,24.04,24.04,23.8871,23.9,23875,0
2016-02-02,23.9,24.05,23.66,24.05,9449,0
2016-02-03,24,24,23.655,23.8108,15594,0
2016-02-04,23.89,23.919,23.8,23.81,14385,0
2016-02-05,23.8,23.8734,23.75,23.76,8331,0
2016-02-08,23.76,23.76,23.01,23.01,45298,0
2016-02-09,23,23.4496,23,23.3924,17369,0
2016-02-10,23.7,23.7,23.0101,23.45,6964,0
2016-02-11,23.37,23.5,23.03,23.476,27424,0
2016-02-12,23.47,23.8299,23.47,23.6381,14796,0
2016-02-16,23.82,23.82,23.4907,23.76,20389,0
2016-02-17,23.82,23.89,23.71,23.71,22631,0
2016-02-18,23.75,23.87,23.7,23.72,15873,0
2016-02-19,23.763,23.88,23.6,23.8,28958,0
2016-02-22,23.88,23.9,23.618,23.8,34843,0
2016-02-23,23.702,23.77,23.54,23.615,31636,0
2016-02-24,23.636,23.636,23.3722,23.5899,14544,0
2016-02-25,23.15,23.33,23.05,23.3,18592,0
2016-02-26,23.3,23.5,23.3,23.4,16117,0
2016-02-29,23.39,23.5,23.3056,23.31,11009,0
2016-03-01,23.22,23.47,22.97,22.97,8685,0
2016-03-02,23.14,23.4,23.14,23.23,7577,0
2016-03-03,23.07,23.5,23.07,23.5,14254,0
2016-03-04,23.272,23.56,23.2,23.4901,4135,0
2016-03-07,23.46,23.5,23.28,23.41,12507,0
2016-03-08,23.54,23.65,23.26,23.3655,35641,0
2016-03-09,23.35,23.4499,23.25,23.33,10720,0
2016-03-10,23.38,23.67,23.27,23.57,9207,0
2016-03-11,23.63,23.7,23.35,23.6622,12141,0
2016-03-14,23.68,23.7364,23.41,23.6863,10099,0
2016-03-15,23.6517,23.716,23.51,23.7,10302,0
2016-03-16,23.6292,23.9,23.6292,23.9,11713,0
2016-03-17,23.96,24.23,23.8,24.23,6916,0
2016-03-18,24.122,24.4015,23.98,24.3135,14931,0
2016-03-21,24.111,24.4,24.111,24.4,14186,0
2016-03-22,24.4,24.65,24.2863,24.65,53927,0
2016-03-23,24.6,24.73,24.4289,24.61,13075,0
2016-03-24,24.5,24.654,24.3501,24.448,5835,0
2016-03-28,24.43,24.7,24.43,24.69,14561,0
2016-03-29,24.5001,24.75,24.5,24.68,10174,0
2016-03-30,24.6104,24.82,24.6104,24.82,12923,0
2016-03-31,24.85,24.89,24.5601,24.7,13746,0
2016-04-01,24.62,24.79,24.43,24.43,8927,0
2016-04-04,24.58,24.73,24.43,24.69,11239,0
2016-04-05,24.64,24.64,24.43,24.4999,10550,0
2016-04-06,24.655,24.76,24.5,24.74,16508,0
2016-04-07,24.6141,24.62,24.43,24.55,4721,0
2016-04-08,24.5799,24.79,24.5099,24.75,8725,0
2016-04-11,24.75,24.89,24.75,24.89,4560,0
2016-04-12,24.8899,24.97,24.751,24.8116,15647,0
2016-04-13,24.87,24.95,24.85,24.8999,9328,0
2016-04-14,24.81,24.87,24.74,24.86,15665,0
2016-04-15,24.86,24.9,24.41,24.41,61728,0
2016-04-18,24.59,24.6399,24.35,24.52,15802,0
2016-04-19,24.43,24.65,24.43,24.46,30029,0
2016-04-20,24.4473,24.6999,24.4473,24.5,11663,0
2016-04-21,24.43,24.669,24.41,24.54,13887,0
2016-04-22,24.59,24.72,24.5705,24.65,7706,0
2016-04-25,24.616,24.8,24.5701,24.7,8958,0
2016-04-26,24.65,24.8,24.6385,24.655,13940,0
2016-04-27,24.71,24.878,24.71,24.8,15282,0
2016-04-28,24.7158,24.85,24.7158,24.8,15871,0
2016-04-29,24.766,24.9,24.62,24.84,31461,0
2016-05-02,24.88,24.9,24.795,24.9,17683,0
2016-05-03,24.85,24.85,24.8074,24.85,12007,0
2016-05-04,24.7554,24.94,24.75,24.81,20266,0
2016-05-05,24.8,24.97,24.79,24.93,14895,0
2016-05-06,24.92,25.1599,24.92,25.13,28871,0
2016-05-09,24.93,25.15,24.93,25.12,10165,0
2016-05-10,25.097,25.19,25.0024,25.11,10669,0
2016-05-11,25.17,25.19,25.04,25.05,15394,0
2016-05-12,25.1147,25.18,25.0152,25.18,7561,0
2016-05-13,25.1001,25.179,25.1,25.12,5655,0
2016-05-16,25.1699,25.2,25.02,25.02,34725,0
2016-05-17,25,25.18,24.9201,25.041,49673,0
2016-05-18,25.03,25.05,24.96,25.05,18342,0
2016-05-19,24.98,25.03,24.8001,25.03,17372,0
2016-05-20,24.98,25.05,24.95,25.04,16565,0
2016-05-23,24.97,25.05,24.97,25.05,11947,0
2016-05-24,25.05,25.05,25,25.05,15069,0
2016-05-25,24.99,25.05,24.97,25.05,10343,0
2016-05-26,25.05,25.16,25.0496,25.15,14854,0
2016-05-27,25.15,25.18,25.0744,25.18,17591,0
2016-05-31,25.18,25.4,25.17,25.38,54812,0
2016-06-01,24.79,24.9199,24.79,24.89,18712,0
2016-06-02,24.92,25.0201,24.92,24.98,19301,0
2016-06-03,25.05,25.15,24.9201,25.08,35117,0
2016-06-06,25.07,25.208,24.98,24.98,23661,0
2016-06-07,25.02,25.02,24.84,24.84,20097,0
2016-06-08,24.9193,24.93,24.85,24.9256,6473,0
2016-06-09,25,25.09,24.9525,25.08,17584,0
2016-06-10,24.99,25.0499,24.8101,25,17253,0
2016-06-13,25,25.12,25,25.06,9591,0
2016-06-14,25.06,25.125,24.98,25.125,11582,0
2016-06-15,25.15,25.19,25.0301,25.06,8842,0
2016-06-16,25.04,25.18,25.03,25.04,11563,0
2016-06-17,25.0958,25.18,25.05,25.05,4329,0
2016-06-20,25.17,25.17,25.03,25.08,14714,0
2016-06-21,25.09,25.2799,25.09,25.2599,3077,0
2016-06-22,25.12,25.27,25.12,25.27,10083,0
2016-06-23,25.25,25.35,25.24,25.34,20775,0
2016-06-24,25.08,25.32,25,25,13421,0
2016-06-27,25.15,25.29,25.03,25.1275,6996,0
2016-06-28,25.03,25.3699,25,25.3699,12584,0
2016-06-29,25.31,25.377,25.1101,25.13,27480,0
2016-06-30,25.29,25.4199,24.9,24.97,42096,0
2016-07-01,25,25.2999,24.96,25,16402,0
2016-07-05,25.06,25.15,25.03,25.09,5861,0
2016-07-06,25.0382,25.3399,24.8,25.1687,25750,0
2016-07-07,25.27,25.27,25.03,25.25,7259,0
2016-07-08,25.24,25.49,25.05,25.08,27050,0
2016-07-11,25.14,25.28,25.08,25.0977,14905,0
2016-07-12,25.22,25.44,25.0701,25.4,26287,0
2016-07-13,25.4,25.42,25.13,25.3,16467,0
2016-07-14,25.38,25.38,25.03,25.1799,21471,0
2016-07-15,25.2,25.25,25.11,25.11,37491,0
2016-07-18,25.18,25.24,25.1,25.21,23076,0
2016-07-19,25.1729,25.4,25.12,25.38,19259,0
2016-07-20,25.38,25.3899,25.18,25.29,13860,0
2016-07-21,25.28,25.3586,25.16,25.2,19291,0
2016-07-22,25.3199,25.36,25.23,25.34,13865,0
2016-07-25,25.34,25.4299,25.24,25.31,19968,0
2016-07-26,25.36,25.38,25.23,25.38,18549,0
2016-07-27,25.3,25.45,25.27,25.36,23632,0
2016-07-28,25.44,25.45,25.27,25.45,21439,0
2016-07-29,25.51,25.71,25.5,25.71,10737,0
2016-08-01,25.75,25.92,25.5601,25.92,16525,0
2016-08-02,25.79,25.79,25.6101,25.64,10496,0
2016-08-03,25.7499,25.79,25.64,25.7,19193,0
2016-08-04,25.87,25.87,25.65,25.7,16139,0
2016-08-05,25.7292,25.79,25.66,25.66,11166,0
2016-08-08,25.78,25.789,25.51,25.63,61814,0
2016-08-09,25.65,25.7,25.471,25.6,43322,0
2016-08-10,25.6,25.86,25.6,25.86,17626,0
2016-08-11,25.76,25.83,25.6573,25.83,7970,0
2016-08-12,25.76,25.8,25.75,25.8,14879,0
2016-08-15,25.71,25.92,25.64,25.92,30533,0
2016-08-16,25.9,25.97,25.75,25.97,9694,0
2016-08-17,25.91,26.04,25.8,26.04,11652,0
2016-08-18,26.04,26.04,25.95,26.01,7639,0
2016-08-19,25.88,26.02,25.88,25.98,4949,0
2016-08-22,25.93,26,25.76,25.76,7794,0
2016-08-23,25.76,25.8399,25.75,25.82,11879,0
2016-08-24,25.83,25.905,25.8,25.905,22235,0
2016-08-25,25.93,25.98,25.8501,25.979,11632,0
2016-08-26,25.97,25.99,25.9201,25.9201,6746,0
2016-08-29,25.9392,25.99,25.8501,25.894,8076,0
2016-08-30,25.95,26.09,25.95,26,17449,0
2016-08-31,25.46,25.87,25.46,25.81,53143,0
2016-09-01,25.77,25.8346,25.39,25.5334,33221,0
2016-09-02,25.54,25.54,25.42,25.528,4582,0
2016-09-06,25.44,25.5,25.3,25.4,22864,0
2016-09-07,25.32,25.4,25.31,25.3317,7186,0
2016-09-08,25.4,25.48,25.31,25.31,15885,0
2016-09-09,25.35,25.4509,24.89,24.95,38072,0
2016-09-12,24.9999,25.29,24.9705,25.01,12495,0
2016-09-13,25.04,25.23,25,25,13215,0
2016-09-14,25.1586,25.29,25.02,25.29,5328,0
2016-09-15,25.1742,25.18,25.05,25.1799,11038,0
2016-09-16,25.15,25.2,25.1431,25.2,9507,0
2016-09-19,25.2,25.333,25.2,25.29,7369,0
2016-09-20,25.39,25.4,25.15,25.2,11585,0
2016-09-21,25.33,25.33,25.1712,25.29,10018,0
2016-09-22,25.31,25.64,25.31,25.49,16517,0
2016-09-23,25.38,25.67,25.36,25.3601,16793,0
2016-09-26,25.35,25.59,25.22,25.55,6646,0
2016-09-27,25.51,25.66,25.42,25.66,8646,0
2016-09-28,25.51,25.64,25.3,25.3,13804,0
2016-09-29,25.3,25.443,25.02,25.19,15203,0
2016-09-30,25.34,25.71,25.17,25.7,40773,0
2016-10-03,25.602,25.69,25.43,25.55,4813,0
2016-10-04,25.5,25.65,25.4268,25.4975,9569,0
2016-10-05,25.56,25.56,25.21,25.22,13825,0
2016-10-06,25.25,25.25,25.1,25.22,10255,0
2016-10-07,25.33,25.3999,25.265,25.265,2862,0
2016-10-10,25.21,25.21,25.1,25.1,8139,0
2016-10-11,25.15,25.34,25.1001,25.12,7070,0
2016-10-12,25.12,25.3999,25.1,25.1822,4094,0
2016-10-13,25.1001,25.3699,25.1001,25.15,10981,0
2016-10-14,25.19,25.28,25.1,25.11,6909,0
2016-10-17,25.15,25.2299,25.12,25.13,11955,0
2016-10-18,25.19,25.4,25.15,25.4,18824,0
2016-10-19,25.3436,25.3828,25.16,25.2,19663,0
2016-10-20,25.2,25.33,25.16,25.279,13821,0
2016-10-21,25.2418,25.42,25.17,25.42,32889,0
2016-10-24,25.4,25.4675,25.26,25.45,7632,0
2016-10-25,25.48,25.56,25.31,25.55,4427,0
2016-10-26,25.52,25.5599,25.3001,25.4,8116,0
2016-10-27,25.45,25.45,25.165,25.36,1687,0
2016-10-28,25.3588,25.3899,25.08,25.38,20209,0
2016-10-31,25.39,25.41,25.25,25.2897,10636,0
2016-11-01,25.3,25.4,25.2628,25.4,5836,0
2016-11-02,25.405,25.405,25.1,25.3499,8632,0
2016-11-03,25.27,25.29,25,25,21800,0
2016-11-04,25,25.2,25,25.2,6229,0
2016-11-07,25.15,25.15,25,25,32083,0
2016-11-08,24.965,25.0964,24.93,25.0964,10710,0
2016-11-09,24.9,25.04,24.898,24.99,28280,0
2016-11-10,25,25,24.76,24.88,16035,0
2016-11-11,24.85,24.85,24.65,24.79,28869,0
2016-11-14,24.79,24.79,24.38,24.42,22485,0
2016-11-15,24.43,24.53,24.42,24.5,21472,0
2016-11-16,24.49,24.89,24.4578,24.4578,36695,0
2016-11-17,24.4359,24.55,24.4,24.49,19654,0
2016-11-18,24.71,24.71,24.36,24.36,21633,0
2016-11-21,24.4868,24.5,24.45,24.469,18991,0
2016-11-22,24.51,24.51,24.4632,24.47,14648,0
2016-11-23,24.539,24.7943,24.39,24.39,16046,0
2016-11-25,24.4,24.5,24.4,24.42,11762,0
2016-11-28,24.81,24.81,24.55,24.6,86468,0
2016-11-29,24.65,24.86,24.594,24.7,59314,0
2016-11-30,24.65,24.84,24.63,24.63,38673,0
2016-12-01,24.63,24.8,24.62,24.63,88858,0
2016-12-02,24.17,24.55,24.15,24.2,102529,0
2016-12-05,24.25,24.25,24.05,24.05,18909,0
2016-12-06,24.06,24.0683,23.92,24.04,18784,0
2016-12-07,24.06,24.15,23.984,24,30860,0
2016-12-08,24.12,24.3929,23.9,24.01,35201,0
2016-12-09,24.05,24.34,23.99,23.99,11194,0
2016-12-12,23.91,23.94,23.8,23.81,21571,0
2016-12-13,23.95,23.95,23.65,23.755,12773,0
2016-12-14,23.94,23.94,23.5,23.51,32877,0
2016-12-15,23.5,24.38,23.36,24.03,18076,0
2016-12-16,24.12,24.12,23.8317,23.99,24583,0
2016-12-19,23.96,24.2799,23.96,24.23,12475,0
2016-12-20,24.34,24.349,24.05,24.1663,20270,0
2016-12-21,24.2053,24.47,24.2053,24.35,36258,0
2016-12-22,24.1572,24.32,24.1,24.18,23032,0
2016-12-23,24.14,24.45,24.0516,24.23,29828,0
2016-12-27,24.39,24.39,23.965,24,13489,0
2016-12-28,23.95,24.04,23.9,23.9,14796,0
2016-12-29,23.95,23.95,23.8742,23.9,9728,0
2016-12-30,24.2,24.31,23.95,24.2347,15575,0
2017-01-03,24.1352,24.2526,24.0703,24.11,15742,0
2017-01-04,24.14,24.34,24.019,24.1274,23233,0
2017-01-05,24.153,24.21,24.0391,24.1599,10303,0
2017-01-06,24.0001,24.15,24.0001,24.13,15231,0
2017-01-09,24.2,24.2,24.05,24.05,20370,0
2017-01-10,24.113,24.1708,24.05,24.1265,37577,0
2017-01-11,24.15,24.19,24.08,24.17,34175,0
2017-01-12,24.18,24.21,24.125,24.19,36377,0
2017-01-13,24.2,24.41,24.15,24.25,24448,0
2017-01-17,24.25,24.42,24.08,24.15,28490,0
2017-01-18,24.15,24.18,24.08,24.13,28985,0
2017-01-19,24.13,24.13,23.8,24.0707,35259,0
2017-01-20,23.99,24.05,23.56,23.56,97862,0
2017-01-23,23.76,24.05,23.76,24.02,52634,0
2017-01-24,24.0999,24.1,23.8954,23.9036,15408,0
2017-01-25,23.92,24.1,23.9,24.05,5696,0
2017-01-26,23.9986,24.24,23.9637,24.03,8412,0
2017-01-27,24.04,24.21,24.04,24.05,20354,0
2017-01-30,24.12,24.2159,24.02,24.1129,15015,0
2017-01-31,24.07,24.14,24.05,24.06,24097,0
2017-02-01,24.1724,24.21,24.05,24.19,17773,0
2017-02-02,24.2,24.26,24.145,24.2357,26253,0
2017-02-03,24.3358,24.43,24.3163,24.42,12231,0
2017-02-06,24.43,24.72,24.3985,24.65,18487,0
2017-02-07,24.615,24.86,24.5167,24.75,20076,0
2017-02-08,24.7431,24.86,24.65,24.86,19025,0
2017-02-09,24.9,24.98,24.8058,24.98,12503,0
2017-02-10,24.98,25.19,24.901,25.0475,27805,0
2017-02-13,25.0728,25.129,24.91,24.97,12365,0
2017-02-14,25.02,25.02,24.8576,24.9202,26264,0
2017-02-15,24.88,25,24.88,25,22797,0
2017-02-16,24.95,25.09,24.93,25.09,20985,0
2017-02-17,24.9946,25.16,24.93,24.93,15211,0
2017-02-21,24.93,25.25,24.93,25.15,16704,0
2017-02-22,25.25,25.25,25.1671,25.17,14472,0
2017-02-23,25.171,25.3,25.171,25.3,23298,0
2017-02-24,25.19,25.36,25.19,25.3015,12927,0
2017-02-27,25.2508,25.5,25.2508,25.5,24820,0
2017-02-28,25.4,25.45,25.3522,25.4497,15401,0
2017-03-01,25.37,25.44,25.32,25.35,29405,0
2017-03-02,24.98,25,24.8,24.91,24123,0
2017-03-03,24.88,24.99,24.88,24.92,13305,0
2017-03-06,24.92,24.99,24.848,24.9035,10680,0
2017-03-07,24.96,24.9793,24.89,24.92,9289,0
2017-03-08,24.87,24.9,24.7347,24.75,17699,0
2017-03-09,24.7495,24.7495,24.53,24.53,19386,0
2017-03-10,24.47,24.74,24.47,24.69,7690,0
2017-03-13,24.6655,24.74,24.4301,24.6,6078,0
2017-03-14,24.666,24.7399,24.666,24.72,7640,0
2017-03-15,24.7,24.89,24.7,24.83,17285,0
2017-03-16,24.89,24.9799,24.87,24.94,9747,0
2017-03-17,24.99,24.99,24.9,24.96,12344,0
2017-03-20,24.96,25.1,24.91,25.05,10066,0
2017-03-21,24.9947,25.06,24.94,24.96,13355,0
2017-03-22,24.901,25.15,24.901,25.1216,21249,0
2017-03-23,25.1288,25.24,25.1,25.17,14694,0
2017-03-24,25.13,25.28,25.13,25.25,16954,0
2017-03-27,25.2,25.2299,25.1,25.1,16123,0
2017-03-28,25.12,25.35,25.1,25.1001,20665,0
2017-03-29,25.1979,25.25,25.1477,25.21,8506,0
2017-03-30,25.2144,25.2999,25.05,25.1,12913,0
2017-03-31,25.2,25.2238,25.06,25.1,10613,0
2017-04-03,25.11,25.2904,25.11,25.18,4796,0
2017-04-04,25.181,25.1999,25.05,25.17,17965,0
2017-04-05,25.08,25.15,24.93,25,12661,0
2017-04-06,24.9957,25.1066,24.9957,25,9042,0
2017-04-07,25.08,25.08,24.91,25.0799,8468,0
2017-04-10,25.1594,25.2097,25.02,25.2,4228,0
2017-04-11,25.128,25.1599,25.1,25.1175,5211,0
2017-04-12,25.159,25.19,25.0266,25.16,10017,0
2017-04-13,25.1614,25.3,25.16,25.3,10515,0
2017-04-17,25.2998,25.3,25.2255,25.3,6474,0
2017-04-18,25.35,25.35,25.22,25.34,2950,0
2017-04-19,25.2819,25.34,25.035,25.035,17536,0
2017-04-20,25.1276,25.24,25.09,25.18,5205,0
2017-04-21,25.197,25.2,25.05,25.19,4114,0
2017-04-24,25.1621,25.2899,25.1,25.13,12951,0
2017-04-25,25.1499,25.23,25.14,25.2084,16065,0
2017-04-26,25.15,25.195,25.1,25.195,9074,0
2017-04-27,25.1747,25.3,25.16,25.3,12616,0
2017-04-28,25.3,25.34,25.18,25.34,8600,0
2017-05-01,25.2793,25.44,25.2201,25.3728,15077,0
2017-05-02,25.21,25.3938,25.1501,25.34,5793,0
2017-05-03,25.3729,25.44,25.34,25.44,8615,0
2017-05-04,25.33,25.3923,25.16,25.16,14095,0
2017-05-05,25.2235,25.297,25.16,25.2499,4018,0
2017-05-08,25.36,25.381,25.2,25.3,7893,0
2017-05-09,25.2,25.3397,25.07,25.13,20136,0
2017-05-10,25.19,25.2,25.1448,25.2,10470,0
2017-05-11,25.25,25.29,25.2,25.29,4627,0
2017-05-12,25.2693,25.319,25.2,25.3,11304,0
2017-05-15,25.3182,25.44,25.26,25.33,8966,0
2017-05-16,25.4044,25.439,25.2701,25.39,4224,0
2017-05-17,25.44,25.45,25.4101,25.4175,6418,0
2017-05-18,25.4,25.45,25.39,25.45,9496,0
2017-05-19,25.45,25.5,25.4464,25.4701,7563,0
2017-05-22,25.4637,25.54,25.45,25.54,7259,0
2017-05-23,25.5067,25.59,25.5067,25.52,7700,0
2017-05-24,25.562,25.59,25.55,25.55,5796,0
2017-05-25,25.59,25.59,25.5,25.5199,5807,0
2017-05-26,25.5518,25.59,25.551,25.58,6537,0
2017-05-30,25.587,25.77,25.5779,25.75,22144,0
2017-05-31,25.3,25.4532,25.3,25.4,13011,0
2017-06-01,25.3995,25.4,25.3,25.37,11571,0
2017-06-02,25.4,25.4499,25.33,25.37,12173,0
2017-06-05,25.37,25.4,25.2855,25.39,5620,0
2017-06-06,25.4101,25.45,25.13,25.3327,14684,0
2017-06-07,25.2,25.351,25.16,25.1862,14063,0
2017-06-08,25.25,25.25,25.15,25.24,10646,0
2017-06-09,25.3,25.39,25.2803,25.324,3380,0
2017-06-12,25.36,25.4279,25.2588,25.2879,11034,0
2017-06-13,25.3,25.4,25.2523,25.3739,6492,0
2017-06-14,25.34,25.41,25.317,25.34,5748,0
2017-06-15,25.2501,25.29,25.17,25.17,11814,0
2017-06-16,25.1501,25.2,25.1501,25.16,5558,0
2017-06-19,25.2239,25.37,25.221,25.37,15781,0
2017-06-20,25.3447,25.4023,25.3,25.36,8020,0
2017-06-21,25.47,25.5518,25.22,25.22,19925,0
2017-06-22,25.378,25.39,25.28,25.28,3762,0
2017-06-23,25.3799,25.3799,25.2224,25.24,6856,0
2017-06-26,25.26,25.38,25.26,25.38,5808,0
2017-06-27,25.3,25.4016,25.3,25.4016,5447,0
2017-06-28,25.4108,25.4108,25.3,25.35,10284,0
2017-06-29,25.29,25.36,25.276,25.339,10660,0
2017-06-30,25.39,25.39,25.3139,25.366,6571,0
2017-07-03,25.3308,25.48,25.32,25.4,6267,0
2017-07-05,25.37,25.7,25.3627,25.57,10586,0
2017-07-06,25.42,25.74,25.42,25.7,15837,0
2017-07-07,25.6,25.74,25.43,25.74,10143,0
2017-07-10,25.56,25.77,25.4201,25.65,18238,0
2017-07-11,25.59,25.77,25.4,25.56,8013,0
2017-07-12,25.77,25.77,25.73,25.75,5219,0
2017-07-13,25.55,25.75,25.5494,25.5501,12461,0
2017-07-14,25.6,25.77,25.6,25.67,5658,0
2017-07-17,25.5001,25.77,25.5001,25.56,6893,0
2017-07-18,25.73,25.73,25.51,25.62,9381,0
2017-07-19,25.6005,25.63,25.4023,25.49,16798,0
2017-07-20,25.49,25.57,25.46,25.48,7664,0
2017-07-21,25.47,25.81,25.47,25.79,17239,0
2017-07-24,25.59,25.6,25.47,25.55,3126,0
2017-07-25,25.5256,25.5867,25.44,25.56,5683,0
2017-07-26,25.55,25.8,25.46,25.8,8987,0
2017-07-27,25.72,25.72,25.5,25.6595,2093,0
2017-07-28,25.5105,25.6,25.4744,25.5001,8740,0
2017-07-31,25.52,25.5293,25.35,25.4773,10914,0
2017-08-01,25.48,25.5,25.4,25.5,5892,0
2017-08-02,25.58,25.58,25.3884,25.4818,4343,0
2017-08-03,25.544,25.76,25.4953,25.76,9747,0
2017-08-04,25.7,25.88,25.7,25.82,7287,0
2017-08-07,25.77,25.85,25.7513,25.78,4987,0
2017-08-08,25.8119,25.89,25.69,25.774,11833,0
2017-08-09,25.82,25.82,25.76,25.809,8443,0
2017-08-10,25.8163,25.8163,25.45,25.58,11429,0
2017-08-11,25.6,25.678,25.46,25.5,7466,0
2017-08-14,25.56,25.62,25.543,25.55,1660,0
2017-08-15,25.6289,25.75,25.6142,25.75,2958,0
2017-08-16,25.829,25.829,25.62,25.62,11277,0
2017-08-17,25.6704,25.7372,25.46,25.46,8111,0
2017-08-18,25.69,25.719,25.58,25.69,4749,0
2017-08-21,25.86,25.86,25.6695,25.77,7092,0
2017-08-22,25.7196,25.7224,25.54,25.54,10245,0
2017-08-23,25.53,25.648,25.51,25.6,4846,0
2017-08-24,25.65,25.73,25.64,25.689,7445,0
2017-08-25,25.7316,25.8133,25.61,25.68,4921,0
2017-08-28,25.693,25.84,25.68,25.84,5377,0
2017-08-29,24.85,25.8533,24.85,25.7,13876,0
2017-08-30,25.4,25.4,25.25,25.4,8765,0
2017-08-31,25.53,25.53,25.3,25.3,11597,0
2017-09-01,25.36,25.44,25.36,25.37,9107,0
2017-09-05,25.4175,25.42,25.3632,25.4199,4870,0
2017-09-06,25.4384,25.5,25.35,25.45,8354,0
2017-09-07,25.43,25.4451,25.3422,25.4451,4669,0
2017-09-08,25.4063,25.4352,25.36,25.36,1470,0
2017-09-11,25.3922,25.47,25.37,25.435,6528,0
2017-09-12,25.37,25.37,25.32,25.3506,6189,0
2017-09-13,25.28,25.4231,25.28,25.35,5381,0
2017-09-14,25.3509,25.36,25.2,25.2,14352,0
2017-09-15,25.28,25.345,25.2554,25.29,5140,0
2017-09-18,25.3,25.41,25.298,25.41,16944,0
2017-09-19,25.3873,25.622,25.3873,25.57,13302,0
2017-09-20,25.66,25.69,25.56,25.6012,11588,0
2017-09-21,25.53,25.645,25.53,25.6001,6873,0
2017-09-22,25.5999,25.5999,25.34,25.3801,4893,0
2017-09-25,25.346,25.56,25.346,25.36,7515,0
2017-09-26,25.38,25.4609,25.36,25.3816,11859,0
2017-09-27,25.42,25.55,25.36,25.49,10706,0
2017-09-28,25.4,25.4328,25.344,25.3817,4312,0
2017-09-29,25.5,25.5,25.23,25.23,24572,0
2017-10-02,25.33,25.37,25.22,25.29,10525,0
2017-10-03,25.23,25.259,25.22,25.22,10631,0
2017-10-04,25.22,25.25,25.2,25.2,11465,0
2017-10-05,25.27,25.3,25.2211,25.23,13935,0
2017-10-06,25.2,25.24,25.14,25.14,16468,0
2017-10-09,25.17,25.17,25.12,25.12,3018,0
2017-10-10,25.16,25.43,25.12,25.43,13091,0
2017-10-11,25.38,25.42,25.19,25.2,18218,0
2017-10-12,25.23,25.331,25.22,25.25,9134,0
2017-10-13,25.3,25.4,25.3,25.36,3410,0
2017-10-16,25.55,25.55,25.3874,25.4261,4441,0
2017-10-17,25.4792,25.5877,25.45,25.45,4945,0
2017-10-18,25.55,25.65,25.47,25.65,7778,0
2017-10-19,25.5856,25.65,25.55,25.65,5854,0
2017-10-20,25.5589,25.67,25.55,25.67,3848,0
2017-10-23,25.6,25.65,25.58,25.605,6848,0
2017-10-24,25.551,25.65,25.45,25.5,4620,0
2017-10-25,25.52,25.54,25.416,25.52,5447,0
2017-10-26,25.41,25.5054,25.4,25.42,7811,0
2017-10-27,25.62,25.68,25.584,25.64,7524,0
2017-10-30,25.63,25.66,25.5301,25.6,5603,0
2017-10-31,25.6161,25.6213,25.45,25.505,8478,0
2017-11-01,25.53,25.53,25.47,25.53,3714,0
2017-11-02,25.5,25.5,25.2,25.2,6203,0
2017-11-03,25.41,25.41,25.236,25.34,8675,0
2017-11-06,25.415,25.47,25.35,25.39,11664,0
2017-11-07,25.354,25.354,25.29,25.34,10703,0
2017-11-08,25.42,25.42,25.29,25.38,20717,0
2017-11-09,25.409,25.42,25.26,25.27,13760,0
2017-11-10,25.39,25.49,25.3099,25.3614,6989,0
