2016-01-04,3.8421,3.8808,3.8323,3.8614,136710,0
2016-01-05,3.9098,3.9195,3.8904,3.9098,105984,0
2016-01-06,3.8517,3.8517,3.813,3.8323,124111,0
2016-01-07,3.7744,3.8033,3.7646,3.7744,225674,0
2016-01-08,3.7744,3.7744,3.7259,3.7259,790208,0
2016-01-11,3.7453,3.7646,3.6969,3.7356,541721,0
2016-01-12,3.7163,3.7259,3.6776,3.7065,694344,0
2016-01-13,3.755,3.755,3.6582,3.6776,218407,0
2016-01-14,3.7065,3.7646,3.6872,3.7453,381888,0
2016-01-15,3.6097,3.6291,3.5614,3.5904,316975,0
2016-01-19,3.5324,3.542,3.4743,3.513,538557,0
2016-01-20,3.4065,3.4162,3.3252,3.4065,447306,0
2016-01-21,3.3195,3.3938,3.3195,3.3678,361336,0
2016-01-22,3.4065,3.4743,3.4065,3.4646,380685,0
2016-01-25,3.4065,3.4162,3.3582,3.3582,303715,0
2016-01-26,3.3969,3.4162,3.3775,3.3872,457404,0
2016-01-27,3.4356,3.4937,3.3969,3.4259,231271,0
2016-01-28,3.4452,3.455,3.4065,3.4356,279915,0
2016-01-29,3.3098,3.3484,3.1356,3.1839,1050063,0
2016-02-01,3.0872,3.0872,3.0485,3.0872,560094,0
2016-02-02,3.0969,3.1066,3.0292,3.0581,588693,0
2016-02-03,3.0969,3.1066,3.0001,3.0485,936522,0
2016-02-04,3.0485,3.0775,3.0001,3.0292,1917682,0
2016-02-05,3.0001,3.0001,2.9033,2.9324,2469319,0
2016-02-08,2.9033,2.913,2.8646,2.8936,1474277,0
2016-02-09,2.7968,2.8549,2.7872,2.8259,632742,0
2016-02-10,2.7388,2.7775,2.7098,2.7388,462910,0
2016-02-11,2.6904,2.6904,2.6323,2.671,915938,0
2016-02-12,2.671,2.7388,2.6614,2.7291,1581297,0
2016-02-16,2.7775,2.8646,2.7775,2.8453,2612037,0
2016-02-17,2.8453,2.8936,2.8356,2.8743,3426202,0
2016-02-18,2.9033,2.9226,2.8549,2.884,522427,0
2016-02-19,2.8259,2.8453,2.7872,2.8453,1416494,0
2016-02-22,2.8453,2.8453,2.8066,2.8356,882026,0
2016-02-23,2.8162,2.8259,2.7098,2.7775,1286876,0
2016-02-24,2.7968,2.8433,2.7775,2.8259,472237,0
2016-02-25,2.8743,2.9324,2.8646,2.9226,1340758,0
2016-02-26,2.8936,2.8936,2.8453,2.8646,626086,0
2016-02-29,2.8549,2.8549,2.8066,2.8356,813588,0
2016-03-01,2.8646,2.913,2.8549,2.9033,1202084,0
2016-03-02,2.913,2.942,2.9033,2.942,660430,0
2016-03-03,3.0679,3.1259,3.0679,3.1162,768585,0
2016-03-04,3.1162,3.1259,3.0872,3.1162,284612,0
2016-03-07,3.0292,3.0679,3.0194,3.0679,783178,0
2016-03-08,3.0292,3.0292,3.0001,3.0098,458035,0
2016-03-09,3.0194,3.0194,2.9711,2.9904,277717,0
2016-03-10,3.0194,3.0292,2.9613,2.9807,326903,0
2016-03-11,3.1066,3.1356,3.0872,3.1066,432337,0
2016-03-14,3.1259,3.1356,3.1162,3.1259,359893,0
2016-03-15,3.1162,3.1259,3.0775,3.1162,424125,0
2016-03-16,3.0194,3.034,2.9712,3.0098,1362014,0
2016-03-17,3.0679,3.1162,3.0581,3.1162,521523,0
2016-03-18,3.0872,3.1162,3.0679,3.0775,317809,0
2016-03-21,3.0872,3.1066,3.0581,3.1066,2076012,0
2016-03-22,3.0485,3.0679,3.0292,3.0581,313354,0
2016-03-23,3.0292,3.0292,3.0001,3.0001,173067,0
2016-03-24,2.9226,2.9226,2.8646,2.884,421979,0
2016-03-28,2.913,2.942,2.9033,2.942,300679,0
2016-03-29,2.884,2.884,2.8453,2.8743,496574,0
2016-03-30,2.8453,2.8453,2.8066,2.8162,365491,0
2016-03-31,2.8549,2.8743,2.8259,2.8453,274231,0
2016-04-01,2.7581,2.7872,2.7388,2.7872,406992,0
2016-04-04,2.7678,2.7678,2.6614,2.7194,13030200,0
2016-04-05,2.6227,2.6614,2.6033,2.6421,6795793,0
2016-04-06,2.6614,2.6904,2.6421,2.6807,461137,0
2016-04-07,2.671,2.6807,2.6323,2.6517,406074,0
2016-04-08,2.7485,2.7775,2.7388,2.7485,904114,0
2016-04-11,2.7678,2.7678,2.7194,2.7388,555881,0
2016-04-12,2.8549,2.8936,2.8453,2.8743,1103845,0
2016-04-13,2.9324,2.9807,2.9324,2.9807,407555,0
2016-04-14,2.9711,2.9904,2.9613,2.9904,406373,0
2016-04-15,2.9226,2.9226,2.8743,2.8743,680751,0
2016-04-18,2.8743,2.9226,2.8723,2.913,602314,0
2016-04-19,3.0388,3.0485,3.0098,3.0485,538005,0
2016-04-20,3.0388,3.0679,3.0292,3.0581,218680,0
2016-04-21,3.0388,3.0388,3.0001,3.0098,308433,0
2016-04-22,3.1452,3.1888,3.1452,3.1743,566436,0
2016-04-25,3.1743,3.1743,3.1356,3.1452,362237,0
2016-04-26,3.1066,3.1356,3.0775,3.1259,577489,0
2016-04-27,3.1259,3.1356,3.0969,3.1162,225315,0
2016-04-28,2.9613,2.9807,2.8936,2.9033,729924,0
2016-04-29,2.9033,2.9033,2.8404,2.8646,387424,0
2016-05-02,2.9324,2.942,2.8936,2.9324,391055,0
2016-05-03,2.8936,2.9033,2.8646,2.884,339010,0
2016-05-04,2.8549,2.8743,2.8356,2.8549,343305,0
2016-05-05,2.8549,2.884,2.8453,2.8646,243654,0
2016-05-06,2.8549,2.8743,2.8453,2.8549,152233,0
2016-05-09,2.8743,2.884,2.8453,2.8453,251711,0
2016-05-10,2.913,2.9711,2.9033,2.9711,531068,0
2016-05-11,2.9324,2.9324,2.8791,2.9226,498327,0
2016-05-12,2.9324,2.9517,2.913,2.942,221313,0
2016-05-13,2.9033,2.9226,2.8743,2.884,318779,0
2016-05-16,2.884,2.9226,2.8646,2.913,242026,0
2016-05-17,2.8936,2.913,2.884,2.884,765044,0
2016-05-18,2.9324,2.9895,2.9324,2.942,999494,0
2016-05-19,2.9324,2.9517,2.9033,2.9517,308530,0
2016-05-20,2.9807,2.9904,2.9613,2.9613,172472,0
2016-05-23,2.9711,2.9807,2.9324,2.9613,434861,0
2016-05-24,2.9711,3.0194,2.9517,3.0098,446045,0
2016-05-25,2.9807,3.0002,2.9711,2.9904,930436,0
2016-05-26,2.9807,3.0001,2.9807,2.9904,3724897,0
2016-05-27,2.9904,3.0098,2.9807,3.0098,448558,0
2016-05-31,3.0292,3.0485,3.0001,3.0001,633499,0
2016-06-01,3.0194,3.0292,2.9904,3.0098,312507,0
2016-06-02,2.9613,2.9613,2.942,2.9517,283995,0
2016-06-03,2.9807,2.9807,2.942,2.9807,319172,0
2016-06-06,2.9904,2.9904,2.9613,2.9807,150729,0
2016-06-07,3.0194,3.0581,3.0098,3.0292,451049,0
2016-06-08,3.0388,3.0388,3.0001,3.0292,275480,0
2016-06-09,2.9517,2.9517,2.9226,2.9517,432338,0
2016-06-10,2.9033,2.9033,2.8549,2.8743,204195,0
2016-06-13,2.8549,2.8743,2.8259,2.8259,337107,0
2016-06-14,2.8162,2.8356,2.7775,2.7968,767241,0
2016-06-15,2.8356,2.8453,2.8162,2.8356,518703,0
2016-06-16,2.8549,2.8646,2.8162,2.8549,426635,0
2016-06-17,2.884,2.9178,2.8453,2.884,1649397,0
2016-06-20,2.9517,2.9613,2.9226,2.9517,468874,0
2016-06-21,2.9711,2.9711,2.942,2.942,464786,0
2016-06-22,2.942,2.9613,2.9226,2.9324,345464,0
2016-06-23,3.0098,3.0388,3.0001,3.0194,660372,0
2016-06-24,2.9033,2.9517,2.9033,2.9226,390676,0
2016-06-27,2.8549,2.8549,2.7388,2.7872,1516748,0
2016-06-28,2.7968,2.8259,2.7872,2.8162,908198,0
2016-06-29,2.8259,2.8356,2.7968,2.8259,475793,0
2016-06-30,2.7775,2.7775,2.7485,2.7581,435631,0
2016-07-01,2.7581,2.7775,2.7291,2.7485,325336,0
2016-07-05,2.7388,2.7388,2.7,2.7194,295779,0
2016-07-06,2.7,2.7872,2.671,2.7388,895000,0
2016-07-07,2.7581,2.7678,2.7194,2.7485,515053,0
2016-07-08,2.7485,2.7485,2.7194,2.7388,309248,0
2016-07-11,2.7872,2.8356,2.7775,2.8259,697294,0
2016-07-12,2.9033,2.9807,2.9033,2.9613,877110,0
2016-07-13,2.9904,2.9986,2.9613,2.9807,494207,0
2016-07-14,2.9613,2.9613,2.942,2.9613,508776,0
2016-07-15,2.9904,3.0194,2.9807,3.0098,306838,0
2016-07-18,3.0098,3.0194,2.9904,3.0098,263386,0
2016-07-19,2.9613,2.9952,2.9517,2.9904,501907,0
2016-07-20,2.9904,2.9904,2.9613,2.9711,149027,0
2016-07-21,2.942,2.9711,2.9226,2.942,282529,0
2016-07-22,2.942,2.9904,2.942,2.9904,138376,0
2016-07-25,2.9904,2.9904,2.9226,2.9324,332507,0
2016-07-26,2.9226,2.9517,2.9033,2.9226,266156,0
2016-07-27,2.9324,2.9324,2.884,2.9033,242931,0
2016-07-28,2.9033,2.9033,2.8549,2.884,750496,0
2016-07-29,3.0969,3.1066,3.0581,3.0872,1053455,0
2016-08-01,3.1452,3.1839,3.1356,3.1743,330141,0
2016-08-02,3.0872,3.1066,3.0775,3.0969,295195,0
2016-08-03,3.0388,3.0485,3.0194,3.0485,199534,0
2016-08-04,3.0679,3.0775,3.063,3.0775,112303,0
2016-08-05,3.0872,3.1356,3.0775,3.1259,228487,0
2016-08-08,3.1549,3.1743,3.1452,3.1646,202331,0
2016-08-09,3.1646,3.1839,3.1356,3.1839,265827,0
2016-08-10,3.1549,3.1549,3.1259,3.1356,187602,0
2016-08-11,3.1743,3.1743,3.1356,3.1549,302296,0
2016-08-12,3.1162,3.1452,3.1162,3.1452,150101,0
2016-08-15,3.1356,3.1646,3.1259,3.1259,170548,0
2016-08-16,3.1162,3.1452,3.1066,3.1356,155460,0
2016-08-17,3.1743,3.213,3.1743,3.2033,150040,0
2016-08-18,3.2033,3.213,3.1743,3.1937,154386,0
2016-08-19,3.1937,3.213,3.1839,3.213,90891,0
2016-08-22,3.1937,3.2227,3.1743,3.2227,248537,0
2016-08-23,3.2324,3.2324,3.1937,3.2033,151903,0
2016-08-24,3.2324,3.2324,3.1937,3.213,95124,0
2016-08-25,3.213,3.2324,3.2033,3.2324,80866,0
2016-08-26,3.2227,3.2227,3.1549,3.213,370244,0
2016-08-29,3.2033,3.2227,3.2033,3.2227,220643,0
2016-08-30,3.2614,3.2807,3.242,3.2614,298589,0
2016-08-31,3.3292,3.3582,3.3098,3.3582,347701,0
2016-09-01,3.3775,3.4065,3.3484,3.4065,308909,0
2016-09-02,3.3872,3.4065,3.3678,3.4065,209120,0
2016-09-06,3.4259,3.4259,3.3872,3.4065,297105,0
2016-09-07,3.4162,3.4162,3.3775,3.3872,141131,0
2016-09-08,3.3872,3.3872,3.3388,3.3678,239309,0
2016-09-09,3.3872,3.4065,3.3484,3.3775,305683,0
2016-09-12,3.3484,3.3775,3.3388,3.3775,164403,0
2016-09-13,3.3098,3.3098,3.2517,3.2711,214357,0
2016-09-14,3.2324,3.2517,3.2033,3.213,229500,0
2016-09-15,3.1937,3.2227,3.1839,3.213,137481,0
2016-09-16,3.242,3.2517,3.213,3.2324,130682,0
2016-09-19,3.242,3.2517,3.2033,3.2227,478318,0
2016-09-20,3.3001,3.3001,3.2614,3.2807,160029,0
2016-09-21,3.4452,3.5324,3.4452,3.513,433969,0
2016-09-22,3.5614,3.5904,3.542,3.5808,417288,0
2016-09-23,3.484,3.484,3.455,3.4646,132960,0
2016-09-26,3.4259,3.4452,3.4065,3.4452,179508,0
2016-09-27,3.4162,3.4162,3.3484,3.3678,237716,0
2016-09-28,3.3966,3.3966,3.3277,3.3474,182109,0
2016-09-29,3.3474,3.3474,3.2834,3.2883,299380,0
2016-09-30,3.2588,3.3178,3.2588,3.308,313442,0
2016-10-03,3.2588,3.2932,3.2489,3.2883,154443,0
2016-10-04,3.308,3.308,3.2588,3.2883,320845,0
2016-10-05,3.2981,3.3178,3.2784,3.2981,515819,0
2016-10-06,3.2588,3.308,3.2588,3.2981,448840,0
2016-10-07,3.2784,3.2883,3.2489,3.2784,290680,0
2016-10-10,3.2883,3.3178,3.2883,3.2883,108732,0
2016-10-11,3.2588,3.2588,3.2095,3.2292,244779,0
2016-10-12,3.1997,3.1997,3.1406,3.1603,266162,0
2016-10-13,3.1505,3.18,3.1406,3.1505,219805,0
2016-10-14,3.1505,3.1603,3.1308,3.1505,138702,0
2016-10-17,3.1308,3.1505,3.1209,3.1406,139721,0
2016-10-18,3.1406,3.18,3.1209,3.1702,285356,0
2016-10-19,3.1603,3.1997,3.1603,3.18,224584,0
2016-10-20,3.2095,3.2194,3.1997,3.2194,157903,0
2016-10-21,3.2095,3.2194,3.1997,3.2095,154913,0
2016-10-24,3.1997,3.2095,3.18,3.1898,91783,0
2016-10-25,3.1898,3.2194,3.1751,3.2095,333874,0
2016-10-26,3.1898,3.2095,3.18,3.2095,226677,0
2016-10-27,3.2194,3.2489,3.2095,3.2489,158752,0
2016-10-28,3.2194,3.2489,3.2194,3.2292,94886,0
2016-10-31,3.2784,3.2981,3.2637,3.2981,265526,0
2016-11-01,3.2784,3.2883,3.2489,3.2784,296107,0
2016-11-02,3.2489,3.2686,3.2145,3.2292,161439,0
2016-11-03,3.2391,3.2489,3.2194,3.2194,127087,0
2016-11-04,3.2194,3.2489,3.2095,3.2292,178619,0
2016-11-07,3.2588,3.2883,3.244,3.2883,149962,0
2016-11-08,3.2489,3.2981,3.2489,3.2588,422505,0
2016-11-09,3.2194,3.2588,3.2095,3.2391,270620,0
2016-11-10,3.2883,3.2981,3.2489,3.2784,451767,0
2016-11-11,3.3375,3.3917,3.3375,3.3867,371912,0
2016-11-14,3.4163,3.5049,3.3671,3.4557,280451,0
2016-11-15,3.3867,3.4212,3.3671,3.4163,448142,0
2016-11-16,3.564,3.5738,3.5246,3.5443,852918,0
2016-11-17,3.5344,3.564,3.5246,3.564,173471,0
2016-11-18,3.495,3.495,3.4655,3.4852,177916,0
2016-11-21,3.5246,3.5443,3.5147,3.5443,161270,0
2016-11-22,3.5344,3.564,3.5344,3.5541,202060,0
2016-11-23,3.5443,3.623,3.5147,3.623,466317,0
2016-11-25,3.436,3.4458,3.4064,3.4261,307324,0
2016-11-28,3.5049,3.5049,3.4754,3.4852,427140,0
2016-11-29,3.5443,3.5443,3.5049,3.5246,3265456,0
2016-11-30,3.5541,3.5541,3.5246,3.5443,647988,0
2016-12-01,3.5246,3.5443,3.5071,3.5246,241030,0
2016-12-02,3.623,3.6427,3.6132,3.6427,245572,0
2016-12-05,3.623,3.6427,3.6132,3.6329,182064,0
2016-12-06,3.6526,3.687,3.6329,3.6723,721151,0
2016-12-07,3.7116,3.751,3.7116,3.7412,297975,0
2016-12-08,3.7904,3.8002,3.7609,3.7904,257910,0
2016-12-09,3.7904,3.8101,3.7707,3.8002,187414,0
2016-12-12,3.7609,3.7609,3.6919,3.7116,366003,0
2016-12-13,3.7412,3.7609,3.7215,3.7609,395274,0
2016-12-14,3.7412,3.7806,3.7116,3.7116,346065,0
2016-12-15,3.6723,3.7116,3.6624,3.6919,1064152,0
2016-12-16,3.7215,3.7313,3.6919,3.7116,198563,0
2016-12-19,3.6821,3.7018,3.6723,3.7018,420079,0
2016-12-20,3.6427,3.6919,3.6427,3.6526,296020,0
2016-12-21,3.6526,3.6526,3.6329,3.6526,226531,0
2016-12-22,3.623,3.6329,3.5935,3.6132,242304,0
2016-12-23,3.623,3.6329,3.6033,3.623,114087,0
2016-12-27,3.6033,3.6033,3.5837,3.6033,177716,0
2016-12-28,3.5837,3.6033,3.5541,3.5541,184752,0
2016-12-29,3.4754,3.5049,3.4754,3.4852,165385,0
2016-12-30,3.495,3.5344,3.4852,3.5344,355071,0
2017-01-03,3.5147,3.5541,3.5049,3.5541,273058,0
2017-01-04,3.5738,3.623,3.564,3.623,350858,0
2017-01-05,3.6132,3.6526,3.6058,3.6526,256070,0
2017-01-06,3.6033,3.6329,3.6033,3.6329,228879,0
2017-01-09,3.6033,3.6131,3.5837,3.5935,260579,0
2017-01-10,3.5837,3.6033,3.5738,3.5935,177337,0
2017-01-11,3.6329,3.6526,3.623,3.6526,116326,0
2017-01-12,3.6526,3.6526,3.6033,3.6427,321927,0
2017-01-13,3.6329,3.6526,3.6132,3.6526,122100,0
2017-01-17,3.6132,3.6132,3.564,3.5935,239038,0
2017-01-18,3.5541,3.5837,3.5443,3.5541,267835,0
2017-01-19,3.5935,3.6132,3.5738,3.6132,207482,0
2017-01-20,3.6132,3.6427,3.6132,3.6329,246383,0
2017-01-23,3.6329,3.6624,3.623,3.6624,307924,0
2017-01-24,3.5837,3.6033,3.564,3.6033,206632,0
2017-01-25,3.5738,3.623,3.5738,3.6132,184294,0
2017-01-26,3.6526,3.6821,3.6427,3.6526,127337,0
2017-01-27,3.6723,3.6919,3.6526,3.6624,185126,0
2017-01-30,3.6329,3.6526,3.5548,3.6033,884084,0
2017-01-31,3.6526,3.6624,3.6033,3.623,291616,0
2017-02-01,3.6033,3.6033,3.5837,3.6033,177027,0
2017-02-02,3.5738,3.6033,3.5738,3.5935,182354,0
2017-02-03,3.6033,3.6723,3.6033,3.6723,530895,0
2017-02-06,3.6427,3.7215,3.6329,3.7116,2066406,0
2017-02-07,3.6624,3.7018,3.6427,3.6723,697519,0
2017-02-08,3.6821,3.6821,3.6526,3.6821,223395,0
2017-02-09,3.6526,3.6723,3.6329,3.6624,312676,0
2017-02-10,3.6624,3.6723,3.6526,3.6723,82585,0
2017-02-13,3.6821,3.6919,3.6723,3.6919,303419,0
2017-02-14,3.6427,3.6526,3.623,3.6427,210114,0
2017-02-15,3.6427,3.6624,3.6427,3.6526,212114,0
2017-02-16,3.6624,3.6624,3.6329,3.6624,125290,0
2017-02-17,3.6526,3.6723,3.6329,3.6624,145837,0
2017-02-21,3.6919,3.7018,3.6723,3.7018,230299,0
2017-02-22,3.6821,3.6919,3.6575,3.6919,213101,0
2017-02-23,3.6723,3.6919,3.6526,3.6919,198925,0
2017-02-24,3.6821,3.6821,3.6526,3.6821,151850,0
2017-02-27,3.6526,3.6821,3.6526,3.6821,118175,0
2017-02-28,3.6919,3.6919,3.6624,3.6919,178189,0
2017-03-01,3.6919,3.7116,3.6723,3.7116,271060,0
2017-03-02,3.7116,3.7116,3.6723,3.6821,143506,0
2017-03-03,3.6723,3.6821,3.6624,3.6723,158040,0
2017-03-06,3.6723,3.6821,3.6624,3.6624,182876,0
2017-03-07,3.6723,3.6723,3.6427,3.6624,208948,0
2017-03-08,3.6526,3.6723,3.6427,3.6624,122857,0
2017-03-09,3.6526,3.6624,3.623,3.6427,267047,0
2017-03-10,3.6723,3.6821,3.6329,3.6821,238068,0
2017-03-13,3.6624,3.7313,3.6624,3.7018,190646,0
2017-03-14,3.6624,3.6723,3.6427,3.6624,214020,0
2017-03-15,3.6624,3.6919,3.6624,3.6821,137503,0
2017-03-16,3.6821,3.7116,3.6821,3.7018,223194,0
2017-03-17,3.6919,3.7313,3.6919,3.7215,166561,0
2017-03-20,3.7215,3.7215,3.6821,3.6919,116403,0
2017-03-21,3.7116,3.7116,3.6132,3.6132,518059,0
2017-03-22,3.6427,3.6526,3.6219,3.6329,237470,0
2017-03-23,3.623,3.6723,3.6181,3.6624,205371,0
2017-03-24,3.6723,3.7018,3.6624,3.6919,123525,0
2017-03-27,3.6919,3.7313,3.6527,3.7215,217432,0
2017-03-28,3.7215,3.7904,3.7116,3.7904,152315,0
2017-03-29,3.77,3.78,3.75,3.77,153518,0
2017-03-30,3.75,3.76,3.74,3.75,131411,0
2017-03-31,3.68,3.7,3.65,3.69,225740,0
2017-04-03,3.64,3.65,3.63,3.65,157335,0
2017-04-04,3.63,3.64,3.61,3.64,188904,0
2017-04-05,3.6,3.63,3.57,3.58,287324,0
2017-04-06,3.54,3.55,3.5,3.55,234303,0
2017-04-07,3.52,3.5486,3.5,3.51,1733689,0
2017-04-10,3.53,3.55,3.52,3.55,650459,0
2017-04-11,3.54,3.57,3.52,3.56,3149700,0
2017-04-12,3.54,3.55,3.52,3.54,2013591,0
2017-04-13,3.51,3.52,3.48,3.49,288439,0
2017-04-17,3.5,3.53,3.49,3.52,312160,0
2017-04-18,3.54,3.54,3.5,3.54,762531,0
2017-04-19,3.57,3.57,3.53,3.54,300528,0
2017-04-20,3.6,3.6,3.57,3.6,267114,0
2017-04-21,3.59,3.61,3.58,3.6,153708,0
2017-04-24,3.64,3.64,3.6,3.63,340088,0
2017-04-25,3.67,3.72,3.66,3.69,188026,0
2017-04-26,3.71,3.73,3.69,3.73,230306,0
2017-04-27,3.72,3.73,3.7,3.72,172447,0
2017-04-28,3.68,3.68,3.66,3.68,145030,0
2017-05-01,3.7,3.72,3.68,3.7,107174,0
2017-05-02,3.73,3.75,3.7,3.75,261040,0
2017-05-03,3.7,3.72,3.7,3.72,174066,0
2017-05-04,3.73,3.74,3.7,3.73,156892,0
2017-05-05,3.76,3.76,3.73,3.75,132876,0
2017-05-08,3.76,3.76,3.73,3.74,234611,0
2017-05-09,3.74,3.74,3.71,3.73,247875,0
2017-05-10,3.7,3.71,3.68,3.7,234862,0
2017-05-11,3.71,3.72,3.69,3.7,246106,0
2017-05-12,3.69,3.7101,3.68,3.7,115349,0
2017-05-15,3.67,3.7,3.66,3.69,174704,0
2017-05-16,3.63,3.63,3.57,3.6,241173,0
2017-05-17,3.54,3.55,3.49,3.51,241045,0
2017-05-18,3.49,3.51,3.47,3.49,259813,0
2017-05-19,3.53,3.56,3.53,3.56,208471,0
2017-05-22,3.56,3.56,3.53,3.54,173937,0
2017-05-23,3.58,3.59,3.56,3.58,217314,0
2017-05-24,3.57,3.57,3.54,3.56,142313,0
2017-05-25,3.55,3.56,3.53,3.55,231555,0
2017-05-26,3.54,3.55,3.51,3.55,207021,0
2017-05-30,3.52,3.55,3.52,3.55,257893,0
2017-05-31,3.52,3.52,3.48,3.5,241064,0
2017-06-01,3.51,3.52,3.49,3.52,161210,0
2017-06-02,3.6,3.63,3.58,3.62,611877,0
2017-06-05,3.57,3.591,3.55,3.59,404418,0
2017-06-06,3.59,3.6,3.57,3.6,346453,0
2017-06-07,3.61,3.63,3.6,3.62,243224,0
2017-06-08,3.63,3.65,3.62,3.63,375119,0
2017-06-09,3.65,3.66,3.62,3.64,251382,0
2017-06-12,3.67,3.67,3.63,3.65,189782,0
2017-06-13,3.68,3.7,3.65,3.69,188656,0
2017-06-14,3.69,3.69,3.65,3.68,162049,0
2017-06-15,3.58,3.595,3.56,3.59,182506,0
2017-06-16,3.59,3.61,3.58,3.61,167672,0
2017-06-19,3.59,3.61,3.57,3.59,270519,0
2017-06-20,3.59,3.61,3.57,3.58,172913,0
2017-06-21,3.56,3.56,3.535,3.55,429439,0
2017-06-22,3.58,3.59,3.56,3.59,120976,0
2017-06-23,3.6,3.6,3.57,3.59,183195,0
2017-06-26,3.56,3.57,3.55,3.57,151348,0
2017-06-27,3.56,3.565,3.54,3.55,295118,0
2017-06-28,3.64,3.69,3.64,3.68,422789,0
2017-06-29,3.69,3.69,3.64,3.66,303829,0
2017-06-30,3.69,3.69,3.64,3.67,299932,0
2017-07-03,3.66,3.72,3.66,3.69,351807,0
2017-07-05,3.7,3.715,3.69,3.71,285347,0
2017-07-06,3.69,3.69,3.66,3.66,227571,0
2017-07-07,3.67,3.67,3.64,3.65,150015,0
2017-07-10,3.63,3.64,3.6,3.62,273528,0
2017-07-11,3.61,3.62,3.59,3.6,179068,0
2017-07-12,3.6,3.62,3.58,3.6,322787,0
2017-07-13,3.57,3.58,3.55,3.58,275055,0
2017-07-14,3.57,3.6,3.56,3.57,315088,0
2017-07-17,3.58,3.58,3.54,3.55,432803,0
2017-07-18,3.56,3.58,3.54,3.56,419076,0
2017-07-19,3.57,3.59,3.5515,3.57,170768,0
2017-07-20,3.56,3.59,3.55,3.58,229321,0
2017-07-21,3.55,3.58,3.54,3.57,364721,0
2017-07-24,3.55,3.58,3.53,3.57,159798,0
2017-07-25,3.57,3.58,3.55,3.57,324693,0
2017-07-26,3.58,3.59,3.55,3.56,361401,0
2017-07-27,3.58,3.58,3.54,3.57,147362,0
2017-07-28,3.56,3.59,3.56,3.57,239757,0
2017-07-31,3.55,3.58,3.54,3.57,294454,0
2017-08-01,3.58,3.585,3.56,3.56,143312,0
2017-08-02,3.52,3.54,3.52,3.54,176836,0
2017-08-03,3.52,3.55,3.52,3.52,134271,0
2017-08-04,3.53,3.545,3.52,3.53,131788,0
2017-08-07,3.54,3.55,3.51,3.53,535652,0
2017-08-08,3.53,3.54,3.515,3.54,184171,0
2017-08-09,3.53,3.53,3.51,3.52,174619,0
2017-08-10,3.49,3.49,3.39,3.4,402270,0
2017-08-11,3.4,3.43,3.4,3.43,319306,0
2017-08-14,3.44,3.47,3.43,3.44,513730,0
2017-08-15,3.45,3.465,3.42,3.46,526635,0
2017-08-16,3.47,3.48,3.46,3.47,183378,0
2017-08-17,3.48,3.48,3.42,3.43,231097,0
2017-08-18,3.44,3.47,3.43,3.46,183698,0
2017-08-21,3.43,3.43,3.41,3.43,231538,0
2017-08-22,3.43,3.44,3.41,3.44,253462,0
2017-08-23,3.42,3.435,3.41,3.42,181206,0
2017-08-24,3.42,3.43,3.42,3.42,108649,0
2017-08-25,3.43,3.45,3.42,3.43,217849,0
2017-08-28,3.43,3.45,3.405,3.42,185859,0
2017-08-29,3.42,3.43,3.41,3.43,222276,0
2017-08-30,3.4,3.4,3.37,3.39,259118,0
2017-08-31,3.42,3.42,3.395,3.41,316147,0
2017-09-01,3.4,3.43,3.4,3.42,130178,0
2017-09-05,3.41,3.43,3.4,3.41,278174,0
2017-09-06,3.42,3.44,3.41,3.44,194571,0
2017-09-07,3.41,3.42,3.38,3.4,291892,0
2017-09-08,3.43,3.44,3.41,3.44,249326,0
2017-09-11,3.44,3.465,3.435,3.45,338323,0
2017-09-12,3.46,3.48,3.44,3.44,364172,0
2017-09-13,3.48,3.5,3.46,3.47,367259,0
2017-09-14,3.45,3.45,3.43,3.45,215717,0
2017-09-15,3.45,3.48,3.45,3.48,165761,0
2017-09-18,3.48,3.5,3.47,3.48,249161,0
2017-09-19,3.5,3.52,3.5,3.51,180565,0
2017-09-20,3.51,3.53,3.5,3.52,163044,0
2017-09-21,3.53,3.55,3.53,3.54,108454,0
2017-09-22,3.55,3.57,3.55,3.57,180811,0
2017-09-25,3.56,3.57,3.54,3.56,288500,0
2017-09-26,3.57,3.59,3.55,3.59,209145,0
2017-09-27,3.61,3.61,3.56,3.58,188368,0
2017-09-28,3.53,3.55,3.52,3.55,141576,0
2017-09-29,3.54,3.55,3.51,3.55,165436,0
2017-10-02,3.54,3.54,3.51,3.54,138539,0
2017-10-03,3.51,3.54,3.49,3.54,291191,0
2017-10-04,3.55,3.55,3.51,3.53,112495,0
2017-10-05,3.53,3.53,3.5,3.52,116603,0
2017-10-06,3.53,3.54,3.51,3.54,194577,0
2017-10-09,3.53,3.54,3.52,3.53,75327,0
2017-10-10,3.52,3.56,3.51,3.56,194546,0
2017-10-11,3.55,3.565,3.53,3.55,173088,0
2017-10-12,3.57,3.57,3.53,3.55,248678,0
2017-10-13,3.55,3.57,3.54,3.57,61720,0
2017-10-16,3.59,3.63,3.59,3.63,112742,0
2017-10-17,3.59,3.6,3.56,3.59,340426,0
2017-10-18,3.56,3.58,3.55,3.58,167584,0
2017-10-19,3.56,3.57,3.54,3.57,307980,0
2017-10-20,3.56,3.58,3.55,3.58,195400,0
2017-10-23,3.58,3.58,3.54,3.56,299906,0
2017-10-24,3.61,3.61,3.58,3.61,146572,0
2017-10-25,3.62,3.64,3.61,3.63,133161,0
2017-10-26,3.65,3.65,3.63,3.65,146345,0
2017-10-27,3.7,3.7,3.67,3.68,136927,0
2017-10-30,3.7,3.7,3.66,3.68,130508,0
2017-10-31,3.67,3.67,3.63,3.67,94891,0
2017-11-01,3.68,3.68,3.65,3.68,133348,0
2017-11-02,3.67,3.68,3.63,3.68,258860,0
2017-11-03,3.64,3.67,3.63,3.67,146177,0
2017-11-06,3.64,3.64,3.6,3.63,108264,0
2017-11-07,3.64,3.64,3.61,3.62,145513,0
2017-11-08,3.61,3.63,3.61,3.62,152820,0
2017-11-09,3.63,3.63,3.56,3.6,103235,0
2017-11-10,3.57,3.58,3.56,3.58,120148,0
