2016-01-04,6.4439,6.4901,6.26,6.3521,206351,0
2016-01-05,6.3521,6.711,6.2783,6.711,177398,0
2016-01-06,6.6834,6.8307,6.6373,6.8122,99420,0
2016-01-07,6.7662,6.7662,6.6465,6.6465,135092,0
2016-01-08,6.6926,6.7025,6.4993,6.5637,97651,0
2016-01-11,6.5453,6.5453,6.2691,6.2968,179628,0
2016-01-12,6.2875,6.3335,6.2138,6.2138,128059,0
2016-01-13,6.2322,6.3059,6.1403,6.1403,101374,0
2016-01-14,6.1035,6.223,6.085,6.1495,109804,0
2016-01-15,6.0666,6.1125,5.9838,6.1125,137802,0
2016-01-19,6.0573,6.1403,5.5878,5.7075,246912,0
2016-01-20,5.6891,5.6891,5.4313,5.6248,569384,0
2016-01-21,5.5787,5.8181,5.5235,5.7075,290478,0
2016-01-22,5.8365,6.3335,5.6891,6.26,272864,0
2016-01-25,6.26,6.3704,6.1678,6.2689,91175,0
2016-01-26,6.2415,6.2415,6.1402,6.1403,65752,0
2016-01-27,6.1495,6.2691,6.0667,6.1587,62522,0
2016-01-28,6.1955,6.2783,6.0758,6.1587,56984,0
2016-01-29,6.1587,6.4255,6.1495,6.1495,102786,0
2016-02-01,6.085,6.3427,6.0308,6.2783,64325,0
2016-02-02,6.223,6.26,6.1035,6.1955,53889,0
2016-02-03,6.2138,6.2691,6.1035,6.131,61339,0
2016-02-04,6.1218,6.2782,5.9294,5.9561,108336,0
2016-02-05,5.9838,6.1264,5.8548,5.9561,112893,0
2016-02-08,5.9561,6.0298,5.8365,5.947,108442,0
2016-02-09,5.9192,6.0298,5.8273,5.9008,98720,0
2016-02-10,5.9192,5.9286,5.7536,5.7628,92811,0
2016-02-11,5.7443,5.8457,5.6615,5.7353,96261,0
2016-02-12,5.7628,5.7628,5.5418,5.6891,105606,0
2016-02-16,5.772,5.9561,5.7317,5.8917,99509,0
2016-02-17,5.9929,7.7144,5.9929,6.6005,1068287,0
2016-02-18,6.6281,6.711,6.4717,6.5177,160562,0
2016-02-19,6.536,6.6557,6.4993,6.5821,102609,0
2016-02-22,6.849,6.849,6.573,6.6098,156807,0
2016-02-23,6.6098,6.7806,6.5821,6.7341,65191,0
2016-02-24,6.6926,6.7478,6.4255,6.6742,137388,0
2016-02-25,6.6557,6.9503,6.6557,6.9136,235236,0
2016-02-26,6.9136,7.3185,6.9136,7.245,150881,0
2016-02-29,7.3462,7.6683,7.2725,7.4934,303398,0
2016-03-01,7.5487,7.5855,7.4383,7.5303,106801,0
2016-03-02,7.5948,7.8024,7.5396,7.7696,162784,0
2016-03-03,7.7052,8.0735,7.6408,8.0274,150036,0
2016-03-04,8.009,8.2023,7.9262,8.0643,192835,0
2016-03-07,8.0643,8.126,7.7972,8.0643,164087,0
2016-03-08,7.9445,7.9813,7.6867,7.7605,110241,0
2016-03-09,7.742,7.889,7.6131,7.871,90389,0
2016-03-10,7.8985,7.9722,7.7881,7.9078,46683,0
2016-03-11,8.009,8.009,7.8065,7.9906,134529,0
2016-03-14,7.9998,8.276,7.9538,8.2667,125663,0
2016-03-15,8.1931,8.368,8.147,8.3588,103864,0
2016-03-16,8.368,8.368,8.276,8.2852,80474,0
2016-03-17,8.322,8.4508,8.2998,8.4325,195533,0
2016-03-18,8.497,8.7109,8.3313,8.6442,288021,0
2016-03-21,8.6717,8.9388,8.6258,8.9296,276031,0
2016-03-22,8.856,9.16,8.8467,9.0126,312284,0
2016-03-23,9.022,9.1505,8.9852,9.0495,233534,0
2016-03-24,8.9572,9.0674,8.7731,8.9937,181013,0
2016-03-28,9.2053,9.2053,8.9758,9.1137,279393,0
2016-03-29,9.0287,9.1137,8.7548,9.0004,136325,0
2016-03-30,8.9626,9.0475,8.5188,8.8398,193889,0
2016-03-31,8.8681,8.9343,8.5376,8.7171,234719,0
2016-04-01,8.6131,8.8493,8.547,8.632,97025,0
2016-04-04,8.6037,8.7642,8.5566,8.6793,85429,0
2016-04-05,8.5848,8.7406,8.5816,8.6793,69278,0
2016-04-06,8.7359,9.057,8.7265,8.8965,107713,0
2016-04-07,8.8681,8.8681,8.6508,8.6698,83344,0
2016-04-08,8.6603,8.8209,8.547,8.5943,73189,0
2016-04-11,8.6887,8.6887,8.1598,8.1976,245644,0
2016-04-12,8.226,8.3015,8.1598,8.2826,117678,0
2016-04-13,8.3392,8.4525,8.1693,8.226,114372,0
2016-04-14,8.2354,8.2968,8.1221,8.1221,44103,0
2016-04-15,8.1031,8.207,7.8859,7.8953,171784,0
2016-04-18,7.8387,8.0369,7.801,7.801,155010,0
2016-04-19,7.7726,7.9048,7.6876,7.7065,146192,0
2016-04-20,7.7442,7.7821,7.6507,7.7254,60954,0
2016-04-21,7.7442,7.8387,7.7254,7.8387,59935,0
2016-04-22,7.7915,7.8718,7.6593,7.7254,111566,0
2016-04-25,7.5837,7.664,7.3003,7.3854,276714,0
2016-04-26,7.3098,7.3759,7.2909,7.3288,123247,0
2016-04-27,7.272,7.3666,7.272,7.3288,112346,0
2016-04-28,7.3288,7.3288,7.0548,7.1115,320006,0
2016-04-29,7.1115,7.3098,7.0548,7.272,328285,0
2016-05-02,7.3193,7.3475,6.9792,6.9792,208702,0
2016-05-03,6.9699,7.0406,6.8754,6.9321,113065,0
2016-05-04,6.9037,7.0171,6.8565,6.9321,126054,0
2016-05-05,6.9415,7.0454,6.8945,6.9792,162189,0
2016-05-06,6.9415,7.0266,6.8944,6.9132,117896,0
2016-05-09,6.8565,7.036,6.6771,6.7526,150145,0
2016-05-10,6.8944,7.4799,6.8944,7.2815,362444,0
2016-05-11,7.5837,7.5837,7.0643,7.2909,141568,0
2016-05-12,7.5082,7.527,7.2532,7.4705,214246,0
2016-05-13,7.4609,7.4656,7.2249,7.2437,121691,0
2016-05-16,7.4976,7.4976,7.3218,7.4195,129399,0
2016-05-17,7.3316,7.6147,7.3316,7.4683,91879,0
2016-05-18,7.4683,7.5073,7.1852,7.2437,82861,0
2016-05-19,7.4878,7.4878,7.1266,7.1656,65396,0
2016-05-20,7.3804,7.439,7.1754,7.2437,103217,0
2016-05-23,7.3023,7.7992,7.3023,7.6147,167755,0
2016-05-24,7.7612,7.7612,7.4585,7.5854,64447,0
2016-05-25,7.6928,7.7904,7.6142,7.7807,118534,0
2016-05-26,7.9076,7.9368,7.6928,7.849,99938,0
2016-05-27,7.7709,7.9368,7.7709,7.9367,90151,0
2016-05-31,7.9076,7.9076,7.4683,7.5171,171706,0
2016-06-01,7.3218,7.6048,7.3218,7.3316,122084,0
2016-06-02,7.4195,7.4195,7.3218,7.3901,56222,0
2016-06-03,7.4,7.4097,7.2828,7.3438,50606,0
2016-06-06,7.3511,7.4195,7.312,7.4,56364,0
2016-06-07,7.3901,7.4195,7.273,7.312,60486,0
2016-06-08,7.3218,7.4195,7.2731,7.3901,61305,0
2016-06-09,7.3218,7.3901,7.2242,7.234,89104,0
2016-06-10,7.2242,7.312,7.1364,7.1559,75538,0
2016-06-13,7.1559,7.2144,6.8533,6.8923,144978,0
2016-06-14,6.9313,6.9606,6.8435,6.9216,104817,0
2016-06-15,6.8923,7.1266,6.8923,7.0094,181082,0
2016-06-16,7.0192,7.0289,6.8435,6.8923,114887,0
2016-06-17,6.8825,6.9508,6.8337,6.9313,143007,0
2016-06-20,6.9704,7.0094,6.902,6.902,63653,0
2016-06-21,6.8825,6.9216,6.8435,6.9118,89932,0
2016-06-22,6.9411,7.0094,6.8825,6.9411,55173,0
2016-06-23,6.9801,6.9801,6.8435,6.8923,88862,0
2016-06-24,6.8337,6.9996,6.8337,6.9118,124108,0
2016-06-27,6.9411,6.9411,6.824,6.8337,115181,0
2016-06-28,6.8923,6.9606,6.8337,6.9363,37580,0
2016-06-29,6.9508,7.1754,6.9118,7.1364,95048,0
2016-06-30,7.1852,7.2144,7.0876,7.2047,167167,0
2016-07-01,7.2242,7.4683,7.1852,7.3804,148567,0
2016-07-05,7.4683,7.4683,7.273,7.3608,107377,0
2016-07-06,7.4683,7.5464,7.317,7.4878,106592,0
2016-07-07,7.4683,7.5366,7.4683,7.5171,69182,0
2016-07-08,7.5171,7.683,7.4976,7.5268,136586,0
2016-07-11,7.5171,7.6922,7.5171,7.5756,58953,0
2016-07-12,7.312,7.644,7.312,7.5659,126107,0
2016-07-13,7.6049,7.7807,7.5366,7.644,115802,0
2016-07-14,7.7025,7.888,7.6441,7.7709,104526,0
2016-07-15,7.8295,7.8783,7.7221,7.7612,77986,0
2016-07-18,7.7221,7.9954,7.7221,7.9173,111834,0
2016-07-19,7.9564,8.0052,7.8002,7.9271,76647,0
2016-07-20,7.849,7.9661,7.8295,7.9125,79946,0
2016-07-21,7.9271,7.9368,7.7025,7.81,86501,0
2016-07-22,7.81,7.8654,7.7612,7.7612,38626,0
2016-07-25,7.7319,7.9076,7.7319,7.9076,41740,0
2016-07-26,7.9271,7.9918,7.8207,7.8685,83554,0
2016-07-27,7.9076,7.9271,7.767,7.7709,68031,0
2016-07-28,7.7612,7.8879,7.7612,7.7904,44169,0
2016-07-29,7.7612,7.8685,7.7612,7.8685,59324,0
2016-08-01,7.7709,7.9173,7.7123,7.9173,154094,0
2016-08-02,7.7612,7.7612,5.7793,5.9356,1389139,0
2016-08-03,5.7598,5.8575,5.0472,5.3498,1301334,0
2016-08-04,5.174,5.8184,5.1252,5.75,529948,0
2016-08-05,5.75,6.287,5.75,6.1699,443105,0
2016-08-08,6.1504,6.3065,5.8868,5.9161,194138,0
2016-08-09,5.8575,6.0234,5.711,5.9356,207988,0
2016-08-10,5.6134,5.711,5.3889,5.6134,408852,0
2016-08-11,5.3693,5.5797,5.1838,5.3889,288092,0
2016-08-12,5.4474,5.4474,5.2132,5.2327,158032,0
2016-08-15,5.2229,5.3683,5.2229,5.2522,155204,0
2016-08-16,5.2229,5.301,5.1252,5.1838,191355,0
2016-08-17,5.174,5.2132,5.1155,5.1448,189550,0
2016-08-18,5.1545,5.1545,4.9496,4.9886,241070,0
2016-08-19,4.9008,5.0374,4.8813,5.0374,238324,0
2016-08-22,5.0276,5.0768,4.9783,4.9881,134745,0
2016-08-23,4.9684,4.9684,4.8895,4.929,182422,0
2016-08-24,4.8797,4.9684,4.8797,4.9093,129754,0
2016-08-25,4.8994,4.9269,4.7417,4.8107,261978,0
2016-08-26,4.7811,4.8797,4.7811,4.8403,76662,0
2016-08-29,4.8008,4.8698,4.7811,4.8403,83484,0
2016-08-30,4.791,4.8304,4.6825,4.7121,198825,0
2016-08-31,4.6825,4.7116,4.6431,4.6628,189642,0
2016-09-01,4.6431,4.653,4.4459,4.5248,239622,0
2016-09-02,4.5051,4.5051,4.2882,4.2882,243728,0
2016-09-06,4.3375,4.3375,3.953,4.0023,432284,0
2016-09-07,4.0516,4.0911,4.0023,4.0418,218025,0
2016-09-08,4.0418,4.0615,3.884,3.8939,255607,0
2016-09-09,3.8742,3.953,3.4835,3.9333,578055,0
2016-09-12,3.8939,4.0516,3.6967,4.0516,238373,0
2016-09-13,3.953,4.0516,3.9432,3.9925,157066,0
2016-09-14,3.9629,4.0219,3.9314,3.9333,146240,0
2016-09-15,3.8545,3.9925,3.7164,3.9728,136827,0
2016-09-16,3.9728,3.9728,3.8939,3.8939,57446,0
2016-09-19,3.9925,4.2291,3.9925,4.0418,310332,0
2016-09-20,4.1108,4.1108,3.9925,3.9925,83379,0
2016-09-21,3.9925,4.1403,3.9925,4.1009,143955,0
2016-09-22,4.0615,4.1206,3.9925,4.0122,110368,0
2016-09-23,3.9925,4.0615,3.9826,4.0516,101942,0
2016-09-26,4.0319,4.1206,3.9826,4.0418,95007,0
2016-09-27,4.022,4.0565,3.9925,4.0023,59355,0
2016-09-28,4.0023,4.0516,3.9629,4.022,87353,0
2016-09-29,3.9826,4.0812,3.9826,4.0712,63739,0
2016-09-30,4.1009,4.2192,4.0615,4.1601,168254,0
2016-10-03,4.1502,4.2092,3.9432,4.0319,174612,0
2016-10-04,3.9925,4.2192,3.9925,4.1995,98411,0
2016-10-05,4.1108,4.1995,4.1108,4.1502,69529,0
2016-10-06,4.1009,4.4065,4.1009,4.3769,175881,0
2016-10-07,4.3276,4.5159,4.3276,4.4164,189185,0
2016-10-10,4.4164,4.5741,4.3828,4.5248,128389,0
2016-10-11,4.5347,4.5347,4.2586,4.3178,114960,0
2016-10-12,4.2586,4.3671,4.239,4.2882,54547,0
2016-10-13,4.2981,4.2981,4.1305,4.1601,76644,0
2016-10-14,4.1403,4.1896,4.0911,4.1206,109723,0
2016-10-17,4.0911,4.1491,3.953,3.9925,114041,0
2016-10-18,3.9925,4.0615,3.9826,3.9925,74987,0
2016-10-19,4.022,4.1502,3.9925,4.0615,68598,0
2016-10-20,4.022,4.0491,3.9432,3.9432,67288,0
2016-10-21,3.953,3.9728,3.8446,3.8939,170616,0
2016-10-24,3.8545,3.9235,3.8446,3.8939,63956,0
2016-10-25,3.8052,3.9038,3.7559,3.7855,121439,0
2016-10-26,3.7657,3.7953,3.6573,3.7657,203808,0
2016-10-27,3.746,3.7608,3.6277,3.6277,101117,0
2016-10-28,3.5784,3.6967,3.4799,3.5291,180314,0
2016-10-31,3.5291,3.5981,3.3911,3.3911,291432,0
2016-11-01,3.3714,3.5784,3.3616,3.5144,199703,0
2016-11-02,3.6967,3.6967,3.5193,3.6179,191715,0
2016-11-03,3.5587,3.6269,3.2827,3.2926,155381,0
2016-11-04,3.332,3.401,3.1644,3.2137,165543,0
2016-11-07,3.3616,4.2784,3.2495,3.9333,843741,0
2016-11-08,3.9629,4.2389,3.8315,4.1798,255665,0
2016-11-09,4.0418,4.1601,3.8657,3.9432,140448,0
2016-11-10,3.9432,3.9433,3.6672,3.6967,124225,0
2016-11-11,3.6573,3.7756,3.4799,3.6573,184444,0
2016-11-14,3.6474,3.8347,3.6376,3.6672,137381,0
2016-11-15,3.5982,3.6622,3.3024,3.3517,358088,0
2016-11-16,3.3517,3.3911,3.2236,3.2334,352031,0
2016-11-17,3.2038,3.2531,2.8982,3.0264,615611,0
2016-11-18,3.1348,3.1348,2.8785,2.9968,364671,0
2016-11-21,2.9574,3.1348,2.9092,3.0757,213272,0
2016-11-22,3.125,3.2786,3.0363,3.2038,290289,0
2016-11-23,3.263,3.4403,3.263,3.3911,226065,0
2016-11-25,3.4404,3.5982,3.399,3.47,198099,0
2016-11-28,3.55,3.58,3.3,3.53,156248,0
2016-11-29,3.5,3.52,3.41,3.42,99386,0
2016-11-30,3.42,3.49,3.22,3.26,176992,0
2016-12-01,3.26,3.34,3.2,3.27,110058,0
2016-12-02,3.32,3.47,3.27,3.37,129627,0
2016-12-05,3.41,3.58,3.34,3.44,153700,0
2016-12-06,3.44,3.65,3.44,3.5,127059,0
2016-12-07,3.55,3.72,3.4801,3.55,191571,0
2016-12-08,3.53,3.68,3.49,3.6,265729,0
2016-12-09,3.6,3.76,3.52,3.65,255322,0
2016-12-12,3.62,3.7,3.6,3.6,107735,0
2016-12-13,3.6,4.07,3.59,3.95,443385,0
2016-12-14,3.9,4.14,3.71,3.78,250796,0
2016-12-15,3.7,3.7847,3.5,3.53,212251,0
2016-12-16,3.5,3.56,3.46,3.5,113869,0
2016-12-19,3.5,3.54,3.33,3.33,208049,0
2016-12-20,3.33,3.4,3.03,3.06,415536,0
2016-12-21,3.01,3.1,2.98,2.99,238661,0
2016-12-22,3,3.1,2.98,2.99,313590,0
2016-12-23,2.98,3.03,2.9001,2.97,241061,0
2016-12-27,3,3.0299,2.87,2.98,319452,0
2016-12-28,2.93,3.02,2.92,2.96,146171,0
2016-12-29,3.02,3.12,2.94,2.95,258546,0
2016-12-30,2.92,3.02,2.91,3.02,352456,0
2017-01-03,3.04,3.17,3,3.04,226893,0
2017-01-04,3.06,3.17,3.02,3.11,154921,0
2017-01-05,3.16,3.17,3.07,3.16,118196,0
2017-01-06,3.16,3.2099,3,3.01,267374,0
2017-01-09,3.02,3.09,3.02,3.025,93540,0
2017-01-10,3.02,3.06,3,3.05,168716,0
2017-01-11,3.02,3.05,3.01,3.02,62242,0
2017-01-12,3.02,3.08,2.98,3.07,133456,0
2017-01-13,3.08,3.09,3.02,3.06,112242,0
2017-01-17,3,3.1,3,3.07,97702,0
2017-01-18,3.07,3.1,3.03,3.08,138104,0
2017-01-19,3.03,3.1,3.03,3.05,46489,0
2017-01-20,3.09,3.12,3.03,3.11,111702,0
2017-01-23,3.11,3.33,3.01,3.33,207841,0
2017-01-24,3.24,3.24,3.03,3.06,300709,0
2017-01-25,3.04,3.04,2.85,2.92,349495,0
2017-01-26,2.89,2.9446,2.66,2.68,476931,0
2017-01-27,2.68,2.7768,2.63,2.72,266203,0
2017-01-30,2.7,2.75,2.55,2.59,269294,0
2017-01-31,2.59,2.59,2.1701,2.25,743608,0
2017-02-01,2.74,2.89,2.3201,2.53,830361,0
2017-02-02,2.56,2.56,2.2601,2.285,305259,0
2017-02-03,2.28,2.52,2.28,2.29,254194,0
2017-02-06,2.3,2.34,2.06,2.12,598883,0
2017-02-07,2.15,2.1699,1.8001,1.93,919973,0
2017-02-08,1.93,1.94,1.8001,1.87,279595,0
2017-02-09,1.83,1.85,1.5972,1.77,704503,0
2017-02-10,1.75,1.99,1.75,1.96,403458,0
2017-02-13,1.99,2.11,1.96,2.06,359635,0
2017-02-14,2.04,2.16,2,2.12,236967,0
2017-02-15,2.1,2.2,2.061,2.14,206196,0
2017-02-16,2.12,2.45,2.12,2.25,579011,0
2017-02-17,2.26,2.4,2.26,2.32,337011,0
2017-02-21,2.32,2.43,2.32,2.38,374591,0
2017-02-22,2.42,2.44,2.37,2.41,217694,0
2017-02-23,2.39,2.435,2.37,2.375,147380,0
2017-02-24,2.37,2.3759,2.3,2.34,128032,0
2017-02-27,2.32,2.32,2.25,2.26,168785,0
2017-02-28,2.26,2.32,2.142,2.19,193406,0
2017-03-01,2.17,2.2899,1.95,1.97,361828,0
2017-03-02,1.95,2.05,1.9101,2.03,174189,0
2017-03-03,2,2.03,1.87,1.92,247180,0
2017-03-06,1.92,1.92,1.75,1.76,290429,0
2017-03-07,1.75,1.82,1.68,1.68,304704,0
2017-03-08,2.1,2.18,1.68,1.98,1181857,0
2017-03-09,1.97,2.025,1.82,1.92,263221,0
2017-03-10,1.88,2.07,1.85,2.05,236182,0
2017-03-13,2.06,2.1,2.03,2.07,152003,0
2017-03-14,2.09,2.18,2,2.15,187952,0
2017-03-15,2.15,2.2,2,2.09,164083,0
2017-03-16,2.08,2.15,2.04,2.11,172529,0
2017-03-17,2.13,2.2,2.0635,2.2,332028,0
2017-03-20,2.17,2.38,2.15,2.35,229397,0
2017-03-21,2.33,2.4,2.26,2.39,232730,0
2017-03-22,2.39,2.4099,2.2,2.23,211475,0
2017-03-23,2.24,2.27,2.2,2.21,135732,0
2017-03-24,2.21,2.45,2.18,2.22,206201,0
2017-03-27,2.25,2.34,2.2101,2.3,92979,0
2017-03-28,2.29,2.33,2.18,2.19,209963,0
2017-03-29,2.21,2.27,2.18,2.27,99324,0
2017-03-30,2.26,2.26,2.19,2.2,173456,0
2017-03-31,2.23,2.23,1.98,1.98,808022,0
2017-04-03,1.99,2.07,1.99,2.03,148628,0
2017-04-04,2,2.19,1.95,2.09,296287,0
2017-04-05,2.1,2.1,2,2,182481,0
2017-04-06,2.01,2.01,1.91,1.91,176892,0
2017-04-07,1.94,1.9599,1.84,1.84,221753,0
2017-04-10,1.85,2.14,1.85,2.09,208989,0
2017-04-11,2.15,2.15,2.01,2.09,107270,0
2017-04-12,2.08,2.09,2,2.06,103510,0
2017-04-13,2.06,2.066,2,2.03,61070,0
2017-04-17,1.96,2.08,1.96,2.08,97767,0
2017-04-18,2.08,2.1,2.02,2.09,50499,0
2017-04-19,2.06,2.0968,2,2.06,105519,0
2017-04-20,2.06,2.08,2.06,2.08,39202,0
2017-04-21,2.05,2.09,2.03,2.05,88434,0
2017-04-24,2.05,2.1,2.03,2.09,97246,0
2017-04-25,2.07,2.1,2,2.01,182806,0
2017-04-26,2.01,2.07,2.01,2.04,58691,0
2017-04-27,2.04,2.04,2,2,103887,0
2017-04-28,2,2.05,2,2.04,106891,0
2017-05-01,2.05,2.08,2.04,2.06,113695,0
2017-05-02,2.07,2.09,2.0566,2.09,109245,0
2017-05-03,2.08,2.2,2.08,2.1,315687,0
2017-05-04,2.07,2.19,2.03,2.04,248654,0
2017-05-05,2.04,2.2,2.02,2.2,227769,0
2017-05-08,2.2,2.21,2.12,2.19,131055,0
2017-05-09,2.16,2.2,2.0921,2.18,140891,0
2017-05-10,2.21,2.28,2.15,2.18,349502,0
2017-05-11,2.18,2.22,2.16,2.21,120183,0
2017-05-12,2.24,2.35,2.2,2.33,215909,0
2017-05-15,2.32,2.4,2.2128,2.33,164140,0
2017-05-16,2.33,2.36,2.26,2.31,110601,0
2017-05-17,2.33,2.33,2.16,2.19,447529,0
2017-05-18,2.2,2.65,2.2,2.6,504515,0
2017-05-19,2.62,2.82,2.551,2.66,688123,0
2017-05-22,2.67,2.74,2.52,2.62,279911,0
2017-05-23,2.6,2.68,2.5248,2.57,85669,0
2017-05-24,2.57,2.6077,2.51,2.57,183872,0
2017-05-25,2.55,2.65,2.54,2.56,139650,0
2017-05-26,2.59,2.72,2.57,2.71,122406,0
2017-05-30,2.68,2.95,2.65,2.93,245954,0
2017-05-31,2.92,2.95,2.61,2.65,174129,0
2017-06-01,2.67,2.74,2.65,2.65,107898,0
2017-06-02,2.66,2.7,2.56,2.59,99042,0
2017-06-05,2.56,2.62,2.5,2.51,100527,0
2017-06-06,2.5,2.55,2.43,2.49,167040,0
2017-06-07,2.49,2.55,2.45,2.51,91220,0
2017-06-08,2.5,2.535,2.46,2.5,85304,0
2017-06-09,2.5,2.57,2.48,2.57,106809,0
2017-06-12,2.52,2.53,2.45,2.48,111394,0
2017-06-13,2.48,2.52,2.46,2.48,78081,0
2017-06-14,2.48,2.49,2.44,2.48,67005,0
2017-06-15,2.45,2.45,2.16,2.35,230590,0
2017-06-16,2.35,2.36,2.21,2.29,133733,0
2017-06-19,2.3,2.3399,2.21,2.28,137396,0
2017-06-20,2.27,2.3,2.16,2.22,98846,0
2017-06-21,2.24,2.27,2.19,2.23,99607,0
2017-06-22,2.25,2.26,2.17,2.22,126794,0
2017-06-23,2.25,2.25,2.19,2.24,98084,0
2017-06-26,2.24,2.32,2.16,2.22,190722,0
2017-06-27,2.26,2.3,2.2,2.24,120054,0
2017-06-28,2.22,2.27,2.21,2.22,64971,0
2017-06-29,2.25,2.38,2.23,2.36,132449,0
2017-06-30,2.36,2.4866,2.35,2.39,85380,0
2017-07-03,2.4,2.4,2.28,2.33,133458,0
2017-07-05,2.33,2.405,2.29,2.32,56828,0
2017-07-06,2.4,2.4,2.25,2.31,66601,0
2017-07-07,2.31,2.32,2.23,2.25,95443,0
2017-07-10,2.29,2.32,2.22,2.29,87670,0
2017-07-11,2.27,2.3,2.24,2.25,28578,0
2017-07-12,2.24,2.29,2.23,2.23,35066,0
2017-07-13,2.21,2.27,2.2,2.25,98306,0
2017-07-14,2.23,2.2755,2.23,2.23,63502,0
2017-07-17,2.27,2.27,2.22,2.25,51213,0
2017-07-18,2.26,2.5,2.22,2.38,305600,0
2017-07-19,2.4,2.48,2.3447,2.45,153362,0
2017-07-20,2.45,2.5393,2.32,2.51,130103,0
2017-07-21,2.5,2.53,2.43,2.52,78175,0
2017-07-24,2.49,2.52,2.46,2.5,110098,0
2017-07-25,2.52,2.57,2.5,2.53,129638,0
2017-07-26,2.55,2.69,2.54,2.64,207422,0
2017-07-27,2.6,2.635,2.6,2.6,53770,0
2017-07-28,2.61,2.64,2.54,2.57,38565,0
2017-07-31,2.53,2.599,2.52,2.54,40307,0
2017-08-01,2.52,2.55,2.43,2.46,89617,0
2017-08-02,2.46,2.53,2.32,2.33,169948,0
2017-08-03,2.3,2.4266,2.29,2.35,116739,0
2017-08-04,2.33,2.4,2.31,2.4,74867,0
2017-08-07,2.3976,2.51,2.325,2.51,69208,0
2017-08-08,2.53,2.54,2.41,2.52,60454,0
2017-08-09,2.54,2.57,2.36,2.43,146327,0
2017-08-10,2.35,2.42,2.21,2.25,347014,0
2017-08-11,2.25,2.35,2.21,2.28,126935,0
2017-08-14,2.23,2.33,2.23,2.32,39125,0
2017-08-15,2.26,2.36,2.26,2.33,76831,0
2017-08-16,2.3,2.37,2.28,2.37,42017,0
2017-08-17,2.36,2.47,2.34,2.44,80715,0
2017-08-18,2.425,2.49,2.41,2.48,71670,0
2017-08-21,2.48,2.48,2.37,2.44,61042,0
2017-08-22,2.44,2.4644,2.39,2.45,60096,0
2017-08-23,2.45,2.49,2.4,2.45,55527,0
2017-08-24,2.42,2.4468,2.36,2.44,40111,0
2017-08-25,2.4,2.42,2.37,2.39,26898,0
2017-08-28,2.38,2.39,2.31,2.38,45596,0
2017-08-29,2.33,2.4,2.3269,2.34,16393,0
2017-08-30,2.38,2.38,2.33,2.35,59173,0
2017-08-31,2.37,2.39,2.32,2.38,55242,0
2017-09-01,2.35,2.38,2.31,2.36,57695,0
2017-09-05,2.31,2.33,2.26,2.3,33279,0
2017-09-06,2.31,2.34,2.26,2.34,69908,0
2017-09-07,2.34,2.37,2.3,2.33,73526,0
2017-09-08,2.3,2.34,2.27,2.33,19890,0
2017-09-11,2.31,2.34,2.3,2.33,27211,0
2017-09-12,2.31,2.34,2.26,2.26,102901,0
2017-09-13,2.26,2.3,2.22,2.25,78722,0
2017-09-14,2.27,2.28,2.21,2.24,96354,0
2017-09-15,2.21,2.26,2.2,2.26,54259,0
2017-09-18,2.24,2.29,2.21,2.25,107180,0
2017-09-19,2.22,2.29,2.21,2.22,55168,0
2017-09-20,2.21,2.27,2.16,2.2,152803,0
2017-09-21,2.17,2.22,2.17,2.17,35154,0
2017-09-22,2.2,2.2299,2.16,2.17,74135,0
2017-09-25,2.15,2.155,2.08,2.1,160318,0
2017-09-26,2.08,2.15,2.08,2.14,99251,0
2017-09-27,2.13,2.2,2.12,2.18,104850,0
2017-09-28,2.18,2.25,2.18,2.2,128826,0
2017-09-29,2.23,2.2347,2.14,2.17,78195,0
2017-10-02,2.15,2.18,2.13,2.17,56879,0
2017-10-03,2.18,2.29,2.18,2.27,166122,0
2017-10-04,2.25,2.3,2.24,2.25,65154,0
2017-10-05,2.25,2.39,2.25,2.31,317872,0
2017-10-06,2.3,2.34,2.268,2.3,43074,0
2017-10-09,2.33,2.36,2.31,2.33,83333,0
2017-10-10,2.35,2.4,2.324,2.38,116689,0
2017-10-11,2.38,2.4,2.33,2.36,54226,0
2017-10-12,2.34,2.4,2.29,2.29,42253,0
2017-10-13,2.28,2.33,2.2,2.26,72997,0
2017-10-16,2.3,2.3779,2.27,2.31,102514,0
2017-10-17,2.28,2.3505,2.25,2.28,93576,0
2017-10-18,2.27,2.355,2.26,2.3,30008,0
2017-10-19,2.26,2.3,2.23,2.28,42478,0
2017-10-20,2.31,2.31,2.23,2.25,58078,0
2017-10-23,2.25,2.25,2.2,2.23,99302,0
2017-10-24,2.21,2.25,2.18,2.19,65653,0
2017-10-25,2.19,2.19,2.14,2.15,70564,0
2017-10-26,2.155,2.18,2.13,2.14,52284,0
2017-10-27,2.1364,2.16,2.13,2.16,49841,0
2017-10-30,2.16,2.24,2.16,2.23,130984,0
2017-10-31,2.25,2.25,2.18,2.2,57852,0
2017-11-01,2.16,2.207,2.16,2.18,45495,0
2017-11-02,2.18,2.2,2.111,2.15,86067,0
2017-11-03,2.1,2.17,2.1,2.115,105140,0
2017-11-06,2.09,2.3,2.09,2.2901,104552,0
2017-11-07,2.29,2.38,2.277,2.35,198447,0
2017-11-08,2.36,2.5,2.36,2.39,313874,0
2017-11-09,2.37,2.5353,2.37,2.49,230091,0
2017-11-10,2.5358,2.81,2.46,2.79,523770,0
