2016-01-04,14.14,14.14,13.891,14.045,4300,0
2016-01-05,14.045,14.13,14.036,14.13,4804,0
2016-01-06,14.111,14.15,14.111,14.15,5808,0
2016-01-07,14.095,14.16,14.036,14.036,5465,0
2016-01-08,14.14,14.14,13.971,13.971,10278,0
2016-01-11,13.999,13.999,13.797,13.807,5584,0
2016-01-12,13.9,13.9,13.723,13.797,17208,0
2016-01-13,13.805,13.805,13.506,13.535,20652,0
2016-01-14,13.584,13.584,13.462,13.506,4993,0
2016-01-15,13.452,13.59,13.452,13.545,3831,0
2016-01-19,13.593,13.593,13.584,13.593,3665,0
2016-01-20,13.545,13.637,13.452,13.462,9576,0
2016-01-21,13.506,13.558,13.471,13.481,6486,0
2016-01-22,13.584,13.637,13.499,13.516,6429,0
2016-01-25,13.545,13.629,13.506,13.516,4362,0
2016-01-26,13.584,13.637,13.584,13.602,5829,0
2016-01-27,13.637,13.637,13.535,13.629,20625,0
2016-01-28,13.663,13.663,13.602,13.629,11968,0
2016-01-29,13.637,13.738,13.612,13.663,19967,0
2016-02-01,13.71,13.795,13.682,13.72,10052,0
2016-02-02,13.805,13.908,13.758,13.871,10111,0
2016-02-03,13.908,13.979,13.843,13.925,14545,0
2016-02-04,13.962,13.97,13.898,13.917,5896,0
2016-02-05,13.871,13.898,13.805,13.871,12555,0
2016-02-08,13.917,13.953,13.861,13.925,16228,0
2016-02-09,13.952,14.007,13.89,13.952,8167,0
2016-02-10,13.998,14.007,13.881,13.881,7410,0
2016-02-11,13.969,14.043,13.915,13.932,6016,0
2016-02-12,13.986,13.986,13.745,13.84,13168,0
2016-02-16,13.783,13.924,13.765,13.812,9451,0
2016-02-17,13.878,13.878,13.701,13.701,1840,0
2016-02-18,13.736,13.868,13.689,13.783,7413,0
2016-02-19,13.868,13.868,13.652,13.652,11812,0
2016-02-22,13.68,13.793,13.68,13.736,3889,0
2016-02-23,13.783,13.802,13.736,13.802,8465,0
2016-02-24,13.802,13.906,13.773,13.888,6780,0
2016-02-25,13.85,13.963,13.85,13.96,4170,0
2016-02-26,14.014,14.014,13.773,13.882,9546,0
2016-02-29,13.906,13.969,13.812,13.969,3061,0
2016-03-01,14.005,14.005,13.919,13.95,6733,0
2016-03-02,13.941,13.996,13.888,13.95,9121,0
2016-03-03,13.986,14.044,13.969,14.044,3238,0
2016-03-04,13.96,13.96,13.932,13.932,1734,0
2016-03-07,14.033,14.033,13.949,13.96,3805,0
2016-03-08,14.092,14.092,13.996,14.024,3895,0
2016-03-09,14.005,14.014,13.924,14.014,5277,0
2016-03-10,13.932,13.977,13.932,13.977,1853,0
2016-03-11,14.086,14.086,13.98,14.037,2582,0
2016-03-14,14.142,14.142,14.017,14.066,1628,0
2016-03-15,14.18,14.18,14.027,14.066,1203,0
2016-03-16,14.17,14.17,14.019,14.086,7057,0
2016-03-17,14.197,14.197,14.086,14.112,5130,0
2016-03-18,14.252,14.252,14.066,14.096,4461,0
2016-03-21,14.142,14.252,14.037,14.046,2929,0
2016-03-22,14.046,14.28,14.027,14.056,4836,0
2016-03-23,14.289,14.289,14.112,14.152,12772,0
2016-03-24,14.197,14.28,14.057,14.112,7448,0
2016-03-28,14.056,14.096,14.056,14.066,1809,0
2016-03-29,14.142,14.226,14.017,14.027,3073,0
2016-03-30,14.152,14.211,14.017,14.04,3801,0
2016-03-31,14.088,14.088,13.881,13.999,5575,0
2016-04-01,14.008,14.076,13.971,13.98,5659,0
2016-04-04,14.066,14.18,14.056,14.056,4077,0
2016-04-05,14.066,14.162,14.017,14.132,12122,0
2016-04-06,14.206,14.242,14.142,14.242,10994,0
2016-04-07,14.289,14.289,14.226,14.26,5158,0
2016-04-08,14.298,14.298,14.217,14.289,11656,0
2016-04-11,14.327,14.518,14.105,14.105,4009,0
2016-04-12,14.441,14.441,14.317,14.317,5692,0
2016-04-13,14.426,14.426,14.301,14.32,5155,0
2016-04-14,14.407,14.407,14.33,14.358,4797,0
2016-04-15,14.397,14.397,14.283,14.292,9165,0
2016-04-18,14.33,14.33,14.32,14.33,894,0
2016-04-19,14.33,14.33,14.311,14.311,1669,0
2016-04-20,14.263,14.388,14.254,14.257,11666,0
2016-04-21,14.32,14.368,14.292,14.33,4568,0
2016-04-22,14.378,14.378,14.344,14.349,7552,0
2016-04-25,14.263,14.378,14.219,14.357,5701,0
2016-04-26,14.358,14.368,14.254,14.34,12221,0
2016-04-27,14.388,14.563,14.34,14.349,15769,0
2016-04-28,14.33,14.481,14.254,14.397,18376,0
2016-04-29,14.454,14.454,14.444,14.444,1085,0
2016-05-02,14.509,14.519,14.463,14.463,2886,0
2016-05-03,14.537,14.583,14.463,14.499,5076,0
2016-05-04,14.573,14.592,14.537,14.583,6727,0
2016-05-05,14.601,14.601,14.492,14.537,3489,0
2016-05-06,14.563,14.688,14.449,14.463,2556,0
2016-05-09,14.611,14.631,14.537,14.537,1628,0
2016-05-10,14.819,14.819,14.671,14.723,8719,0
2016-05-11,14.723,14.767,14.688,14.688,4300,0
2016-05-12,14.859,14.859,14.653,14.683,4276,0
2016-05-13,14.84,14.84,14.703,14.715,14796,0
2016-05-16,14.84,14.849,14.711,14.726,4757,0
2016-05-17,14.726,14.726,14.673,14.673,4578,0
2016-05-18,14.726,14.726,14.653,14.653,4866,0
2016-05-19,14.673,14.673,14.39,14.39,2420,0
2016-05-20,14.54,14.672,14.455,14.672,3458,0
2016-05-23,14.673,14.746,14.586,14.595,4712,0
2016-05-24,14.683,14.683,14.604,14.614,5616,0
2016-05-25,14.726,14.726,14.522,14.673,8653,0
2016-05-26,14.71,14.719,14.514,14.644,9723,0
2016-05-27,14.604,14.859,14.437,14.446,5582,0
2016-05-31,14.322,14.465,14.265,14.313,28777,0
2016-06-01,14.37,14.54,14.37,14.484,12091,0
2016-06-02,14.54,14.646,14.41,14.498,21773,0
2016-06-03,14.586,14.7,14.418,14.418,9700,0
2016-06-06,14.474,14.493,14.322,14.409,22908,0
2016-06-07,14.428,14.525,14.409,14.512,8908,0
2016-06-08,14.549,14.614,14.465,14.595,29460,0
2016-06-09,14.586,14.586,14.512,14.566,29875,0
2016-06-10,14.586,14.586,14.484,14.484,1835,0
2016-06-13,14.595,14.663,14.595,14.653,4441,0
2016-06-14,14.663,14.663,14.576,14.602,10460,0
2016-06-15,14.711,14.795,14.644,14.719,3685,0
2016-06-16,14.815,14.947,14.604,14.947,10309,0
2016-06-17,14.956,14.956,14.893,14.947,3996,0
2016-06-20,14.966,14.966,14.824,14.824,805,0
2016-06-21,14.917,15.191,14.824,14.966,24502,0
2016-06-22,15.088,15.088,14.956,15.002,6674,0
2016-06-23,15.069,15.105,15.012,15.012,1670,0
2016-06-24,15.124,15.124,14.958,15.012,4193,0
2016-06-27,14.86,15.219,14.86,15.082,6588,0
2016-06-28,15.305,15.305,14.727,14.747,29330,0
2016-06-29,14.898,14.966,14.898,14.898,9091,0
2016-06-30,14.993,15.162,14.917,15.079,8493,0
2016-07-01,15.079,15.079,14.878,14.878,3088,0
2016-07-05,14.985,15.073,14.888,15.069,11478,0
2016-07-06,15.335,15.335,14.868,15.142,10402,0
2016-07-07,15.239,15.276,14.993,15.168,15125,0
2016-07-08,15.266,15.408,15.162,15.162,6454,0
2016-07-11,15.266,15.332,15.21,15.249,3161,0
2016-07-12,15.388,15.435,15.296,15.435,9898,0
2016-07-13,15.398,15.398,15.02,15.03,10013,0
2016-07-14,15.02,15.02,14.725,14.832,8564,0
2016-07-15,14.858,14.858,14.803,14.835,3748,0
2016-07-18,15.001,15.314,15.001,15.266,3472,0
2016-07-19,15.314,15.314,15.182,15.275,6406,0
2016-07-20,15.304,15.304,15.001,15.019,6402,0
2016-07-21,15.068,15.114,15.062,15.096,1285,0
2016-07-22,15.141,15.151,15.133,15.133,2323,0
2016-07-25,15.248,15.248,15.078,15.088,1315,0
2016-07-26,15.2,15.445,15.161,15.161,4433,0
2016-07-27,15.285,15.426,15.171,15.228,6482,0
2016-07-28,15.295,15.473,15.19,15.19,5918,0
2016-07-29,15.18,15.229,14.866,14.923,18777,0
2016-08-01,14.915,15.114,14.915,14.945,4654,0
2016-08-02,15.001,15.161,14.886,14.888,3632,0
2016-08-03,15.02,15.151,14.839,14.858,13043,0
2016-08-04,14.925,15.209,14.804,14.832,3372,0
2016-08-05,14.822,15.001,14.784,14.964,12159,0
2016-08-08,14.983,15.2,14.813,15.02,12041,0
2016-08-09,14.991,15.228,14.954,15.209,2636,0
2016-08-10,15.151,15.151,14.793,14.876,16950,0
2016-08-11,14.925,15.115,14.925,15.001,7125,0
2016-08-12,14.991,14.991,14.925,14.925,1981,0
2016-08-15,15.01,15.124,15.01,15.12,2454,0
2016-08-16,15.134,15.142,15.01,15.097,2443,0
2016-08-17,15.142,15.142,15.025,15.03,15184,0
2016-08-18,14.964,15.485,14.935,15.315,11230,0
2016-08-19,15.325,15.325,15.142,15.142,2391,0
2016-08-22,15.219,15.234,15.03,15.03,12433,0
2016-08-23,15.001,15.134,15.001,15.02,6761,0
2016-08-24,14.973,15.142,14.945,15.068,9247,0
2016-08-25,15.097,15.097,14.813,14.813,11142,0
2016-08-26,14.813,14.876,14.716,14.716,12390,0
2016-08-29,14.773,14.773,14.716,14.716,6426,0
2016-08-30,14.744,14.832,14.669,14.688,5167,0
2016-08-31,14.659,14.896,14.659,14.866,13424,0
2016-09-01,14.848,15.01,14.734,14.744,9290,0
2016-09-02,14.744,14.964,14.744,14.915,8619,0
2016-09-06,14.925,14.945,14.803,14.886,7751,0
2016-09-07,14.925,15.001,14.716,14.991,8524,0
2016-09-08,14.954,15.001,14.773,14.796,22332,0
2016-09-09,14.896,14.896,14.716,14.734,1875,0
2016-09-12,14.915,15.01,14.63,14.925,20432,0
2016-09-13,14.866,14.866,14.487,14.487,7639,0
2016-09-14,14.743,14.743,14.221,14.526,41615,0
2016-09-15,14.516,14.526,14.458,14.526,2216,0
2016-09-16,14.545,14.545,14.421,14.421,2733,0
2016-09-19,14.487,14.487,14.381,14.411,2896,0
2016-09-20,14.506,14.526,14.381,14.436,5869,0
2016-09-21,14.526,14.639,14.401,14.526,20416,0
2016-09-22,14.553,14.658,14.545,14.599,3562,0
2016-09-23,14.688,14.812,14.599,14.619,13441,0
2016-09-26,14.629,14.733,14.629,14.733,8040,0
2016-09-27,14.831,14.831,14.639,14.668,5981,0
2016-09-28,14.733,14.858,14.678,14.748,2166,0
2016-09-29,14.866,14.866,14.688,14.706,5078,0
2016-09-30,14.678,14.678,14.678,14.678,566,0
2016-10-03,14.696,14.696,14.649,14.696,6073,0
2016-10-04,14.715,14.715,14.487,14.513,5768,0
2016-10-05,14.553,14.553,14.43,14.435,2188,0
2016-10-06,14.449,14.688,14.449,14.688,2524,0
2016-10-07,14.678,14.678,14.411,14.619,5253,0
2016-10-10,14.678,14.678,14.487,14.492,2916,0
2016-10-11,14.545,14.545,14.276,14.343,5955,0
2016-10-12,14.391,14.391,14.114,14.114,5113,0
2016-10-13,14.191,14.191,13.932,13.961,11375,0
2016-10-14,14.007,14.045,13.866,13.886,8692,0
2016-10-17,13.876,13.876,13.599,13.599,1603,0
2016-10-18,13.769,13.886,13.599,13.683,41953,0
2016-10-19,13.798,13.979,13.797,13.924,12813,0
2016-10-20,13.97,13.98,13.895,13.979,7035,0
2016-10-21,14.055,14.105,14.004,14.065,5155,0
2016-10-24,14.134,14.343,14.045,14.343,13671,0
2016-10-25,14.304,14.304,14.182,14.286,800,0
2016-10-26,14.286,14.286,14.116,14.229,2826,0
2016-10-27,14.095,14.095,13.961,14.045,6206,0
2016-10-28,14.154,14.154,13.97,13.97,1436,0
2016-10-31,14.105,14.105,13.932,14.075,2836,0
2016-11-01,14.045,14.045,13.855,13.914,2365,0
2016-11-02,13.895,14.036,13.895,13.914,1807,0
2016-11-03,13.961,13.961,13.866,13.866,2951,0
2016-11-04,13.857,14.114,13.857,13.998,751,0
2016-11-07,14.045,14.333,14.045,14.21,11027,0
2016-11-08,14.286,14.323,14.065,14.256,2038,0
2016-11-09,14.191,14.191,14.055,14.055,5900,0
2016-11-10,14.036,14.036,13.548,13.548,29773,0
2016-11-11,13.597,13.597,13.49,13.568,1513,0
2016-11-14,13.634,13.739,13.231,13.433,7880,0
2016-11-15,13.068,13.408,13.068,13.317,15251,0
2016-11-16,13.403,13.409,13.24,13.24,11623,0
2016-11-17,13.249,13.249,13.019,13.128,12808,0
2016-11-18,13.24,13.24,13.029,13.074,7281,0
2016-11-21,13.135,13.135,13.078,13.098,5747,0
2016-11-22,13.193,13.27,13.078,13.222,18332,0
2016-11-23,13.289,13.289,13.019,13.193,21221,0
2016-11-25,12.885,13.279,12.885,13.009,7367,0
2016-11-28,13.068,13.299,12.924,12.943,18248,0
2016-11-29,13.049,13.068,12.953,12.981,25255,0
2016-11-30,12.809,12.981,12.8,12.933,31705,0
2016-12-01,12.933,12.962,12.732,12.904,21264,0
2016-12-02,12.849,12.943,12.751,12.904,11871,0
2016-12-05,12.849,12.981,12.81,12.933,9795,0
2016-12-06,12.829,13.039,12.829,12.933,30003,0
2016-12-07,12.962,13.249,12.962,13.145,25522,0
2016-12-08,13.074,13.17,12.976,12.986,99067,0
2016-12-09,12.948,13.025,12.9,12.995,37375,0
2016-12-12,13.005,13.03,12.912,13.03,61013,0
2016-12-13,12.976,13.065,12.976,13.045,17118,0
2016-12-14,13.132,13.132,13.035,13.055,20310,0
2016-12-15,13.005,13.025,12.957,12.966,24088,0
2016-12-16,12.948,13.045,12.9,12.968,28713,0
2016-12-19,13.005,13.074,12.995,13.074,19944,0
2016-12-20,13.005,13.055,12.966,13.055,9256,0
2016-12-21,12.966,13.114,12.966,13.084,11065,0
2016-12-22,13.094,13.104,13.088,13.104,11503,0
2016-12-23,13.124,13.124,13.104,13.119,3865,0
2016-12-27,13.142,13.508,13.055,13.124,14107,0
2016-12-28,13.219,13.219,12.909,13.074,181980,0
2016-12-29,13.084,13.136,12.957,13.065,55424,0
2016-12-30,13.035,13.257,13.035,13.124,33155,0
2017-01-03,13.094,13.253,13.035,13.132,7823,0
2017-01-04,13.17,13.185,13.152,13.152,7526,0
2017-01-05,13.161,13.247,13.161,13.247,12027,0
2017-01-06,13.161,13.247,13.142,13.17,7210,0
2017-01-09,13.18,13.277,13.175,13.247,18522,0
2017-01-10,13.297,13.297,13.19,13.247,40162,0
2017-01-11,13.219,13.228,13.19,13.228,10199,0
2017-01-12,13.257,13.287,13.257,13.277,5339,0
2017-01-13,13.267,13.274,13.228,13.237,8868,0
2017-01-17,13.306,13.347,13.257,13.315,18185,0
2017-01-18,13.364,13.364,13.219,13.297,3307,0
2017-01-19,13.297,13.297,13.18,13.199,6076,0
2017-01-20,13.237,13.237,13.113,13.123,17428,0
2017-01-23,13.151,13.228,13.151,13.209,8134,0
2017-01-24,13.237,13.237,13.123,13.141,16504,0
2017-01-25,13.151,13.153,13.093,13.113,17083,0
2017-01-26,13.141,13.148,13.113,13.146,5344,0
2017-01-27,13.17,13.19,13.151,13.19,2464,0
2017-01-30,13.141,13.209,13.123,13.151,20326,0
2017-01-31,13.141,13.247,13.141,13.209,8533,0
2017-02-01,13.287,13.287,13.19,13.232,5753,0
2017-02-02,13.297,13.297,13.257,13.257,3886,0
2017-02-03,13.297,13.297,13.237,13.257,5715,0
2017-02-06,13.287,13.297,13.199,13.228,39005,0
2017-02-07,13.267,13.287,13.228,13.257,5082,0
2017-02-08,13.297,13.297,13.247,13.247,20438,0
2017-02-09,13.267,13.267,13.209,13.219,23537,0
2017-02-10,13.228,13.237,13.199,13.209,10940,0
2017-02-13,13.325,13.325,13.17,13.228,18918,0
2017-02-14,13.17,13.325,13.141,13.267,36710,0
2017-02-15,13.228,13.237,13.17,13.17,14403,0
2017-02-16,13.19,13.228,13.112,13.112,25654,0
2017-02-17,13.131,13.158,13.122,13.131,6155,0
2017-02-21,13.122,13.18,13.122,13.151,2332,0
2017-02-22,13.17,13.18,13.102,13.18,11369,0
2017-02-23,13.17,13.18,13.131,13.17,11500,0
2017-02-24,13.17,13.267,13.17,13.228,13210,0
2017-02-27,13.151,13.297,13.141,13.267,17571,0
2017-02-28,13.209,13.393,13.209,13.393,14780,0
2017-03-01,13.325,13.325,13.237,13.297,25386,0
2017-03-02,13.344,13.344,13.202,13.202,7588,0
2017-03-03,13.228,13.344,13.122,13.17,9151,0
2017-03-06,13.228,13.297,13.092,13.16,6891,0
2017-03-07,13.112,13.237,13.092,13.122,18071,0
2017-03-08,13.082,13.151,13.013,13.063,7933,0
2017-03-09,12.993,13.018,12.917,12.936,14437,0
2017-03-10,12.936,12.984,12.868,12.946,15791,0
2017-03-13,12.917,12.993,12.897,12.946,10094,0
2017-03-14,12.926,12.941,12.887,12.926,9057,0
2017-03-15,12.936,13.072,12.917,13.072,19948,0
2017-03-16,13.082,13.132,13.031,13.102,22798,0
2017-03-17,13.053,13.072,13.053,13.072,1874,0
2017-03-20,13.132,13.132,13.102,13.102,3338,0
2017-03-21,12.984,13.132,12.984,13.132,2654,0
2017-03-22,13.122,13.229,13.122,13.161,16990,0
2017-03-23,13.142,13.2,13.112,13.191,3636,0
2017-03-24,13.181,13.22,13.181,13.191,788,0
2017-03-27,13.307,13.307,13.161,13.22,11534,0
2017-03-28,13.238,13.238,13.181,13.21,4391,0
2017-03-29,13.22,13.298,13.215,13.278,20240,0
2017-03-30,13.238,13.316,13.22,13.288,21747,0
2017-03-31,13.298,13.445,13.298,13.445,14846,0
2017-04-03,13.435,13.435,13.395,13.425,6227,0
2017-04-04,13.435,13.455,13.405,13.449,9523,0
2017-04-05,13.474,13.503,13.435,13.474,1105,0
2017-04-06,13.522,13.532,13.455,13.484,6144,0
2017-04-07,13.601,13.619,13.494,13.512,12930,0
2017-04-10,13.552,13.619,13.494,13.552,4829,0
2017-04-11,13.503,13.629,13.503,13.611,4633,0
2017-04-12,13.611,13.629,13.601,13.629,9989,0
2017-04-13,13.601,13.602,13.601,13.602,350,0
2017-04-17,13.582,13.678,13.581,13.668,14506,0
2017-04-18,13.668,13.718,13.658,13.678,7775,0
2017-04-19,13.678,13.688,13.661,13.663,2719,0
2017-04-20,13.698,13.768,13.629,13.738,15791,0
2017-04-21,13.777,13.777,13.601,13.601,5945,0
2017-04-24,13.629,13.629,13.595,13.601,3449,0
2017-04-25,13.619,13.619,13.532,13.532,3590,0
2017-04-26,13.591,13.591,13.542,13.571,2289,0
2017-04-27,13.542,13.573,13.542,13.572,14574,0
2017-04-28,13.542,13.542,13.503,13.532,4647,0
2017-05-01,13.562,13.601,13.503,13.512,8594,0
2017-05-02,13.562,13.562,13.512,13.512,2449,0
2017-05-03,13.552,13.738,13.522,13.542,9932,0
2017-05-04,13.562,13.639,13.503,13.522,3918,0
2017-05-05,13.591,13.619,13.512,13.522,4931,0
2017-05-08,13.678,13.678,13.464,13.562,20203,0
2017-05-09,13.619,13.619,13.572,13.572,10110,0
2017-05-10,13.619,13.619,13.572,13.582,8729,0
2017-05-11,13.629,13.629,13.572,13.572,2494,0
2017-05-12,13.768,13.768,13.611,13.639,8681,0
2017-05-15,13.64,13.688,13.601,13.688,10959,0
2017-05-16,13.639,13.688,13.639,13.65,1427,0
2017-05-17,13.728,13.738,13.7,13.737,2519,0
2017-05-18,13.718,13.718,13.698,13.698,1567,0
2017-05-19,13.678,13.688,13.417,13.552,13392,0
2017-05-22,13.532,13.601,13.512,13.562,16320,0
2017-05-23,13.591,13.611,13.532,13.591,11902,0
2017-05-24,13.639,13.649,13.587,13.649,6972,0
2017-05-25,13.572,13.611,13.572,13.582,7565,0
2017-05-26,13.542,13.619,13.542,13.611,5808,0
2017-05-30,13.678,13.678,13.572,13.61,5723,0
2017-05-31,13.808,13.828,13.649,13.668,8386,0
2017-06-01,13.758,13.758,13.668,13.708,3951,0
2017-06-02,13.818,13.818,13.678,13.748,16366,0
2017-06-05,13.678,13.818,13.678,13.708,4030,0
2017-06-06,13.688,13.808,13.688,13.708,13570,0
2017-06-07,13.698,13.768,13.698,13.708,3633,0
2017-06-08,13.748,13.808,13.668,13.728,4056,0
2017-06-09,13.668,13.688,13.659,13.668,4307,0
2017-06-12,13.688,13.751,13.658,13.697,20800,0
2017-06-13,13.728,13.768,13.663,13.748,9185,0
2017-06-14,13.748,13.778,13.688,13.708,23662,0
2017-06-15,13.698,13.698,13.639,13.698,13818,0
2017-06-16,13.718,13.758,13.697,13.728,10410,0
2017-06-19,13.768,13.788,13.728,13.788,5940,0
2017-06-20,13.798,13.803,13.701,13.788,11310,0
2017-06-21,13.788,13.828,13.738,13.798,4661,0
2017-06-22,13.857,13.857,13.818,13.818,1884,0
2017-06-23,13.818,13.832,13.771,13.771,1219,0
2017-06-26,13.818,13.838,13.768,13.798,4330,0
2017-06-27,13.758,14.056,13.747,13.955,92683,0
2017-06-28,13.897,13.926,13.897,13.926,10003,0
2017-06-29,13.985,13.985,13.798,13.838,5441,0
2017-06-30,13.867,13.867,13.758,13.838,5648,0
2017-07-03,13.867,14.074,13.867,13.897,5221,0
2017-07-05,13.917,13.926,13.778,13.877,21661,0
2017-07-06,13.926,13.926,13.758,13.758,6918,0
2017-07-07,13.867,13.877,13.678,13.688,6468,0
2017-07-10,13.708,13.838,13.708,13.788,19106,0
2017-07-11,13.708,13.828,13.708,13.828,9113,0
2017-07-12,13.778,13.846,13.778,13.833,2731,0
2017-07-13,13.718,13.838,13.718,13.818,19829,0
2017-07-14,13.738,13.877,13.738,13.848,4868,0
2017-07-17,13.897,13.897,13.788,13.798,4362,0
2017-07-18,13.838,13.917,13.8,13.907,4330,0
2017-07-19,13.917,13.917,13.877,13.907,5105,0
2017-07-20,13.907,13.907,13.877,13.877,5360,0
2017-07-21,13.917,13.917,13.818,13.818,15639,0
2017-07-24,13.975,13.975,13.808,13.867,8519,0
2017-07-25,13.945,13.945,13.851,13.881,13273,0
2017-07-26,13.926,13.926,13.853,13.926,6924,0
2017-07-27,13.955,13.955,13.866,13.897,2211,0
2017-07-28,13.897,13.977,13.897,13.965,3876,0
2017-07-31,13.975,13.975,13.945,13.965,5953,0
2017-08-01,13.887,14.025,13.887,13.936,12563,0
2017-08-02,14.005,14.045,13.985,14.025,22648,0
2017-08-03,14.035,14.125,13.975,14.085,3982,0
2017-08-04,14.035,14.056,13.945,13.955,17983,0
2017-08-07,14.322,14.322,14.045,14.065,29158,0
2017-08-08,13.985,14.175,13.985,14.032,5340,0
2017-08-09,14.065,14.115,13.999,14.025,7177,0
2017-08-10,13.985,14.028,13.917,13.926,8806,0
2017-08-11,14.08,14.08,13.849,13.931,5469,0
2017-08-14,13.98,13.98,13.881,13.921,8264,0
2017-08-15,13.911,13.95,13.911,13.941,5339,0
2017-08-16,13.95,13.97,13.941,13.941,5432,0
2017-08-17,13.941,13.941,13.861,13.891,3633,0
2017-08-18,13.921,13.98,13.861,13.881,5062,0
2017-08-21,13.97,14.06,13.97,13.97,11295,0
2017-08-22,13.96,13.99,13.871,13.871,13990,0
2017-08-23,13.871,14.09,13.861,14.017,23544,0
2017-08-24,13.98,13.98,13.891,13.891,11747,0
2017-08-25,13.861,13.96,13.861,13.95,7624,0
2017-08-28,14.02,14.04,13.937,14.02,8139,0
2017-08-29,14.08,14.153,14.07,14.153,17033,0
2017-08-30,14.2,14.2,14.07,14.14,4066,0
2017-08-31,14.14,14.14,14.05,14.08,4077,0
2017-09-01,14.13,14.13,13.96,13.97,9868,0
2017-09-05,14.07,14.09,13.992,14.08,1405,0
2017-09-06,13.98,14.08,13.921,14.02,13838,0
2017-09-07,14.07,14.08,14.05,14.08,4935,0
2017-09-08,14.07,14.088,14.038,14.07,7129,0
2017-09-11,14.08,14.087,14.05,14.05,968,0
2017-09-12,13.98,14.052,13.97,13.98,9382,0
2017-09-13,14,14.059,13.99,14.03,4124,0
2017-09-14,14.08,14.08,13.96,13.994,2451,0
2017-09-15,14.03,14.05,13.96,14.03,8095,0
2017-09-18,14.05,14.08,14.01,14.03,658,0
2017-09-19,13.99,14.013,13.936,13.96,16661,0
2017-09-20,13.98,14,13.911,13.921,12540,0
2017-09-21,13.942,14.01,13.942,13.98,8275,0
2017-09-22,14,14,13.979,14,5960,0
2017-09-25,14,14,13.901,14,1487,0
2017-09-26,13.99,14.01,13.99,13.992,2494,0
2017-09-27,13.97,13.98,13.861,13.871,6555,0
2017-09-28,13.851,13.921,13.851,13.88,6789,0
2017-09-29,14,14,13.871,13.95,6152,0
2017-10-02,13.911,14.01,13.911,14.01,9240,0
2017-10-03,14,14.03,14,14.03,7340,0
2017-10-04,14.02,14.02,13.96,13.97,17475,0
2017-10-05,14.03,14.05,14.02,14.02,646,0
2017-10-06,14.07,14.07,13.98,14.03,1188,0
2017-10-09,13.96,14.06,13.96,14.06,1883,0
2017-10-10,14.054,14.09,14.05,14.09,5430,0
2017-10-11,14.09,14.118,14.09,14.09,903,0
2017-10-12,14.1,14.17,14.09,14.12,5924,0
2017-10-13,14.14,14.1992,14.1,14.1992,2121,0
2017-10-16,14.43,14.43,14.11,14.1836,11469,0
2017-10-17,14.13,14.28,14.08,14.22,6578,0
2017-10-18,14.14,14.14,14.1,14.1,2671,0
2017-10-19,14.2,14.2,14.08,14.1,5846,0
2017-10-20,14.05,14.05,14.05,14.05,176,0
2017-10-23,14,14,14,14,305,0
2017-10-24,14.04,14.04,13.94,13.94,3256,0
2017-10-25,13.97,13.97,13.85,13.87,8935,0
2017-10-26,13.82,13.88,13.8,13.88,4888,0
2017-10-27,13.76,13.8,13.73,13.76,3266,0
2017-10-30,13.76,13.76,13.75,13.76,1211,0
2017-10-31,13.74,13.77,13.74,13.77,1705,0
2017-11-01,13.73,13.77,13.73,13.77,3398,0
2017-11-02,13.75,13.77,13.71,13.76,3959,0
2017-11-03,13.7,13.81,13.7,13.8,1035,0
2017-11-06,13.8,13.8,13.7699,13.79,1737,0
2017-11-07,13.74,13.8,13.74,13.8,1251,0
2017-11-08,13.7,13.83,13.7,13.83,2664,0
2017-11-09,13.83,13.83,13.8,13.8,334,0
2017-11-10,13.79,13.79,13.75,13.75,738,0
