2016-01-04,12.78,12.89,12.58,12.77,2348704,0
2016-01-05,12.68,12.8556,12.185,12.4,1807611,0
2016-01-06,12.12,12.185,11.85,12,1693491,0
2016-01-07,11.85,11.965,11.59,11.69,1650017,0
2016-01-08,11.75,11.79,11.25,11.38,1297502,0
2016-01-11,11.39,11.44,10.74,11.14,1812092,0
2016-01-12,11.32,11.39,10.675,11.15,1518983,0
2016-01-13,11.21,11.38,10.71,10.72,1892391,0
2016-01-14,10.82,10.98,10.255,10.79,2127027,0
2016-01-15,10.39,10.54,10.015,10.27,2563130,0
2016-01-19,10.42,10.58,9.58,9.84,3096200,0
2016-01-20,9.6,9.7,9.03,9.52,4290308,0
2016-01-21,9.46,9.66,9.11,9.42,3856062,0
2016-01-22,9.78,10.12,9.69,10.1,2075752,0
2016-01-25,9.9,10.18,9.58,9.64,2051650,0
2016-01-26,9.87,10.11,9.72,10.06,1729691,0
2016-01-27,9.99,10.22,9.66,9.78,2296880,0
2016-01-28,10.28,10.29,9.715,9.75,1512291,0
2016-01-29,9.8,10.23,9.69,10.05,3121734,0
2016-02-01,9.81,9.965,9.5,9.73,2238641,0
2016-02-02,9.49,9.56,8.96,8.99,2520049,0
2016-02-03,9.18,9.5,8.97,9.48,2714010,0
2016-02-04,9.57,10.49,9.57,10.46,2312016,0
2016-02-05,10.38,10.88,10.22,10.32,2932020,0
2016-02-08,10.08,10.1795,9.55,9.82,1740766,0
2016-02-09,9.65,9.73,9.1,9.35,2020807,0
2016-02-10,9.32,9.44,8.755,8.86,2596072,0
2016-02-11,8.61,8.895,8.5,8.71,2267051,0
2016-02-12,8.88,9.06,8.705,8.94,2378690,0
2016-02-16,9.15,9.36,8.93,9.15,2217728,0
2016-02-17,9.27,9.61,8.99,9.57,2385231,0
2016-02-18,9.75,9.795,9.1125,9.41,2327870,0
2016-02-19,9.25,9.4,8.94,9.12,1684323,0
2016-02-22,9.41,9.54,9.29,9.38,1914873,0
2016-02-23,9.6,11.88,9.58,10.49,7465760,0
2016-02-24,10.21,11.065,9.96,11.01,3418775,0
2016-02-25,10.62,11.6,10.56,11.33,5133076,0
2016-02-26,11.55,11.97,11.48,11.6,2511665,0
2016-02-29,11.68,12.21,11.6,11.95,2864125,0
2016-03-01,12.08,12.66,11.89,12.55,2264594,0
2016-03-02,12.48,12.95,12.38,12.94,1930977,0
2016-03-03,12.88,13.67,12.88,13.4,1920674,0
2016-03-04,13.56,14.19,13.4,13.74,2594170,0
2016-03-07,13.7,14.9,13.66,14.89,3384861,0
2016-03-08,14.65,14.8,14.065,14.46,2866226,0
2016-03-09,14.7,14.99,14.48,14.95,3208129,0
2016-03-10,14.91,15.06,14.52,14.62,2596134,0
2016-03-11,14.91,15.14,14.77,14.81,2778985,0
2016-03-14,14.54,14.62,14.07,14.25,2244901,0
2016-03-15,14.07,14.11,13.43,13.57,2722746,0
2016-03-16,13.63,13.9,13.57,13.76,3045916,0
2016-03-17,13.82,14.26,13.72,14.07,2436160,0
2016-03-18,14.14,14.22,13.62,13.76,1993629,0
2016-03-21,13.75,14.05,13.68,13.77,1944324,0
2016-03-22,13.6,13.8,13.29,13.34,1761360,0
2016-03-23,13.23,13.34,12.88,13,1612115,0
2016-03-24,12.74,13.285,12.61,13.18,1609402,0
2016-03-28,13.23,13.29,12.975,13.16,1270788,0
2016-03-29,13,13.42,12.8801,13.31,1552531,0
2016-03-30,13.54,13.66,13.08,13.24,1088894,0
2016-03-31,13.13,13.33,12.96,13.14,1184839,0
2016-04-01,12.86,13.23,12.83,13.08,1189208,0
2016-04-04,13.08,13.35,12.65,12.9,1961336,0
2016-04-05,12.76,13.14,12.7,12.9,1450114,0
2016-04-06,13.01,13.17,12.67,13.02,1130276,0
2016-04-07,12.93,13.27,12.82,12.98,1338978,0
2016-04-08,13.27,13.68,13.19,13.34,1411463,0
2016-04-11,13.55,13.68,13.35,13.37,994745,0
2016-04-12,13.37,13.735,13.21,13.59,1044042,0
2016-04-13,13.63,13.83,13.43,13.72,927216,0
2016-04-14,13.76,13.92,13.44,13.67,812053,0
2016-04-15,13.58,13.82,13.29,13.75,787749,0
2016-04-18,13.4,14.04,13.4,13.91,817839,0
2016-04-19,14.04,14.27,13.95,14.12,948143,0
2016-04-20,13.99,14.35,13.99,14.07,896884,0
2016-04-21,14.03,14.29,13.85,13.93,851929,0
2016-04-22,13.93,14.46,13.86,14.27,1006353,0
2016-04-25,14.22,14.26,13.48,13.67,1767536,0
2016-04-26,13.79,13.79,13.43,13.59,1833214,0
2016-04-27,13.71,14.225,13.64,14.07,1842696,0
2016-04-28,13.95,14.17,13.6,13.62,1592343,0
2016-04-29,13.72,14.16,13.655,13.98,1808994,0
2016-05-02,14.01,14.35,13.83,14.27,2261679,0
2016-05-03,13.93,14.92,13.37,14.14,3125461,0
2016-05-04,14.16,14.3,13.98,14.12,1913384,0
2016-05-05,14.39,14.44,13.87,14.02,1622285,0
2016-05-06,13.88,14.33,13.88,14.05,1344474,0
2016-05-09,13.92,13.93,13.17,13.17,1351869,0
2016-05-10,13.21,13.785,13.15,13.51,1342932,0
2016-05-11,13.57,14.24,13.42,13.9,1479033,0
2016-05-12,14.1,14.26,13.8,14.07,1262375,0
2016-05-13,14.05,14.13,13.57,13.64,992715,0
2016-05-16,13.82,14.28,13.69,14.11,1197729,0
2016-05-17,14.08,14.47,13.94,14.02,1466638,0
2016-05-18,13.91,14.12,13.46,13.54,1116877,0
2016-05-19,13.37,13.44,12.93,13.15,1615397,0
2016-05-20,13.24,13.53,13.19,13.47,1180915,0
2016-05-23,13.39,13.65,13.31,13.52,1070368,0
2016-05-24,13.64,13.64,13.39,13.55,1124555,0
2016-05-25,13.64,14.18,13.57,14.16,1168036,0
2016-05-26,14.27,14.54,13.88,13.9,1129911,0
2016-05-27,13.87,13.94,13.6475,13.85,800893,0
2016-05-31,13.93,14.33,13.88,14.19,885204,0
2016-06-01,13.97,13.97,13.465,13.64,1279712,0
2016-06-02,13.49,13.55,13.3,13.53,746543,0
2016-06-03,13.57,13.71,13.36,13.65,825239,0
2016-06-06,13.79,14.56,13.7,14.48,1448020,0
2016-06-07,14.49,14.93,14.49,14.81,1023082,0
2016-06-08,14.98,15.34,14.83,15.1,1215118,0
2016-06-09,14.93,15.11,14.81,15.02,1607852,0
2016-06-10,14.78,14.87,14.18,14.27,1385035,0
2016-06-13,14.15,14.19,13.95,14.02,989773,0
2016-06-14,13.94,14.09,13.555,13.8,751850,0
2016-06-15,13.79,14.13,13.58,13.9,1206120,0
2016-06-16,13.8,13.82,13.34,13.6,957610,0
2016-06-17,13.73,14.14,13.66,14.04,1639507,0
2016-06-20,14.25,14.89,14.14,14.76,1366155,0
2016-06-21,14.7,14.895,14.53,14.83,855877,0
2016-06-22,14.9,15.115,14.67,14.76,1115811,0
2016-06-23,14.99,15.34,14.87,15.34,943815,0
2016-06-24,14.6,14.7,13.955,14.02,1736959,0
2016-06-27,13.76,13.87,13.075,13.09,1221775,0
2016-06-28,13.37,13.43,12.99,13.22,1101159,0
2016-06-29,13.43,13.72,13.28,13.61,932522,0
2016-06-30,13.6,14.21,13.5,14.21,1262763,0
2016-07-01,14.16,14.56,14.12,14.37,1315707,0
2016-07-05,14.03,14.18,13.36,13.55,666183,0
2016-07-06,13.43,13.73,13.33,13.69,579765,0
2016-07-07,13.81,14.09,13.45,13.61,826852,0
2016-07-08,13.79,14.17,13.73,14.02,636902,0
2016-07-11,14.11,14.33,14.11,14.11,958000,0
2016-07-12,14.45,14.55,14.25,14.5,1195458,0
2016-07-13,14.56,14.58,14.04,14.25,917768,0
2016-07-14,14.44,14.63,14.32,14.39,523526,0
2016-07-15,14.52,14.52,14.345,14.38,491411,0
2016-07-18,14.29,14.37,14.09,14.21,746646,0
2016-07-19,14.1,14.13,13.65,13.68,611717,0
2016-07-20,13.61,13.61,13.21,13.51,1011627,0
2016-07-21,13.53,13.72,13.18,13.22,956147,0
2016-07-22,13.22,13.25,12.84,13.25,877939,0
2016-07-25,13.14,13.14,12.83,12.86,751480,0
2016-07-26,12.87,13.15,12.81,13.01,1340095,0
2016-07-27,13.06,13.28,12.83,12.93,700882,0
2016-07-28,12.93,13.07,12.73,12.91,686152,0
2016-07-29,12.83,13.28,12.6801,13.23,1047453,0
2016-08-01,13.13,13.13,12.64,12.71,1175326,0
2016-08-02,12.78,12.89,12.215,12.49,1121948,0
2016-08-03,11.5,13.72,11.5,13.56,1970435,0
2016-08-04,13.57,14.05,13.57,13.62,1350164,0
2016-08-05,13.7,14.35,13.591,14.29,1683079,0
2016-08-08,14.35,14.85,14.33,14.59,1371194,0
2016-08-09,14.59,14.82,14.59,14.75,1443670,0
2016-08-10,14.78,14.94,14.62,14.81,1541285,0
2016-08-11,14.88,15.1,14.8,14.84,1360953,0
2016-08-12,14.84,15.04,14.68,14.87,658410,0
2016-08-15,14.95,15.27,14.92,15.05,734023,0
2016-08-16,14.98,15.06,14.83,14.88,749808,0
2016-08-17,14.86,15.02,14.64,14.92,675134,0
2016-08-18,15.04,15.45,15.02,15.43,1034033,0
2016-08-19,15.37,15.39,15.13,15.24,1140077,0
2016-08-22,15.06,15.26,14.92,15.17,873705,0
2016-08-23,15.22,15.445,15.09,15.35,418784,0
2016-08-24,15.25,15.37,14.94,14.95,521164,0
2016-08-25,14.89,15.22,14.89,15.01,785080,0
2016-08-26,15.04,15.34,14.88,15.06,663668,0
2016-08-29,15.05,15.48,15.05,15.25,484726,0
2016-08-30,15.23,15.48,14.89,15.03,685062,0
2016-08-31,14.95,15.08,14.58,14.67,816640,0
2016-09-01,14.62,14.66,14.08,14.2,1116104,0
2016-09-02,14.38,14.54,14.09,14.13,848187,0
2016-09-06,14.16,14.21,13.94,14.14,912672,0
2016-09-07,14.09,14.525,14.01,14.52,1136714,0
2016-09-08,14.62,15.59,14.62,15.41,1766585,0
2016-09-09,15.16,15.25,14.6,14.61,1383675,0
2016-09-12,14.22,14.84,13.5001,14.78,1308461,0
2016-09-13,14.48,14.64,14.03,14.24,1249007,0
2016-09-14,14.26,14.34,13.96,14.14,637231,0
2016-09-15,14.2,14.34,14.1,14.27,1076474,0
2016-09-16,14.04,14.29,13.95,14.26,1560659,0
2016-09-19,14.58,14.71,14.17,14.37,1211050,0
2016-09-20,14.33,14.335,13.93,14.01,1169440,0
2016-09-21,14.16,14.46,13.91,14.32,1929544,0
2016-09-22,14.67,14.805,14.52,14.62,631989,0
2016-09-23,14.47,14.76,14.225,14.54,611682,0
2016-09-26,14.54,14.745,14.43,14.52,571474,0
2016-09-27,14.35,14.47,14.25,14.39,614500,0
2016-09-28,14.48,15.13,14.47,15.11,921197,0
2016-09-29,15.18,16.31,15.16,16.06,2572573,0
2016-09-30,16.17,16.5,15.98,16.43,1141511,0
2016-10-03,16.41,16.515,16.14,16.43,957415,0
2016-10-04,16.38,16.68,16.36,16.46,1010867,0
2016-10-05,16.67,17.11,16.6,16.92,1140143,0
2016-10-06,16.94,16.99,16.63,16.88,923580,0
2016-10-07,16.91,16.92,16.46,16.67,1183710,0
2016-10-10,16.86,17.1,16.71,16.75,1888554,0
2016-10-11,16.67,16.67,16.27,16.43,1036607,0
2016-10-12,16.39,16.44,16.02,16.04,946410,0
2016-10-13,15.86,16.01,15.68,15.88,1081576,0
2016-10-14,15.99,16.36,15.99,16.13,1150068,0
2016-10-17,16.18,16.24,15.89,15.9,924581,0
2016-10-18,16.14,16.18,15.82,15.91,584442,0
2016-10-19,16,16.23,15.81,16.18,1396076,0
2016-10-20,16.03,16.09,15.92,15.97,1269500,0
2016-10-21,15.77,15.95,15.76,15.79,556018,0
2016-10-24,15.81,16,15.59,15.76,1128183,0
2016-10-25,15.7,15.74,15.325,15.43,909784,0
2016-10-26,15.31,15.53,15.14,15.16,1303128,0
2016-10-27,15.22,15.26,14.79,14.82,2451178,0
2016-10-28,14.73,14.94,14.57,14.68,920601,0
2016-10-31,14.63,14.8,14.5,14.74,1437772,0
2016-11-01,14.91,14.98,14.55,14.71,1406886,0
2016-11-02,14.55,14.56,13.94,14.29,2248199,0
2016-11-03,14.35,14.45,14.145,14.2,1337499,0
2016-11-04,14.56,15.59,13.68,14.58,3094777,0
2016-11-07,14.8,14.99,14.62,14.97,1835163,0
2016-11-08,15.36,15.84,15.32,15.42,1877894,0
2016-11-09,15.46,16.17,15.43,16.15,3726596,0
2016-11-10,16.25,18.1,16.25,17.84,3814613,0
2016-11-11,17.79,18.08,17.28,17.92,3085358,0
2016-11-14,17.98,18.3,17.685,17.78,1310040,0
2016-11-15,17.9,18.7,17.73,18.65,1029922,0
2016-11-16,18.59,18.905,18.47,18.85,1330187,0
2016-11-17,18.92,19.36,18.73,19.31,1719618,0
2016-11-18,19.31,19.31,18.75,18.93,1604589,0
2016-11-21,19.29,19.39,19.07,19.2,2623367,0
2016-11-22,19.29,19.51,18.89,19.39,1421835,0
2016-11-23,19.2,19.71,19.16,19.7,866486,0
2016-11-25,19.64,19.64,19.31,19.34,260786,0
2016-11-28,19.34,19.35,18.84,18.91,644326,0
2016-11-29,18.6,18.73,18.39,18.72,1162323,0
2016-11-30,19.74,20.19,19.32,20.13,2077483,0
2016-12-01,20.41,20.565,20.09,20.34,1359403,0
2016-12-02,20.36,20.81,20.31,20.8,1049509,0
2016-12-05,21,21.25,20.92,21.1,976317,0
2016-12-06,21,21.41,20.58,21.3,791205,0
2016-12-07,21.29,21.515,21.19,21.33,1227872,0
2016-12-08,21.41,22.005,21.21,21.93,1128977,0
2016-12-09,21.98,22.3,21.84,22.01,1403072,0
2016-12-12,21.49,22.52,21.49,21.7,1277535,0
2016-12-13,21.78,21.99,21.23,21.29,1653694,0
2016-12-14,21.13,21.31,20.6,20.67,1287429,0
2016-12-15,20.65,21.325,20.46,21.22,1073815,0
2016-12-16,21.33,21.33,20.78,20.82,1078696,0
2016-12-19,20.88,21.08,20.63,20.71,813070,0
2016-12-20,20.94,21.48,20.9,21.35,799000,0
2016-12-21,21.33,21.52,20.95,21.43,465342,0
2016-12-22,21.41,21.49,20.86,20.93,570394,0
2016-12-23,20.88,21.3201,20.76,21.2,517133,0
2016-12-27,21.27,21.609,21.2,21.45,342730,0
2016-12-28,21.58,21.75,20.67,20.76,418159,0
2016-12-29,20.77,20.9345,20.26,20.58,583235,0
2016-12-30,20.63,20.74,20.2,20.26,578104,0
2017-01-03,20.6,21.48,20.6,20.96,908811,0
2017-01-04,21.02,21.04,20.52,20.86,1017132,0
2017-01-05,20.82,20.85,20.02,20.33,913764,0
2017-01-06,20.47,20.73,20.17,20.59,594226,0
2017-01-09,20.33,20.4,19.57,19.62,780637,0
2017-01-10,19.71,20.15,19.54,20.12,967531,0
2017-01-11,20.11,20.55,20.03,20.41,1007519,0
2017-01-12,20.5,20.5,19.69,19.79,540828,0
2017-01-13,19.7,20.61,19.7,20.61,1046694,0
2017-01-17,20.64,20.64,19.78,19.84,889489,0
2017-01-18,19.74,20.35,19.74,20.31,673293,0
2017-01-19,20.45,21.07,20.35,20.77,1304919,0
2017-01-20,20.99,21.03,20.31,20.71,787492,0
2017-01-23,20.5,20.62,20.04,20.33,845105,0
2017-01-24,20.54,21.61,20.42,21.48,986048,0
2017-01-25,21.59,22.13,21.59,21.98,833372,0
2017-01-26,22.12,22.26,21.5,21.61,676392,0
2017-01-27,21.57,21.77,21.325,21.44,628199,0
2017-01-30,21.21,21.221,20.32,20.84,830003,0
2017-01-31,20.88,20.88,20.4,20.55,894304,0
2017-02-01,20.75,21.36,20.7,20.88,918898,0
2017-02-02,20.82,20.91,20.27,20.32,724923,0
2017-02-03,20.38,20.83,20.22,20.78,1490613,0
2017-02-06,20.7,20.72,20.34,20.49,603480,0
2017-02-07,20.4,20.57,20.03,20.26,655174,0
2017-02-08,20.05,20.22,19.7,20.16,1124920,0
2017-02-09,20.4,20.83,20.19,20.67,880403,0
2017-02-10,20.81,21.1,20.61,20.63,431927,0
2017-02-13,20.75,21.07,20.565,20.66,642467,0
2017-02-14,20.61,20.91,20.39,20.9,1280953,0
2017-02-15,20.8,20.94,20.29,20.88,921484,0
2017-02-16,20.81,21.03,20.58,21.02,1252415,0
2017-02-17,20.41,20.9,18.7501,20.5,4401035,0
2017-02-21,21.33,22.2,21.16,21.7,1599232,0
2017-02-22,21.29,21.6,20.75,20.81,1051045,0
2017-02-23,20.95,21.16,19.96,20.23,1102555,0
2017-02-24,19.92,20.07,19.67,19.92,1502505,0
2017-02-27,19.92,21,19.91,20.89,1396458,0
2017-02-28,20.71,20.87,20.2,20.21,1241040,0
2017-03-01,20.57,21.06,20.55,20.91,1180699,0
2017-03-02,20.76,20.76,20.32,20.35,974885,0
2017-03-03,20.44,20.53,20.1,20.19,960073,0
2017-03-06,19.96,20.11,19.56,19.71,651091,0
2017-03-07,19.69,19.83,19,19,775111,0
2017-03-08,19.04,19.265,18.54,18.68,2119241,0
2017-03-09,18.68,18.75,17.82,18.11,1285570,0
2017-03-10,18.05,18.75,17.87,18.12,1218950,0
2017-03-13,18.15,18.305,17.95,18.04,612973,0
2017-03-14,17.77,17.825,17.1,17.79,891860,0
2017-03-15,18.31,18.59,17.57,18.53,1385845,0
2017-03-16,18.6,18.75,18.02,18.04,1026149,0
2017-03-17,18.16,18.31,17.94,18.06,1287653,0
2017-03-20,17.98,17.99,17.67,17.8,1038227,0
2017-03-21,17.94,17.94,17.19,17.41,1171137,0
2017-03-22,17.25,17.73,17.04,17.67,1293420,0
2017-03-23,17.67,18.04,17.67,17.89,1391129,0
2017-03-24,18.01,18.2,17.78,17.86,1398172,0
2017-03-27,17.52,17.73,17.21,17.51,1174116,0
2017-03-28,17.5,18.15,17.35,18.03,1019435,0
2017-03-29,17.94,18.18,17.85,18.12,741376,0
2017-03-30,18.15,18.26,17.93,18.19,613811,0
2017-03-31,18.11,18.47,18.0732,18.33,683699,0
2017-04-03,18.34,18.58,17.83,18.3,1214128,0
2017-04-04,18.31,18.6,18.13,18.42,670834,0
2017-04-05,18.68,19.04,18.1,18.17,814072,0
2017-04-06,18.37,19.21,18.14,19.17,1089810,0
2017-04-07,19.1,19.29,19.01,19.1,826443,0
2017-04-10,19.15,19.48,19.11,19.41,555294,0
2017-04-11,19.62,19.8,19.39,19.62,744564,0
2017-04-12,19.5,19.55,18.75,18.78,920198,0
2017-04-13,18.8,18.86,18.16,18.16,581436,0
2017-04-17,18.26,18.53,18.05,18.48,574126,0
2017-04-18,18.28,18.32,17.85,18.14,497057,0
2017-04-19,18.47,18.87,17.92,17.95,1055570,0
2017-04-20,18.17,18.31,17.94,18.16,716676,0
2017-04-21,18.16,18.25,17.9,18.11,602065,0
2017-04-24,18.57,18.69,18.3,18.36,734445,0
2017-04-25,18.51,18.77,18.42,18.59,405301,0
2017-04-26,18.45,19.28,18.37,18.92,833685,0
2017-04-27,18.83,18.83,18.005,18.46,765886,0
2017-04-28,18.62,18.73,18.21,18.23,775892,0
2017-05-01,18.32,18.52,17.95,18.39,655637,0
2017-05-02,18.4357,18.53,18.08,18.22,605368,0
2017-05-03,18.22,18.42,18.14,18.3,805782,0
2017-05-04,18.28,18.53,17.57,17.6,1868324,0
2017-05-05,18.15,19.07,18.01,19.04,1123880,0
2017-05-08,19.08,19.31,18.76,19.05,1363843,0
2017-05-09,19.07,19.16,18.58,18.88,706030,0
2017-05-10,18.94,19.08,18.8,19.04,685292,0
2017-05-11,19.05,19.56,18.93,19.52,1083232,0
2017-05-12,19.4,19.63,19.36,19.6,825344,0
2017-05-15,20.02,20.215,19.7,20.19,1164632,0
2017-05-16,20.26,20.61,20.02,20.55,1271262,0
2017-05-17,20.12,20.13,19.44,19.57,928865,0
2017-05-18,19.39,19.69,19.05,19.54,666463,0
2017-05-19,19.74,20.3,19.73,20.11,737387,0
2017-05-22,20.35,20.46,20.18,20.38,730604,0
2017-05-23,20.46,20.74,20.15,20.66,735038,0
2017-05-24,20.71,20.77,20.15,20.35,497556,0
2017-05-25,20.44,20.53,19.75,19.77,555031,0
2017-05-26,19.84,19.84,19.45,19.67,687452,0
2017-05-30,19.46,19.5,18.32,18.32,702136,0
2017-05-31,18.1,18.2,17.66,18.05,993112,0
2017-06-01,18.13,18.43,17.92,18.33,841085,0
2017-06-02,18.25,18.39,17.885,17.9,1023276,0
2017-06-05,17.81,18.32,17.51,18.17,884055,0
2017-06-06,18.34,18.59,17.91,18.4,682654,0
2017-06-07,18.31,18.41,17.43,17.57,974534,0
2017-06-08,17.49,17.88,17.36,17.53,1035207,0
2017-06-09,17.57,18.08,16.99,17.97,1203187,0
2017-06-12,18.17,18.47,17.97,18.24,790511,0
2017-06-13,18.32,18.835,17.98,18.81,777657,0
2017-06-14,18.79,18.79,17.72,17.8,572761,0
2017-06-15,17.58,17.97,17.42,17.58,792607,0
2017-06-16,17.46,17.61,17.07,17.25,1216986,0
2017-06-19,17.34,17.43,17.14,17.24,474645,0
2017-06-20,16.97,17.05,16.54,16.81,856381,0
2017-06-21,16.36,16.395,14.78,15.05,2945914,0
2017-06-22,15.15,15.69,15.07,15.46,1354865,0
2017-06-23,15.45,15.6274,15.14,15.29,1897840,0
2017-06-26,15.33,15.6,15.06,15.49,871251,0
2017-06-27,15.5,15.91,15.34,15.7,863440,0
2017-06-28,15.85,16.31,15.8,16.1,1028046,0
2017-06-29,16.27,16.58,15.87,16.2,912171,0
2017-06-30,16.3,16.71,16.04,16.52,763537,0
2017-07-03,16.63,17.14,16.63,16.8,339954,0
2017-07-05,16.65,16.79,16.32,16.49,644997,0
2017-07-06,16.55,16.77,16.25,16.28,449075,0
2017-07-07,16.19,16.35,15.7,16.07,825688,0
2017-07-10,15.9,16.69,15.84,16.32,693079,0
2017-07-11,16.27,16.41,15.92,16.08,1402590,0
2017-07-12,16.4,16.63,15.95,16.26,1093284,0
2017-07-13,16.26,16.94,15.97,16.89,2088345,0
2017-07-14,16.92,17.23,16.76,17.06,1653672,0
2017-07-17,16.99,17.27,16.66,16.76,1135412,0
2017-07-18,16.83,16.9,16.48,16.81,681576,0
2017-07-19,16.84,17.3,16.72,17.19,732990,0
2017-07-20,17.25,17.25,16.73,16.77,578710,0
2017-07-21,16.63,16.855,16.13,16.18,653829,0
2017-07-24,16.23,16.304,15.92,16.05,837502,0
2017-07-25,16.39,16.84,16.09,16.55,470206,0
2017-07-26,16.65,16.65,16.16,16.38,1050962,0
2017-07-27,16.47,16.47,16.14,16.26,1047713,0
2017-07-28,16.25,16.59,16.1014,16.27,852650,0
2017-07-31,16.32,16.39,16.12,16.34,1006966,0
2017-08-01,16.36,16.64,16.175,16.42,850832,0
2017-08-02,16.32,16.535,15.86,16.09,1765761,0
2017-08-03,16.16,16.51,16.06,16.48,1528925,0
2017-08-04,16.07,16.59,15.4,16.1,2939317,0
2017-08-07,15.98,16.11,15.44,15.7,956932,0
2017-08-08,15.58,16.01,15.39,15.68,744484,0
2017-08-09,15.69,16.14,15.53,16.11,883744,0
2017-08-10,16.11,16.38,15.89,16.04,1068036,0
2017-08-11,15.8,16.16,15.52,15.71,637495,0
2017-08-14,15.9,16.42,15.88,16.04,813264,0
2017-08-15,16.08,16.08,15.63,15.69,616562,0
2017-08-16,15.75,15.895,15.56,15.6,905562,0
2017-08-17,15.54,16.02,15.54,15.81,1071248,0
2017-08-18,15.64,15.85,15.59,15.63,660591,0
2017-08-21,15.63,15.65,15.3,15.41,799481,0
2017-08-22,15.53,15.71,15.48,15.57,333979,0
2017-08-23,15.34,15.72,15.34,15.64,658817,0
2017-08-24,15.69,15.9231,15.58,15.62,539698,0
2017-08-25,15.73,15.96,15.61,15.88,556878,0
2017-08-28,15.95,16.11,15.54,15.7,518080,0
2017-08-29,15.53,15.85,15.53,15.79,472416,0
2017-08-30,15.76,15.81,15.55,15.64,494936,0
2017-08-31,15.87,15.88,15.63,15.77,652263,0
2017-09-01,15.83,16.055,15.71,16.04,350491,0
2017-09-05,16.08,16.38,16.08,16.26,404969,0
2017-09-06,16.43,16.6,16.275,16.48,621833,0
2017-09-07,16.49,16.8,16.35,16.69,393427,0
2017-09-08,16.63,16.76,16.37,16.61,479869,0
2017-09-11,16.68,17.08,16.61,17.06,687524,0
2017-09-12,17.04,17.29,17.02,17.14,550426,0
2017-09-13,17.12,17.42,17.015,17.18,621929,0
2017-09-14,17.21,17.39,17.13,17.22,455931,0
2017-09-15,17.27,17.29,16.78,16.98,956771,0
2017-09-18,17.09,17.39,17.07,17.21,632407,0
2017-09-19,17.25,17.46,17.17,17.39,512788,0
2017-09-20,17.43,17.56,17.28,17.39,560544,0
2017-09-21,17.33,17.34,17.09,17.13,455873,0
2017-09-22,17.12,17.22,17.04,17.19,802576,0
2017-09-25,17.25,17.5,17.11,17.2,860974,0
2017-09-26,17.15,17.15,16.97,17,1200128,0
2017-09-27,17.1,17.4,16.88,17.23,1351186,0
2017-09-28,17.32,17.43,16.93,17.43,1208944,0
2017-09-29,17.44,17.57,17.3,17.49,623929,0
2017-10-02,17.32,17.71,17.32,17.69,506525,0
2017-10-03,17.71,17.81,17.58,17.78,417987,0
2017-10-04,17.82,18.07,17.73,18.04,751063,0
2017-10-05,18.07,18.26,17.99,18.01,476080,0
2017-10-06,17.9,17.98,17.73,17.86,268016,0
2017-10-09,17.85,18.08,17.79,18.07,322154,0
2017-10-10,18.16,18.29,17.825,17.88,536799,0
2017-10-11,17.83,18,17.53,17.99,457476,0
2017-10-12,17.91,18.15,17.72,18.07,429373,0
2017-10-13,18.24,18.42,18.14,18.23,455563,0
2017-10-16,18.4,18.51,18.15,18.25,460510,0
2017-10-17,18.29,18.47,18,18.09,364905,0
2017-10-18,18.14,18.22,17.7,17.8,347069,0
2017-10-19,17.71,17.88,17.53,17.56,365512,0
2017-10-20,17.74,17.81,17.56,17.74,362095,0
2017-10-23,17.75,17.825,17.36,17.37,216421,0
2017-10-24,17.45,17.65,17.02,17.06,473439,0
2017-10-25,17,17.07,16.59,16.89,305415,0
2017-10-26,16.93,17.03,16.75,16.77,432083,0
2017-10-27,16.49,16.98,16.48,16.97,559225,0
2017-10-30,16.85,17.13,16.76,17.07,575631,0
2017-10-31,17.1,17.22,16.93,17.15,578696,0
2017-11-01,17.34,17.44,16.49,17.04,1510303,0
2017-11-02,17.02,17.14,16.68,16.97,977517,0
2017-11-03,16.55,16.9,16.16,16.58,1711783,0
2017-11-06,16.36,16.81,16,16.3,1562342,0
2017-11-07,16.3,16.3,15.81,16.12,913122,0
2017-11-08,16.03,16.28,15.9,15.94,905893,0
2017-11-09,15.78,16.07,15.71,15.85,1125463,0
2017-11-10,15.82,15.985,15.69,15.77,1097765,0
