2016-01-04,5.181,5.247,4.95,4.9731,114299,0
2016-01-05,5.0831,5.3537,4.7311,5.2184,119529,0
2016-01-06,5.06,5.28,4.95,4.9731,91641,0
2016-01-07,4.95,5.06,4.774,4.8411,87274,0
2016-01-08,4.774,5.0402,4.73,4.7311,75199,0
2016-01-11,4.95,4.9687,4.29,4.5716,205512,0
2016-01-12,4.6035,4.62,4.18,4.2163,109234,0
2016-01-13,4.18,4.62,3.861,3.8621,69141,0
2016-01-14,3.96,4.29,3.3,4.0667,74794,0
2016-01-15,3.85,4.0667,3.52,3.7081,101394,0
2016-01-19,3.74,3.85,3.41,3.41,69691,0
2016-01-20,3.3,4.0689,3.1603,3.8291,78171,0
2016-01-21,3.8401,4.18,3.63,3.85,25042,0
2016-01-22,3.85,4.18,3.74,3.9809,27898,0
2016-01-25,4.18,4.84,3.9809,3.982,68512,0
2016-01-26,3.96,4.29,3.74,3.8709,33601,0
2016-01-27,3.85,4.048,3.52,3.63,54074,0
2016-01-28,3.696,3.7598,3.41,3.5585,45533,0
2016-01-29,3.553,3.6872,3.52,3.608,22700,0
2016-02-01,3.52,3.6509,3.52,3.5442,24445,0
2016-02-02,3.52,3.6366,3.4034,3.41,60447,0
2016-02-03,3.718,3.718,2.97,3.1383,75387,0
2016-02-04,3.19,3.3,3.19,3.2043,31654,0
2016-02-05,3.2197,3.3,3.19,3.19,23809,0
2016-02-08,3.1933,3.3,3.0272,3.2659,69313,0
2016-02-09,3.3,3.3704,3.08,3.102,30122,0
2016-02-10,3.091,3.2362,3.0833,3.0833,20113,0
2016-02-11,3.08,3.08,2.86,2.9766,25367,0
2016-02-12,3.08,3.08,2.9161,3.0789,22702,0
2016-02-16,3.168,3.2967,2.915,3.2956,38186,0
2016-02-17,3.19,3.41,3.19,3.3,107352,0
2016-02-18,3.3,3.4045,3.19,3.19,24502,0
2016-02-19,3.19,3.2989,2.97,3.0129,31189,0
2016-02-22,2.948,3.2769,2.86,2.86,33098,0
2016-02-23,2.86,3.124,2.761,2.7984,31663,0
2016-02-24,2.64,2.75,2.31,2.585,62206,0
2016-02-25,2.662,2.772,2.53,2.541,19000,0
2016-02-26,2.53,2.6928,2.53,2.6708,21606,0
2016-02-29,2.64,2.8358,2.42,2.4805,28331,0
2016-03-01,2.4805,2.6411,2.42,2.5223,37368,0
2016-03-02,2.453,2.6389,2.42,2.5278,32702,0
2016-03-03,2.64,2.8358,2.42,2.53,97925,0
2016-03-04,2.6565,3.5178,2.64,3.421,105594,0
2016-03-07,3.6861,4.95,3.63,4.3527,326168,0
2016-03-08,4.4,4.5034,3.63,3.9061,110205,0
2016-03-09,3.96,3.9655,3.52,3.6113,50255,0
2016-03-10,3.7906,3.7906,3.3077,3.3341,50174,0
2016-03-11,4.84,6.38,4.7553,5.9961,1227370,0
2016-03-14,6.38,6.82,5.7332,5.8289,616973,0
2016-03-15,5.4648,5.6056,4.95,5.2822,179308,0
2016-03-16,5.5836,5.775,5.17,5.4285,65279,0
2016-03-17,5.4978,5.4978,5.0611,5.291,71452,0
2016-03-18,5.6353,5.6639,5.115,5.5,98082,0
2016-03-21,5.72,6.2821,5.5143,5.61,133048,0
2016-03-22,5.7178,5.72,5.39,5.6078,93460,0
2016-03-23,5.6078,5.83,5.06,5.06,95480,0
2016-03-24,5.06,5.06,4.51,4.84,88051,0
2016-03-28,5.06,5.06,4.6222,4.818,38232,0
2016-03-29,4.84,5.17,4.5331,5.0644,31032,0
2016-03-30,5.39,5.4681,4.84,4.95,49430,0
2016-03-31,5.06,5.28,4.95,5.06,27463,0
2016-04-01,5.192,5.2569,4.6805,5.1018,47881,0
2016-04-04,5.17,5.2789,4.862,4.9445,37765,0
2016-04-05,4.73,5.0028,4.73,4.906,31619,0
2016-04-06,4.84,5.1095,4.6805,4.9423,64755,0
2016-04-07,4.73,5.0589,4.6805,4.6959,77995,0
2016-04-08,4.84,4.95,4.4,4.4957,56173,0
2016-04-11,4.4924,4.62,4.4,4.4077,37277,0
2016-04-12,4.598,4.62,4.2955,4.4561,46032,0
2016-04-13,4.609,4.62,4.3021,4.5562,56959,0
2016-04-14,4.565,5.06,4.51,4.851,63685,0
2016-04-15,4.741,6.028,4.741,5.2547,193762,0
2016-04-18,5.159,5.8289,4.95,5.3988,80139,0
2016-04-19,5.555,5.61,5.082,5.2118,53198,0
2016-04-20,5.324,5.3889,5.06,5.0897,31629,0
2016-04-21,5.214,5.2778,4.6772,4.8466,100090,0
2016-04-22,5.06,5.0974,4.7883,4.7916,65690,0
2016-04-25,5.225,5.28,4.62,5.082,167074,0
2016-04-26,5.5,5.5528,4.7608,5.1689,142506,0
2016-04-27,5.17,5.28,4.895,4.961,53269,0
2016-04-28,5.2085,5.2085,4.95,4.9632,52593,0
2016-04-29,4.928,5.049,4.62,4.917,69379,0
2016-05-02,4.95,4.95,4.51,4.84,39594,0
2016-05-03,4.928,4.928,4.62,4.664,41138,0
2016-05-04,4.752,4.8917,4.411,4.6178,60273,0
2016-05-05,4.62,4.73,4.4,4.444,32358,0
2016-05-06,4.4099,4.6189,3.52,3.7422,203046,0
2016-05-09,3.3066,3.7103,3.3066,3.5156,115087,0
2016-05-10,3.6905,3.7411,3.531,3.7081,30387,0
2016-05-11,4.224,4.224,3.6641,3.85,49304,0
2016-05-12,3.96,4.103,3.608,3.7411,44894,0
2016-05-13,3.6333,4.0689,3.63,3.6861,20223,0
2016-05-16,3.6762,4.0623,3.6355,4.0425,29534,0
2016-05-17,4.059,4.125,3.8863,4.07,32122,0
2016-05-18,4.07,4.565,4.07,4.2064,47213,0
2016-05-19,4.2064,4.4165,4.07,4.0821,22950,0
2016-05-20,4.1635,4.4539,4.07,4.279,26484,0
2016-05-23,4.29,4.51,4.125,4.4055,41124,0
2016-05-24,4.51,4.6761,4.29,4.6321,41359,0
2016-05-25,4.73,5.06,4.6332,4.95,62946,0
2016-05-26,4.95,5.6045,4.73,4.9214,101021,0
2016-05-27,5.06,5.28,4.6794,5.2745,51423,0
2016-05-31,5.28,5.28,5.0105,5.1425,41135,0
2016-06-01,5.071,5.17,4.84,5.17,31464,0
2016-06-02,5.17,5.28,4.95,5.2371,34942,0
2016-06-03,5.28,5.28,4.9731,5.0611,32770,0
2016-06-06,4.9555,5.5,4.8917,5.4879,94117,0
2016-06-07,5.533,5.9774,5.3185,5.72,123534,0
2016-06-08,5.94,5.9543,5.115,5.192,129110,0
2016-06-09,5.28,5.5,4.95,5.39,59433,0
2016-06-10,5.28,5.39,5.0765,5.1744,34421,0
2016-06-13,5.269,5.2789,5.06,5.0611,42736,0
2016-06-14,5.17,5.17,4.8521,4.8741,37429,0
2016-06-15,4.84,4.9093,4.62,4.6431,33458,0
2016-06-16,4.73,4.95,4.422,4.5023,43536,0
2016-06-17,4.62,4.62,4.3065,4.4,51336,0
2016-06-20,4.51,4.8708,4.4,4.4781,39227,0
2016-06-21,4.609,4.62,4.158,4.2581,74141,0
2016-06-22,4.29,4.51,4.0084,4.191,50482,0
2016-06-23,4.29,5.0589,4.0392,4.4913,177214,0
2016-06-24,3.85,4.29,3.85,4.18,432675,0
2016-06-27,4.125,4.4,3.8841,3.9083,110408,0
2016-06-28,4.136,6.82,3.96,6.8189,536175,0
2016-06-29,6.05,8.4634,5.61,6.4097,922801,0
2016-06-30,6.6,7.59,6.413,6.9894,256987,0
2016-07-01,7.04,8.2225,6.71,7.7,369151,0
2016-07-05,7.7,7.81,6.82,6.82,163146,0
2016-07-06,6.8233,7.3678,6.435,6.8827,74197,0
2016-07-07,7.04,7.3678,6.82,6.9333,47235,0
2016-07-08,7.029,7.26,6.6132,6.7265,61368,0
2016-07-11,7.04,7.1643,6.6,6.732,48015,0
2016-07-12,6.864,7.15,6.6,6.8255,62687,0
2016-07-13,6.9982,6.9982,6.05,6.16,75820,0
2016-07-14,6.05,6.27,5.7211,6.0775,69683,0
2016-07-15,6.16,6.38,5.94,5.9488,44344,0
2016-07-18,5.874,5.8795,5.61,5.8366,46447,0
2016-07-19,5.94,6.05,5.5242,5.6639,56758,0
2016-07-20,5.72,6.006,5.61,5.7882,28610,0
2016-07-21,5.962,6.05,5.3163,5.445,48188,0
2016-07-22,5.401,5.6089,5.17,5.2624,34204,0
2016-07-25,5.28,5.665,5.0831,5.17,53924,0
2016-07-26,5.28,5.94,5.1832,5.9301,86337,0
2016-07-27,6.2128,6.2128,5.72,5.8179,60498,0
2016-07-28,6.039,6.039,5.39,5.6749,33698,0
2016-07-29,5.7761,5.7761,5.5011,5.6188,30401,0
2016-08-01,5.61,5.7761,5.423,5.5561,49065,0
2016-08-02,5.544,5.6089,5.3922,5.5253,29495,0
2016-08-03,5.5275,6.0434,5.5275,5.9719,42578,0
2016-08-04,6.05,7.447,6.05,7.2589,195539,0
2016-08-05,7.2501,7.37,6.6,7.0884,90090,0
2016-08-08,6.71,7.0389,6.49,6.6,38845,0
2016-08-09,6.71,7.029,6.49,6.578,33930,0
2016-08-10,6.6,6.82,6.226,6.3272,35622,0
2016-08-11,6.479,6.7628,6.0159,6.1226,33560,0
2016-08-12,6.16,6.7628,6.16,6.4647,36312,0
2016-08-15,6.358,7.1445,6.358,6.9344,72651,0
2016-08-16,6.919,6.93,6.6594,6.71,33279,0
2016-08-17,6.82,13.2,6.71,10.408,3887402,0
2016-08-18,11,11.33,8.2643,8.558,687129,0
2016-08-19,8.58,10.767,8.5701,9.572,496880,0
2016-08-22,9.691,12.54,9.691,11.22,1440647,0
2016-08-23,11.22,11.66,10.23,10.67,325525,0
2016-08-24,10.794,10.844,9.35,9.4171,236188,0
2016-08-25,9.46,10.56,9.13,9.899,173774,0
2016-08-26,9.942,10.229,9.625,9.955,88374,0
2016-08-29,9.955,11.77,9.792,11.11,412943,0
2016-08-30,11.55,12.32,11,11.66,862683,0
2016-08-31,11.66,12.21,11.11,11.77,343062,0
2016-09-01,11.66,11.77,11,11.55,216418,0
2016-09-02,11.55,13.75,11.55,13.53,1820751,0
2016-09-06,14.52,16.28,13.75,13.75,1778369,0
2016-09-07,13.42,14.3,12.65,13.53,399425,0
2016-09-08,13.75,14.19,13.2,13.86,196677,0
2016-09-09,14.41,14.52,13.42,13.53,285611,0
2016-09-12,13.2,14.19,12.76,14.19,234483,0
2016-09-13,13.75,14.069,12.98,13.09,220548,0
2016-09-14,13.2,13.2,12.76,12.87,142278,0
2016-09-15,12.76,12.98,12.32,12.76,157875,0
2016-09-16,12.43,13.09,12.43,13.09,109839,0
2016-09-19,13.09,14.08,13.09,13.64,251438,0
2016-09-20,13.86,14.19,13.64,13.97,204549,0
2016-09-21,14.08,14.52,13.31,13.42,237849,0
2016-09-22,13.75,13.97,13.31,13.53,88222,0
2016-09-23,13.53,13.64,12.76,12.87,137789,0
2016-09-26,12.98,13.42,12.65,12.98,107245,0
2016-09-27,13.09,13.2,12.43,12.54,100819,0
2016-09-28,12.54,13.2,11.55,12.98,210437,0
2016-09-29,12.98,13.2,12.65,12.98,136833,0
2016-09-30,5.72,7.59,5.511,7.4525,1744528,0
2016-10-03,7.37,7.48,6.2755,6.5582,346202,0
2016-10-04,6.38,6.49,6.05,6.0841,164782,0
2016-10-05,6.1105,6.6,6.0841,6.4779,126920,0
2016-10-06,6.49,6.501,6.171,6.2414,65502,0
2016-10-07,6.2073,6.38,5.7321,6.05,115711,0
2016-10-10,6.05,6.259,5.94,6.0445,45716,0
2016-10-11,6.0038,6.05,5.335,5.5,98683,0
2016-10-12,5.3944,5.5,5.159,5.1799,77714,0
2016-10-13,5.1392,5.28,4.95,5.06,48468,0
2016-10-14,5.1183,5.2888,4.8565,5.0523,86482,0
2016-10-17,5.0248,5.082,4.62,4.8378,86713,0
2016-10-18,4.84,4.95,4.62,4.73,75036,0
2016-10-19,4.7432,4.785,4.4,4.565,98748,0
2016-10-20,4.543,4.9148,4.4,4.84,30756,0
2016-10-21,4.95,5.071,4.6321,4.7762,105263,0
2016-10-24,4.928,4.939,4.73,4.73,41146,0
2016-10-25,4.7267,4.84,4.51,4.7993,53341,0
2016-10-26,4.84,4.8939,4.51,4.73,45807,0
2016-10-27,4.829,4.829,4.521,4.521,26318,0
2016-10-28,4.686,4.686,4.4,4.422,50418,0
2016-10-31,4.422,4.4957,4.1316,4.3868,89391,0
2016-11-01,4.4,4.455,4.0865,4.3307,39177,0
2016-11-02,4.499,4.499,4.0722,4.0733,40249,0
2016-11-03,3.96,4.29,3.85,3.96,55065,0
2016-11-04,3.96,4.4,3.96,4.3164,62605,0
2016-11-07,4.51,4.51,4.07,4.1591,38386,0
2016-11-08,4.29,4.389,4.169,4.1789,28457,0
2016-11-09,4.07,4.5067,3.9424,4.2152,83528,0
2016-11-10,4.3593,5.4769,4.2174,5.291,203469,0
2016-11-11,5.5,5.94,4.9588,5.8212,199407,0
2016-11-14,5.786,6.2689,4.862,5.1887,118151,0
2016-11-15,5.071,5.17,4.6387,5.115,52149,0
2016-11-16,4.95,5.06,4.7311,4.7861,50814,0
2016-11-17,4.7905,4.8389,4.4176,4.686,66015,0
2016-11-18,4.62,5.8069,4.51,5.5682,152039,0
2016-11-21,5.5077,5.72,5.1909,5.291,53101,0
2016-11-22,5.3141,5.3471,5.148,5.1634,30237,0
2016-11-23,5.148,5.346,4.8037,5.17,34415,0
2016-11-25,5.2074,5.61,5.06,5.555,73934,0
2016-11-28,5.555,6.4889,5.3911,5.566,346719,0
2016-11-29,5.5165,5.94,5.39,5.445,114237,0
2016-11-30,5.5198,5.5198,4.95,5.3075,76442,0
2016-12-01,5.3636,5.7145,5.225,5.2613,58948,0
2016-12-02,5.423,5.6936,5.2305,5.2569,41608,0
2016-12-05,5.39,5.39,4.95,5.17,31601,0
2016-12-06,5.17,5.2195,4.95,5.0589,34103,0
2016-12-07,4.95,5.06,4.7311,5.06,51730,0
2016-12-08,5.06,5.06,4.807,4.8928,59610,0
2016-12-09,4.9269,6.0434,4.8235,5.94,306223,0
2016-12-12,5.709,5.94,5.28,5.5,99208,0
2016-12-13,5.5077,5.6078,5.28,5.2921,31470,0
2016-12-14,5.39,5.39,4.95,4.994,51535,0
2016-12-15,5.06,5.2789,5.06,5.1348,31479,0
2016-12-16,5.4912,5.4912,4.8389,5.1084,49277,0
2016-12-19,5.17,5.4879,5.1282,5.137,43385,0
2016-12-20,5.3064,5.6034,5.17,5.203,53166,0
2016-12-21,5.28,5.28,5.159,5.17,33302,0
2016-12-22,5.28,5.28,4.9632,5.0259,29152,0
2016-12-23,4.95,5.17,4.95,5.0589,27791,0
2016-12-27,4.95,5.0842,4.906,5.0589,28926,0
2016-12-28,4.95,5.1689,4.95,4.9511,52111,0
2016-12-29,5.06,5.06,4.84,4.851,47612,0
2016-12-30,4.84,4.95,4.84,4.851,51741,0
2017-01-03,4.873,5.17,4.8433,5.1623,17538,0
2017-01-04,5.28,5.6034,5.1711,5.4714,91658,0
2017-01-05,5.5,5.61,4.961,5.39,34749,0
2017-01-06,5.5,5.698,5.082,5.3999,88523,0
2017-01-09,5.698,5.698,5.203,5.39,34097,0
2017-01-10,5.39,5.39,5.06,5.324,44871,0
2017-01-11,5.39,5.39,5.258,5.2613,36452,0
2017-01-12,5.28,5.28,5.06,5.1403,31546,0
2017-01-13,5.17,5.61,5.0886,5.577,85871,0
2017-01-17,5.698,6.6825,5.61,5.9246,195107,0
2017-01-18,5.83,5.8542,5.5869,5.6661,55483,0
2017-01-19,5.6276,5.9378,5.5,5.6749,47121,0
2017-01-20,5.83,5.94,5.39,5.39,53992,0
2017-01-23,5.61,5.7717,5.5,5.544,28225,0
2017-01-24,5.7618,5.83,5.412,5.5605,77703,0
2017-01-25,5.72,5.72,5.5055,5.5187,17654,0
2017-01-26,5.72,5.72,5.5,5.588,20382,0
2017-01-27,5.61,5.896,5.4945,5.7189,64696,0
2017-01-30,5.94,5.94,5.5077,5.5396,17647,0
2017-01-31,5.5077,5.7079,5.3911,5.687,39012,0
2017-02-01,5.72,5.72,5.5,5.61,20108,0
2017-02-02,5.61,5.83,5.5011,5.665,35690,0
2017-02-03,5.72,5.7728,5.6474,5.753,37995,0
2017-02-06,5.83,6.5439,5.72,6.3712,211440,0
2017-02-07,6.6,7.194,6.4999,6.7001,378958,0
2017-02-08,6.71,6.82,6.0577,6.3492,112576,0
2017-02-09,6.38,6.82,6.27,6.589,65721,0
2017-02-10,6.82,6.82,6.27,6.5758,49998,0
2017-02-13,6.6,7.04,6.5076,6.8541,88687,0
2017-02-14,6.7694,8.074,6.6011,7.876,372159,0
2017-02-15,7.7,8.712,7.3051,7.5735,343663,0
2017-02-16,7.678,8.03,7.37,7.48,83330,0
2017-02-17,7.48,7.7,7.0125,7.2512,73982,0
2017-02-21,7.161,7.2512,6.6902,6.93,81529,0
2017-02-22,6.886,7.0642,6.5769,6.6539,79048,0
2017-02-23,6.6,6.798,6.05,6.0973,93924,0
2017-02-24,6.3151,6.8178,6.05,6.6462,68764,0
2017-02-27,6.402,7.0378,6.402,6.8178,42999,0
2017-02-28,6.82,6.985,6.6242,6.6792,29096,0
2017-03-01,6.93,7.48,6.6902,7.0818,81819,0
2017-03-02,7.029,7.26,6.6055,6.7133,61823,0
2017-03-03,6.6,7.0389,6.5802,6.9806,43896,0
2017-03-06,7.04,7.095,6.6165,6.71,26844,0
2017-03-07,6.71,6.71,6.38,6.6,40693,0
2017-03-08,6.4548,7.04,6.435,6.5329,45465,0
2017-03-09,6.7837,6.7837,6.38,6.545,43845,0
2017-03-10,6.6,6.8134,6.5758,6.6,35776,0
2017-03-13,6.6011,7.5878,6.6011,7.2743,268040,0
2017-03-14,7.15,7.3876,6.732,6.7331,83701,0
2017-03-15,7.04,7.04,6.6143,6.71,33405,0
2017-03-16,6.71,6.9839,6.4889,6.71,33251,0
2017-03-17,8.91,11.77,7.2622,7.48,1679485,0
2017-03-20,7.81,7.81,6.6407,6.9454,239309,0
2017-03-21,6.82,6.8739,6.1853,6.3679,201605,0
2017-03-22,6.182,6.4801,5.731,6.1237,117137,0
2017-03-23,5.995,6.27,5.5825,5.995,143475,0
2017-03-24,6.05,6.71,5.72,6.2458,131097,0
2017-03-27,6.27,6.4009,5.9862,6.314,46746,0
2017-03-28,6.314,6.38,5.83,5.83,93640,0
2017-03-29,5.72,6.27,5.5682,5.9268,76706,0
2017-03-30,6.05,6.171,5.7574,5.852,39672,0
2017-03-31,6.05,6.325,5.7662,6.27,70710,0
2017-04-03,6.05,6.325,5.951,6.0148,53118,0
2017-04-04,6.0148,6.3217,5.8322,5.94,102095,0
2017-04-05,5.94,6.0511,5.8311,5.94,33976,0
2017-04-06,5.8454,6.1501,5.83,6.05,24349,0
2017-04-07,6.05,6.2645,5.885,6.1655,25816,0
2017-04-10,6.27,6.27,6.05,6.0555,20834,0
2017-04-11,5.995,6.2491,5.9543,6.061,12317,0
2017-04-12,5.951,6.0269,5.83,5.8311,33213,0
2017-04-13,5.83,6.083,5.632,6.0511,36763,0
2017-04-17,6.039,6.215,5.8333,6.16,19547,0
2017-04-18,5.9378,6.1369,5.885,5.9147,12629,0
2017-04-19,5.94,6.0269,5.731,5.731,21369,0
2017-04-20,5.731,5.907,5.731,5.852,10505,0
2017-04-21,5.6353,5.8267,5.5,5.599,32941,0
2017-04-24,5.555,5.709,5.5022,5.6364,16718,0
2017-04-25,5.5,5.6089,5.5,5.555,39925,0
2017-04-26,5.522,5.61,5.522,5.6089,10598,0
2017-04-27,5.5022,5.6078,5.5,5.5,21480,0
2017-04-28,5.522,5.588,5.5,5.5385,20041,0
2017-05-01,5.72,5.72,5.5,5.555,13911,0
2017-05-02,5.5,5.6356,5.28,5.39,31169,0
2017-05-03,5.39,5.6441,5.28,5.5825,15588,0
2017-05-04,5.5011,5.5011,5.0589,5.2811,27573,0
2017-05-05,5.39,5.39,5.06,5.17,20214,0
2017-05-08,5.17,5.28,4.95,4.961,23795,0
2017-05-09,4.95,5.1579,4.8422,4.983,17990,0
2017-05-10,4.983,5.72,4.983,5.5,43367,0
2017-05-11,5.665,5.665,5.181,5.3548,21617,0
2017-05-12,5.39,5.6056,5.1711,5.4582,15024,0
2017-05-15,5.3229,5.5,5.302,5.4978,16838,0
2017-05-16,5.5,5.665,5.3064,5.6265,12599,0
2017-05-17,5.665,5.665,5.5011,5.5231,12878,0
2017-05-18,5.401,5.5231,5.2811,5.2811,10477,0
2017-05-19,5.6034,5.61,5.28,5.4285,16362,0
2017-05-22,5.28,5.5,5.17,5.335,15464,0
2017-05-23,5.335,5.5,5.17,5.1777,14429,0
2017-05-24,5.1711,5.3889,5.06,5.1678,12137,0
2017-05-25,4.95,5.2668,4.95,5.06,14263,0
2017-05-26,5.247,5.247,4.95,5.1623,14388,0
2017-05-30,4.972,5.17,4.9566,5.0413,13010,0
2017-05-31,5.115,5.17,4.972,5.027,11625,0
2017-06-01,5.115,5.28,4.95,5.06,13617,0
2017-06-02,5.0666,5.17,4.9753,5.06,10132,0
2017-06-05,5.1568,5.4967,5.1568,5.225,23451,0
2017-06-06,5.28,5.434,5.28,5.3713,7844,0
2017-06-07,5.3867,5.3867,5.082,5.1205,19879,0
2017-06-08,5.082,5.225,5.06,5.0941,12249,0
2017-06-09,5.1546,5.1546,5.06,5.0886,14850,0
2017-06-12,5.0699,5.0952,4.6662,4.8422,42091,0
2017-06-13,4.62,4.84,4.5672,4.73,27593,0
2017-06-14,4.73,4.8004,4.62,4.7003,15179,0
2017-06-15,4.6816,4.73,4.18,4.389,60798,0
2017-06-16,4.268,4.3703,4.1888,4.2394,19083,0
2017-06-19,4.191,4.345,4.07,4.1305,29252,0
2017-06-20,4.07,4.18,4.059,4.07,34038,0
2017-06-21,4.0689,4.6189,4.0568,4.51,31626,0
2017-06-22,4.554,4.554,4.18,4.4,36333,0
2017-06-23,4.312,4.5034,4.2944,4.356,16756,0
2017-06-26,4.312,4.785,4.312,4.4429,37263,0
2017-06-27,4.51,4.6475,4.2449,4.29,28994,0
2017-06-28,4.3527,4.785,4.3076,4.675,91557,0
2017-06-29,4.62,4.675,3.85,4.3538,66611,0
2017-06-30,4.29,4.3901,4.147,4.323,49798,0
2017-07-03,4.323,4.51,4.29,4.455,14444,0
2017-07-05,4.312,4.62,4.1822,4.4033,18343,0
2017-07-06,4.4506,5.06,4.3527,4.884,164292,0
2017-07-07,5.06,7.5548,4.95,5.94,1298806,0
2017-07-10,5.698,5.72,5.06,5.3955,220923,0
2017-07-11,5.5,5.698,5.17,5.3075,84139,0
2017-07-12,5.291,5.5,4.95,5.225,54051,0
2017-07-13,5.2327,5.335,4.95,5.1546,36006,0
2017-07-14,5.159,5.28,5.0589,5.17,22011,0
2017-07-17,5.17,5.39,5.0611,5.2349,33275,0
2017-07-18,5.17,5.39,5.0567,5.17,28712,0
2017-07-19,5.17,5.5737,5.1689,5.2591,61054,0
2017-07-20,5.2591,5.5,5.17,5.5,28174,0
2017-07-21,5.39,5.94,5.203,5.434,98775,0
2017-07-24,5.2272,5.698,5.1733,5.3889,22765,0
2017-07-25,5.4725,5.808,5.3163,5.324,51969,0
2017-07-26,5.3251,5.6067,5.3251,5.4978,19448,0
2017-07-27,5.445,5.61,5.06,5.5,59946,0
2017-07-28,5.39,5.5,5.1744,5.39,38354,0
2017-07-31,5.2283,5.4747,5.1722,5.4747,20647,0
2017-08-01,5.5,6.05,5.1711,5.94,129010,0
2017-08-02,5.5,6.2819,5.5,5.5,38554,0
2017-08-03,5.83,6.3,5.7,6,117030,0
2017-08-04,6.1,6.7174,6,6.28,178985,0
2017-08-07,6.21,6.251,5.89,6.1,140968,0
2017-08-08,6.1,6.16,5.79,6,102356,0
2017-08-09,6,6.02,5.75,5.85,104890,0
2017-08-10,5.85,5.97,5.75,5.97,64224,0
2017-08-11,6,6.08,5.8,5.88,31579,0
2017-08-14,5.82,5.82,5,5.3,83726,0
2017-08-15,5.14,5.25,4.96,5,105461,0
2017-08-16,5,5.299,4.68,5.18,84828,0
2017-08-17,4.86,5.31,4.8254,5.24,144736,0
2017-08-18,5.25,5.28,5.08,5.23,15107,0
2017-08-21,5.15,5.2289,4.8,5.09,29647,0
2017-08-22,5.26,5.26,5.0325,5.11,26752,0
2017-08-23,5.05,5.19,4.99,5.17,35088,0
2017-08-24,5.16,5.25,5.0793,5.2,20097,0
2017-08-25,5.15,5.38,5.15,5.3675,31904,0
2017-08-28,5.27,5.388,5.14,5.14,29898,0
2017-08-29,5.05,5.39,5.05,5.39,14651,0
2017-08-30,5.34,5.45,5.3,5.39,30819,0
2017-08-31,5.35,5.969,5.251,5.76,92908,0
2017-09-01,5.85,5.95,5.66,5.85,34742,0
2017-09-05,5.88,6.15,5.6,6.15,53296,0
2017-09-06,6.15,6.2437,6.05,6.19,106372,0
2017-09-07,6.25,6.8,6.22,6.56,175333,0
2017-09-08,6.69,7.25,6.46,7.11,143965,0
2017-09-11,7.11,7.47,6.6,7.14,114840,0
2017-09-12,7.3,7.34,6.9,7.081,53156,0
2017-09-13,7,7.3,6.7,6.73,97152,0
2017-09-14,6.56,6.93,6.38,6.74,145540,0
2017-09-15,6.65,6.74,6.1792,6.32,177278,0
2017-09-18,6.41,6.8,6.26,6.45,86820,0
2017-09-19,6.6,6.67,6.24,6.24,53595,0
2017-09-20,6.19,6.44,6.19,6.37,54795,0
2017-09-21,6.39,6.55,6.35,6.46,33748,0
2017-09-22,6.58,6.5871,6.27,6.55,32605,0
2017-09-25,6.68,6.75,6.4,6.45,43450,0
2017-09-26,6.49,6.6,6.3,6.44,29399,0
2017-09-27,6.45,6.6262,6.35,6.39,22489,0
2017-09-28,6.39,6.51,6.3,6.47,38783,0
2017-09-29,6.46,7.2,6.4,6.96,197328,0
2017-10-02,7.16,7.75,6.69,7.39,223678,0
2017-10-03,7.7,7.7,7.0864,7.4,64011,0
2017-10-04,7.24,7.4899,7.1284,7.44,47916,0
2017-10-05,7.5,7.89,7.4988,7.81,70758,0
2017-10-06,7.9,9.4,7.81,9.0211,1227152,0
2017-10-09,9.51,9.72,9.1204,9.4,288191,0
2017-10-10,9.53,9.9,9.4711,9.84,230138,0
2017-10-11,9.99,11.49,9.9208,10.92,393650,0
2017-10-12,11.03,11.88,11,11.31,441270,0
2017-10-13,11.24,11.49,8.25,9.11,761142,0
2017-10-16,9.3,9.578,8.4,8.49,220739,0
2017-10-17,8.58,9.59,8.5627,8.98,461627,0
2017-10-18,9.25,9.9095,9.1332,9.68,272427,0
2017-10-19,9.81,9.84,9.05,9.33,139065,0
2017-10-20,9.35,9.35,8.761,8.93,130688,0
2017-10-23,9.03,9.15,8.8,8.89,88378,0
2017-10-24,8.86,9.15,8.85,8.96,55081,0
2017-10-25,9,9,8.51,8.6,86235,0
2017-10-26,8.45,8.5168,6.98,7.13,273310,0
2017-10-27,7.09,8.491,7.02,8.24,144534,0
2017-10-30,8.35,8.75,7.8001,7.95,100308,0
2017-10-31,7.96,8.23,7.7912,7.96,81189,0
2017-11-01,8.21,8.21,7.82,8.11,58331,0
2017-11-02,8.1,8.1,7.6634,7.78,94764,0
2017-11-03,7.85,8.43,7.5,8.14,99670,0
2017-11-06,8.2,8.2918,7.73,8.01,67143,0
2017-11-07,7.95,7.99,7.63,7.7,80326,0
2017-11-08,7.63,7.7836,7.29,7.7,71703,0
2017-11-09,7.7,8,7.66,7.99,40804,0
2017-11-10,8.05,8.2,7.86,8.07,87478,0
