2016-01-04,8.09,8.37,7.9,8.3,2150665,0
2016-01-05,8.33,8.3699,7.84,7.9,1273890,0
2016-01-06,7.7,7.82,7.555,7.62,1507134,0
2016-01-07,7.46,7.625,7.19,7.23,1252056,0
2016-01-08,7.39,7.39,7.115,7.17,1635110,0
2016-01-11,7.23,7.29,6.92,7.05,1256795,0
2016-01-12,7.11,7.27,6.99,7.22,1898245,0
2016-01-13,7.26,7.36,6.88,6.99,2360889,0
2016-01-14,6.92,7,6.33,6.88,3272087,0
2016-01-15,6.6,6.67,6.33,6.55,1454292,0
2016-01-19,6.63,6.66,6.22,6.32,1262700,0
2016-01-20,6.19,6.63,6.03,6.53,1698009,0
2016-01-21,6.56,7,6.49,6.85,1590547,0
2016-01-22,6.97,7.31,6.8,6.96,1125818,0
2016-01-25,6.85,6.87,6.48,6.5,2082996,0
2016-01-26,6.59,6.92,6.53,6.86,1191296,0
2016-01-27,6.77,6.86,6.5,6.55,1014798,0
2016-01-28,6.73,6.91,6.49,6.53,1126196,0
2016-01-29,6.56,6.83,6.53,6.83,2333089,0
2016-02-01,6.8,7.2,6.65,7.16,1158821,0
2016-02-02,7,7.08,6.61,6.65,1859555,0
2016-02-03,6.62,6.94,5.69,6.11,4214534,0
2016-02-04,6.17,6.37,5.91,6.36,2090271,0
2016-02-05,6.47,6.54,6.21,6.44,1830203,0
2016-02-08,6.49,6.76,6.33,6.74,2129534,0
2016-02-09,6.48,6.88,6.345,6.53,2480815,0
2016-02-10,6.77,6.85,6.54,6.62,925738,0
2016-02-11,6.51,6.86,6.44,6.49,1726617,0
2016-02-12,6.61,7.14,6.57,7.08,1398575,0
2016-02-16,7.15,7.3,6.905,7.11,1819970,0
2016-02-17,7.2,7.72,7.19,7.42,2180439,0
2016-02-18,7.39,7.58,7.31,7.48,1082985,0
2016-02-19,7.44,7.49,7.21,7.34,1534232,0
2016-02-22,7.45,7.88,7.34,7.75,1192189,0
2016-02-23,7.64,7.8599,7.12,7.23,1632223,0
2016-02-24,7.09,7.3,6.925,7.29,821485,0
2016-02-25,7.3,7.44,7.145,7.34,1249240,0
2016-02-26,7.41,7.55,7.32,7.42,795058,0
2016-02-29,7.47,7.7,7.37,7.43,2088950,0
2016-03-01,7.59,7.94,7.39,7.66,1882786,0
2016-03-02,7.67,7.78,7.495,7.74,1084196,0
2016-03-03,7.76,8.15,7.67,8.07,1408217,0
2016-03-04,8.04,8.09,7.74,8.06,1980432,0
2016-03-07,8.05,8.34,7.99,8.24,1019182,0
2016-03-08,8.09,8.21,7.48,7.49,1249407,0
2016-03-09,7.49,7.74,7.47,7.7,1003874,0
2016-03-10,7.64,7.73,7.06,7.25,1347713,0
2016-03-11,7.26,7.69,7.25,7.64,1191931,0
2016-03-14,7.62,7.83,7.53,7.7,793056,0
2016-03-15,7.58,7.63,7.35,7.49,925124,0
2016-03-16,7.46,7.83,7.37,7.83,748005,0
2016-03-17,7.79,8.035,7.69,7.94,1750410,0
2016-03-18,8.03,8.27,7.89,8.04,1505279,0
2016-03-21,8.15,8.189,7.835,7.89,731859,0
2016-03-22,7.75,7.92,7.6686,7.83,659718,0
2016-03-23,7.77,7.86,7.44,7.45,671999,0
2016-03-24,7.44,7.57,7.19,7.55,575580,0
2016-03-28,7.47,7.62,7.29,7.45,613246,0
2016-03-29,7.43,8.13,7.36,8.07,1121948,0
2016-03-30,8.2,8.2499,7.915,8.02,605955,0
2016-03-31,8.02,8.14,7.91,8.06,596974,0
2016-04-01,7.83,8.12,7.72,8.11,802295,0
2016-04-04,8.06,8.11,7.78,7.78,830254,0
2016-04-05,7.63,7.705,7.55,7.61,1104996,0
2016-04-06,7.5,7.62,7.26,7.62,928866,0
2016-04-07,7.51,7.68,7.46,7.55,705250,0
2016-04-08,7.66,7.84,7.59,7.67,744043,0
2016-04-11,7.75,7.98,7.7,7.79,678210,0
2016-04-12,7.83,8.08,7.78,7.98,1239737,0
2016-04-13,8.06,8.55,8.06,8.52,796986,0
2016-04-14,8.54,8.58,8.37,8.49,542592,0
2016-04-15,8.44,8.49,8.18,8.32,848643,0
2016-04-18,8.28,8.4299,8.18,8.37,487023,0
2016-04-19,8.39,8.48,8.24,8.35,784663,0
2016-04-20,8.34,8.7,8.316,8.63,591980,0
2016-04-21,8.66,8.665,8.32,8.43,814682,0
2016-04-22,8.34,8.56,8.34,8.38,640180,0
2016-04-25,8.4,8.4,8.09,8.13,637816,0
2016-04-26,8.24,8.545,8.12,8.51,882035,0
2016-04-27,8.55,8.9,8.55,8.77,813568,0
2016-04-28,8.7,8.87,8.57,8.64,902756,0
2016-04-29,8.66,8.725,8.37,8.5,697593,0
2016-05-02,8.5,8.5,8.19,8.36,477390,0
2016-05-03,8.33,8.41,7.64,7.83,1165096,0
2016-05-04,7.57,7.94,7.27,7.54,1904744,0
2016-05-05,7.62,8.15,7.62,7.96,1024929,0
2016-05-06,7.93,8.21,7.82,8.06,892672,0
2016-05-09,7.99,8.175,7.87,8.05,862697,0
2016-05-10,8.15,8.305,8.045,8.25,921560,0
2016-05-11,8.26,8.38,8.12,8.13,726502,0
2016-05-12,8.19,8.51,7.96,8.08,790809,0
2016-05-13,8,8.24,7.95,7.99,719449,0
2016-05-16,8.05,8.23,8.01,8.13,712909,0
2016-05-17,8.13,8.39,8.08,8.19,959903,0
2016-05-18,8.09,8.29,8.01,8.06,686983,0
2016-05-19,7.91,8.06,7.75,7.85,1081341,0
2016-05-20,7.89,8.2,7.89,8.18,944272,0
2016-05-23,8.13,8.36,8.07,8.23,1314651,0
2016-05-24,8.35,8.45,8.188,8.43,884740,0
2016-05-25,8.53,8.71,8.5,8.69,1338266,0
2016-05-26,8.75,8.83,8.5,8.59,670162,0
2016-05-27,8.55,8.745,8.53,8.7,1035755,0
2016-05-31,8.71,8.94,8.65,8.84,746707,0
2016-06-01,8.72,8.78,8.53,8.77,823293,0
2016-06-02,8.74,8.92,8.735,8.88,588696,0
2016-06-03,8.78,8.89,8.63,8.67,751041,0
2016-06-06,8.68,9,8.61,8.95,616242,0
2016-06-07,8.92,9,8.83,8.95,1013429,0
2016-06-08,9,9.1299,8.8,8.93,805421,0
2016-06-09,8.91,8.92,8.61,8.73,1068911,0
2016-06-10,8.57,8.57,8.3,8.35,1012106,0
2016-06-13,8.28,8.46,8.2,8.32,842498,0
2016-06-14,8.25,8.39,8.165,8.33,1199967,0
2016-06-15,8.4,8.66,8.4,8.43,803268,0
2016-06-16,8.3,8.31,8.11,8.3,784139,0
2016-06-17,8.35,8.74,8.33,8.63,1003854,0
2016-06-20,8.84,8.94,8.755,8.77,633769,0
2016-06-21,8.74,8.74,8.495,8.6,535480,0
2016-06-22,8.65,8.83,8.6,8.63,504934,0
2016-06-23,8.82,8.88,8.74,8.85,659045,0
2016-06-24,8.26,8.28,7.96,8.02,2102705,0
2016-06-27,7.76,7.9,7.13,7.13,1422544,0
2016-06-28,6.97,7.13,6.3025,6.44,4561367,0
2016-06-29,6.56,7.1,6.55,7.01,2046534,0
2016-06-30,7.04,7.21,6.8401,7.2,1342527,0
2016-07-01,7.31,7.57,7.2903,7.46,1245317,0
2016-07-05,7.35,7.39,6.7,6.92,1004393,0
2016-07-06,6.8,6.99,6.64,6.99,773168,0
2016-07-07,7.07,7.26,6.97,7.06,747499,0
2016-07-08,7.21,7.56,7.21,7.49,721758,0
2016-07-11,7.46,7.7,7.46,7.61,559004,0
2016-07-12,7.8,8.09,7.8,7.92,675628,0
2016-07-13,7.99,8.02,7.59,7.74,1076278,0
2016-07-14,7.86,7.97,7.76,7.78,857200,0
2016-07-15,7.85,7.86,7.67,7.8,531757,0
2016-07-18,7.74,8.02,7.7,7.99,329935,0
2016-07-19,7.87,7.91,7.65,7.67,495883,0
2016-07-20,7.63,7.88,7.46,7.83,581770,0
2016-07-21,7.93,8.17,7.9,8.1,1215625,0
2016-07-22,8.07,8.15,7.9,8.1,444817,0
2016-07-25,8.08,8.14,7.96,8.01,543137,0
2016-07-26,8.07,8.39,8.07,8.36,792875,0
2016-07-27,8.39,8.68,8.39,8.68,971677,0
2016-07-28,8.54,8.54,8.14,8.22,906029,0
2016-07-29,8.14,8.4,8.14,8.38,1428238,0
2016-08-01,8.35,8.43,8.16,8.22,545124,0
2016-08-02,8.21,8.23,7.88,7.93,1084390,0
2016-08-03,8.36,9.649,8.23,9.45,3419891,0
2016-08-04,9.44,10.08,9.4,9.73,1859959,0
2016-08-05,9.79,10.19,9.79,10.1,886807,0
2016-08-08,10.1,10.43,10.07,10.33,664925,0
2016-08-09,10.28,10.42,10.17,10.19,951566,0
2016-08-10,10.25,10.395,10.135,10.2,789739,0
2016-08-11,10.27,10.63,10.18,10.27,1093375,0
2016-08-12,10.13,10.28,10.0802,10.25,694598,0
2016-08-15,10.29,11.13,10.29,10.9,1619522,0
2016-08-16,10.9,11.38,10.85,11.15,1137186,0
2016-08-17,11.15,11.15,10.7,10.81,1550584,0
2016-08-18,10.88,11.12,10.51,10.68,1170050,0
2016-08-19,10.66,10.74,10.59,10.69,1230676,0
2016-08-22,10.58,10.72,10.45,10.6,673698,0
2016-08-23,10.95,11.25,10.83,10.97,1030249,0
2016-08-24,10.94,11.11,10.77,10.81,629434,0
2016-08-25,10.76,10.95,10.75,10.91,511949,0
2016-08-26,11.07,11.14,10.825,10.95,496954,0
2016-08-29,10.97,11.18,10.95,11.06,508598,0
2016-08-30,11,11.37,11,11.14,477943,0
2016-08-31,11.11,11.37,10.94,11.15,1084594,0
2016-09-01,11.12,11.285,10.73,10.98,604800,0
2016-09-02,11.04,11.23,10.95,11.17,450099,0
2016-09-06,11.21,11.35,11.075,11.19,469569,0
2016-09-07,11.15,11.39,11.12,11.29,391244,0
2016-09-08,11.25,11.28,11.08,11.18,657726,0
2016-09-09,11.14,11.14,10.58,10.66,898714,0
2016-09-12,10.51,10.98,10.46,10.95,660561,0
2016-09-13,10.7,10.85,10.45,10.6,529692,0
2016-09-14,10.59,10.71,10.35,10.62,599708,0
2016-09-15,10.6,10.84,10.6,10.74,449275,0
2016-09-16,10.66,10.83,10.56,10.72,929555,0
2016-09-19,10.79,10.89,10.65,10.76,574243,0
2016-09-20,10.83,10.84,10.59,10.6,320922,0
2016-09-21,10.65,10.9,10.65,10.86,409642,0
2016-09-22,11,11.25,10.91,11.11,315076,0
2016-09-23,11.02,11.13,10.775,10.8,546754,0
2016-09-26,10.7,10.72,10.55,10.56,502883,0
2016-09-27,10.53,10.62,10.42,10.6,327901,0
2016-09-28,10.61,10.9,10.6,10.88,350358,0
2016-09-29,10.92,10.95,10.56,10.57,449278,0
2016-09-30,10.68,11.19,10.6,11.13,890058,0
2016-10-03,11.19,11.19,10.89,11.1,539694,0
2016-10-04,11.12,11.2,10.69,10.75,802416,0
2016-10-05,10.76,11.14,10.76,11.05,391068,0
2016-10-06,11.11,11.15,10.875,11.09,299414,0
2016-10-07,11.1,11.1,10.72,10.96,574794,0
2016-10-10,11.04,11.7,11.04,11.51,851783,0
2016-10-11,11.51,11.53,11.09,11.12,557301,0
2016-10-12,11.15,11.33,11.05,11.17,504068,0
2016-10-13,10.85,10.98,10.73,10.83,599145,0
2016-10-14,10.96,11.05,10.72,10.73,410629,0
2016-10-17,10.72,10.79,10.62,10.62,556968,0
2016-10-18,10.84,10.84,10.52,10.56,516916,0
2016-10-19,10.67,11.04,10.55,10.91,857852,0
2016-10-20,10.92,11,10.6,10.79,664877,0
2016-10-21,10.57,10.81,10.54,10.55,539742,0
2016-10-24,10.66,10.91,10.6201,10.69,363204,0
2016-10-25,10.64,10.75,10.28,10.31,1044502,0
2016-10-26,10.2,10.54,10.13,10.45,772825,0
2016-10-27,10.46,10.55,10.31,10.36,480862,0
2016-10-28,10.28,10.49,10.275,10.35,398099,0
2016-10-31,10.41,10.4308,10.275,10.28,729321,0
2016-11-01,10.39,10.39,9.84,10.25,1075458,0
2016-11-02,10.22,10.34,10.04,10.09,392485,0
2016-11-03,10.13,10.2053,9.96,10,427237,0
2016-11-04,9.92,10.24,9.89,9.98,517216,0
2016-11-07,10.38,10.445,10.2,10.38,711662,0
2016-11-08,10.28,10.415,10.115,10.36,471622,0
2016-11-09,10.49,10.83,10.3,10.75,1630194,0
2016-11-10,10.78,11.39,10.78,11.27,1710110,0
2016-11-11,11.3,11.77,11.3,11.76,1436607,0
2016-11-14,11.98,12.57,11.75,11.99,1372420,0
2016-11-15,11.91,12.11,11.77,12.02,1295799,0
2016-11-16,11.56,12.38,11.34,12.29,2822152,0
2016-11-17,12.26,12.56,11.74,12.43,1938951,0
2016-11-18,12.46,12.62,12.21,12.21,1654297,0
2016-11-21,12.37,12.45,12.18,12.36,997038,0
2016-11-22,12.49,12.67,12.365,12.6,1689762,0
2016-11-23,12.55,13,12.55,12.98,1050033,0
2016-11-25,12.98,13.13,12.72,12.97,489881,0
2016-11-28,12.93,13.02,12.66,12.69,911233,0
2016-11-29,12.67,12.72,12.5,12.64,962613,0
2016-11-30,12.83,12.99,12.575,12.62,967774,0
2016-12-01,12.76,13,12.66,12.77,1428289,0
2016-12-02,12.84,12.93,12.22,12.63,1889691,0
2016-12-05,12.82,13.375,12.78,12.94,1270116,0
2016-12-06,12.9,12.96,12.78,12.88,1092217,0
2016-12-07,12.9,13.17,12.81,13.05,1469593,0
2016-12-08,13.1,13.34,12.98,13.28,1147912,0
2016-12-09,13.33,13.33,13.07,13.2,493348,0
2016-12-12,13.26,13.3157,12.87,13.08,703850,0
2016-12-13,13.18,13.25,12.9,13.07,776746,0
2016-12-14,12.94,13.07,12.735,12.78,710364,0
2016-12-15,12.56,13.175,12.56,13.03,1368715,0
2016-12-16,13.07,13.24,12.7,12.75,1591008,0
2016-12-19,12.72,12.91,12.62,12.74,596981,0
2016-12-20,12.65,12.98,12.65,12.94,441332,0
2016-12-21,12.95,12.995,12.78,12.93,914179,0
2016-12-22,12.86,12.9997,12.575,12.63,550643,0
2016-12-23,12.64,12.74,12.61,12.71,240636,0
2016-12-27,12.77,12.99,12.77,12.84,349126,0
2016-12-28,12.96,12.98,12.615,12.69,435789,0
2016-12-29,12.77,12.85,12.48,12.58,597063,0
2016-12-30,12.54,12.7,12.38,12.42,564917,0
2017-01-03,12.7,12.99,12.51,12.83,746399,0
2017-01-04,12.97,13.22,12.82,13.2,945023,0
2017-01-05,13.16,13.16,12.78,12.94,891548,0
2017-01-06,13.01,13.39,12.85,13.23,1414845,0
2017-01-09,13.12,13.18,12.825,12.98,857419,0
2017-01-10,13.09,13.54,12.98,13.49,863016,0
2017-01-11,13.5,13.68,13.28,13.66,814164,0
2017-01-12,13.69,13.71,13.07,13.4,587873,0
2017-01-13,13.44,13.72,13.42,13.66,564633,0
2017-01-17,13.56,13.69,13.34,13.44,685967,0
2017-01-18,13.56,13.82,13.46,13.7,805878,0
2017-01-19,13.8,13.885,13.65,13.85,1050780,0
2017-01-20,13.86,13.93,13.705,13.78,929234,0
2017-01-23,13.79,13.88,13.53,13.71,703000,0
2017-01-24,13.82,14.41,13.82,14.4,818238,0
2017-01-25,14.52,14.69,14.28,14.6,1060205,0
2017-01-26,15.2,15.45,14.7568,14.99,2620511,0
2017-01-27,15,15,14.55,14.78,818114,0
2017-01-30,14.71,14.72,14.145,14.49,1100292,0
2017-01-31,14.46,14.55,14.05,14.43,1260895,0
2017-02-01,14.65,15.79,14.65,15.54,2043552,0
2017-02-02,15.66,15.66,14.81,15.02,2367555,0
2017-02-03,15.08,15.6,14.86,15.42,2186320,0
2017-02-06,15.29,15.59,15.27,15.49,1121211,0
2017-02-07,15.55,15.9,15.34,15.48,1818023,0
2017-02-08,15.46,15.49,15.18,15.49,1185335,0
2017-02-09,15.53,15.84,15.36,15.72,875109,0
2017-02-10,15.86,16.09,15.77,15.95,1095154,0
2017-02-13,16.08,16.19,15.6,15.88,1531332,0
2017-02-14,15.8,15.96,15.69,15.82,626164,0
2017-02-15,15.79,15.93,15.61,15.91,855123,0
2017-02-16,15.92,15.97,15.55,15.83,1169563,0
2017-02-17,15.73,15.84,15.5,15.73,872531,0
2017-02-21,16.46,16.79,16.24,16.51,1658390,0
2017-02-22,16.39,16.51,16.23,16.49,995737,0
2017-02-23,16.51,16.74,15.79,16.09,1124742,0
2017-02-24,15.83,16.34,15.72,16.18,925489,0
2017-02-27,16.15,16.72,16.08,16.66,1429101,0
2017-02-28,16.55,16.66,16.22,16.35,1227774,0
2017-03-01,16.74,17.03,16.64,16.94,1021689,0
2017-03-02,16.86,16.97,16.435,16.44,796496,0
2017-03-03,16.44,16.65,16.19,16.65,973546,0
2017-03-06,16.55,16.69,16.315,16.5,882042,0
2017-03-07,16.44,16.6,16.2,16.37,712281,0
2017-03-08,16.45,16.65,16.27,16.4,520595,0
2017-03-09,16.36,16.5,15.9,16.01,666932,0
2017-03-10,16.2,16.45,15.9,16.2,858587,0
2017-03-13,16.21,16.44,16.08,16.37,447386,0
2017-03-14,16.2,16.5199,15.99,16.49,602681,0
2017-03-15,16.65,16.84,16.53,16.84,768487,0
2017-03-16,16.93,17.04,16.78,17.03,643787,0
2017-03-17,17.05,17.15,16.82,16.85,1121784,0
2017-03-20,16.84,16.97,16.68,16.75,601209,0
2017-03-21,16.86,16.92,16.09,16.11,844498,0
2017-03-22,16.01,16.515,15.93,16.48,891842,0
2017-03-23,16.53,16.74,16.31,16.64,695299,0
2017-03-24,16.69,16.78,16.395,16.53,568299,0
2017-03-27,16.17,16.65,16.02,16.57,689779,0
2017-03-28,16.52,17.07,16.4558,16.98,589336,0
2017-03-29,16.92,16.97,16.66,16.75,595038,0
2017-03-30,16.71,17.09,16.71,16.92,888607,0
2017-03-31,16.86,17.19,16.54,17.13,1057012,0
2017-04-03,17.18,17.2,16.47,16.72,960509,0
2017-04-04,16.67,16.71,16.45,16.57,536388,0
2017-04-05,16.8,16.94,16.43,16.44,799003,0
2017-04-06,16.46,16.76,16.33,16.76,793380,0
2017-04-07,16.6,16.9,16.57,16.82,902692,0
2017-04-10,16.82,17.01,16.655,16.8,761945,0
2017-04-11,16.75,17.115,16.48,17.07,866385,0
2017-04-12,17,17,16.49,16.53,907157,0
2017-04-13,16.44,16.655,16.1,16.11,724940,0
2017-04-17,16.19,16.195,15.94,16.14,872276,0
2017-04-18,16.04,16.17,15.82,16.13,1301216,0
2017-04-19,16.27,16.52,16.27,16.29,775913,0
2017-04-20,16.43,16.88,16.43,16.74,692944,0
2017-04-21,17.27,17.289,16.695,16.8,1447325,0
2017-04-24,17.18,17.395,17.04,17.36,1117125,0
2017-04-25,17.5,17.79,17.365,17.56,881660,0
2017-04-26,17.54,18.0799,17.54,17.86,1204206,0
2017-04-27,17.86,18.08,17.6801,17.83,888810,0
2017-04-28,17.86,17.99,17.69,17.81,1184137,0
2017-05-01,17.89,17.91,17.54,17.79,674270,0
2017-05-02,17.78,18.09,17.56,17.78,1555578,0
2017-05-03,17.42,18.29,17.01,17.17,1808875,0
2017-05-04,17.28,17.34,16.84,17.15,1576688,0
2017-05-05,17.24,17.24,16.88,17.01,1146722,0
2017-05-08,16.98,17.0999,16.82,16.97,1111255,0
2017-05-09,17.06,17.25,16.88,17.06,1100395,0
2017-05-10,16.98,17.13,16.66,17.09,902102,0
2017-05-11,17.07,17.07,16.59,16.81,1214772,0
2017-05-12,16.74,16.77,16.46,16.49,799725,0
2017-05-15,16.78,17.22,16.75,17.04,1009930,0
2017-05-16,17.16,17.16,16.72,17.02,1409559,0
2017-05-17,16.69,16.69,16.01,16.1,1278351,0
2017-05-18,16,16.14,15.71,15.91,1420150,0
2017-05-19,16.02,16.38,16.02,16.07,1049146,0
2017-05-22,16.24,16.27,15.835,16.08,557763,0
2017-05-23,16.19,16.21,15.91,16.15,776093,0
2017-05-24,16.17,16.26,15.83,16.03,792400,0
2017-05-25,16.13,16.25,15.88,16.05,1125998,0
2017-05-26,16,16.09,15.81,16,742865,0
2017-05-30,15.9,16,15.59,15.6,1018151,0
2017-05-31,15.63,15.67,14.97,15.57,1162521,0
2017-06-01,15.7,16.02,15.56,16.02,1164062,0
2017-06-02,16.02,16.17,15.64,15.71,1168272,0
2017-06-05,15.68,15.78,15.41,15.42,924587,0
2017-06-06,15.28,15.92,15.21,15.85,959097,0
2017-06-07,15.91,16.16,15.81,16.05,707857,0
2017-06-08,16,16.22,15.86,16.11,726230,0
2017-06-09,16.16,16.415,16.07,16.23,643294,0
2017-06-12,16.22,16.235,15.86,16.16,724049,0
2017-06-13,16.19,16.32,16.07,16.32,803612,0
2017-06-14,16.34,16.37,15.87,15.89,598083,0
2017-06-15,15.62,16.16,15.5,16.1,770283,0
2017-06-16,15.96,16.02,15.74,15.93,804362,0
2017-06-19,16,16.27,16,16.25,718847,0
2017-06-20,16.12,16.18,15.78,15.79,525758,0
2017-06-21,15.9,16.12,15.51,15.54,462766,0
2017-06-22,15.58,15.665,15.47,15.59,328187,0
2017-06-23,15.6,15.685,15.45,15.59,558745,0
2017-06-26,15.67,15.9,15.52,15.71,480863,0
2017-06-27,15.73,15.73,15.46,15.54,859658,0
2017-06-28,15.76,16.33,15.69,16.33,1027942,0
2017-06-29,16.4,16.65,16.06,16.34,893887,0
2017-06-30,16.34,16.76,16.26,16.61,773977,0
2017-07-03,16.69,16.98,16.69,16.87,337191,0
2017-07-05,16.85,16.99,16.7,16.83,619822,0
2017-07-06,16.66,16.84,16.495,16.66,916308,0
2017-07-07,16.72,16.91,16.48,16.91,852693,0
2017-07-10,16.81,17.09,16.68,16.99,701635,0
2017-07-11,16.98,17.55,16.98,17.53,860689,0
2017-07-12,17.67,18.03,17.57,17.69,1117494,0
2017-07-13,17.64,18.03,17.64,17.9,1583153,0
2017-07-14,17.89,18.1,17.86,18.02,417192,0
2017-07-17,18.03,18.19,17.94,17.95,623058,0
2017-07-18,17.79,17.91,17.52,17.88,556179,0
2017-07-19,17.96,18.1,17.84,18.04,1561655,0
2017-07-20,18.13,18.4,17.895,17.9,645696,0
2017-07-21,18.03,18.03,17.6984,17.78,565323,0
2017-07-24,17.75,17.91,17.7,17.89,438851,0
2017-07-25,18.09,18.13,17.87,18.04,582408,0
2017-07-26,18.04,18.1,17.77,17.78,411663,0
2017-07-27,17.89,17.91,17.31,17.48,607778,0
2017-07-28,17.38,17.42,17.07,17.26,659557,0
2017-07-31,17.38,17.47,17.23,17.28,1011087,0
2017-08-01,17.46,17.47,16.78,17.14,1789351,0
2017-08-02,18.77,19,17.96,18.2,2664668,0
2017-08-03,18.45,18.65,17.99,18.06,1685428,0
2017-08-04,18.1,18.11,17.85,18.02,1346769,0
2017-08-07,18.06,19,18.05,18.92,2580586,0
2017-08-08,18.87,19.61,18.85,19.26,1652747,0
2017-08-09,19.18,19.4,19.13,19.19,921579,0
2017-08-10,19.02,19.06,18.385,18.66,1135889,0
2017-08-11,18.28,18.72,18.1,18.59,1080403,0
2017-08-14,18.83,19.2,18.735,19.08,1047502,0
2017-08-15,19.08,19.08,18.73,18.91,906425,0
2017-08-16,19.05,19.23,18.96,18.98,1406289,0
2017-08-17,18.9,18.98,18.55,18.57,1318566,0
2017-08-18,18.37,19.12,18.3,19.02,1077801,0
2017-08-21,19,19.03,18.39,18.42,1332832,0
2017-08-22,18.54,18.66,18.37,18.54,1024835,0
2017-08-23,18.41,18.643,18.37,18.5,662775,0
2017-08-24,18.56,18.65,18.4662,18.6,767865,0
2017-08-25,18.75,18.9,18.6,18.83,520145,0
2017-08-28,19,19,18.735,18.83,1305459,0
2017-08-29,18.61,19.31,18.6,19.28,901126,0
2017-08-30,19.28,19.715,19.26,19.67,1387483,0
2017-08-31,19.84,19.99,19.69,19.86,963383,0
2017-09-01,19.89,20.44,19.89,20.11,1219067,0
2017-09-05,20.33,20.57,20.04,20.19,1921198,0
2017-09-06,20.41,20.52,19.7001,19.97,1426866,0
2017-09-07,20,20.125,19.7,19.94,1071584,0
2017-09-08,19.9,20.72,19.78,20.65,1580411,0
2017-09-11,21,21.6,20.9,21.09,2806713,0
2017-09-12,21.38,21.61,21.225,21.45,2356218,0
2017-09-13,21.35,22.01,21.24,21.68,1875965,0
2017-09-14,21.68,22.47,21.44,22.45,1634008,0
2017-09-15,22.48,22.9,22.36,22.58,1784289,0
2017-09-18,24.57,25.93,23.5554,24.35,6685492,0
2017-09-19,25,26.09,24.72,25.57,5875451,0
2017-09-20,25.21,25.51,24.36,25.08,6187694,0
2017-09-21,25.09,25.68,25.09,25.5,1476047,0
2017-09-22,25.51,26.5,25.51,26.4,1679913,0
2017-09-25,26.4,26.91,25.92,26.23,1653922,0
2017-09-26,26.36,26.71,26.18,26.34,2347782,0
2017-09-27,26.64,26.74,26.11,26.61,1754221,0
2017-09-28,25.58,26.5,25.58,26.2,2038484,0
2017-09-29,26.12,26.29,25.96,26.01,2140066,0
2017-10-02,26.1,26.505,25.98,26.49,2359391,0
2017-10-03,26.67,27.03,26.5425,26.61,2164015,0
2017-10-04,26.61,26.84,26.54,26.55,1276128,0
2017-10-05,26.62,26.67,26.15,26.31,983376,0
2017-10-06,26.31,26.62,26.2,26.31,1769138,0
2017-10-09,26.39,26.39,26.05,26.26,907432,0
2017-10-10,26.45,26.45,26.07,26.24,626303,0
2017-10-11,26.28,26.34,26.11,26.24,658453,0
2017-10-12,25.5,26.01,25.19,25.93,1576547,0
2017-10-13,26.01,26.25,25.725,25.78,1566008,0
2017-10-16,25.98,26.34,25.87,26.28,1444629,0
2017-10-17,26.29,26.3,25.82,25.95,1051046,0
2017-10-18,26.01,26.29,25.84,26.03,834897,0
2017-10-19,25.96,26.21,25.67,26.13,1118520,0
2017-10-20,26.4,26.63,26.18,26.48,942073,0
2017-10-23,26.41,26.48,26.1,26.15,941328,0
2017-10-24,26.17,26.58,26.14,26.28,1152206,0
2017-10-25,26.14,26.35,25.13,25.9,1269070,0
2017-10-26,26.07,26.435,25.92,26.31,849498,0
2017-10-27,26.5,26.55,25.81,26.15,772852,0
2017-10-30,26,26.08,25.45,25.58,1411006,0
2017-10-31,25.66,26.165,25.62,26.01,1238654,0
2017-11-01,26.2,26.5,25.86,26.13,805946,0
2017-11-02,26.11,26.72,25.84,26.62,921345,0
2017-11-03,26.65,27.96,26.6201,26.75,2815641,0
2017-11-06,26.69,26.73,25.71,26.22,1327808,0
2017-11-07,26.14,26.555,26.13,26.29,943209,0
2017-11-08,26.16,26.27,25.45,25.92,1286221,0
2017-11-09,25.52,25.85,25.39,25.58,884219,0
2017-11-10,25.58,26.23,25.58,25.89,916988,0
