2016-01-04,40.19,40.79,38.82,39.5,441671,0
2016-01-05,39.53,39.97,37.55,38.2,559051,0
2016-01-06,37.55,38.0799,37,37.65,603734,0
2016-01-07,36.83,37.35,35.63,36.13,547296,0
2016-01-08,36.28,37,34.31,34.77,952235,0
2016-01-11,35.35,36.17,35.13,35.39,511989,0
2016-01-12,35.76,38.11,35.76,37.98,806663,0
2016-01-13,38.03,38.39,35.92,36.11,414701,0
2016-01-14,36.52,37.35,35.31,36.68,590387,0
2016-01-15,35.3,36.35,33.96,35.55,389484,0
2016-01-19,36.1,36.91,35.69,36.18,424700,0
2016-01-20,35.66,37.93,34.33,37.63,509381,0
2016-01-21,37.67,39.81,37.54,39.28,1038440,0
2016-01-22,40,41.32,39.29,40.9,631883,0
2016-01-25,40.8,41.09,38.82,39.11,546562,0
2016-01-26,39.6,41.01,39.13,40.07,906419,0
2016-01-27,39.61,39.71,37.32,38.35,2006028,0
2016-01-28,38.5,39.77,38.25,39.69,870663,0
2016-01-29,37.03,38.88,36.63,38.5,2317609,0
2016-02-01,38.5,39.5699,38.24,38.92,783687,0
2016-02-02,38.45,38.69,36.79,37.28,955936,0
2016-02-03,37.91,38.1295,35.55,38.03,857966,0
2016-02-04,38.08,38.38,37.27,38.11,507825,0
2016-02-05,37.79,38.59,36.25,36.39,559477,0
2016-02-08,35.51,35.51,33.49,34.71,1069994,0
2016-02-09,34.09,35.62,32.963,34.92,678168,0
2016-02-10,34.76,35.925,34.49,34.67,423914,0
2016-02-11,33.84,34.79,33.325,34.32,374732,0
2016-02-12,34.8,35.12,33.88,34.7,310343,0
2016-02-16,35.38,37.05,35.075,36.96,459058,0
2016-02-17,37.41,38.5,37.07,38.29,447344,0
2016-02-18,38.41,38.99,37,37.91,447112,0
2016-02-19,37.53,38.47,36.91,38.12,294566,0
2016-02-22,38.64,39.47,38.53,38.85,346840,0
2016-02-23,37.49,38.25,37.3,37.57,519203,0
2016-02-24,37.2,38.11,36.7,37.97,477312,0
2016-02-25,38.11,38.5,36.73,37.62,263654,0
2016-02-26,37.92,38.08,37.22,37.25,802210,0
2016-02-29,37.28,38.13,37.17,37.9,711160,0
2016-03-01,38.58,38.92,37.9,38.83,830801,0
2016-03-02,38.71,39.88,38.71,39.72,659992,0
2016-03-03,39.81,40.83,39.75,40.15,639851,0
2016-03-04,40.2,42.1,39.45,41.76,1080426,0
2016-03-07,41.89,44.15,41.51,42.81,1152409,0
2016-03-08,43,43,39.68,40.99,1402548,0
2016-03-09,41.11,41.9299,40.75,41.88,463788,0
2016-03-10,42.15,43.2,40.97,41.38,620474,0
2016-03-11,41.8,43.88,41.8,43.79,929099,0
2016-03-14,43.5,43.797,42.85,43.71,486466,0
2016-03-15,43.6,44.01,43.2,43.9,572899,0
2016-03-16,43.7,44.22,43.11,43.69,461944,0
2016-03-17,43.48,43.74,42.82,43.66,654488,0
2016-03-18,43.92,44.63,42.69,43.06,741434,0
2016-03-21,43,43.16,41.92,42.54,455076,0
2016-03-22,42.33,43.12,42.12,42.81,334521,0
2016-03-23,42.56,42.6791,41.73,41.78,420937,0
2016-03-24,41.51,42.22,40.73,42.13,323053,0
2016-03-28,42.01,42.389,41.32,41.99,320797,0
2016-03-29,41.93,43.64,41.77,43.41,575633,0
2016-03-30,43.52,44.34,43.16,43.7,1004783,0
2016-03-31,43.43,44.81,43.14,43.79,537442,0
2016-04-01,43.42,45.46,43,44.64,441173,0
2016-04-04,44.58,44.97,43.16,43.46,385665,0
2016-04-05,43.01,44,42.85,42.89,394722,0
2016-04-06,42.89,42.9,41.75,42.77,672187,0
2016-04-07,42.67,43.02,41.71,41.77,484117,0
2016-04-08,42.12,42.3469,40.66,40.94,432692,0
2016-04-11,41.42,41.8,40.8,41.37,409275,0
2016-04-12,41.19,41.49,39.34,40.79,526867,0
2016-04-13,41,41.725,40.34,41.6,319309,0
2016-04-14,41.61,41.61,39.95,41.02,247222,0
2016-04-15,40.85,41.23,40.26,40.48,195292,0
2016-04-18,40.07,40.83,40.07,40.31,329223,0
2016-04-19,40.5,41.54,38.42,38.66,807708,0
2016-04-20,38.55,39.95,38.25,39.5,465217,0
2016-04-21,39.6,40.07,38.9,39.96,411194,0
2016-04-22,39.68,40.88,39.68,40.49,411978,0
2016-04-25,40.34,40.55,38.96,39.41,366412,0
2016-04-26,39.5,41.42,39.27,41.22,932958,0
2016-04-27,41.5,44.1569,40.01,42.44,1092734,0
2016-04-28,42.29,43.02,40.81,40.88,614698,0
2016-04-29,40.63,41.27,40.45,40.89,762990,0
2016-05-02,41.3,41.34,40.37,40.97,297984,0
2016-05-03,40.7,41.13,40.15,40.26,520882,0
2016-05-04,39.93,40.44,39,39.28,409592,0
2016-05-05,39.59,40.285,38.46,38.55,482213,0
2016-05-06,38.44,38.92,38.06,38.7,348390,0
2016-05-09,38.56,38.97,37.9,38.45,758146,0
2016-05-10,38.55,38.55,37.7,38.24,1190769,0
2016-05-11,38.13,38.77,37.82,37.89,458304,0
2016-05-12,37.97,38.155,36.145,37.29,880764,0
2016-05-13,37.17,38.635,36.73,36.8,769865,0
2016-05-16,37.39,38.525,37.16,38.05,548374,0
2016-05-17,37.98,38.26,35.97,36.39,976809,0
2016-05-18,36.07,37.01,35.87,36.25,904757,0
2016-05-19,36.04,36.39,34.31,34.5,889817,0
2016-05-20,34.98,36.05,34.5,35.65,713224,0
2016-05-23,35.67,36.17,35.26,35.54,324020,0
2016-05-24,35.74,36.33,35.66,35.98,384941,0
2016-05-25,36.09,36.25,35.39,36.05,442155,0
2016-05-26,36,36.005,35.64,35.73,408269,0
2016-05-27,35.61,35.85,34.93,35,542171,0
2016-05-31,35.02,36.235,34.71,36,678332,0
2016-06-01,35.79,37.02,35.75,36.78,721725,0
2016-06-02,36.4,37.14,35.58,36.61,612045,0
2016-06-03,36.5,36.7,35.78,36.4,351979,0
2016-06-06,36.22,37.14,36.12,37.1,593645,0
2016-06-07,37.3,38.03,37.07,37.11,647957,0
2016-06-08,37.17,38.12,36.8,38.08,426638,0
2016-06-09,37.85,38.27,37.38,38.09,341461,0
2016-06-10,37.42,38.08,37.195,37.54,520176,0
2016-06-13,37.27,37.67,37.02,37.125,412951,0
2016-06-14,37.01,37.56,36.86,37.42,281868,0
2016-06-15,37.47,37.62,37.015,37.32,271641,0
2016-06-16,36.9,37.21,36.08,37.06,299601,0
2016-06-17,37.16,37.33,34.66,34.94,940827,0
2016-06-20,35.46,35.9,34.441,34.67,622693,0
2016-06-21,34.85,34.96,34.19,34.27,412603,0
2016-06-22,34.33,34.39,33.7,33.79,288814,0
2016-06-23,34.19,34.73,33.86,34.73,287879,0
2016-06-24,32.72,33.4,32.05,32.89,827596,0
2016-06-27,31.14,31.41,29.56,29.805,1717641,0
2016-06-28,30.25,32.12,30.04,31.72,958525,0
2016-06-29,32.2,32.5275,31.54,32.37,623462,0
2016-06-30,32.56,33.28,31.975,32.98,489821,0
2016-07-01,32.8,33.19,32.46,32.49,448703,0
2016-07-05,32.15,32.15,31.07,31.28,253715,0
2016-07-06,30.93,32.04,30.575,31.74,287026,0
2016-07-07,31.9,32.4999,31.88,32.25,229477,0
2016-07-08,32.66,34.18,32.36,34.15,652337,0
2016-07-11,34.6,34.94,33.99,34.545,392489,0
2016-07-12,34.95,35.86,34.68,34.81,431708,0
2016-07-13,34.92,35.47,34.48,34.95,382790,0
2016-07-14,35.46,35.46,34.89,35.25,258710,0
2016-07-15,35.24,35.66,34.9,35.57,365271,0
2016-07-18,35.87,35.98,35.5,35.69,212413,0
2016-07-19,35.67,36.04,35.401,35.81,157749,0
2016-07-20,36.18,36.97,35.855,36.66,356351,0
2016-07-21,36.51,36.99,35.82,36.2,268436,0
2016-07-22,35.92,36.54,35.73,36.395,170429,0
2016-07-25,36.45,37.27,36.45,37.25,322460,0
2016-07-26,37.03,38.18,37.03,37.76,728382,0
2016-07-27,37.1,39.6,37.01,39.55,1204045,0
2016-07-28,39.13,40.16,38.82,39.29,380356,0
2016-07-29,39.29,39.65,38.8,39.52,266789,0
2016-08-01,39.72,40.12,39.29,39.9,266658,0
2016-08-02,39.91,39.91,37.93,37.97,382845,0
2016-08-03,37.81,38.39,37.54,38.35,151585,0
2016-08-04,38.46,38.965,38.36,38.58,173707,0
2016-08-05,38.95,39.68,38.72,39.68,166482,0
2016-08-08,39.72,40.24,39.545,39.8,160903,0
2016-08-09,39.67,40.32,35.51,40.3,324266,0
2016-08-10,40.3,40.3,38.85,39.25,201005,0
2016-08-11,39.37,39.64,38.89,38.93,209532,0
2016-08-12,39.22,39.51,38.92,39.5,247701,0
2016-08-15,39.45,40.3,39.34,40.05,258448,0
2016-08-16,39.92,39.9936,39.01,39.04,189826,0
2016-08-17,38.92,39.39,38.0033,39.14,154503,0
2016-08-18,39.11,39.7,39.01,39.42,194989,0
2016-08-19,39.42,39.929,39.42,39.73,190320,0
2016-08-22,39.66,41.31,39.57,41.3,457284,0
2016-08-23,41.63,43.4526,41.63,42.35,724118,0
2016-08-24,42.38,42.99,42.14,42.17,373947,0
2016-08-25,42.09,42.142,40.7,41.42,485948,0
2016-08-26,41.51,41.77,40.69,40.97,327476,0
2016-08-29,41.25,42.12,41.0185,41.83,209456,0
2016-08-30,41.97,42.32,41.456,41.69,233524,0
2016-08-31,41.73,41.9,40.73,41.22,296217,0
2016-09-01,41.12,42.81,39.9,42.76,395331,0
2016-09-02,43.02,43.79,42.47,43.54,455339,0
2016-09-06,43.8,44.1,41.92,43.74,487801,0
2016-09-07,43.82,44.1,42.782,43.55,287030,0
2016-09-08,43.65,43.93,42.78,42.97,356971,0
2016-09-09,42.63,42.77,41.86,42.01,635508,0
2016-09-12,41.57,41.91,40.93,41.38,480730,0
2016-09-13,41.06,41.38,39.815,40.32,520507,0
2016-09-14,40.13,41.05,39.96,40.92,261697,0
2016-09-15,40.78,42.96,40.74,42.44,247394,0
2016-09-16,42.34,42.34,41.4,41.82,448310,0
2016-09-19,42.28,42.78,41.75,42.47,241665,0
2016-09-20,41.16,41.47,40.48,40.69,557537,0
2016-09-21,40.91,41.632,39.16,40.16,405267,0
2016-09-22,40.58,41.09,40.305,41.02,486080,0
2016-09-23,41.02,41.32,40.27,40.28,244342,0
2016-09-26,39.86,40.5,39.06,40.12,231894,0
2016-09-27,40.08,40.77,39.73,40.65,215530,0
2016-09-28,40.68,41.39,40.32,40.6,182579,0
2016-09-29,40.36,41.58,40.25,41.1,649761,0
2016-09-30,41.49,42.62,41.12,42.34,398854,0
2016-10-03,42.26,42.86,41.55,42.24,377644,0
2016-10-04,42.19,42.81,41.82,42.42,481638,0
2016-10-05,42.79,42.79,42.13,42.34,459988,0
2016-10-06,42.45,43.9,41.67,43.53,335290,0
2016-10-07,43.5,43.776,42.69,42.92,325012,0
2016-10-10,43.35,43.77,42.34,42.45,172073,0
2016-10-11,42.17,42.64,40.78,41.07,195799,0
2016-10-12,40.9,40.9,39.7,40.04,414207,0
2016-10-13,39.75,39.99,38.94,39.35,283570,0
2016-10-14,39.65,39.98,38.77,38.87,491916,0
2016-10-17,38.74,39.165,38.505,38.56,210294,0
2016-10-18,38.94,39.4211,38.53,38.76,255315,0
2016-10-19,38.52,38.81,37.55,38.38,325548,0
2016-10-20,38.33,38.67,38,38.21,268424,0
2016-10-21,37.98,38.475,37.83,38.21,170834,0
2016-10-24,38.44,38.96,38.21,38.82,193280,0
2016-10-25,38.8,39.19,38.7,38.76,250327,0
2016-10-26,38.48,39.11,38.36,38.52,233758,0
2016-10-27,38.5,38.73,36.26,36.52,619633,0
2016-10-28,36.68,37.3,36.01,36.5,417841,0
2016-10-31,36.71,36.85,36.29,36.76,291632,0
2016-11-01,36.94,37.58,35.51,35.97,295398,0
2016-11-02,36.06,36.38,35.46,35.74,235632,0
2016-11-03,35.89,36.63,35.33,36.58,393551,0
2016-11-04,36.33,38.32,36.3,37.65,521799,0
2016-11-07,38.45,38.9,37.86,38.27,226510,0
2016-11-08,38.4,38.69,37.8,38.1,188218,0
2016-11-09,37.56,40.28,37,40.24,330655,0
2016-11-10,40.85,41.77,38.21,39.2,481980,0
2016-11-11,39.1,40.93,38.83,40.78,313894,0
2016-11-14,41.07,41.82,40.52,40.8,442481,0
2016-11-15,40.69,42.23,40.215,41.51,462691,0
2016-11-16,41.08,45.01,40.51,44.21,1164398,0
2016-11-17,44.14,46.66,44.14,46.58,812439,0
2016-11-18,46.52,47.25,46.07,46.95,413729,0
2016-11-21,46.05,46.38,44.04,45.01,1498322,0
2016-11-22,45.01,45.46,44.41,45.43,693801,0
2016-11-23,45.28,47.905,44.84,47.87,924065,0
2016-11-25,47.87,48.42,47.3125,48.36,167389,0
2016-11-28,48.43,49.07,47.8,49,525944,0
2016-11-29,48.84,50,48.65,49.5,1009033,0
2016-11-30,49.36,50.69,48.975,49.82,849470,0
2016-12-01,49.94,50.87,45.17,46.05,1336975,0
2016-12-02,46.01,47.57,45.785,47.13,544275,0
2016-12-05,47.81,49.66,47.17,48.92,534657,0
2016-12-06,48.88,50.7,48.71,49.9,428990,0
2016-12-07,49.91,53.8,49.59,52.86,1003248,0
2016-12-08,52.96,53.42,51.69,53.2,793239,0
2016-12-09,53.26,53.5,49.54,50.37,668406,0
2016-12-12,50.07,50.4399,48.73,48.93,485881,0
2016-12-13,49.13,49.79,48.5,48.99,557208,0
2016-12-14,49,49.68,47.25,47.74,601938,0
2016-12-15,48.1,49.93,47.231,49.64,563731,0
2016-12-16,49.89,50.62,48.8,48.86,527813,0
2016-12-19,48.68,49.15,47.62,48.66,501438,0
2016-12-20,48.68,49.67,48.5,49.22,390957,0
2016-12-21,49.22,49.5299,48.69,48.9,277868,0
2016-12-22,48.89,49.096,45.55,46.29,736215,0
2016-12-23,46.46,46.75,45.54,46.67,343324,0
2016-12-27,46.8,48.37,46.25,47.93,303912,0
2016-12-28,47.65,48.09,46.76,47.22,251286,0
2016-12-29,47.15,47.66,46.23,47.17,315377,0
2016-12-30,47.55,47.55,45.92,46.28,479685,0
2017-01-03,46.54,48.13,46.34,46.93,550174,0
2017-01-04,47.24,47.3592,46.33,46.88,357023,0
2017-01-05,46.9,47.66,45.42,45.97,395474,0
2017-01-06,45.66,46.04,45.19,45.23,304787,0
2017-01-09,45.12,46.8,45.12,46.19,368048,0
2017-01-10,46.17,46.44,45.785,46.17,530347,0
2017-01-11,46.31,46.73,45.9,46.15,397679,0
2017-01-12,46.55,46.84,45.25,46.48,417177,0
2017-01-13,46.51,47.56,46.49,47.45,321126,0
2017-01-17,46.83,47.67,46.45,46.96,342546,0
2017-01-18,47.42,48.17,46.8175,48.04,550154,0
2017-01-19,47.36,47.91,47.28,47.68,291102,0
2017-01-20,47.62,48.07,46.87,46.9,347717,0
2017-01-23,46.83,47.59,46.67,47.19,358627,0
2017-01-24,47.42,49.38,47.0201,48.79,619579,0
2017-01-25,49.39,49.78,47.66,47.97,463255,0
2017-01-26,48.09,48.3,47.01,47.53,531058,0
2017-01-27,47.98,49.165,47.92,48.7,591237,0
2017-01-30,48.52,49.15,47.15,48.63,536039,0
2017-01-31,48.6,48.61,45.73,47.55,1012633,0
2017-02-01,50,50,45.18,46.01,1655009,0
2017-02-02,45.59,48.21,45.29,47.99,881027,0
2017-02-03,48.26,48.45,46.94,47.71,1069154,0
2017-02-06,47.57,47.8,47.19,47.6,448429,0
2017-02-07,47.6,48.1,47.2,47.34,430652,0
2017-02-08,47.56,47.56,45.43,45.73,699972,0
2017-02-09,45.68,46,45.1,45.44,555375,0
2017-02-10,45.55,46.2,44.81,46.14,789169,0
2017-02-13,46.53,46.7,45.64,45.655,269800,0
2017-02-14,45.47,46.2899,45.12,45.91,389226,0
2017-02-15,45.94,47.07,45.94,46.96,462812,0
2017-02-16,47.1,47.38,46.685,47.24,383906,0
2017-02-17,47.15,48.83,46.585,48.79,548078,0
2017-02-21,48.82,50.1,48.5,50.01,622564,0
2017-02-22,49.75,49.75,48.59,49.01,594547,0
2017-02-23,49.09,49.09,46.765,48.04,424953,0
2017-02-24,47.34,47.78,46.45,47.47,509160,0
2017-02-27,47.5,47.73,46.9,47.46,523548,0
2017-02-28,47.47,47.7299,46.05,46.09,357365,0
2017-03-01,46.8,47.11,46.15,46.7,286889,0
2017-03-02,46.92,46.92,45.39,45.92,288387,0
2017-03-03,45.86,46.875,45.26,45.85,152585,0
2017-03-06,45.26,45.53,44.35,45.22,260655,0
2017-03-07,45.09,45.697,45,45.54,272015,0
2017-03-08,45.91,46.5,45.8,46.07,222276,0
2017-03-09,46.03,46.44,45.65,46.0289,159283,0
2017-03-10,46.3,46.8206,45.94,46.24,260195,0
2017-03-13,46.46,46.64,45.89,46.55,273522,0
2017-03-14,46.05,46.05,45.41,45.61,365333,0
2017-03-15,45.5,46.245,45.22,46.1,332301,0
2017-03-16,46.29,47.08,46.03,46.49,315728,0
2017-03-17,46.4,47.0499,46.01,46.98,309536,0
2017-03-20,47.05,47.6599,46.76,47.07,220523,0
2017-03-21,47.35,47.35,44.44,44.57,411433,0
2017-03-22,43.95,45.21,43.18,44.95,404234,0
2017-03-23,44.95,45.3107,44.3,44.71,247497,0
2017-03-24,44.78,45.35,44.54,44.97,181205,0
2017-03-27,44.2,45.54,43.5,45.22,243886,0
2017-03-28,45.22,46.42,44.75,46.19,283725,0
2017-03-29,46.07,46.63,45.8501,46.42,194418,0
2017-03-30,46.29,47.1,46.29,46.94,159228,0
2017-03-31,47.02,48.63,46.89,48.3,507293,0
2017-04-03,49,50.84,48.37,49.55,1187609,0
2017-04-04,49.49,50.21,49.12,49.72,827563,0
2017-04-05,49.86,50.37,49.44,49.89,804471,0
2017-04-06,49.95,51.18,49.58,50.9,473052,0
2017-04-07,50.67,52.22,50.635,51.38,719604,0
2017-04-10,51.79,51.95,50.68,51.11,324112,0
2017-04-11,50.85,51.34,49.95,50.8,492672,0
2017-04-12,50.85,51,50.175,50.86,508861,0
2017-04-13,50.78,51.49,50.38,50.76,498598,0
2017-04-17,50.93,51.31,50.45,51.01,368815,0
2017-04-18,50.89,51.79,50.785,51.38,344305,0
2017-04-19,51.74,52.75,50.68,50.71,674304,0
2017-04-20,51.01,51.93,50.36,51.81,414224,0
2017-04-21,51.81,52.0999,51.12,51.74,346930,0
2017-04-24,52.75,54.17,52.471,54.01,737581,0
2017-04-25,54.67,55.1758,53.77,53.84,1131696,0
2017-04-26,49.81,51.19,46.04,50.32,4434433,0
2017-04-27,50.5,50.5513,49.455,49.8,955514,0
2017-04-28,49.6,50.15,48.62,48.88,780236,0
2017-05-01,48.83,49.07,47.63,48.89,605143,0
2017-05-02,48.95,48.95,46.82,46.95,757269,0
2017-05-03,46.44,46.65,44.88,45.67,802347,0
2017-05-04,45.78,46.11,44.62,44.72,585574,0
2017-05-05,45.1,46.04,44.456,45.97,629197,0
2017-05-08,46.01,47.11,45.81,46.38,464966,0
2017-05-09,46.43,47.49,46.325,47.4,383820,0
2017-05-10,47.34,47.9,46.98,47.71,360044,0
2017-05-11,47.54,49.5,47,48.71,597418,0
2017-05-12,48.51,48.82,47.81,48.55,326751,0
2017-05-15,48.57,51.38,48.54,51.31,636581,0
2017-05-16,51.4,57.3,50.9101,57,3105695,0
2017-05-17,55.88,57.1,53.77,54,2345357,0
2017-05-18,54,56.05,53.155,55.46,992510,0
2017-05-19,56.1,57.019,55.694,56.18,899528,0
2017-05-22,56.56,61.45,56.55,60.84,2046551,0
2017-05-23,60.27,60.99,58.94,59.35,1313418,0
2017-05-24,59.45,61.16,59.12,60.08,1065186,0
2017-05-25,60.06,61.67,59.54,59.89,1496720,0
2017-05-26,59.74,60.47,58.471,60.45,877838,0
2017-05-30,59.92,61.7,59.92,60.93,938081,0
2017-05-31,61.25,61.67,59.82,60.97,1013933,0
2017-06-01,61.23,61.23,59.49,59.75,1241973,0
2017-06-02,59.95,60.72,58.84,59.25,1038311,0
2017-06-05,59.35,60.14,57.955,58.2,855182,0
2017-06-06,58.07,59.85,57.3873,58.81,754837,0
2017-06-07,58.89,59.47,57.5,58.13,653481,0
2017-06-08,58.37,59.76,57.62,59.23,612637,0
2017-06-09,59.42,59.63,53.61,54.85,1221665,0
2017-06-12,54.5,57.43,53.82,56.49,1161955,0
2017-06-13,57.08,58.58,56.22,56.94,621400,0
2017-06-14,57.28,57.68,55.51,56.05,955014,0
2017-06-15,55.06,56.61,54.95,56.27,556460,0
2017-06-16,55.92,56.84,55.26,55.86,741613,0
2017-06-19,56.51,58.25,56.51,58.06,866089,0
2017-06-20,57.97,58.8676,56.605,56.76,515708,0
2017-06-21,57.08,57.4,56.35,56.59,573919,0
2017-06-22,56.34,56.82,55.42,56.5,390355,0
2017-06-23,56.76,58.57,56.28,58.26,1298966,0
2017-06-26,60,62.75,59.2301,60.25,1319246,0
2017-06-27,59.93,60.82,57.62,57.66,774489,0
2017-06-28,58.43,58.43,56.38,57.42,633499,0
2017-06-29,57.25,57.25,54.8,55.92,739834,0
2017-06-30,56,56.54,55.3,55.77,557386,0
2017-07-03,56.07,56.21,54.26,54.48,214040,0
2017-07-05,55,56.48,54.81,56.2,418064,0
2017-07-06,55.73,57.3,54.75,56.17,477167,0
2017-07-07,56.94,58.09,56.55,57.94,369788,0
2017-07-10,57.99,58.4,56.83,57.39,757039,0
2017-07-11,57.58,59.2,57.23,59.13,374841,0
2017-07-12,59.87,61.59,59.39,60.47,433592,0
2017-07-13,61.04,61.54,60.31,60.59,459271,0
2017-07-14,60.7,61.43,60.2,60.51,365841,0
2017-07-17,60.9,60.93,60.03,60.68,453597,0
2017-07-18,60.4,60.655,59.28,59.5,403316,0
2017-07-19,59.89,61,59.2,60.78,608655,0
2017-07-20,60.97,63.4599,59.87,62.73,1090691,0
2017-07-21,62.79,63.46,61.99,62.99,436760,0
2017-07-24,63.24,64.2,62.74,63.65,428117,0
2017-07-25,63.67,65.5431,63.3,64.96,733176,0
2017-07-26,65.36,65.989,65.11,65.57,411194,0
2017-07-27,65.91,65.92,59.1,60.77,1637285,0
2017-07-28,60.52,61.12,59.75,60.89,488609,0
2017-07-31,61.77,62.225,59.63,60.55,491911,0
2017-08-01,61.43,61.85,60.12,61.06,1031506,0
2017-08-02,47.65,49.44,45.1,45.5,7270193,0
2017-08-03,45.6,45.72,43.1,43.9,4139504,0
2017-08-04,43.65,43.769,41.88,42.16,1984374,0
2017-08-07,42.42,43.39,41.6,42.33,1959979,0
2017-08-08,42.04,44.6,42.03,43.82,1441543,0
2017-08-09,43.51,44.299,42.5,42.88,905011,0
2017-08-10,42.45,42.735,40.73,40.97,891370,0
2017-08-11,40.98,41.88,40.39,40.76,742781,0
2017-08-14,41.61,41.91,40.74,41.65,847392,0
2017-08-15,41.82,41.82,40.8555,41.09,757996,0
2017-08-16,41.1,41.86,40.92,41.72,655529,0
2017-08-17,41.6,41.9,40.75,40.8,667415,0
2017-08-18,40.56,40.57,39.23,39.67,1064607,0
2017-08-21,39.82,40.3,39.27,40.05,700109,0
2017-08-22,40.28,40.51,39.89,39.97,469951,0
2017-08-23,39.55,41.98,39.44,41.71,991199,0
2017-08-24,42.35,44.82,42.18,43.61,2615114,0
2017-08-25,43.59,44.93,43.32,44.07,1737426,0
2017-08-28,44.06,44.42,42.7,43.67,1140972,0
2017-08-29,43.15,44.355,42.13,44.19,738876,0
2017-08-30,44.25,45.35,43.98,45.22,740573,0
2017-08-31,45.81,45.96,45,45.54,673775,0
2017-09-01,45.64,45.9357,45.4,45.7,544920,0
2017-09-05,45.33,45.78,44.13,44.74,895167,0
2017-09-06,44.84,44.89,43.86,43.97,502816,0
2017-09-07,44.28,44.29,42.27,42.55,651710,0
2017-09-08,42.42,42.87,42.03,42.52,500355,0
2017-09-11,43.18,44.06,42.76,43.63,449994,0
2017-09-12,43.61,44.5,43.52,43.94,431752,0
2017-09-13,43.79,44.02,43.27,43.64,596140,0
2017-09-14,42.84,44.21,42.84,43.44,474960,0
2017-09-15,43.59,45.76,43.22,45.36,844456,0
2017-09-18,45.61,46.33,43.95,44,686651,0
2017-09-19,44.17,44.19,43.28,43.35,562984,0
2017-09-20,43.34,43.34,42.27,42.85,712421,0
2017-09-21,42.72,42.86,41.57,41.69,734525,0
2017-09-22,41.47,43.86,41.4,43.27,691132,0
2017-09-25,43.22,43.22,40.67,41.4,758975,0
2017-09-26,41.27,42.45,41.27,42.15,466499,0
2017-09-27,42.62,44.38,42.565,43.71,559352,0
2017-09-28,43.34,44.43,43.12,44.41,399535,0
2017-09-29,44.38,45.07,44.2653,44.61,604597,0
2017-10-02,44.93,45.72,43.755,45.48,791380,0
2017-10-03,44.97,45.35,43.14,43.18,845018,0
2017-10-04,43.44,43.49,42.16,42.75,659927,0
2017-10-05,42.46,43.05,42.09,42.74,937375,0
2017-10-06,42.68,43.52,42.68,43.44,614545,0
2017-10-09,43.5,43.9154,43.35,43.54,218868,0
2017-10-10,43.2,43.52,42.59,42.85,560719,0
2017-10-11,43.02,43.65,42.8,43.62,287367,0
2017-10-12,43.71,43.77,43.21,43.26,400766,0
2017-10-13,43.6,43.6,41.58,41.59,695164,0
2017-10-16,39.6,39.77,35.67,36.585,4607993,0
2017-10-17,36.09,37.8,36.02,37.7,1096089,0
2017-10-18,37.91,38.9,37.12,38.77,673781,0
2017-10-19,38.59,38.69,37.34,37.47,700473,0
2017-10-20,37.93,38,36.72,36.86,1156685,0
2017-10-23,36.98,39.28,36.98,39.13,682934,0
2017-10-24,39.14,40.32,38.83,40.03,648733,0
2017-10-25,40.04,40.04,38.32,38.93,330843,0
2017-10-26,38.99,39.25,38.63,38.7,312057,0
2017-10-27,39.325,40.14,38.58,40.1,503210,0
2017-10-30,40.04,40.61,39.64,40.04,420175,0
2017-10-31,40.28,41.2492,40.06,40.88,381742,0
2017-11-01,41.44,41.44,39.11,39.86,435302,0
2017-11-02,39.17,39.28,35.625,36.06,1411950,0
2017-11-03,36.1,37.49,35.58,37.33,776174,0
2017-11-06,37.13,39.28,37.13,38.58,943518,0
2017-11-07,38.31,38.93,37.43,37.52,658593,0
2017-11-08,37.53,37.9,36.78,37.67,705235,0
2017-11-09,37,37.13,35.9,36.56,897344,0
2017-11-10,36.7,37.275,36.35,36.63,708335,0
