2016-01-04,12.589,12.635,12.569,12.597,8172,0
2016-01-05,12.645,12.727,12.597,12.727,18338,0
2016-01-06,12.717,12.772,12.635,12.746,12309,0
2016-01-07,12.755,12.801,12.727,12.801,4923,0
2016-01-08,12.762,12.856,12.737,12.846,12095,0
2016-01-11,12.801,12.81,12.737,12.755,85433,0
2016-01-12,12.782,12.819,12.737,12.782,26868,0
2016-01-13,12.838,12.838,12.774,12.784,15591,0
2016-01-14,12.764,12.784,12.747,12.747,17039,0
2016-01-15,12.784,12.784,12.747,12.756,7175,0
2016-01-19,12.756,12.774,12.496,12.514,46988,0
2016-01-20,12.58,12.585,12.514,12.58,30441,0
2016-01-21,12.58,12.699,12.58,12.699,8727,0
2016-01-22,12.683,12.737,12.626,12.718,9474,0
2016-01-25,12.683,12.737,12.683,12.683,9537,0
2016-01-26,12.664,12.747,12.664,12.747,15457,0
2016-01-27,12.728,12.781,12.708,12.708,12632,0
2016-01-28,12.728,12.784,12.718,12.784,6333,0
2016-01-29,12.803,12.902,12.718,12.838,87092,0
2016-02-01,12.82,12.848,12.812,12.828,3967,0
2016-02-02,12.886,12.902,12.877,12.886,10834,0
2016-02-03,12.848,12.894,12.848,12.886,9930,0
2016-02-04,12.886,12.92,12.877,12.911,6179,0
2016-02-05,12.894,12.916,12.894,12.894,3761,0
2016-02-08,12.886,12.957,12.877,12.957,32672,0
2016-02-09,12.902,12.925,12.902,12.911,6564,0
2016-02-10,12.95,12.95,12.904,12.95,8659,0
2016-02-11,12.942,12.978,12.904,12.904,17181,0
2016-02-12,12.904,12.932,12.813,12.904,15537,0
2016-02-16,12.932,12.932,12.849,12.849,30153,0
2016-02-17,12.829,12.849,12.829,12.829,14361,0
2016-02-18,12.829,12.859,12.821,12.859,13054,0
2016-02-19,12.829,12.869,12.829,12.869,4635,0
2016-02-22,12.904,12.904,12.849,12.859,45273,0
2016-02-23,12.839,12.904,12.839,12.896,27894,0
2016-02-24,12.896,12.922,12.877,12.904,8920,0
2016-02-25,12.932,12.94,12.877,12.896,15702,0
2016-02-26,12.869,12.882,12.804,12.813,14338,0
2016-02-29,12.839,12.856,12.821,12.821,17404,0
2016-03-01,12.829,12.869,12.829,12.855,14330,0
2016-03-02,12.829,12.887,12.804,12.859,20118,0
2016-03-03,12.849,12.877,12.849,12.877,2079,0
2016-03-04,12.869,12.877,12.869,12.869,3810,0
2016-03-07,12.849,12.887,12.839,12.887,8317,0
2016-03-08,12.859,12.913,12.849,12.887,13380,0
2016-03-09,12.896,12.904,12.886,12.887,10534,0
2016-03-10,12.869,12.913,12.858,12.913,15392,0
2016-03-11,12.897,12.897,12.878,12.888,7269,0
2016-03-14,12.87,12.944,12.87,12.906,9991,0
2016-03-15,12.888,12.888,12.86,12.888,9221,0
2016-03-16,12.878,12.944,12.878,12.924,15657,0
2016-03-17,12.952,12.981,12.952,12.961,10664,0
2016-03-18,12.961,13.009,12.944,12.989,16934,0
2016-03-21,12.989,12.989,12.924,12.952,15361,0
2016-03-22,12.915,12.989,12.915,12.944,13785,0
2016-03-23,12.944,12.98,12.944,12.961,10788,0
2016-03-24,12.961,12.97,12.934,12.952,10281,0
2016-03-28,12.934,12.98,12.917,12.97,20604,0
2016-03-29,12.934,12.989,12.924,12.989,29943,0
2016-03-30,12.961,12.999,12.952,12.97,15943,0
2016-03-31,12.97,13.056,12.97,12.989,34921,0
2016-04-01,13.009,13.047,12.98,13.009,29550,0
2016-04-04,13.037,13.056,12.999,13.037,23108,0
2016-04-05,13.047,13.103,13.042,13.075,13072,0
2016-04-06,13.084,13.176,13.084,13.122,16767,0
2016-04-07,13.094,13.167,13.094,13.131,14801,0
2016-04-08,13.148,13.185,13.122,13.122,11911,0
2016-04-11,13.131,13.158,13.122,13.122,16234,0
2016-04-12,13.131,13.158,13.131,13.131,16470,0
2016-04-13,13.124,13.178,13.124,13.159,36132,0
2016-04-14,13.133,13.187,13.114,13.133,15940,0
2016-04-15,13.104,13.224,13.104,13.214,26167,0
2016-04-18,13.197,13.252,13.159,13.244,12456,0
2016-04-19,13.214,13.247,13.205,13.224,7949,0
2016-04-20,13.252,13.252,13.197,13.233,9238,0
2016-04-21,13.233,13.281,13.187,13.271,18573,0
2016-04-22,13.243,13.281,13.233,13.252,17598,0
2016-04-25,13.271,13.271,13.197,13.197,16011,0
2016-04-26,13.224,13.281,13.205,13.245,29802,0
2016-04-27,13.233,13.29,13.224,13.29,21211,0
2016-04-28,13.29,13.376,13.233,13.356,31126,0
2016-04-29,13.281,13.396,13.281,13.366,26581,0
2016-05-02,13.347,13.441,13.337,13.345,44293,0
2016-05-03,13.376,13.433,13.328,13.366,15120,0
2016-05-04,13.337,13.394,13.337,13.356,21825,0
2016-05-05,13.356,13.459,13.356,13.459,25454,0
2016-05-06,13.468,13.476,13.424,13.424,9275,0
2016-05-09,13.396,13.531,13.396,13.514,20086,0
2016-05-10,13.486,13.579,13.476,13.486,19371,0
2016-05-11,13.506,13.539,13.498,13.506,12119,0
2016-05-12,13.526,13.537,13.46,13.46,13121,0
2016-05-13,13.433,13.516,13.433,13.442,23129,0
2016-05-16,13.425,13.46,13.396,13.396,22600,0
2016-05-17,13.396,13.488,13.396,13.45,23406,0
2016-05-18,13.46,13.473,13.348,13.348,30695,0
2016-05-19,13.319,13.337,13.14,13.14,35383,0
2016-05-20,13.233,13.243,13.205,13.224,15545,0
2016-05-23,13.233,13.319,13.233,13.31,30938,0
2016-05-24,13.31,13.338,13.282,13.329,10744,0
2016-05-25,13.291,13.357,13.291,13.301,22388,0
2016-05-26,13.319,13.425,13.301,13.425,34771,0
2016-05-27,13.396,13.45,13.396,13.425,36167,0
2016-05-31,13.396,13.415,13.338,13.348,34739,0
2016-06-01,13.357,13.425,13.357,13.42,6320,0
2016-06-02,13.405,13.526,13.405,13.506,8969,0
2016-06-03,13.516,13.59,13.506,13.555,6361,0
2016-06-06,13.506,13.571,13.506,13.546,24264,0
2016-06-07,13.546,13.64,13.546,13.61,18625,0
2016-06-08,13.59,13.62,13.59,13.6,8679,0
2016-06-09,13.581,13.63,13.581,13.63,7937,0
2016-06-10,13.63,13.63,13.59,13.59,3697,0
2016-06-13,13.612,13.707,13.612,13.697,14690,0
2016-06-14,13.66,13.688,13.652,13.688,4350,0
2016-06-15,13.67,13.688,13.66,13.688,7552,0
2016-06-16,13.726,13.764,13.726,13.726,7244,0
2016-06-17,13.717,13.735,13.612,13.726,110155,0
2016-06-20,13.66,13.717,13.622,13.622,14392,0
2016-06-21,13.66,13.692,13.622,13.642,14453,0
2016-06-22,13.67,13.726,13.632,13.642,23355,0
2016-06-23,13.707,13.774,13.66,13.774,23078,0
2016-06-24,13.717,13.922,13.717,13.764,17594,0
2016-06-27,13.819,13.922,13.745,13.838,30004,0
2016-06-28,13.838,13.96,13.819,13.857,18068,0
2016-06-29,13.847,13.914,13.783,13.886,14363,0
2016-06-30,13.867,13.942,13.867,13.896,12374,0
2016-07-01,13.896,13.98,13.896,13.96,17018,0
2016-07-05,13.96,13.96,13.838,13.96,18268,0
2016-07-06,13.942,14.059,13.905,14.059,27417,0
2016-07-07,14.029,14.09,13.99,14.049,16779,0
2016-07-08,14.049,14.17,14.049,14.16,10053,0
2016-07-11,14.186,14.186,14.103,14.103,9826,0
2016-07-12,14.094,14.094,13.886,13.914,19776,0
2016-07-13,13.926,13.926,13.671,13.738,20191,0
2016-07-14,13.654,13.668,13.584,13.654,40135,0
2016-07-15,13.584,13.841,13.584,13.832,47203,0
2016-07-18,13.806,14.023,13.806,14.013,15589,0
2016-07-19,14.043,14.043,13.836,13.899,19330,0
2016-07-20,13.889,13.908,13.85,13.85,11238,0
2016-07-21,13.879,13.889,13.85,13.869,19546,0
2016-07-22,13.85,13.917,13.85,13.889,7032,0
2016-07-25,13.86,13.899,13.822,13.832,13756,0
2016-07-26,13.822,13.871,13.822,13.832,10650,0
2016-07-27,13.822,13.889,13.822,13.841,14534,0
2016-07-28,13.832,13.889,13.813,13.841,14914,0
2016-07-29,13.841,13.899,13.841,13.85,9885,0
2016-08-01,13.822,13.879,13.822,13.85,15785,0
2016-08-02,13.822,13.908,13.806,13.908,10467,0
2016-08-03,13.879,13.974,13.879,13.945,13513,0
2016-08-04,13.955,13.974,13.936,13.945,15760,0
2016-08-05,13.945,13.953,13.899,13.945,9887,0
2016-08-08,13.917,13.964,13.917,13.945,9165,0
2016-08-09,13.945,13.945,13.917,13.917,7057,0
2016-08-10,13.917,13.952,13.917,13.917,8839,0
2016-08-11,13.94,13.94,13.853,13.853,9765,0
2016-08-12,13.93,13.959,13.843,13.843,13243,0
2016-08-15,13.835,13.843,13.808,13.808,16496,0
2016-08-16,13.835,13.843,13.799,13.799,11977,0
2016-08-17,13.78,13.843,13.78,13.835,8261,0
2016-08-18,13.808,13.851,13.808,13.825,13862,0
2016-08-19,13.815,13.892,13.808,13.892,16559,0
2016-08-22,13.892,13.92,13.843,13.902,6688,0
2016-08-23,13.902,13.911,13.882,13.892,14909,0
2016-08-24,13.872,13.872,13.815,13.815,11612,0
2016-08-25,13.815,13.815,13.78,13.78,13317,0
2016-08-26,13.77,13.809,13.674,13.731,38801,0
2016-08-29,13.76,13.78,13.722,13.722,9268,0
2016-08-30,13.713,13.76,13.703,13.703,11924,0
2016-08-31,13.693,13.789,13.693,13.77,24414,0
2016-09-01,13.731,13.808,13.731,13.77,24405,0
2016-09-02,13.77,13.78,13.77,13.77,10130,0
2016-09-06,13.76,13.872,13.76,13.835,21866,0
2016-09-07,13.825,13.853,13.815,13.825,4985,0
2016-09-08,13.815,13.843,13.77,13.77,17186,0
2016-09-09,13.731,13.731,13.55,13.577,16976,0
2016-09-12,13.56,13.578,13.55,13.56,11628,0
2016-09-13,13.534,13.59,13.476,13.476,40680,0
2016-09-14,13.486,13.571,13.486,13.553,16283,0
2016-09-15,13.514,13.571,13.514,13.571,11742,0
2016-09-16,13.553,13.581,13.534,13.581,9797,0
2016-09-19,13.563,13.591,13.534,13.571,12462,0
2016-09-20,13.6,13.663,13.59,13.65,20470,0
2016-09-21,13.66,13.67,13.605,13.67,20174,0
2016-09-22,13.688,13.783,13.678,13.688,24666,0
2016-09-23,13.688,13.697,13.61,13.65,12024,0
2016-09-26,13.62,13.67,13.62,13.65,16548,0
2016-09-27,13.66,13.735,13.66,13.688,5754,0
2016-09-28,13.697,13.798,13.697,13.726,9579,0
2016-09-29,13.755,13.755,13.697,13.707,15409,0
2016-09-30,13.717,13.717,13.678,13.707,11792,0
2016-10-03,13.697,13.707,13.64,13.65,10609,0
2016-10-04,13.64,13.64,13.553,13.553,27689,0
2016-10-05,13.553,13.563,13.496,13.534,17900,0
2016-10-06,13.524,13.534,13.413,13.514,13087,0
2016-10-07,13.504,13.514,13.448,13.458,5173,0
2016-10-10,13.514,13.534,13.468,13.524,9505,0
2016-10-11,13.468,13.697,13.468,13.688,14595,0
2016-10-12,13.603,13.663,13.556,13.663,11651,0
2016-10-13,13.613,13.613,13.425,13.489,27744,0
2016-10-14,13.415,13.434,13.345,13.345,23930,0
2016-10-17,13.307,13.316,13.258,13.287,50139,0
2016-10-18,13.268,13.344,13.202,13.268,39545,0
2016-10-19,13.268,13.415,13.258,13.375,22649,0
2016-10-20,13.375,13.479,13.355,13.355,15941,0
2016-10-21,13.355,13.41,13.307,13.345,16042,0
2016-10-24,13.355,13.365,13.307,13.307,13238,0
2016-10-25,13.307,13.345,13.287,13.297,19838,0
2016-10-26,13.278,13.297,13.278,13.287,22869,0
2016-10-27,13.287,13.287,13.193,13.278,19365,0
2016-10-28,13.22,13.22,13.059,13.106,13283,0
2016-10-31,13.164,13.164,13.049,13.126,32380,0
2016-11-01,13.145,13.145,13.039,13.106,26255,0
2016-11-02,13.116,13.278,13.087,13.136,31276,0
2016-11-03,13.164,13.22,13.126,13.136,26115,0
2016-11-04,13.106,13.174,13.106,13.174,26250,0
2016-11-07,13.145,13.258,13.145,13.258,17660,0
2016-11-08,13.287,13.479,13.278,13.442,26499,0
2016-11-09,13.335,13.335,13.268,13.316,17350,0
2016-11-10,13.29,13.29,13.08,13.186,28599,0
2016-11-11,13.09,13.223,13.082,13.213,13078,0
2016-11-14,13.129,13.242,12.771,13.109,38557,0
2016-11-15,13.119,13.167,12.89,12.917,40223,0
2016-11-16,12.954,13.011,12.801,12.801,13927,0
2016-11-17,12.753,12.838,12.744,12.745,17376,0
2016-11-18,12.705,12.753,12.691,12.705,6667,0
2016-11-21,12.667,12.82,12.667,12.781,7839,0
2016-11-22,12.801,12.897,12.753,12.801,15356,0
2016-11-23,12.725,12.753,12.686,12.735,4440,0
2016-11-25,12.761,12.848,12.761,12.801,3721,0
2016-11-28,12.761,12.897,12.735,12.791,16887,0
2016-11-29,12.781,12.798,12.657,12.696,25879,0
2016-11-30,12.725,12.725,12.456,12.456,45658,0
2016-12-01,12.475,12.475,12.262,12.29,98027,0
2016-12-02,12.29,12.358,12.29,12.31,55179,0
2016-12-05,12.388,12.388,12.29,12.358,25363,0
2016-12-06,12.426,12.494,12.398,12.465,24330,0
2016-12-07,12.465,12.725,12.465,12.725,43555,0
2016-12-08,12.696,12.696,12.608,12.638,13715,0
2016-12-09,12.667,12.667,12.579,12.618,21442,0
2016-12-12,12.55,12.677,12.465,12.502,50048,0
2016-12-13,12.544,12.651,12.544,12.651,38993,0
2016-12-14,12.69,12.729,12.651,12.695,31269,0
2016-12-15,12.602,12.622,12.573,12.583,32440,0
2016-12-16,12.573,12.583,12.505,12.534,16927,0
2016-12-19,12.583,12.593,12.439,12.468,98421,0
2016-12-20,12.391,12.534,12.391,12.505,38036,0
2016-12-21,12.468,12.534,12.468,12.524,5234,0
2016-12-22,12.564,12.593,12.534,12.593,25712,0
2016-12-23,12.564,12.583,12.554,12.564,7248,0
2016-12-27,12.602,12.602,12.564,12.583,23300,0
2016-12-28,12.583,12.583,12.468,12.487,59333,0
2016-12-29,12.534,12.661,12.534,12.661,45682,0
2016-12-30,12.661,12.671,12.602,12.671,21679,0
2017-01-03,12.632,12.719,12.632,12.671,11417,0
2017-01-04,12.7,12.816,12.7,12.816,9975,0
2017-01-05,12.853,12.883,12.806,12.883,10622,0
2017-01-06,12.863,12.932,12.824,12.824,23875,0
2017-01-09,12.922,12.989,12.893,12.893,24207,0
2017-01-10,12.932,13.027,12.905,12.989,29641,0
2017-01-11,13.061,13.061,12.953,13.012,20091,0
2017-01-12,13.041,13.09,13.041,13.071,12487,0
2017-01-13,13.051,13.056,13.031,13.051,11871,0
2017-01-17,13.031,13.148,13.031,13.051,26007,0
2017-01-18,13.022,13.071,13.022,13.071,24534,0
2017-01-19,13.002,13.051,12.962,13.022,36034,0
2017-01-20,13.051,13.051,12.915,12.925,5234,0
2017-01-23,12.925,13.041,12.925,13.041,8710,0
2017-01-24,12.982,13.061,12.982,13.002,882,0
2017-01-25,13.002,13.012,12.953,13.012,13860,0
2017-01-26,13.002,13.002,12.981,12.992,3089,0
2017-01-27,12.992,13.109,12.982,13.109,17478,0
2017-01-30,13.041,13.09,13.041,13.041,1801,0
2017-01-31,13.109,13.214,13.041,13.186,8687,0
2017-02-01,13.119,13.205,13.114,13.196,10699,0
2017-02-02,13.138,13.196,13.138,13.148,14321,0
2017-02-03,13.158,13.244,13.158,13.177,24165,0
2017-02-06,13.214,13.271,13.186,13.186,5420,0
2017-02-07,13.186,13.234,13.138,13.138,13010,0
2017-02-08,13.129,13.263,13.129,13.167,16562,0
2017-02-09,13.138,13.167,12.972,12.992,16646,0
2017-02-10,12.945,13.002,12.925,12.945,76404,0
2017-02-13,12.947,12.98,12.947,12.976,22861,0
2017-02-14,12.908,12.969,12.889,12.889,18176,0
2017-02-15,12.829,12.939,12.829,12.911,13679,0
2017-02-16,12.918,12.918,12.889,12.908,7124,0
2017-02-17,12.889,12.925,12.859,12.889,26133,0
2017-02-21,12.879,12.908,12.849,12.849,15667,0
2017-02-22,12.849,12.898,12.849,12.879,20827,0
2017-02-23,12.889,12.928,12.889,12.928,19240,0
2017-02-24,12.938,12.966,12.938,12.956,19863,0
2017-02-27,12.908,12.966,12.908,12.947,38682,0
2017-02-28,12.976,12.983,12.923,12.947,23367,0
2017-03-01,12.879,12.908,12.821,12.908,21207,0
2017-03-02,12.829,12.849,12.782,12.812,53673,0
2017-03-03,12.754,12.821,12.704,12.714,39670,0
2017-03-06,12.694,12.744,12.694,12.744,26048,0
2017-03-07,12.719,12.762,12.719,12.76,7199,0
2017-03-08,12.724,12.757,12.684,12.734,36654,0
2017-03-09,12.714,12.714,12.655,12.694,8557,0
2017-03-10,12.714,12.734,12.665,12.694,12518,0
2017-03-13,12.655,12.665,12.603,12.655,15612,0
2017-03-14,12.616,12.684,12.606,12.626,23229,0
2017-03-15,12.606,12.724,12.567,12.724,21710,0
2017-03-16,12.694,12.734,12.655,12.734,21007,0
2017-03-17,12.724,12.744,12.694,12.694,11746,0
2017-03-20,12.694,12.754,12.694,12.704,19783,0
2017-03-21,12.704,12.754,12.675,12.734,20245,0
2017-03-22,12.724,12.812,12.694,12.812,21601,0
2017-03-23,12.792,12.86,12.772,12.84,11883,0
2017-03-24,12.812,12.89,12.802,12.86,7752,0
2017-03-27,12.83,12.909,12.812,12.88,11762,0
2017-03-28,12.85,12.928,12.85,12.899,14470,0
2017-03-29,12.88,12.948,12.88,12.929,21624,0
2017-03-30,12.899,12.939,12.899,12.899,14469,0
2017-03-31,12.977,12.977,12.899,12.899,17534,0
2017-04-03,12.86,12.957,12.86,12.957,31547,0
2017-04-04,12.977,12.977,12.929,12.948,14110,0
2017-04-05,12.919,12.977,12.919,12.977,10532,0
2017-04-06,12.977,12.994,12.958,12.967,10385,0
2017-04-07,12.948,13.037,12.948,13.026,12231,0
2017-04-10,12.997,13.076,12.997,13.076,2929,0
2017-04-11,13.086,13.115,13.086,13.105,3447,0
2017-04-12,13.086,13.131,13.086,13.125,7965,0
2017-04-13,13.115,13.154,13.115,13.115,9435,0
2017-04-17,13.125,13.173,13.125,13.173,6607,0
2017-04-18,13.183,13.202,13.154,13.193,12803,0
2017-04-19,13.202,13.212,13.202,13.202,10036,0
2017-04-20,13.222,13.222,13.212,13.222,15199,0
2017-04-21,13.252,13.261,13.242,13.242,18132,0
2017-04-24,13.202,13.242,13.202,13.222,12658,0
2017-04-25,13.212,13.212,13.173,13.183,19156,0
2017-04-26,13.183,13.212,13.144,13.183,16840,0
2017-04-27,13.163,13.261,13.115,13.115,13893,0
2017-04-28,13.135,13.168,13.096,13.105,14768,0
2017-05-01,13.163,13.202,13.135,13.155,14936,0
2017-05-02,13.193,13.232,13.173,13.232,34322,0
2017-05-03,13.252,13.252,13.202,13.242,15789,0
2017-05-04,13.252,13.258,13.212,13.252,7202,0
2017-05-05,13.202,13.32,13.202,13.32,8673,0
2017-05-08,13.193,13.35,13.193,13.31,16026,0
2017-05-09,13.33,13.35,13.232,13.232,7398,0
2017-05-10,13.252,13.261,13.125,13.154,14982,0
2017-05-11,13.183,13.212,13.135,13.202,31311,0
2017-05-12,13.222,13.341,13.222,13.291,9269,0
2017-05-15,13.301,13.401,13.301,13.391,8228,0
2017-05-16,13.351,13.374,13.291,13.301,6415,0
2017-05-17,13.391,13.421,13.331,13.421,8627,0
2017-05-18,13.441,13.507,13.361,13.401,26668,0
2017-05-19,13.361,13.421,13.341,13.411,11119,0
2017-05-22,13.361,13.426,13.361,13.391,9407,0
2017-05-23,13.401,13.507,13.401,13.499,3045,0
2017-05-24,13.517,13.517,13.449,13.469,6645,0
2017-05-25,13.469,13.507,13.449,13.449,17231,0
2017-05-26,13.479,13.527,13.459,13.527,18636,0
2017-05-30,13.527,13.537,13.479,13.507,6548,0
2017-05-31,13.537,13.636,13.522,13.557,5585,0
2017-06-01,13.547,13.646,13.547,13.636,12768,0
2017-06-02,13.626,13.676,13.586,13.586,16266,0
2017-06-05,13.586,13.676,13.586,13.596,14950,0
2017-06-06,13.616,13.676,13.616,13.626,3589,0
2017-06-07,13.626,13.696,13.626,13.676,8988,0
2017-06-08,13.666,13.706,13.656,13.666,11546,0
2017-06-09,13.656,13.676,13.626,13.626,10874,0
2017-06-12,13.656,13.736,13.656,13.656,10184,0
2017-06-13,13.731,13.731,13.651,13.661,12319,0
2017-06-14,13.691,13.701,13.651,13.681,17731,0
2017-06-15,13.681,13.727,13.671,13.681,16554,0
2017-06-16,13.691,13.731,13.651,13.661,14162,0
2017-06-19,13.641,13.671,13.641,13.651,9422,0
2017-06-20,13.661,13.681,13.652,13.681,10660,0
2017-06-21,13.651,13.691,13.631,13.631,29883,0
2017-06-22,13.661,13.714,13.661,13.711,12087,0
2017-06-23,13.721,13.741,13.671,13.741,19997,0
2017-06-26,13.721,13.788,13.721,13.77,10725,0
2017-06-27,13.731,13.763,13.721,13.731,13800,0
2017-06-28,13.731,13.751,13.731,13.731,3890,0
2017-06-29,13.631,13.651,13.631,13.651,19226,0
2017-06-30,13.621,13.646,13.611,13.631,7427,0
2017-07-03,13.641,13.701,13.641,13.661,4619,0
2017-07-05,13.651,13.654,13.621,13.621,1779,0
2017-07-06,13.581,13.596,13.542,13.552,4429,0
2017-07-07,13.512,13.571,13.512,13.552,2058,0
2017-07-10,13.532,13.591,13.532,13.591,4314,0
2017-07-11,13.591,13.631,13.591,13.611,7897,0
2017-07-12,13.651,13.667,13.581,13.611,20201,0
2017-07-13,13.571,13.611,13.562,13.591,12039,0
2017-07-14,13.631,13.651,13.631,13.651,5874,0
2017-07-17,13.641,13.681,13.631,13.631,6251,0
2017-07-18,13.631,13.691,13.631,13.691,7324,0
2017-07-19,13.691,13.691,13.661,13.661,19099,0
2017-07-20,13.651,13.691,13.651,13.671,7706,0
2017-07-21,13.651,13.701,13.651,13.681,12152,0
2017-07-24,13.671,13.691,13.671,13.691,3540,0
2017-07-25,13.631,13.655,13.631,13.641,5638,0
2017-07-26,13.631,13.681,13.631,13.681,13299,0
2017-07-27,13.661,13.671,13.651,13.661,7174,0
2017-07-28,13.631,13.76,13.631,13.76,2459,0
2017-07-31,13.76,13.79,13.741,13.741,9496,0
2017-08-01,13.751,13.783,13.721,13.748,14341,0
2017-08-02,13.721,13.79,13.701,13.77,11194,0
2017-08-03,13.741,13.78,13.741,13.741,8014,0
2017-08-04,13.751,13.751,13.681,13.681,3104,0
2017-08-07,13.671,13.701,13.671,13.681,11535,0
2017-08-08,13.651,13.681,13.621,13.631,29482,0
2017-08-09,13.651,13.661,13.621,13.651,26121,0
2017-08-10,13.621,13.671,13.621,13.671,19278,0
2017-08-11,13.671,13.721,13.626,13.721,13029,0
2017-08-14,13.721,13.751,13.662,13.691,16361,0
2017-08-15,13.631,13.76,13.611,13.741,16142,0
2017-08-16,13.711,13.909,13.711,13.879,42523,0
2017-08-17,13.869,13.979,13.823,13.979,28414,0
2017-08-18,13.959,13.979,13.909,13.969,11332,0
2017-08-21,13.949,13.949,13.899,13.901,6109,0
2017-08-22,13.909,13.909,13.84,13.84,3193,0
2017-08-23,13.899,13.989,13.899,13.909,5526,0
2017-08-24,13.889,13.889,13.86,13.86,4187,0
2017-08-25,13.879,13.879,13.86,13.86,2282,0
2017-08-28,13.86,13.899,13.86,13.86,7032,0
2017-08-29,13.919,14.078,13.919,14.068,14113,0
2017-08-30,14.059,14.059,13.962,13.962,4254,0
2017-08-31,13.999,14.006,13.929,13.929,3661,0
2017-09-01,13.889,13.949,13.889,13.919,6927,0
2017-09-05,13.959,13.959,13.909,13.919,3797,0
2017-09-06,13.889,13.969,13.889,13.929,4586,0
2017-09-07,13.979,14.009,13.979,13.979,3931,0
2017-09-08,13.976,13.979,13.919,13.929,7406,0
2017-09-11,13.919,13.959,13.889,13.899,7171,0
2017-09-12,13.939,13.939,13.909,13.919,5469,0
2017-09-13,13.909,13.959,13.909,13.909,16150,0
2017-09-14,13.964,13.964,13.865,13.884,9362,0
2017-09-15,13.845,13.924,13.845,13.884,4769,0
2017-09-18,13.914,13.914,13.874,13.884,9363,0
2017-09-19,13.874,13.893,13.855,13.855,7763,0
2017-09-20,13.825,13.855,13.805,13.815,6708,0
2017-09-21,13.829,13.829,13.735,13.805,8003,0
2017-09-22,13.815,14.014,13.805,13.974,17297,0
2017-09-25,13.944,13.944,13.845,13.924,10869,0
2017-09-26,13.904,13.914,13.884,13.884,3013,0
2017-09-27,13.865,13.865,13.805,13.815,2486,0
2017-09-28,13.765,13.785,13.695,13.705,16765,0
2017-09-29,13.785,13.865,13.745,13.745,3351,0
2017-10-02,13.735,13.808,13.675,13.675,9413,0
2017-10-03,13.655,13.705,13.655,13.655,3046,0
2017-10-04,13.655,13.695,13.605,13.635,9148,0
2017-10-05,13.635,13.675,13.635,13.655,4147,0
2017-10-06,13.625,13.665,13.615,13.656,6526,0
2017-10-09,13.665,13.665,13.645,13.645,2981,0
2017-10-10,13.665,13.674,13.625,13.665,5879,0
2017-10-11,13.655,13.665,13.625,13.655,14032,0
2017-10-12,13.655,13.715,13.655,13.715,1598,0
2017-10-13,13.71,13.76,13.71,13.71,11901,0
2017-10-16,13.71,13.7289,13.67,13.67,6965,0
2017-10-17,13.67,13.76,13.67,13.72,8944,0
2017-10-18,13.71,13.72,13.65,13.69,9126,0
2017-10-19,13.69,13.71,13.64,13.64,1164,0
2017-10-20,13.62,13.68,13.62,13.66,8583,0
2017-10-23,13.64,13.71,13.64,13.68,10529,0
2017-10-24,13.68,13.7,13.64,13.68,4460,0
2017-10-25,13.63,13.64,13.6,13.63,20366,0
2017-10-26,13.596,13.596,13.5,13.57,15949,0
2017-10-27,13.57,13.57,13.53,13.53,10904,0
2017-10-30,13.52,13.58,13.52,13.57,12059,0
2017-10-31,13.57,13.58,13.52,13.52,13723,0
2017-11-01,13.54,13.66,13.52,13.6,38934,0
2017-11-02,13.59,13.64,13.59,13.615,12604,0
2017-11-03,13.61,13.67,13.6,13.65,9743,0
2017-11-06,13.67,13.75,13.67,13.7,5182,0
2017-11-07,13.76,13.89,13.6,13.7,16009,0
2017-11-08,13.76,13.83,13.72,13.74,24584,0
2017-11-09,13.76,13.8365,13.67,13.73,44104,0
2017-11-10,13.67,13.67,13.62,13.62,6513,0
