2016-01-04,8.1256,8.346,7.9436,8.279,6034436,0
2016-01-05,8.2214,8.2837,7.867,8.116,7089578,0
2016-01-06,7.7806,7.9052,7.5172,7.6082,5181851,0
2016-01-07,7.3687,7.5172,7.0716,7.1004,8239904,0
2016-01-08,7.1964,7.2632,6.6309,6.8895,10511373,0
2016-01-11,6.8799,6.8799,6.4679,6.6403,7295505,0
2016-01-12,6.832,6.9471,6.1135,6.5063,9600067,0
2016-01-13,6.6691,6.7458,6.2188,6.2285,8215115,0
2016-01-14,6.2955,6.5733,6.0366,6.42,6842760,0
2016-01-15,6.0272,6.171,5.8642,6.1038,6758796,0
2016-01-19,6.1805,6.1998,5.596,5.6247,8951858,0
2016-01-20,5.4044,5.4715,4.7239,5.2989,17020434,0
2016-01-21,5.1457,5.6726,5.021,5.663,9148539,0
2016-01-22,6.0846,6.2285,5.7876,6.0272,14634723,0
2016-01-25,5.7973,6.1423,5.4091,5.433,7528623,0
2016-01-26,5.6535,5.7493,5.433,5.711,4466082,0
2016-01-27,5.6821,6.3051,5.6056,6.0655,8860459,0
2016-01-28,6.5349,6.7937,6.3384,6.5159,9575632,0
2016-01-29,6.583,7.0811,6.4105,7.0525,9632676,0
2016-02-01,6.8418,6.8418,6.2285,6.3433,9145235,0
2016-02-02,6.1228,6.2858,5.8979,6.0463,9815808,0
2016-02-03,6.1998,6.5159,5.7779,6.5063,11250368,0
2016-02-04,6.6021,7.2536,6.5733,7.0525,10408811,0
2016-02-05,6.9375,7.177,6.5445,6.7171,8935911,0
2016-02-08,6.4679,6.4679,5.9409,6.3146,9505262,0
2016-02-09,6.1325,6.171,5.5192,5.8451,9775865,0
2016-02-10,5.7397,6.056,5.6247,5.6918,6491047,0
2016-02-11,5.5097,5.5481,5.1215,5.5002,11241866,0
2016-02-12,5.6344,5.9697,5.5481,5.7205,7784442,0
2016-02-16,5.8836,6.1949,5.7779,6.0366,12863692,0
2016-02-17,6.3433,7.177,6.3433,6.8607,17469344,0
2016-02-18,6.9949,7.0428,6.4774,6.6884,10046022,0
2016-02-19,6.4679,6.6021,6.1899,6.5926,9298963,0
2016-02-22,6.8033,7.1387,6.7266,7.0046,6866230,0
2016-02-23,6.8512,7.3398,6.4968,6.5926,9163176,0
2016-02-24,6.3243,6.6644,6.171,6.6403,5722766,0
2016-02-25,6.5349,6.6213,5.96,6.6117,8762874,0
2016-02-26,6.7937,7.1578,6.6691,6.9949,7839661,0
2016-02-29,7.0525,7.2056,6.8033,6.8607,10261250,0
2016-03-01,7.0908,7.2679,6.4968,6.583,19256253,0
2016-03-02,6.5255,7.1578,6.42,7.1578,15710384,0
2016-03-03,7.1291,8.5329,7.0477,8.0107,16462836,0
2016-03-04,8.2981,8.6958,7.8573,7.9436,17514136,0
2016-03-07,7.9436,8.6335,7.7759,8.2406,16956769,0
2016-03-08,8.0959,8.149,7.3094,7.7582,12540867,0
2016-03-09,8.0863,8.231,7.4783,7.9512,10212654,0
2016-03-10,7.9029,8.2889,7.681,8.1442,9465649,0
2016-03-11,8.4915,9.0802,8.4046,8.8775,12647321,0
2016-03-14,8.5495,8.7231,8.3082,8.6941,10951167,0
2016-03-15,8.4819,8.5542,8.1344,8.4819,7359246,0
2016-03-16,8.6749,8.8198,8.3275,8.588,7856281,0
2016-03-17,8.7907,9.3021,8.6074,9.1572,12681554,0
2016-03-18,9.2442,9.4958,8.6941,8.8198,16815286,0
2016-03-21,8.752,9.1188,8.5589,9.0802,6537741,0
2016-03-22,8.9353,8.974,8.559,8.6362,7498306,0
2016-03-23,8.4915,8.6845,8.0766,8.1731,7230005,0
2016-03-24,7.9029,8.395,7.7389,8.3854,7034641,0
2016-03-28,8.4336,8.4722,8.1055,8.3757,5314087,0
2016-03-29,8.1442,8.7038,8.0621,8.617,7038884,0
2016-03-30,8.752,8.9353,8.5109,8.7712,7105138,0
2016-03-31,8.752,9.0128,8.6267,8.8775,9515382,0
2016-04-01,8.646,8.8389,8.4433,8.6074,8224580,0
2016-04-04,8.5495,8.8292,8.2213,8.4433,7887461,0
2016-04-05,8.3082,8.6267,8.2021,8.424,13473790,0
2016-04-06,8.588,8.8872,8.2696,8.8872,7462248,0
2016-04-07,8.8003,9.1235,8.4915,8.6074,7065637,0
2016-04-08,8.9161,9.2539,8.8872,9.0608,6473008,0
2016-04-11,9.1864,9.4175,9.1188,9.2539,5305266,0
2016-04-12,9.3309,9.9,9.2729,9.687,8640707,0
2016-04-13,9.785,10.073,9.583,9.843,11246176,0
2016-04-14,9.89,9.968,9.4562,9.668,7835026,0
2016-04-15,9.505,9.514,9.0995,9.4373,8217800,0
2016-04-18,8.974,9.804,8.9258,9.648,9030446,0
2016-04-19,9.756,10.147,9.658,10.017,7460228,0
2016-04-20,9.91,10.18,9.766,10.054,7974142,0
2016-04-21,10.103,10.248,9.843,10.083,5347765,0
2016-04-22,10.142,10.664,10.133,10.46,8127834,0
2016-04-25,10.441,10.47,9.87,10.007,8410573,0
2016-04-26,9.648,9.746,8.6074,9.0222,26959242,0
2016-04-27,9.514,9.929,9.322,9.4859,19890007,0
2016-04-28,9.4274,10.007,9.3309,9.648,9756138,0
2016-04-29,9.737,10.218,9.2635,9.4562,11506255,0
2016-05-02,9.4175,9.563,8.8003,8.9547,10717190,0
2016-05-03,8.8486,8.8486,8.3178,8.6845,8411304,0
2016-05-04,8.7038,8.945,8.0959,8.1055,10181290,0
2016-05-05,8.395,8.4722,7.7919,7.8644,9141443,0
2016-05-06,7.8546,8.2985,7.7484,8.0574,7070114,0
2016-05-09,7.9608,7.9608,7.5553,7.7195,5297226,0
2016-05-10,7.816,8.1635,7.7437,8.0863,8403800,0
2016-05-11,7.9801,8.1731,7.6713,7.9608,10677952,0
2016-05-12,8.1151,8.2716,7.7679,8.009,7264198,0
2016-05-13,7.9029,8.1055,7.6423,7.8258,8453667,0
2016-05-16,8.0574,8.3082,7.9995,8.009,5688160,0
2016-05-17,8.009,8.4046,7.9995,8.2213,8777052,0
2016-05-18,8.1538,8.2985,7.7003,7.7484,7821134,0
2016-05-19,7.6713,7.7484,7.3432,7.652,10465595,0
2016-05-20,7.6713,7.9801,7.6617,7.816,5952750,0
2016-05-23,7.6907,7.8787,7.5652,7.7484,5235580,0
2016-05-24,7.874,8.0283,7.7389,7.9222,7221806,0
2016-05-25,8.0476,8.5109,8.009,8.4722,8094395,0
2016-05-26,8.6267,8.9258,8.5687,8.6267,10529070,0
2016-05-27,8.5687,8.752,8.4626,8.752,8028287,0
2016-05-31,8.8198,9.2296,8.781,9.0705,9524643,0
2016-06-01,8.7425,8.8243,8.3854,8.7328,13148243,0
2016-06-02,8.559,8.6651,8.395,8.617,7767533,0
2016-06-03,8.6267,8.9258,8.5495,8.8003,4860418,0
2016-06-06,8.945,9.949,8.945,9.91,10176981,0
2016-06-07,10.027,10.6,9.91,10.47,12017584,0
2016-06-08,10.675,10.877,10.247,10.451,9107567,0
2016-06-09,10.227,10.577,10.014,10.421,6779718,0
2016-06-10,10.091,10.383,9.975,10.062,6122868,0
2016-06-13,9.897,10.295,9.791,9.994,6366170,0
2016-06-14,9.897,10.207,9.801,10.062,5579747,0
2016-06-15,9.946,10.207,9.858,9.984,7354989,0
2016-06-16,9.829,9.829,9.4899,9.791,6881836,0
2016-06-17,9.975,10.266,9.916,10.111,9224443,0
2016-06-20,10.421,10.527,10.034,10.052,6871792,0
2016-06-21,10.024,10.392,9.916,10.266,7838995,0
2016-06-22,10.402,10.517,10.169,10.217,5834455,0
2016-06-23,10.451,10.537,10.353,10.47,5616019,0
2016-06-24,9.839,10.15,9.762,9.762,11428386,0
2016-06-27,9.528,9.548,8.9365,8.9754,8884241,0
2016-06-28,9.2952,9.4413,9.0676,9.2471,9416306,0
2016-06-29,9.4502,9.568,9.2952,9.4413,9394466,0
2016-06-30,9.4019,9.772,9.2952,9.752,6281361,0
2016-07-01,9.723,10.315,9.723,10.266,5291606,0
2016-07-05,9.994,10.034,9.2373,9.558,7149730,0
2016-07-06,9.4314,9.593,9.2592,9.4118,11001438,0
2016-07-07,9.4899,9.747,9.1257,9.218,8586208,0
2016-07-08,9.4502,9.648,9.2904,9.528,6529223,0
2016-07-11,9.643,9.762,9.0919,9.1015,9286301,0
2016-07-12,9.4899,10.052,9.4215,9.887,11168426,0
2016-07-13,9.867,9.989,9.4118,9.4413,7459336,0
2016-07-14,9.597,9.713,9.3537,9.3733,5595618,0
2016-07-15,9.4502,9.597,9.3832,9.4215,4621106,0
2016-07-18,9.3436,9.597,9.2471,9.538,5960116,0
2016-07-19,9.4601,9.558,9.15,9.2471,7159701,0
2016-07-20,9.1306,9.3436,8.9172,9.1597,8293097,0
2016-07-21,9.1211,9.3842,8.9463,8.9754,5270504,0
2016-07-22,9.0143,9.0627,8.791,9.053,5580861,0
2016-07-25,8.9463,9.0143,8.8638,8.956,4434499,0
2016-07-26,8.888,9.2034,8.8686,9.1597,4304119,0
2016-07-27,9.2567,9.4601,8.7522,8.8493,5910728,0
2016-07-28,8.8493,9.0627,8.6267,8.7037,5546213,0
2016-07-29,8.6357,8.8105,8.4756,8.7328,9253575,0
2016-08-01,8.5872,8.597,8.2477,8.3544,7059323,0
2016-08-02,8.4902,8.5776,8.2089,8.432,6554752,0
2016-08-03,8.432,8.8105,8.2234,8.8007,11734432,0
2016-08-04,8.7715,9.1404,8.7715,8.9075,7035032,0
2016-08-05,8.9463,9.0821,8.8783,8.9851,7566299,0
2016-08-08,9.1306,9.616,9.1306,9.3921,7807725,0
2016-08-09,9.4502,9.597,9.3338,9.4899,6397096,0
2016-08-10,9.519,9.616,9.218,9.2471,7732457,0
2016-08-11,9.2757,9.4364,9.15,9.3635,8313143,0
2016-08-12,9.4413,9.543,9.1743,9.2855,8089913,0
2016-08-15,9.4215,9.975,9.3635,9.772,9254332,0
2016-08-16,9.81,10.131,9.698,10.004,6953306,0
2016-08-17,9.916,10.024,9.4998,9.588,9800003,0
2016-08-18,9.713,10.121,9.703,10.004,4541506,0
2016-08-19,9.936,9.965,9.635,9.849,5828329,0
2016-08-22,9.663,9.752,9.4413,9.635,5335726,0
2016-08-23,9.625,9.965,9.578,9.956,7812294,0
2016-08-24,9.839,9.975,9.625,9.625,7962307,0
2016-08-25,9.643,9.82,9.528,9.752,6246642,0
2016-08-26,9.801,9.907,9.528,9.568,5748558,0
2016-08-29,9.4998,9.703,9.4314,9.643,3542452,0
2016-08-30,9.81,9.936,9.55,9.683,7768755,0
2016-08-31,9.578,9.897,9.563,9.643,7313303,0
2016-09-01,9.548,9.648,9.4019,9.607,6023188,0
2016-09-02,9.752,9.979,9.743,9.839,5191929,0
2016-09-06,9.897,10.217,9.82,10.207,5142482,0
2016-09-07,10.197,10.368,10.096,10.266,6625949,0
2016-09-08,10.363,10.692,10.178,10.597,5977602,0
2016-09-09,10.43,10.469,10.001,10.001,7164520,0
2016-09-12,9.854,10.118,9.663,9.961,7813162,0
2016-09-13,9.767,9.806,8.947,9.0835,10024973,0
2016-09-14,8.9956,9.4048,8.8688,9.0152,8125921,0
2016-09-15,9.1225,9.542,9.0153,9.3468,9862273,0
2016-09-16,9.1225,9.542,9.103,9.3763,10490381,0
2016-09-19,9.4641,9.63,9.4146,9.4146,5797734,0
2016-09-20,9.3862,9.62,9.1908,9.4443,7519306,0
2016-09-21,9.63,9.864,9.542,9.796,7466853,0
2016-09-22,10.021,10.245,10.021,10.186,5854053,0
2016-09-23,10.098,10.303,9.738,9.757,6572425,0
2016-09-26,9.835,10.24,9.747,10.05,7626522,0
2016-09-27,9.786,9.961,9.62,9.922,9271568,0
2016-09-28,10.059,10.996,9.991,10.986,12415511,0
2016-09-29,11.104,11.718,11.054,11.513,13875277,0
2016-09-30,11.66,12.029,11.484,11.864,7211118,0
2016-10-03,11.963,12.127,11.65,12.001,6285608,0
2016-10-04,12.029,12.157,11.566,11.65,8412689,0
2016-10-05,11.953,12.43,11.953,12.197,8051095,0
2016-10-06,12.313,12.576,12.127,12.401,7117990,0
2016-10-07,12.411,12.547,12.254,12.294,6309319,0
2016-10-10,12.538,12.791,12.538,12.616,7256437,0
2016-10-11,12.538,12.743,12.362,12.713,5339134,0
2016-10-12,12.557,12.782,12.449,12.567,5301055,0
2016-10-13,12.479,12.873,12.372,12.791,6963875,0
2016-10-14,12.918,12.996,12.518,12.557,4803261,0
2016-10-17,12.596,12.663,12.372,12.372,3857347,0
2016-10-18,12.673,12.831,12.509,12.821,7419499,0
2016-10-19,13.083,13.289,12.811,12.937,6848950,0
2016-10-20,12.683,12.986,12.567,12.801,6341236,0
2016-10-21,12.703,12.782,12.449,12.733,6447549,0
2016-10-24,12.831,12.831,12.406,12.723,5028432,0
2016-10-25,12.653,12.908,12.449,12.459,6499388,0
2016-10-26,12.157,12.616,11.849,11.972,9117026,0
2016-10-27,12.137,12.254,11.543,11.748,7257644,0
2016-10-28,11.795,11.972,11.63,11.66,11124182,0
2016-10-31,11.795,11.913,11.488,11.61,9960639,0
2016-11-01,11.805,11.943,11.22,11.523,8753758,0
2016-11-02,11.151,11.352,11.015,11.054,6610849,0
2016-11-03,11.035,11.357,10.986,11.171,6250343,0
2016-11-04,11.104,11.503,10.742,11.318,11638378,0
2016-11-07,11.561,11.786,11.523,11.571,7472028,0
2016-11-08,11.484,11.854,11.347,11.795,5452028,0
2016-11-09,11.748,12.347,11.65,12.206,6641090,0
2016-11-10,12.089,12.469,11.982,12.352,6710336,0
2016-11-11,12.177,12.342,11.834,12.274,7633821,0
2016-11-14,12.284,12.581,12.235,12.479,5242959,0
2016-11-15,12.753,13.308,12.753,13.2,8856670,0
2016-11-16,13.152,13.298,12.893,13.25,5114402,0
2016-11-17,13.445,13.582,13.195,13.279,4216375,0
2016-11-18,13.405,13.494,13.24,13.289,3933291,0
2016-11-21,13.659,14.099,13.659,13.875,6305834,0
2016-11-22,13.923,14.025,13.611,13.816,5668816,0
2016-11-23,13.659,14.245,13.659,14.186,4721137,0
2016-11-25,14.03,14.059,13.737,13.942,3862405,0
2016-11-28,14.069,14.129,13.172,13.172,8034585,0
2016-11-29,12.849,12.967,12.528,12.849,7637775,0
2016-11-30,13.865,16.097,13.865,15.708,18433704,0
2016-12-01,16.107,16.391,15.738,16.08,12987238,0
2016-12-02,16.061,16.918,16.061,16.634,8695044,0
2016-12-05,16.86,17.25,16.694,17.065,7750418,0
2016-12-06,16.811,17.084,16.557,16.654,8351660,0
2016-12-07,16.333,16.729,16.011,16.245,7314794,0
2016-12-08,16.351,16.45,15.982,16.295,5119426,0
2016-12-09,16.537,16.634,16.056,16.215,6398360,0
2016-12-12,16.833,17.254,16.285,16.352,5556638,0
2016-12-13,16.651,16.651,15.756,16.03,6341467,0
2016-12-14,15.834,16,15.325,15.491,6347137,0
2016-12-15,15.374,15.794,15.218,15.589,4824419,0
2016-12-16,15.686,15.696,15.285,15.413,6889989,0
2016-12-19,15.403,15.666,15.07,15.53,7917794,0
2016-12-20,15.912,16.245,15.775,16.235,9724112,0
2016-12-21,16.323,16.528,16.167,16.362,5906367,0
2016-12-22,16.352,16.426,16.069,16.097,3321274,0
2016-12-23,16.02,16.197,15.766,15.971,2206836,0
2016-12-27,16.177,16.362,16.079,16.187,2508440,0
2016-12-28,16.333,16.451,15.776,15.873,3394951,0
2016-12-29,15.794,15.971,15.726,15.922,2621079,0
2016-12-30,15.922,16.333,15.882,16.06,3569125,0
2017-01-03,16.588,16.833,16.015,16.461,5029942,0
2017-01-04,16.666,17.194,16.641,17.127,6643726,0
2017-01-05,17.39,17.538,17.053,17.293,5304659,0
2017-01-06,17.352,18.018,17.137,17.803,6692631,0
2017-01-09,17.538,17.813,17.382,17.597,4177890,0
2017-01-10,17.43,17.675,17.174,17.322,13914438,0
2017-01-11,17.489,17.92,17.274,17.813,13692232,0
2017-01-12,17.969,17.998,17.127,17.157,8284206,0
2017-01-13,17.137,17.283,16.911,16.931,6036751,0
2017-01-17,17.077,17.194,16.798,17.077,6330001,0
2017-01-18,16.941,17.39,16.852,17.019,6339509,0
2017-01-19,17.097,17.357,17.019,17.147,5579557,0
2017-01-20,17.449,17.548,17.117,17.214,4049341,0
2017-01-23,16.989,17.077,16.538,16.656,4881505,0
2017-01-24,16.843,16.911,16.461,16.783,6246578,0
2017-01-25,16.872,17.102,16.74,16.852,6948506,0
2017-01-26,17.019,17.087,16.225,16.295,10557012,0
2017-01-27,16.167,16.48,15.809,15.864,8013416,0
2017-01-30,15.746,15.814,15.275,15.354,6445057,0
2017-01-31,15.413,15.931,15.178,15.912,6509968,0
2017-02-01,16.02,16.097,15.569,15.931,5188917,0
2017-02-02,16.177,16.245,15.393,15.559,6541011,0
2017-02-03,15.579,15.981,15.579,15.873,5461718,0
2017-02-06,16.03,16.03,15.451,15.491,4127751,0
2017-02-07,15.364,15.53,15.07,15.128,6320975,0
2017-02-08,14.982,15.451,14.913,15.178,8257310,0
2017-02-09,15.393,15.53,15.148,15.218,6406663,0
2017-02-10,15.501,15.775,15.393,15.413,7854147,0
2017-02-13,15.275,15.696,15.275,15.639,6661996,0
2017-02-14,15.619,15.726,15.428,15.696,5562643,0
2017-02-15,15.599,15.657,15.109,15.227,5636696,0
2017-02-16,15.227,15.344,14.849,15.07,5585850,0
2017-02-17,14.864,15.05,14.717,14.992,4001104,0
2017-02-21,15.227,15.403,15.08,15.109,4177213,0
2017-02-22,14.913,15.236,14.904,15.119,6154572,0
2017-02-23,15.433,15.471,14.698,14.787,7713637,0
2017-02-24,14.619,14.629,14.198,14.316,7024293,0
2017-02-27,14.384,14.864,14.267,14.737,6203412,0
2017-02-28,14.542,14.674,14.282,14.336,7450637,0
2017-03-01,14.562,14.933,14.547,14.767,6913576,0
2017-03-02,14.492,14.777,14.287,14.296,3900104,0
2017-03-03,14.316,14.639,14.183,14.258,4166549,0
2017-03-06,14.15,14.443,13.943,14.433,5167542,0
2017-03-07,14.424,14.634,14.071,14.071,7892544,0
2017-03-08,13.943,13.943,13.034,13.19,10495581,0
2017-03-09,13.034,13.239,12.465,12.955,14017017,0
2017-03-10,13.063,13.25,12.797,13.22,8793559,0
2017-03-13,13.102,13.358,13.054,13.191,4334237,0
2017-03-14,12.916,12.96,12.591,12.876,5969002,0
2017-03-15,13.073,13.623,12.974,13.486,7943351,0
2017-03-16,13.585,13.653,13.182,13.319,6534442,0
2017-03-17,13.358,13.452,13.24,13.27,5997277,0
2017-03-20,13.092,13.309,12.906,13.24,4924500,0
2017-03-21,13.309,13.338,12.792,12.896,4516991,0
2017-03-22,12.679,12.857,12.345,12.542,6948624,0
2017-03-23,12.483,12.631,12.246,12.453,6424146,0
2017-03-24,12.453,12.669,12.148,12.208,6706428,0
2017-03-27,11.971,11.971,11.695,11.833,8107456,0
2017-03-28,11.853,12.335,11.853,12.286,7823425,0
2017-03-29,12.266,12.837,12.178,12.739,6375437,0
2017-03-30,12.857,12.965,12.65,12.827,5520574,0
2017-03-31,12.787,12.965,12.679,12.857,6071374,0
2017-04-03,12.945,13.024,12.365,12.512,5763436,0
2017-04-04,12.561,13.068,12.355,13.063,7835142,0
2017-04-05,13.673,13.943,13.205,13.24,12877164,0
2017-04-06,13.378,13.565,13.152,13.545,5731829,0
2017-04-07,13.565,13.746,13.407,13.447,4740860,0
2017-04-10,13.623,13.732,13.486,13.723,4702088,0
2017-04-11,13.713,13.948,13.506,13.948,5985055,0
2017-04-12,13.85,14.047,13.2,13.338,8216333,0
2017-04-13,13.309,13.437,12.611,12.621,4965039,0
2017-04-17,12.621,12.729,12.414,12.522,6074594,0
2017-04-18,12.424,12.729,12.296,12.335,5295489,0
2017-04-19,12.374,12.434,11.745,11.765,8287629,0
2017-04-20,11.814,11.853,11.577,11.577,7897249,0
2017-04-21,11.558,11.617,11.371,11.597,8908536,0
2017-04-24,11.725,11.725,11.45,11.568,4980558,0
2017-04-25,11.597,11.647,11.42,11.577,9111125,0
2017-04-26,11.46,11.843,11.46,11.549,8784308,0
2017-04-27,10.84,11.017,9.876,10.378,26792452,0
2017-04-28,10.486,10.496,10.122,10.172,6943781,0
2017-05-01,10.132,10.24,9.974,9.974,7870937,0
2017-05-02,9.974,10.2,9.679,9.817,8692351,0
2017-05-03,9.777,9.896,9.4928,9.827,10659138,0
2017-05-04,9.649,9.679,9.1875,9.3252,10851456,0
2017-05-05,9.3449,10.034,9.2859,10.014,10483310,0
2017-05-08,9.935,9.974,9.551,9.639,9726858,0
2017-05-09,9.856,9.896,9.531,9.758,8577761,0
2017-05-10,9.896,10.24,9.803,10.034,12203719,0
2017-05-11,10.309,10.309,9.644,9.709,10088637,0
2017-05-12,9.709,9.739,9.3596,9.4433,7370760,0
2017-05-15,9.847,10.112,9.729,9.876,10634778,0
2017-05-16,9.974,10.102,9.763,9.945,6310335,0
2017-05-17,9.847,9.876,9.4631,9.503,8758148,0
2017-05-18,9.3842,9.729,9.1284,9.669,7630453,0
2017-05-19,9.797,10.388,9.739,10.348,10359432,0
2017-05-22,10.486,10.575,10.063,10.152,9669005,0
2017-05-23,10.014,10.132,9.896,9.915,8393178,0
2017-05-24,9.925,10.132,9.591,9.709,12352322,0
2017-05-25,9.719,9.886,8.7448,8.7842,20646436,0
2017-05-26,8.7743,8.8432,8.4792,8.6072,19531277,0
2017-05-30,8.5677,8.7154,8.0465,8.194,14985874,0
2017-05-31,8.0661,8.7399,7.8792,8.6563,20008631,0
2017-06-01,8.6465,8.9022,8.5383,8.6956,10056822,0
2017-06-02,8.6563,8.7645,8.4399,8.6465,8248130,0
2017-06-05,8.5874,8.7252,8.4497,8.6661,5192658,0
2017-06-06,8.6366,8.7547,8.312,8.6956,6410480,0
2017-06-07,8.5383,8.6661,7.8202,7.9579,12180279,0
2017-06-08,8.0759,8.194,7.8202,7.8792,9472558,0
2017-06-09,7.889,8.4595,7.771,8.2038,10737536,0
2017-06-12,8.3524,8.6398,8.3227,8.5407,12357060,0
2017-06-13,8.5506,8.9766,8.4822,8.9073,8207245,0
2017-06-14,8.828,8.8577,8.2781,8.4416,9109412,0
2017-06-15,8.2434,8.511,8.0255,8.075,10180530,0
2017-06-16,8.0849,8.1337,7.8867,8.0849,9600351,0
2017-06-19,8.1245,8.3475,8.0403,8.184,5521568,0
2017-06-20,8.0056,8.07,7.7679,7.8867,10914975,0
2017-06-21,7.8174,7.8174,7.0941,7.3517,15111046,0
2017-06-22,7.3814,7.6093,7.3339,7.5697,7485875,0
2017-06-23,7.5895,7.8075,7.5499,7.7976,10319293,0
2017-06-26,7.8372,8.0651,7.7084,7.857,7347801,0
2017-06-27,7.8372,8.0403,7.7381,7.9561,10115484,0
2017-06-28,7.9561,8.2092,7.9561,8.0552,10317228,0
2017-06-29,8.0948,8.3722,8.0453,8.0651,7050181,0
2017-06-30,8.1344,8.1939,7.8867,8.0651,7487903,0
2017-07-03,8.1344,8.6199,8.0948,8.5407,5324197,0
2017-07-05,8.3722,8.4099,7.639,7.6886,11643287,0
2017-07-06,7.7778,7.8372,7.4112,7.4211,8883843,0
2017-07-07,7.2427,7.2662,6.8662,7.1635,12173745,0
2017-07-10,7.1238,7.3616,7.0842,7.3319,5455154,0
2017-07-11,7.3319,7.535,7.1932,7.3913,7941624,0
2017-07-12,7.5796,7.7381,7.2725,7.4508,7261321,0
2017-07-13,7.4706,7.7579,7.431,7.7282,5436619,0
2017-07-14,7.748,7.8174,7.5994,7.7084,6337201,0
2017-07-17,7.6688,7.7976,7.4409,7.4706,6694648,0
2017-07-18,7.5796,7.6192,7.3815,7.4607,5139380,0
2017-07-19,7.4607,8.1592,7.4607,7.9462,11181062,0
2017-07-20,8.0453,8.1444,7.7035,7.7778,8238742,0
2017-07-21,7.748,7.8669,7.4112,7.6192,7670827,0
2017-07-24,7.6589,7.7183,7.431,7.54,4973623,0
2017-07-25,7.7381,8.0156,7.6985,7.9264,7883658,0
2017-07-26,8.0354,8.0552,7.7332,7.8075,5523215,0
2017-07-27,7.7976,7.8768,7.5895,7.7976,6164630,0
2017-07-28,7.7976,8.1912,7.748,7.8075,7679307,0
2017-07-31,7.748,7.7778,7.4409,7.639,6649191,0
2017-08-01,7.6291,7.639,7.3319,7.4508,7578180,0
2017-08-02,7.4112,7.7282,7.213,7.6192,7821657,0
2017-08-03,7.649,7.8669,7.2824,7.3913,14620064,0
2017-08-04,7.4112,7.5895,7.2824,7.5003,7551441,0
2017-08-07,7.4013,7.5003,6.9009,6.9851,12163182,0
2017-08-08,7.0049,7.1635,6.9059,6.9851,8014540,0
2017-08-09,7.0248,7.0347,6.8662,6.9158,7747604,0
2017-08-10,6.9554,7.0644,6.678,6.7473,9871466,0
2017-08-11,6.6978,6.8365,6.6582,6.7374,5710891,0
2017-08-14,6.7275,6.7572,6.4105,6.5789,14250963,0
2017-08-15,6.6383,6.678,6.351,6.5393,10309946,0
2017-08-16,6.5393,6.6136,6.1231,6.2123,9198022,0
2017-08-17,6.2123,6.3906,6.138,6.2916,8447061,0
2017-08-18,6.3213,6.7572,6.2817,6.5095,9087066,0
2017-08-21,6.4204,6.5987,6.4006,6.4105,6736938,0
2017-08-22,6.46,6.6185,6.4352,6.5888,5743003,0
2017-08-23,6.5294,6.7077,6.4501,6.6284,5347360,0
2017-08-24,6.5591,6.6483,6.4798,6.5591,4343162,0
2017-08-25,6.5888,6.8464,6.5789,6.7771,6984067,0
2017-08-28,6.8167,6.8662,6.46,6.6086,7015571,0
2017-08-29,6.5194,6.6563,6.465,6.5591,4652146,0
2017-08-30,6.5194,6.5393,6.351,6.4105,11866803,0
2017-08-31,6.4996,6.5393,6.3906,6.4897,7852344,0
2017-09-01,6.4798,6.6185,6.3717,6.5492,5671444,0
2017-09-05,6.7176,6.9851,6.6483,6.8365,8565035,0
2017-09-06,6.9356,7.0941,6.9059,7.0049,7388616,0
2017-09-07,6.995,7.0248,6.7622,6.8761,5886437,0
2017-09-08,6.8167,6.8712,6.3807,6.46,8759975,0
2017-09-11,6.49,6.73,6.44,6.68,10852623,0
2017-09-12,6.73,7.03,6.64,6.85,8370991,0
2017-09-13,7.03,7.29,6.94,7.23,9468039,0
2017-09-14,7.37,7.69,7.33,7.42,10584877,0
2017-09-15,7.36,7.465,7.245,7.44,8250884,0
2017-09-18,7.43,7.65,7.43,7.64,7131722,0
2017-09-19,7.67,7.68,7.41,7.48,8227863,0
2017-09-20,7.55,7.99,7.5,7.92,9757624,0
2017-09-21,7.88,7.8887,7.68,7.78,6249393,0
2017-09-22,7.71,7.92,7.7,7.86,5434967,0
2017-09-25,8.03,8.445,8.01,8.29,13352384,0
2017-09-26,8.21,8.36,8.1,8.36,6698780,0
2017-09-27,8.37,8.44,8.03,8.21,8421018,0
2017-09-28,8.27,8.37,7.94,8.13,11097376,0
2017-09-29,8.15,8.205,7.95,8.07,10065675,0
2017-10-02,7.89,8.04,7.76,7.93,12589613,0
2017-10-03,7.87,7.95,7.71,7.8,6643540,0
2017-10-04,7.82,7.91,7.72,7.81,5150635,0
2017-10-05,7.8,8.02,7.8,7.99,6287146,0
2017-10-06,7.69,7.86,7.51,7.55,9005162,0
2017-10-09,7.585,7.73,7.55,7.68,5189007,0
2017-10-10,7.82,7.92,7.51,7.51,6995681,0
2017-10-11,7.53,7.58,7.31,7.4,8599238,0
2017-10-12,7.25,7.355,7.25,7.25,9164704,0
2017-10-13,7.39,7.58,7.33,7.35,6052596,0
2017-10-16,7.46,7.52,7.25,7.28,5217582,0
2017-10-17,7.235,7.32,7.15,7.32,5821063,0
2017-10-18,7.36,7.41,7.04,7.07,6823198,0
2017-10-19,6.95,7.1,6.725,6.86,11026447,0
2017-10-20,6.86,6.87,6.61,6.7,6276350,0
2017-10-23,6.74,6.76,6.42,6.43,9663382,0
2017-10-24,6.47,6.61,6.3,6.43,15570191,0
2017-10-25,6.27,6.54,5.65,6.41,50878188,0
2017-10-26,6.41,6.49,6.0002,6.14,18065255,0
2017-10-27,5.9,6.015,5.32,5.55,40041584,0
2017-10-30,5.57,5.74,5.5,5.55,14596833,0
2017-10-31,5.54,5.64,5.5,5.63,13928592,0
2017-11-01,5.72,5.98,5.6,5.77,12150744,0
2017-11-02,5.79,5.82,5.55,5.62,9334144,0
2017-11-03,5.64,5.95,5.57,5.9,10414555,0
2017-11-06,5.92,6.29,5.85,6.23,16970517,0
2017-11-07,6.25,6.28,6.15,6.19,11343652,0
2017-11-08,6.29,6.43,6.16,6.27,11043490,0
2017-11-09,6.24,6.4699,6.2325,6.33,7170910,0
2017-11-10,6.33,6.48,6.21,6.4,10118741,0
