2016-01-04,9.2463,9.543,9.0443,9.4238,168347,0
2016-01-05,9.53,9.794,9.4615,9.768,112818,0
2016-01-06,9.679,9.845,9.599,9.721,166798,0
2016-01-07,9.466,9.645,9.3662,9.528,155359,0
2016-01-08,9.4969,9.561,9.3662,9.3904,98639,0
2016-01-11,9.3813,9.4491,9.2463,9.3767,105775,0
2016-01-12,9.4877,9.564,9.4388,9.543,95781,0
2016-01-13,9.419,9.703,9.2531,9.379,152155,0
2016-01-14,9.4194,9.95,9.4194,9.863,179064,0
2016-01-15,9.568,9.91,9.548,9.876,187972,0
2016-01-19,9.925,9.925,9.519,9.652,157697,0
2016-01-20,9.4772,10.123,9.3993,10.116,203482,0
2016-01-21,10.169,10.256,9.956,10.016,135052,0
2016-01-22,10.194,10.31,9.99,10.169,97291,0
2016-01-25,10.032,10.173,9.839,9.961,79164,0
2016-01-26,10.161,10.327,10.098,10.234,85121,0
2016-01-27,10.251,10.316,10.034,10.041,100889,0
2016-01-28,10.218,10.369,10.087,10.205,88869,0
2016-01-29,10.4,10.607,10.389,10.563,110065,0
2016-02-01,10.387,10.809,10.229,10.622,117008,0
2016-02-02,10.565,10.697,10.327,10.389,71661,0
2016-02-03,10.458,10.458,9.827,10.094,181165,0
2016-02-04,10.096,10.32,10.096,10.249,58108,0
2016-02-05,10.249,10.249,9.996,10,98972,0
2016-02-08,9.992,10.221,9.871,10.167,90195,0
2016-02-09,10.154,10.311,10.014,10.15,125465,0
2016-02-10,10.263,10.271,9.93,9.941,90852,0
2016-02-11,9.848,9.996,9.848,9.939,115156,0
2016-02-12,9.945,10.753,9.925,10.398,203324,0
2016-02-16,10.554,10.554,10.138,10.271,67082,0
2016-02-17,10.362,10.624,10.362,10.496,51659,0
2016-02-18,10.431,10.815,10.276,10.669,128162,0
2016-02-19,10.631,10.829,10.531,10.72,60673,0
2016-02-22,10.873,11.128,10.746,11.042,135590,0
2016-02-23,10.981,11.292,10.838,10.988,92944,0
2016-02-24,10.833,11.273,10.833,11.264,64157,0
2016-02-25,11.323,11.343,11.264,11.339,46617,0
2016-02-26,11.445,11.489,11.136,11.322,78271,0
2016-02-29,11.34,11.48,10.954,11.023,89792,0
2016-03-01,11.155,11.489,11.061,11.391,49624,0
2016-03-02,11.266,11.601,11.161,11.525,78096,0
2016-03-03,11.491,11.491,10.371,10.878,272840,0
2016-03-04,10.862,10.862,10.655,10.764,79715,0
2016-03-07,10.727,10.767,10.639,10.708,101852,0
2016-03-08,10.621,10.769,10.619,10.681,97431,0
2016-03-09,10.896,10.896,10.545,10.686,93837,0
2016-03-10,10.708,11.248,10.572,11.246,100583,0
2016-03-11,11.286,11.734,11.067,11.707,86899,0
2016-03-14,11.701,11.784,11.487,11.692,101594,0
2016-03-15,11.648,12.161,11.648,12.007,128713,0
2016-03-16,11.969,12.228,11.623,12.203,148325,0
2016-03-17,12.234,12.257,11.875,11.935,163729,0
2016-03-18,12.002,12.645,12.002,12.546,382038,0
2016-03-21,12.609,12.609,12.198,12.259,96328,0
2016-03-22,12.159,12.58,11.964,12.529,142730,0
2016-03-23,12.56,12.627,12.39,12.44,100053,0
2016-03-24,12.464,12.627,12.381,12.524,99931,0
2016-03-28,12.542,12.692,12.524,12.613,119323,0
2016-03-29,12.649,12.649,12.498,12.598,167249,0
2016-03-30,12.6,12.995,12.495,12.843,137438,0
2016-03-31,12.832,12.89,12.759,12.808,154773,0
2016-04-01,12.727,12.939,12.716,12.839,128976,0
2016-04-04,12.861,12.939,12.794,12.872,126511,0
2016-04-05,12.792,12.925,12.711,12.915,102492,0
2016-04-06,12.93,13.078,12.714,13.066,85651,0
2016-04-07,13.037,13.1,12.859,12.935,152987,0
2016-04-08,12.97,13.029,12.829,12.917,64385,0
2016-04-11,12.917,13.069,12.846,12.899,112096,0
2016-04-12,12.859,13.22,12.859,13.142,89206,0
2016-04-13,13.169,13.274,13.008,13.064,106116,0
2016-04-14,13.051,13.051,12.862,12.919,102947,0
2016-04-15,12.926,13.078,12.81,13.073,70566,0
2016-04-18,13.031,13.316,13.031,13.173,162928,0
2016-04-19,13.231,13.269,12.926,13.129,101581,0
2016-04-20,13.165,13.307,13.035,13.271,258289,0
2016-04-21,13.285,13.673,13.274,13.602,174340,0
2016-04-22,13.55,13.566,13.303,13.321,52342,0
2016-04-25,13.33,13.45,13.182,13.354,70128,0
2016-04-26,13.437,13.58,13.33,13.415,140769,0
2016-04-27,13.367,13.606,13.171,13.452,72943,0
2016-04-28,13.441,13.441,13.167,13.216,87455,0
2016-04-29,13.18,13.343,12.967,13.278,63400,0
2016-05-02,13.274,13.499,13.265,13.406,92787,0
2016-05-03,13.356,13.471,13.159,13.247,65777,0
2016-05-04,13.207,13.385,13.029,13.211,80061,0
2016-05-05,13.162,13.162,12.332,12.526,128262,0
2016-05-06,12.48,12.959,12.406,12.856,62433,0
2016-05-09,12.856,13.08,12.417,12.457,61308,0
2016-05-10,12.442,12.573,12.397,12.422,62984,0
2016-05-11,12.484,12.493,12.058,12.078,93793,0
2016-05-12,12.047,12.047,11.717,11.737,76629,0
2016-05-13,11.741,11.746,11.326,11.382,135888,0
2016-05-16,11.333,11.875,11.11,11.654,150124,0
2016-05-17,11.766,11.775,11.433,11.518,110327,0
2016-05-18,11.53,11.658,11.213,11.376,89600,0
2016-05-19,11.317,11.56,11.157,11.371,126222,0
2016-05-20,11.458,11.817,11.239,11.545,150251,0
2016-05-23,11.516,11.752,11.451,11.703,202943,0
2016-05-24,11.723,12.272,11.723,12.055,86325,0
2016-05-25,12.02,12.198,11.929,11.998,158016,0
2016-05-26,12.053,12.198,11.857,11.962,141369,0
2016-05-27,11.995,12.187,11.93,11.977,81865,0
2016-05-31,11.894,11.986,11.753,11.78,114771,0
2016-06-01,11.693,12.291,11.693,12.262,136785,0
2016-06-02,12.018,12.484,12.018,12.479,83795,0
2016-06-03,12.466,12.486,12.23,12.356,104729,0
2016-06-06,12.356,12.441,12.258,12.349,49935,0
2016-06-07,12.309,12.688,12.282,12.5,69599,0
2016-06-08,12.414,12.443,12.253,12.396,46113,0
2016-06-09,12.253,12.556,12.253,12.52,72939,0
2016-06-10,12.28,12.715,12.28,12.374,104238,0
2016-06-13,12.298,12.567,12.06,12.461,69485,0
2016-06-14,12.479,12.825,12.408,12.632,127238,0
2016-06-15,12.648,12.837,12.556,12.699,102671,0
2016-06-16,12.663,12.888,12.576,12.86,79142,0
2016-06-17,12.804,12.894,12.529,12.695,113646,0
2016-06-20,12.923,13.123,12.735,12.863,91587,0
2016-06-21,12.681,12.865,12.603,12.751,80718,0
2016-06-22,12.793,13.002,12.683,12.979,57954,0
2016-06-23,13.08,13.244,13.08,13.215,45303,0
2016-06-24,13.228,13.634,12.804,12.984,139898,0
2016-06-27,12.753,12.791,12.511,12.542,249354,0
2016-06-28,12.625,12.773,12.349,12.388,75206,0
2016-06-29,12.419,12.567,12.4,12.428,94271,0
2016-06-30,12.466,12.79,12.396,12.556,92253,0
2016-07-01,12.511,12.807,12.511,12.592,49589,0
2016-07-05,12.381,12.571,12.322,12.477,75145,0
2016-07-06,12.403,12.746,12.226,12.585,35887,0
2016-07-07,12.558,12.672,12.385,12.464,40659,0
2016-07-08,12.601,12.762,12.531,12.695,64503,0
2016-07-11,12.659,12.941,12.567,12.908,71240,0
2016-07-12,12.858,13.053,12.804,12.977,103735,0
2016-07-13,13.026,13.136,12.869,13.062,53699,0
2016-07-14,13.186,13.441,13.076,13.354,108484,0
2016-07-15,13.423,13.423,13.132,13.253,96455,0
2016-07-18,13,13.19,13,13.105,39656,0
2016-07-19,13.275,13.275,12.892,13.02,71323,0
2016-07-20,13.002,13.331,12.993,13.159,73293,0
2016-07-21,13.029,13.164,12.974,13.033,44747,0
2016-07-22,12.993,13.242,12.968,13.062,31860,0
2016-07-25,13.013,13.084,12.847,12.885,32578,0
2016-07-26,12.961,13.325,12.957,13.266,42068,0
2016-07-27,13.329,13.378,13.118,13.159,37608,0
2016-07-28,13.215,13.215,13.071,13.143,51703,0
2016-07-29,13.148,13.148,12.596,12.616,71424,0
2016-08-01,12.708,12.708,11.997,12.307,207509,0
2016-08-02,12.39,12.459,12.08,12.327,93614,0
2016-08-03,12.556,13.374,12.556,13.179,124629,0
2016-08-04,13.237,13.304,13.156,13.242,44511,0
2016-08-05,13.32,13.688,13.233,13.569,131939,0
2016-08-08,13.393,13.583,13.393,13.527,35349,0
2016-08-09,13.572,13.8,13.336,13.654,94446,0
2016-08-10,13.686,13.686,13.177,13.226,95150,0
2016-08-11,13.298,13.753,13.215,13.717,77465,0
2016-08-12,13.647,14.464,13.647,14.34,85734,0
2016-08-15,14.461,14.591,14.275,14.349,111168,0
2016-08-16,14.264,14.657,14.264,14.562,104711,0
2016-08-17,14.374,14.748,14.374,14.661,83546,0
2016-08-18,14.589,15.719,14.573,15.188,328780,0
2016-08-19,15.145,15.381,15.062,15.195,122663,0
2016-08-22,15.19,15.277,15.098,15.273,61430,0
2016-08-23,15.282,15.564,15.225,15.264,70973,0
2016-08-24,15.322,15.322,15.143,15.188,30993,0
2016-08-25,15.221,15.3,15.165,15.235,75469,0
2016-08-26,15.192,15.255,15.085,15.181,19957,0
2016-08-29,15.08,15.309,15.08,15.237,27237,0
2016-08-30,15.266,15.275,15.135,15.205,28542,0
2016-08-31,15.095,15.106,14.899,14.978,49444,0
2016-09-01,14.685,14.856,14.593,14.728,83988,0
2016-09-02,15.005,15.122,14.708,14.942,54649,0
2016-09-06,14.947,15.178,14.856,15.065,51734,0
2016-09-07,15.039,15.441,15.039,15.408,73770,0
2016-09-08,15.399,15.399,15.009,15.194,31037,0
2016-09-09,15.306,15.306,14.921,14.937,38522,0
2016-09-12,14.649,14.834,14.633,14.769,112249,0
2016-09-13,14.721,14.871,14.609,14.78,66928,0
2016-09-14,14.793,14.955,14.68,14.769,39192,0
2016-09-15,14.728,15.005,14.632,14.93,98219,0
2016-09-16,14.96,14.96,14.476,14.505,265818,0
2016-09-19,14.528,14.674,14.336,14.626,75338,0
2016-09-20,14.687,14.82,14.658,14.786,40540,0
2016-09-21,14.84,15.287,14.832,15.137,132526,0
2016-09-22,15.354,15.52,15.262,15.464,51165,0
2016-09-23,15.365,15.365,14.91,14.946,21087,0
2016-09-26,14.967,14.967,14.523,14.562,49103,0
2016-09-27,14.604,15.03,14.604,14.989,167249,0
2016-09-28,14.912,15.21,14.858,15.135,46455,0
2016-09-29,15.025,15.173,14.865,15.079,91211,0
2016-09-30,15.243,15.408,14.936,15.297,95636,0
2016-10-03,15.304,15.61,15.295,15.586,61483,0
2016-10-04,15.473,15.662,15.473,15.554,54010,0
2016-10-05,15.338,15.467,15,15,48013,0
2016-10-06,15.002,15.599,14.948,15.507,343962,0
2016-10-07,15.457,15.536,15.415,15.417,38133,0
2016-10-10,15.504,15.583,15.486,15.536,67108,0
2016-10-11,15.606,15.608,15.464,15.561,65948,0
2016-10-12,15.679,15.799,15.615,15.707,28682,0
2016-10-13,15.691,16.103,15.633,15.961,180062,0
2016-10-14,16.096,16.137,15.964,16.042,59198,0
2016-10-17,16.042,16.245,15.982,15.982,54133,0
2016-10-18,16.031,16.031,15.732,15.957,42011,0
2016-10-19,15.946,16.11,15.878,16.092,36286,0
2016-10-20,15.966,16.316,15.966,16.169,62954,0
2016-10-21,15.971,16.178,15.971,16.072,58585,0
2016-10-24,16.184,16.241,16.083,16.15,13816,0
2016-10-25,16.106,16.882,16.106,16.646,112884,0
2016-10-26,16.601,16.769,16.375,16.398,47860,0
2016-10-27,16.556,16.656,16.252,16.342,36728,0
2016-10-28,16.297,16.556,16.15,16.488,39140,0
2016-10-31,16.398,16.533,16.353,16.466,46196,0
2016-11-01,16.454,16.713,16.263,16.589,53923,0
2016-11-02,16.702,17.591,16.702,17.118,66596,0
2016-11-03,17.265,17.445,17.186,17.208,49676,0
2016-11-04,17.343,17.557,17.276,17.4,56203,0
2016-11-07,17.58,18.086,17.407,17.783,70448,0
2016-11-08,17.659,17.996,17.659,17.771,33112,0
2016-11-09,17.523,18.525,17.523,18.266,76476,0
2016-11-10,18.446,19.133,18.352,18.919,62884,0
2016-11-11,19.009,19.914,19.009,19.718,93995,0
2016-11-14,19.921,20.54,19.808,19.842,50469,0
2016-11-15,19.932,20.264,19.797,19.797,59819,0
2016-11-16,19.752,19.752,19.38,19.583,48306,0
2016-11-17,19.65,20.022,19.65,19.797,24716,0
2016-11-18,19.887,20.225,19.741,20.169,46485,0
2016-11-21,20.146,21.204,19.887,21.159,92975,0
2016-11-22,21.069,21.699,21.069,21.575,68408,0
2016-11-23,21.496,22.014,21.384,21.958,124852,0
2016-11-25,21.992,22.408,21.8,21.834,22058,0
2016-11-28,21.834,21.991,21.643,21.823,56948,0
2016-11-29,21.951,22.143,21.782,21.928,106799,0
2016-11-30,21.928,21.94,21.139,21.443,106642,0
2016-12-01,21.387,21.387,20.506,20.518,69200,0
2016-12-02,20.506,20.506,19.784,19.829,136475,0
2016-12-05,20.032,20.416,20.032,20.134,99401,0
2016-12-06,20.337,21.048,20.337,20.913,71179,0
2016-12-07,21.093,21.221,20.879,20.958,53043,0
2016-12-08,20.553,21.274,20.553,21.172,70868,0
2016-12-09,21.263,21.319,20.551,21.263,62196,0
2016-12-12,21.308,21.669,20.756,21.319,52614,0
2016-12-13,21.409,21.736,21.251,21.353,44235,0
2016-12-14,21.206,21.375,20.337,20.427,55691,0
2016-12-15,20.518,20.732,20.472,20.54,59478,0
2016-12-16,20.653,21.217,20.653,21.217,132701,0
2016-12-19,21.285,21.319,21.082,21.24,38829,0
2016-12-20,21.364,21.703,21.353,21.443,60174,0
2016-12-21,21.466,21.499,20.89,20.992,28064,0
2016-12-22,20.698,20.958,20.132,20.36,59784,0
2016-12-23,20.406,20.63,20.348,20.63,11631,0
2016-12-27,20.856,20.856,20.665,20.777,9990,0
2016-12-28,20.946,21.353,20.946,21.217,64468,0
2016-12-29,21.172,21.172,20.777,20.822,30275,0
2016-12-30,20.969,20.969,20.382,20.439,49423,0
2017-01-03,20.675,20.687,19.841,19.976,45583,0
2017-01-04,20.078,20.382,19.863,20.055,100574,0
2017-01-05,20.021,20.292,19.807,19.807,34872,0
2017-01-06,19.75,19.756,18.972,19.186,42646,0
2017-01-09,19.129,19.186,18.43,18.61,69498,0
2017-01-10,18.599,18.913,18.481,18.734,72742,0
2017-01-11,18.734,18.802,18.537,18.689,81729,0
2017-01-12,18.588,18.621,18.148,18.407,55534,0
2017-01-13,18.475,18.881,18.46,18.825,40059,0
2017-01-17,18.802,18.802,18.125,18.204,35226,0
2017-01-18,18.305,18.419,17.866,18.091,53949,0
2017-01-19,18.136,18.509,17.956,18.317,60086,0
2017-01-20,18.294,18.599,18.294,18.339,55796,0
2017-01-23,18.385,18.396,17.967,18.069,29837,0
2017-01-24,18.007,18.125,17.99,18.024,21542,0
2017-01-25,18.091,18.091,17.279,17.358,92738,0
2017-01-26,17.29,17.29,16.41,16.59,97628,0
2017-01-27,16.364,16.421,16.026,16.206,123478,0
2017-01-30,16.139,16.884,15.394,16.737,158783,0
2017-01-31,16.658,16.884,16.466,16.647,76997,0
2017-02-01,16.703,16.737,15.913,16.071,89503,0
2017-02-02,16.026,16.048,15.721,15.902,45645,0
2017-02-03,15.524,16.432,15.524,16.195,48039,0
2017-02-06,16.026,16.161,15.906,16.094,25337,0
2017-02-07,15.958,16.15,15.744,15.789,84237,0
2017-02-08,15.8,15.8,15.315,15.507,58055,0
2017-02-09,15.563,15.619,15.394,15.439,37892,0
2017-02-10,15.541,15.721,15.507,15.665,33659,0
2017-02-13,15.613,15.845,15.608,15.631,32731,0
2017-02-14,15.405,15.721,15.214,15.665,47067,0
2017-02-15,15.484,15.579,15.281,15.337,41814,0
2017-02-16,15.281,15.281,14.838,14.988,89994,0
2017-02-17,15.044,15.044,14.13,14.254,82622,0
2017-02-21,14.186,14.564,14.142,14.435,142498,0
2017-02-22,14.423,14.423,14.028,14.13,49817,0
2017-02-23,14.22,14.257,14.073,14.186,72742,0
2017-02-24,14.299,14.638,14.22,14.457,106296,0
2017-02-27,14.382,14.971,14.2,14.733,77772,0
2017-02-28,14.722,14.835,14.541,14.62,89753,0
2017-03-01,14.779,15.334,14.779,15.288,39875,0
2017-03-02,15.617,16.32,15.617,15.662,90453,0
2017-03-03,15.696,15.696,14.829,15.05,39739,0
2017-03-06,14.903,15.572,14.676,15.436,80932,0
2017-03-07,15.481,15.651,15.322,15.413,53126,0
2017-03-08,15.424,15.73,15.164,15.492,38768,0
2017-03-09,15.481,15.611,15.322,15.481,37354,0
2017-03-10,15.798,15.855,15.583,15.606,25534,0
2017-03-13,15.674,16.501,15.651,16.456,62091,0
2017-03-14,16.32,16.966,16.014,16.92,62113,0
2017-03-15,17.045,17.283,16.909,16.954,78892,0
2017-03-16,17.113,17.113,16.784,16.841,69292,0
2017-03-17,16.853,17.346,16.558,16.92,327528,0
2017-03-20,16.875,16.875,15.232,16.172,172173,0
2017-03-21,16.206,16.32,15.962,16.161,48967,0
2017-03-22,16.263,16.388,16.059,16.218,30161,0
2017-03-23,16.161,16.269,16.161,16.172,22934,0
2017-03-24,16.325,16.694,16.325,16.354,58826,0
2017-03-27,16.15,16.773,16.104,16.694,35104,0
2017-03-28,16.728,17.17,16.643,16.898,48306,0
2017-03-29,16.864,16.988,16.399,16.92,46503,0
2017-03-30,16.92,16.92,15.731,15.912,137534,0
2017-03-31,15.912,16.274,15.719,15.821,217731,0
2017-04-03,15.81,16.184,15.719,15.765,63842,0
2017-04-04,15.832,15.832,15.243,15.73,91837,0
2017-04-05,15.776,16.388,15.776,16.025,63987,0
2017-04-06,15.95,16.784,15.95,16.705,55389,0
2017-04-07,16.603,17.181,16.433,17.113,86172,0
2017-04-10,17.283,17.43,17.102,17.34,66167,0
2017-04-11,17.453,17.929,17.154,17.736,61496,0
2017-04-12,17.725,17.793,17.464,17.634,35336,0
2017-04-13,17.612,17.612,17.34,17.408,42983,0
2017-04-17,17.532,17.714,17.408,17.669,30301,0
2017-04-18,17.476,17.476,17.192,17.204,42528,0
2017-04-19,17.408,17.408,16.954,17.215,61610,0
2017-04-20,17.43,17.918,17.011,17.85,54715,0
2017-04-21,17.895,18.541,17.895,18.076,58379,0
2017-04-24,18.292,18.586,18.076,18.348,52706,0
2017-04-25,18.632,18.926,18.36,18.36,63400,0
2017-04-26,18.428,19.81,18.031,18.938,195252,0
2017-04-27,19.074,19.323,18.972,19.062,46223,0
2017-04-28,19.244,19.686,19.108,19.187,90112,0
2017-05-01,19.04,19.21,18.836,18.96,55035,0
2017-05-02,19.085,19.606,17.861,18.201,91570,0
2017-05-03,17.963,17.974,17.113,17.249,69717,0
2017-05-04,17,17,16.467,16.66,62463,0
2017-05-05,16.682,16.682,15.934,16.138,75609,0
2017-05-08,16.059,16.059,15.64,15.787,79868,0
2017-05-09,15.878,16.112,15.765,15.855,107202,0
2017-05-10,15.844,16.728,15.844,16.411,83370,0
2017-05-11,16.456,16.75,16.161,16.286,87192,0
2017-05-12,16.093,16.093,15.073,15.186,97396,0
2017-05-15,15.141,15.606,14.699,14.744,136575,0
2017-05-16,14.699,14.733,14.518,14.711,110752,0
2017-05-17,14.529,14.982,14.438,14.779,120991,0
2017-05-18,14.711,14.948,14.597,14.722,82731,0
2017-05-19,14.711,15.186,14.337,14.937,136623,0
2017-05-22,14.835,15.538,14.767,15.22,39087,0
2017-05-23,15.288,15.288,14.869,14.982,59942,0
2017-05-24,14.971,15.005,14.801,14.982,41696,0
2017-05-25,15.073,15.073,14.688,14.88,67835,0
2017-05-26,14.818,14.948,14.763,14.892,44988,0
2017-05-30,14.624,15.034,14.624,14.942,54566,0
2017-05-31,14.692,15.17,14.689,15.079,104400,0
2017-06-01,15.204,15.443,15.045,15.398,59193,0
2017-06-02,15.5,16.331,15.475,15.864,49825,0
2017-06-05,15.898,15.898,15.25,15.693,66854,0
2017-06-06,15.5,16.866,15.363,16.058,112556,0
2017-06-07,16.114,16.384,15.676,16.024,60476,0
2017-06-08,16.16,16.649,15.921,16.558,153175,0
2017-06-09,16.854,17.901,16.729,17.389,214154,0
2017-06-12,17.355,18.038,17.355,17.492,115130,0
2017-06-13,17.64,17.867,17.219,17.287,62332,0
2017-06-14,17.412,17.537,17.093,17.457,56829,0
2017-06-15,17.548,17.571,17.15,17.332,41539,0
2017-06-16,17.048,17.344,16.945,17.014,104164,0
2017-06-19,17.014,17.319,16.729,17.23,98324,0
2017-06-20,16.98,17.23,16.684,17.15,87831,0
2017-06-21,17.082,17.378,17.082,17.23,67068,0
2017-06-22,17.23,17.232,16.763,16.911,107815,0
2017-06-23,17.139,17.389,17.042,17.23,175391,0
2017-06-26,16.911,17.184,16.638,16.934,56006,0
2017-06-27,16.98,16.98,16.206,16.274,51357,0
2017-06-28,16.263,16.422,16.092,16.24,35139,0
2017-06-29,16.24,16.319,16.024,16.16,36504,0
2017-06-30,15.911,16.252,15.911,16.126,27618,0
2017-07-03,16.035,16.376,16.035,16.285,14822,0
2017-07-05,16.171,16.331,15.796,16.046,30586,0
2017-07-06,16.012,16.319,15.807,16.171,46800,0
2017-07-07,16.274,16.297,15.75,15.955,72361,0
2017-07-10,15.728,15.796,15.728,15.785,5756,0
2017-07-11,15.785,15.785,15.409,15.682,54242,0
2017-07-12,15.682,15.91,15.352,15.455,43767,0
2017-07-13,15.124,15.432,14.76,15.409,132237,0
2017-07-14,15.443,15.614,15.136,15.238,85165,0
2017-07-17,15.295,15.75,15.272,15.295,51292,0
2017-07-18,15.119,15.47,15.102,15.17,32087,0
2017-07-19,15.409,15.637,15.24,15.466,35559,0
2017-07-20,15.432,15.455,15.159,15.307,39503,0
2017-07-21,15.455,15.455,14.977,15.034,42953,0
2017-07-24,15.113,15.398,14.988,15.124,17335,0
2017-07-25,15.124,15.773,15.124,15.477,90887,0
2017-07-26,15.489,15.739,15.24,15.739,40895,0
2017-07-27,15.728,16.069,15.637,15.944,101174,0
2017-07-28,16.024,16.058,15.455,15.523,64726,0
2017-07-31,15.671,15.671,14.897,14.931,72961,0
2017-08-01,15.022,15.288,14.874,14.885,56575,0
2017-08-02,15.079,15.346,14.651,14.737,135380,0
2017-08-03,14.908,15.147,14.681,14.931,161672,0
2017-08-04,14.954,15.227,14.942,15.136,86430,0
2017-08-07,15.136,16.422,15.085,16.149,108069,0
2017-08-08,15.932,16.775,15.932,16.695,199262,0
2017-08-09,16.524,16.843,16.149,16.581,175036,0
2017-08-10,16.49,16.729,16.376,16.376,188204,0
2017-08-11,16.092,16.206,15.725,15.887,97094,0
2017-08-14,15.711,16.183,15.693,15.887,70299,0
2017-08-15,15.876,15.984,15.409,15.477,66184,0
2017-08-16,15.318,15.625,15.284,15.511,60822,0
2017-08-17,15.477,15.523,14.817,15.159,74734,0
2017-08-18,14.999,15.363,14.544,15.09,84399,0
2017-08-21,15.181,17.264,15.181,16.035,257514,0
2017-08-22,16.183,16.899,16.058,16.649,121022,0
2017-08-23,16.604,17.275,16.604,16.843,187626,0
2017-08-24,16.934,17.127,16.74,16.82,89858,0
2017-08-25,16.706,16.854,16.445,16.638,44712,0
2017-08-28,16.638,17.207,16.576,16.922,54317,0
2017-08-29,16.809,17.082,16.74,16.888,49904,0
2017-08-30,16.973,17.104,16.847,16.859,91320,0
2017-08-31,16.79,16.87,16.47,16.562,51305,0
2017-09-01,16.482,16.562,16.014,16.345,45921,0
2017-09-05,16.356,16.356,15.625,15.819,100552,0
2017-09-06,16.059,16.429,16.014,16.151,99834,0
2017-09-07,16.482,16.822,16.482,16.539,91359,0
2017-09-08,16.448,16.652,16.276,16.333,55315,0
2017-09-11,16.425,16.822,15.888,16.528,93820,0
2017-09-12,16.619,16.857,16.505,16.687,62538,0
2017-09-13,16.619,16.882,16.482,16.847,131191,0
2017-09-14,16.859,17.624,16.653,17.236,115292,0
2017-09-15,17.281,17.578,16.893,17.533,204265,0
2017-09-18,17.613,19.497,17.521,18.721,333845,0
2017-09-19,18.8,19.234,18.618,19.143,98591,0
2017-09-20,19.109,19.292,18.858,18.903,96078,0
2017-09-21,18.721,19.406,18.721,18.995,114841,0
2017-09-22,18.96,19.303,18.96,19.143,98928,0
2017-09-25,19.406,20.091,19.155,19.372,186449,0
2017-09-26,19.417,19.577,18.938,19.474,102689,0
2017-09-27,19.503,21.153,19.503,20.08,192319,0
2017-09-28,20.171,20.891,19.828,20.297,133196,0
2017-09-29,20.274,20.274,19.201,19.6,121451,0
2017-10-02,26,35.25,23.8,32.65,281276,0
2017-10-03,33.15,33.49,31.3,31.9,117757,0
2017-10-04,31.85,32.6,31.35,32.2,46507,0
2017-10-05,32.45,32.95,31.7734,32.3,57810,0
2017-10-06,32.25,33.25,31.8,33,38332,0
2017-10-09,33.7658,34.9,33.45,33.75,49813,0
2017-10-10,33.9,35.8,33.9,35.15,54959,0
2017-10-11,35,37.5,35,35.95,106260,0
2017-10-12,36.15,37.5,35.65,37.15,66854,0
2017-10-13,37.25,37.3,35.85,36.65,46891,0
2017-10-16,36.8,37.5,36.4,37,47861,0
2017-10-17,37.2,37.3,34.96,36.4,27657,0
2017-10-18,36.7,38.55,36.4189,38.3,44111,0
2017-10-19,38.6,39.8,37.65,38.9,44740,0
2017-10-20,39.1,40.65,39.1,40.05,30789,0
2017-10-23,40.55,44.29,40.21,41.2,109384,0
2017-10-24,41.25,43.4,41.2,41.35,49206,0
2017-10-25,41.25,42.05,40.57,41.4,27992,0
2017-10-26,41.5,43.245,41.5,42.4,23507,0
2017-10-27,42.9,42.9,40.655,41,32644,0
2017-10-30,40.575,41.5,40.15,41.25,29958,0
2017-10-31,41.5,42.15,40.65,41.6,27861,0
2017-11-01,41.6,42.3817,39.705,40.15,47338,0
2017-11-02,38.5,38.5,34.95,36.15,73751,0
2017-11-03,36.25,39.45,36.25,38.85,35120,0
2017-11-06,38.45,39.95,37.85,39.7,63036,0
2017-11-07,39.85,42.25,39.25,41,90913,0
2017-11-08,40.65,43,40.1,42.9,60240,0
2017-11-09,42.65,43.4,41.7934,42.25,27425,0
2017-11-10,42.8,43.3,42.5,43.2,24826,0
