2016-01-04,57.56,58.19,57.33,57.99,1532733,0
2016-01-05,58.06,58.18,57.38,57.71,1063384,0
2016-01-06,56.77,57.8,56.25,56.97,1427051,0
2016-01-07,55.79,56.7,55.06,55.72,1485179,0
2016-01-08,56.26,56.76,55.01,55.07,954806,0
2016-01-11,55.32,56.57,55.003,56,1791122,0
2016-01-12,56.33,56.8,54.7303,55.85,1619662,0
2016-01-13,55.89,55.96,52.13,52.31,2196689,0
2016-01-14,52.14,52.59,49.67,50.795,3991791,0
2016-01-15,49.18,49.36,46.99,47.82,2848866,0
2016-01-19,48.33,49.09,46.56,47.2,2753600,0
2016-01-20,46.4,47.77,43.14,47.28,3284045,0
2016-01-21,47.93,48.83,47.12,47.9,1647270,0
2016-01-22,48.68,49.77,47.53,47.98,1701455,0
2016-01-25,47.85,48.79,47.24,47.32,1172875,0
2016-01-26,47.95,48.84,47.27,48.61,1689933,0
2016-01-27,48.57,49.01,45.03,45.23,2131918,0
2016-01-28,45.51,45.69,42.21,42.46,4674406,0
2016-01-29,42.57,45.4,42.21,45.37,5200057,0
2016-02-01,44.96,47.61,44.95,47.06,3452515,0
2016-02-02,45.25,45.25,42.41,43.02,4213459,0
2016-02-03,43.51,43.79,41.25,41.96,4914487,0
2016-02-04,42.24,42.58,40.57,42.5,3201170,0
2016-02-05,42.17,42.78,38.72,39.46,2788495,0
2016-02-08,38.51,39.29,37.53,38.2,2923993,0
2016-02-09,37.68,39.88,37.01,39.18,2795164,0
2016-02-10,39.78,40.38,38.71,38.74,1663843,0
2016-02-11,38.01,39.29,37.86,39,2049565,0
2016-02-12,39.61,39.61,38.29,39.33,1277318,0
2016-02-16,40.14,40.8,39.61,40.56,1683818,0
2016-02-17,41.07,43.71,40.665,42.83,3209404,0
2016-02-18,42.57,43.01,41.8,41.85,1810728,0
2016-02-19,41.5,43.3145,40.95,42.49,2692671,0
2016-02-22,42.98,44.396,42.64,44.08,2907603,0
2016-02-23,45.6,48.3,45.42,46.85,6349737,0
2016-02-24,46.69,47.91,45.28,47.9,3044184,0
2016-02-25,48.22,49.25,47.67,48.655,1620102,0
2016-02-26,49.29,50.16,48.49,49.635,2138458,0
2016-02-29,49.33,50.12,48.99,49.13,1409714,0
2016-03-01,49.84,50.49,48.75,50.31,1319750,0
2016-03-02,50.37,50.67,49.79,50.53,1331305,0
2016-03-03,50.05,50.48,49.25,50,1940039,0
2016-03-04,50.35,50.49,49.08,49.56,1801717,0
2016-03-07,49.13,49.77,48.73,49.68,1502126,0
2016-03-08,49.11,49.58,47.23,47.31,2214773,0
2016-03-09,47.65,48.43,46.69,47.59,1702105,0
2016-03-10,47.89,48.335,46.445,47.26,1437368,0
2016-03-11,47.79,48.87,47.15,48.87,1040181,0
2016-03-14,48.83,49.89,48.83,49.69,1758227,0
2016-03-15,49.13,49.5,48.12,48.41,1737964,0
2016-03-16,48.39,49.96,48.01,49.71,1527002,0
2016-03-17,50.54,51.72,50.04,51.42,1980922,0
2016-03-18,51.54,53.32,51.51,52.45,3636918,0
2016-03-21,52.13,53.05,52.13,52.71,1791466,0
2016-03-22,51.55,52.18,51.01,51.64,2318155,0
2016-03-23,51.67,51.67,49.7,49.77,2597820,0
2016-03-24,49.71,51.27,49.45,51.08,2140933,0
2016-03-28,51.11,51.46,50.55,51.35,1277536,0
2016-03-29,51.13,51.415,50.65,51.26,1127027,0
2016-03-30,52.66,54.34,52.47,54.18,2093084,0
2016-03-31,54.29,55.59,53.908,55.29,2431272,0
2016-04-01,54.71,55.25,53.8,54.52,1778192,0
2016-04-04,54.58,54.89,54.24,54.64,690042,0
2016-04-05,54.03,54.28,53.43,53.96,1462810,0
2016-04-06,54.09,55.13,53.96,54.99,1201917,0
2016-04-07,54.93,55.03,53.48,53.79,1428785,0
2016-04-08,54.26,54.67,53.17,53.64,730811,0
2016-04-11,54.64,54.88,53.51,53.53,706926,0
2016-04-12,53.57,54.03,53.0305,53.93,819995,0
2016-04-13,54.33,55.22,53.8,55.16,645126,0
2016-04-14,55,55.24,54.21,54.52,637201,0
2016-04-15,54.66,54.66,52.33,53.08,2573159,0
2016-04-18,53.06,53.17,51.29,52.14,2326607,0
2016-04-19,52.47,52.52,51.19,51.5,1723502,0
2016-04-20,51.43,51.69,50.46,50.9,1375125,0
2016-04-21,50.69,50.79,49.61,49.97,1134713,0
2016-04-22,50.02,50.305,48.41,48.66,2173801,0
2016-04-25,48.73,49.34,48.66,49.31,1836786,0
2016-04-26,49.14,49.47,48.24,48.85,1149435,0
2016-04-27,48.69,49.92,48.5,49.8,1284211,0
2016-04-28,49.42,49.66,48.47,48.73,1871862,0
2016-04-29,49.5,50.2,47.78,48.89,2150591,0
2016-05-02,48.83,49.95,48.65,49.83,1443375,0
2016-05-03,49.38,50.31,49.2,50.14,1837720,0
2016-05-04,49.54,50.25,48.89,49.16,1710141,0
2016-05-05,49.18,49.785,48.77,48.88,1164889,0
2016-05-06,48.55,49,47.93,48.89,854117,0
2016-05-09,48.88,49.68,48.64,49.25,1691713,0
2016-05-10,45.27,47.98,44.09,46.89,7363488,0
2016-05-11,46.81,47.94,46.57,46.675,1510566,0
2016-05-12,47.02,47.48,46.36,47.19,1268527,0
2016-05-13,47.05,47.45,46.19,46.38,1291263,0
2016-05-16,46.33,47.61,46.205,47.35,1174774,0
2016-05-17,47.11,48.02,46.9,47.23,1109045,0
2016-05-18,47.18,47.92,46.76,47.58,1470052,0
2016-05-19,47.2,47.5697,46.19,46.39,1155621,0
2016-05-20,46.48,47.27,46.48,47.21,765561,0
2016-05-23,46.77,47.47,46.71,46.74,681974,0
2016-05-24,46.97,47.86,46.71,47.81,988564,0
2016-05-25,47.88,47.92,46.52,46.57,1505051,0
2016-05-26,46.34,46.34,45.11,45.78,1595020,0
2016-05-27,45.8,47.11,45.57,47.09,1145097,0
2016-05-31,47.04,47.12,46.21,46.41,1373091,0
2016-06-01,46.18,46.63,46.06,46.58,698314,0
2016-06-02,46.26,46.66,46.09,46.55,1059394,0
2016-06-03,46.27,46.27,44.84,45.73,655558,0
2016-06-06,45.5,45.56,44.77,45.4,1340232,0
2016-06-07,45.76,46.3,45.5701,45.91,975076,0
2016-06-08,46.18,46.19,45.44,45.46,1202563,0
2016-06-09,45.45,45.71,45.1,45.61,1302079,0
2016-06-10,44.91,45.79,43.89,44.53,1037924,0
2016-06-13,44.35,44.869,43.81,43.83,814510,0
2016-06-14,43.59,43.93,43.01,43.2,1193102,0
2016-06-15,43.33,44.4699,43.27,43.36,1873943,0
2016-06-16,43.04,43.435,41.96,43.3,924197,0
2016-06-17,43.51,43.67,43.15,43.38,881764,0
2016-06-20,44.01,44.92,44.01,44.22,920153,0
2016-06-21,44.23,44.6611,43.96,44.46,955216,0
2016-06-22,44.29,44.79,43.95,44.25,842701,0
2016-06-23,44.88,44.88,44.11,44.23,1310354,0
2016-06-24,41.7,42.01,40.37,40.38,4288885,0
2016-06-27,39.54,40.04,38.17,38.21,3974614,0
2016-06-28,39.41,39.74,38.22,38.43,2789980,0
2016-06-29,38.76,39.61,38.49,39.28,3071585,0
2016-06-30,39.5,39.87,38.62,39.84,1835369,0
2016-07-01,40,41.191,39.97,41.06,1750588,0
2016-07-05,40.75,41.31,40.16,40.51,1773544,0
2016-07-06,40.3,40.74,39.8,40.3,1422550,0
2016-07-07,40.26,41.06,40.12,40.59,1306011,0
2016-07-08,40.93,42.27,40.34,42.06,1676019,0
2016-07-11,42.37,43.24,42.18,43.16,1769186,0
2016-07-12,43.54,44.6,43.54,44.55,2399894,0
2016-07-13,44.59,44.62,43.905,43.98,1787497,0
2016-07-14,44.37,44.7,42.75,42.77,2735869,0
2016-07-15,42.52,42.5495,40.82,41.19,3052619,0
2016-07-18,41.37,41.64,40.92,41.16,1722560,0
2016-07-19,41.13,41.388,40.035,40.14,1514699,0
2016-07-20,40.1,41.24,39.32,41.19,1910282,0
2016-07-21,41.24,41.71,40.9975,41.12,1017193,0
2016-07-22,41.26,41.42,40.93,41.11,1337002,0
2016-07-25,41.23,41.8,41.21,41.69,1376862,0
2016-07-26,41.9,42.12,41.73,41.87,1022270,0
2016-07-27,41.93,42.3,41.32,42.14,1207672,0
2016-07-28,42.25,43.115,41.78,42.96,1367791,0
2016-07-29,43,43.21,42.43,42.59,1934756,0
2016-08-01,42.5,42.68,42.39,42.46,2004806,0
2016-08-02,41.99,42.05,39.29,39.76,4540419,0
2016-08-03,39.75,40.7,39.54,40.45,1741090,0
2016-08-04,40.28,41.76,40.28,41.66,1688380,0
2016-08-05,41.95,43.14,41.69,43.1,1634993,0
2016-08-08,42.98,43.57,42.81,42.96,2302226,0
2016-08-09,39.55,40.59,37.66,37.91,9452558,0
2016-08-10,38.07,38.45,37.28,37.3,3794469,0
2016-08-11,37.68,38.8099,37.42,38.78,2619030,0
2016-08-12,38.53,38.98,38.17,38.44,2201115,0
2016-08-15,38.46,38.85,38.26,38.37,2526611,0
2016-08-16,38.15,38.3,37.3,37.63,2243074,0
2016-08-17,37.8,38.66,37.5,38.66,1974062,0
2016-08-18,38.54,38.74,38.34,38.7,1438295,0
2016-08-19,38.26,38.64,38,38.21,1944257,0
2016-08-22,38.19,38.23,37.53,37.68,1423223,0
2016-08-23,37.7,38.09,37.57,37.68,2775875,0
2016-08-24,37.79,38.06,36.78,36.86,2380527,0
2016-08-25,36.68,36.77,36.16,36.18,2081170,0
2016-08-26,36.15,36.3736,35.68,35.8,2493441,0
2016-08-29,36.04,36.62,35.36,35.52,2677971,0
2016-08-30,35.63,36,35.39,35.85,1921445,0
2016-08-31,35.93,36.36,35.64,35.89,1785230,0
2016-09-01,37.47,38.31,36.5,37.05,3998688,0
2016-09-02,36.27,36.91,35.36,35.61,3597305,0
2016-09-06,35.73,35.81,35.22,35.32,1232170,0
2016-09-07,35.27,35.48,34.83,34.97,1976115,0
2016-09-08,35,35.03,34.36,34.4,1572346,0
2016-09-09,34.4,34.6129,34.16,34.5,2982044,0
2016-09-12,34.42,35.32,34.165,35.24,1453509,0
2016-09-13,35.1,35.45,34.75,35.29,1987297,0
2016-09-14,35.32,35.99,35.02,35.96,2153227,0
2016-09-15,35.77,36.49,35.76,36.24,2286783,0
2016-09-16,36.25,36.46,35.65,35.75,2609904,0
2016-09-19,35.97,36.04,35.19,35.34,1549066,0
2016-09-20,35.4,36.43,35.4,36.31,1660368,0
2016-09-21,36.41,36.64,35.8,36.3,1709702,0
2016-09-22,36.43,37.24,36.43,37.17,1367698,0
2016-09-23,36.92,37.5,36.48,37.41,1277127,0
2016-09-26,37.34,38.025,36.031,36.71,2828633,0
2016-09-27,36.86,38,36.86,37.69,2077571,0
2016-09-28,37.81,37.86,36.95,37.44,2806985,0
2016-09-29,37.48,37.5,36.61,37.16,1382402,0
2016-09-30,37.32,38,36.93,37.7,1576987,0
2016-10-03,37.69,38.07,37.39,37.78,1115741,0
2016-10-04,37.31,38.14,37.25,38.05,1298841,0
2016-10-05,36.92,38.34,36.2,38.26,3474686,0
2016-10-06,38.29,38.68,37.98,38.64,1814114,0
2016-10-07,38.59,38.73,38.31,38.46,3329974,0
2016-10-10,38.54,38.66,38.3501,38.48,1116349,0
2016-10-11,38.51,38.52,37.69,37.95,1599633,0
2016-10-12,37.95,38.235,37.6,38.08,1304814,0
2016-10-13,37.46,38.05,37.45,37.8,1440230,0
2016-10-14,37.25,37.89,37.1,37.33,1976804,0
2016-10-17,37.44,37.6199,37.2101,37.47,1622335,0
2016-10-18,37.96,38.67,37.9,38.25,1160002,0
2016-10-19,37.66,38.22,37.4,38.11,1288081,0
2016-10-20,38.2,38.8,37.69,38.73,981625,0
2016-10-21,38.42,38.54,37.8,37.99,3051736,0
2016-10-24,38.36,39.19,37.99,38.06,2825369,0
2016-10-25,37.84,38.09,37.45,37.73,1842357,0
2016-10-26,37.65,38.29,37.52,37.97,1052481,0
2016-10-27,37.43,37.57,35.57,35.71,2737666,0
2016-10-28,36.78,38.35,36.51,38.24,2735043,0
2016-10-31,38.44,38.96,38.18,38.87,1593660,0
2016-11-01,39.11,39.14,37.21,37.7,1760010,0
2016-11-02,37.79,38.32,37.21,37.49,1171788,0
2016-11-03,37.6,37.85,37.02,37.21,1503124,0
2016-11-04,36.87,37.79,36.87,37,1232913,0
2016-11-07,37.69,37.86,37.42,37.83,2520930,0
2016-11-08,37.84,39.25,37.47,39.13,2923189,0
2016-11-09,36.82,38.2983,35.21,35.53,5409851,0
2016-11-10,35.8,38.52,35.8,37.97,4931890,0
2016-11-11,37.68,39.04,37.0701,38.42,3157311,0
2016-11-14,38.5,41.61,38.5,41.34,3492917,0
2016-11-15,41.49,41.49,40.1001,40.17,1996768,0
2016-11-16,40.13,40.13,39.1,39.57,1223265,0
2016-11-17,39.6,40.05,39.33,39.83,1263192,0
2016-11-18,39.68,40.07,39.14,39.68,1570688,0
2016-11-21,39.79,40.12,39.46,39.59,1318276,0
2016-11-22,39.85,40.35,39.46,40.25,1381871,0
2016-11-23,39.31,40.21,39.31,39.98,1102416,0
2016-11-25,39.96,40.59,39.65,40.58,502918,0
2016-11-28,40.51,40.66,39.77,40.1,1451286,0
2016-11-29,40.31,40.71,40.09,40.71,1201794,0
2016-11-30,40.48,40.48,39.32,39.81,1564070,0
2016-12-01,39.87,40.28,38.68,38.85,1169947,0
2016-12-02,38.71,39.33,38.66,39.28,1081779,0
2016-12-05,39.7,40.99,39.48,40.64,1394735,0
2016-12-06,40.88,41.41,40.47,41.25,1120951,0
2016-12-07,41.27,42.86,41.08,42.66,1431415,0
2016-12-08,42.77,44.17,42.38,44.02,2189468,0
2016-12-09,44.19,44.7,43.76,44.5,1166641,0
2016-12-12,44.21,44.38,43.32,43.99,1800220,0
2016-12-13,44.04,44.16,43.58,43.9,1263835,0
2016-12-14,43.92,44.91,43.65,44.03,1331933,0
2016-12-15,44.17,45.37,43.52,45.14,1868404,0
2016-12-16,45.2,45.2,43.81,44.13,1843195,0
2016-12-19,43.97,43.97,42.896,43.06,1348077,0
2016-12-20,43.52,45.4999,43.26,44.92,1875242,0
2016-12-21,45.02,45.16,44.63,44.93,637211,0
2016-12-22,44.83,44.87,43.33,43.35,986400,0
2016-12-23,43.51,43.7,43.16,43.51,1469911,0
2016-12-27,43.62,44.53,43.53,43.69,434853,0
2016-12-28,43.68,43.68,42.89,42.93,694946,0
2016-12-29,42.93,43.445,42.04,42.66,2167907,0
2016-12-30,42.62,42.97,42.1,42.53,856919,0
2017-01-03,43.13,43.87,42.64,42.79,1584673,0
2017-01-04,43.1,44.89,42.78,44.77,1831300,0
2017-01-05,44.51,44.79,44.02,44.55,927483,0
2017-01-06,44.75,44.92,44.06,44.25,889850,0
2017-01-09,44.14,44.7,43.9,44.39,778870,0
2017-01-10,44.33,45.36,44.33,45.22,1051187,0
2017-01-11,45.01,45.82,44.72,45.75,813867,0
2017-01-12,45.47,45.83,44.67,45.35,709762,0
2017-01-13,45.49,45.49,44.84,44.95,535937,0
2017-01-17,45.08,45.21,44.2,44.74,850576,0
2017-01-18,44.97,45.77,44.56,45.67,926874,0
2017-01-19,45.76,46.36,45.385,45.62,1002848,0
2017-01-20,45.93,46.41,45.41,45.63,728449,0
2017-01-23,45.47,46.145,45.15,46.01,779160,0
2017-01-24,45.92,46.95,45.83,46.84,1197894,0
2017-01-25,47.22,48.24,46.955,48.09,1241704,0
2017-01-26,49.22,50.05,48.77,49.33,2607698,0
2017-01-27,49.35,49.56,48.61,49.02,932253,0
2017-01-30,48.8,48.88,47.94,48.03,1250898,0
2017-01-31,47.88,48.11,46.83,47,1593608,0
2017-02-01,47.3,48.45,46.83,48.08,1269346,0
2017-02-02,48.17,48.5,47.55,47.66,641908,0
2017-02-03,48.13,48.36,47.41,47.74,760795,0
2017-02-06,47.76,48.02,47.28,47.51,866035,0
2017-02-07,47.58,48.09,47.465,47.7,1470087,0
2017-02-08,47.88,48.14,47.51,47.86,1058730,0
2017-02-09,47.81,48.31,47.7,48.06,1228431,0
2017-02-10,48.43,48.905,47.54,47.8,1574563,0
2017-02-13,48.02,48.1,47.56,47.87,1411450,0
2017-02-14,47.82,47.97,47.575,47.77,1033829,0
2017-02-15,47.66,48.12,47.005,47.92,1451369,0
2017-02-16,47.95,48.14,47.24,47.63,1228304,0
2017-02-17,47.62,47.85,47.27,47.69,1585606,0
2017-02-21,47.74,48.52,47.74,48.2,1715060,0
2017-02-22,49.24,52.14,48.68,51.64,4006140,0
2017-02-23,52.48,52.5,50.61,50.68,1740817,0
2017-02-24,50.51,50.6322,49.77,50.02,1425659,0
2017-02-27,49.93,50.83,49.57,50.77,1175399,0
2017-02-28,50.82,51.195,50.45,50.7,892353,0
2017-03-01,51.12,51.61,50.42,51.04,1081655,0
2017-03-02,50.79,51.25,50.6302,50.98,855209,0
2017-03-03,51,51,49.79,50.1,696655,0
2017-03-06,49.9,50,49.16,49.76,1171500,0
2017-03-07,49.56,49.76,49.045,49.41,643604,0
2017-03-08,49.59,49.8316,49.4,49.52,768398,0
2017-03-09,49.77,50.06,49.4775,49.92,752330,0
2017-03-10,50.23,51.22,50.07,51.1,1141487,0
2017-03-13,51.7,51.83,51.11,51.32,1086292,0
2017-03-14,51.21,51.225,50.4,50.96,1066023,0
2017-03-15,51.05,51.49,50.71,51.41,1141492,0
2017-03-16,51.35,51.45,51.06,51.43,844527,0
2017-03-17,51.71,51.85,51.25,51.31,1158396,0
2017-03-20,51.36,51.53,50.81,51.1,846766,0
2017-03-21,51.3,51.715,49.95,50,1158056,0
2017-03-22,50.11,51.13,49.55,50.97,1128996,0
2017-03-23,50.98,51.665,50.88,51.11,1081511,0
2017-03-24,51.34,51.53,50.295,50.48,1300424,0
2017-03-27,50.15,51.17,49.92,51.02,878696,0
2017-03-28,51.8,52.1,51.13,51.3,1537472,0
2017-03-29,51.09,51.3,50.65,50.86,1231652,0
2017-03-30,50.89,51.37,50.89,51.24,751908,0
2017-03-31,50.99,51.2,50.4418,50.73,1041805,0
2017-04-03,50.74,50.95,50,50.19,1302954,0
2017-04-04,50.04,50.15,49.32,49.76,1461865,0
2017-04-05,49.93,50.75,49.59,49.78,1119990,0
2017-04-06,49.75,50.01,49.39,49.91,949061,0
2017-04-07,50.01,50.04,48.15,48.31,5706644,0
2017-04-10,48.49,48.94,48.12,48.54,1434252,0
2017-04-11,48.64,48.64,47.29,47.47,1464276,0
2017-04-12,47.55,48,46.96,47.85,1922435,0
2017-04-13,47.83,48.64,47.76,48.03,1639208,0
2017-04-17,48.07,49.01,47.96,48.96,1096169,0
2017-04-18,48.9,48.905,48.3,48.82,697540,0
2017-04-19,48.95,49.63,48.6962,49.21,1018767,0
2017-04-20,49.53,50.75,49.53,50.14,1162359,0
2017-04-21,50.35,50.4435,49.6,50.13,939560,0
2017-04-24,50.84,51.13,50.12,50.35,1054265,0
2017-04-25,50.57,51.37,50.54,51.08,1036566,0
2017-04-26,51.02,52.86,51.02,52.77,1665662,0
2017-04-27,52.75,53.27,52.62,52.68,1698494,0
2017-04-28,53.92,54.8686,53.09,53.93,2909026,0
2017-05-01,54,56.29,53.72,54.9,2339954,0
2017-05-02,55.01,55.325,54.45,55.06,1160931,0
2017-05-03,55.02,55.32,54.59,54.9,1187174,0
2017-05-04,55.17,55.49,54.82,54.84,1128154,0
2017-05-05,55,55.8,55,55.49,914316,0
2017-05-08,55.57,55.83,54.91,55.1,1487015,0
2017-05-09,55.25,56.15,55.05,55.78,2645264,0
2017-05-10,54.44,55.93,53.1,54.07,4096954,0
2017-05-11,53.85,54.46,52.5,52.95,2622280,0
2017-05-12,52.9,53.093,51.21,51.5,2743580,0
2017-05-15,51.54,51.95,51.2,51.5,2063405,0
2017-05-16,51.48,51.55,50.18,50.31,2226373,0
2017-05-17,50.03,50.252,47.96,48.07,2398929,0
2017-05-18,48,49.285,47.76,49.12,2613225,0
2017-05-19,49.23,49.75,48.83,49.34,1467851,0
2017-05-22,49.24,50.62,49.11,50.51,1928155,0
2017-05-23,50.26,50.53,49.46,49.58,1421143,0
2017-05-24,49.8,49.8,49.2,49.64,1069853,0
2017-05-25,49.83,51.01,49.785,50.68,1273225,0
2017-05-26,51.97,52.32,50.805,50.84,1796166,0
2017-05-30,50.78,51.1797,50.06,50.07,1576084,0
2017-05-31,50.25,50.2838,49.56,49.97,1419720,0
2017-06-01,50.23,51.1,49.98,50.93,1716108,0
2017-06-02,51.16,51.64,50.97,51.16,1169857,0
2017-06-05,51.17,51.17,50.07,50.31,1583948,0
2017-06-06,50,50.6,49.66,49.72,2200361,0
2017-06-07,50.08,50.81,49.75,50.79,1941580,0
2017-06-08,50.93,52.1,50.68,51.77,2061191,0
2017-06-09,51.97,52.31,50.8,51.13,2220339,0
2017-06-12,50.98,51.26,49.52,50.42,2055486,0
2017-06-13,50.78,52.23,50.77,51.84,1462659,0
2017-06-14,51.99,52.74,51.7,52.17,1432834,0
2017-06-15,51.61,52.95,51.61,52.91,1183613,0
2017-06-16,52.71,53.01,52.09,52.9,2388392,0
2017-06-19,53.2,53.84,53.06,53.63,1042968,0
2017-06-20,53.51,53.92,52.95,53.1,1091471,0
2017-06-21,53.24,55.23,53.2,54.9,2426806,0
2017-06-22,55.01,56.26,54.9,55.46,2622500,0
2017-06-23,55.57,55.87,54.74,54.81,2457627,0
2017-06-26,54.82,56.12,54.82,55.31,1228238,0
2017-06-27,55.01,55.29,53.84,53.86,1522529,0
2017-06-28,54.18,55.73,54.18,55.28,1013973,0
2017-06-29,55.16,55.33,54.08,54.42,849841,0
2017-06-30,54.96,55,54.27,54.29,1076638,0
2017-07-03,54.63,55.21,54.38,54.55,496186,0
2017-07-05,54.52,55.75,54.495,55.41,998399,0
2017-07-06,55.06,55.06,53.925,54.06,1559649,0
2017-07-07,54.2,55.04,54.2,54.66,949936,0
2017-07-10,54.53,55.09,53.663,54.03,1263918,0
2017-07-11,53.79,54.3,53.4,53.96,790487,0
2017-07-12,54.32,54.64,53.58,54.09,1178294,0
2017-07-13,54.12,54.49,53.65,54.24,1061581,0
2017-07-14,54.43,54.48,53.4,53.47,961299,0
2017-07-17,53.51,54.45,53.16,54.13,1196988,0
2017-07-18,54.22,54.44,53.71,54.18,623087,0
2017-07-19,54.27,54.51,54.09,54.38,690047,0
2017-07-20,54.53,55.33,54.33,55.05,971864,0
2017-07-21,54.9,55.23,54.7645,55.07,665799,0
2017-07-24,55.3,55.77,55.04,55.73,1086308,0
2017-07-25,55.9,56.36,55.43,55.75,1001626,0
2017-07-26,56,56.01,55.2,55.65,645704,0
2017-07-27,55.7,55.85,54.29,55.11,1208303,0
2017-07-28,54.71,55.26,54.39,55.21,984692,0
2017-07-31,55.45,55.73,54.975,55.07,895649,0
2017-08-01,56.49,57.25,56.15,56.91,2493089,0
2017-08-02,56.89,57.25,55.45,55.84,1256097,0
2017-08-03,55.77,56.96,55.77,56.25,1157263,0
2017-08-04,56.47,57.48,56.27,56.9,1252566,0
2017-08-07,57.15,57.62,56.49,56.65,2834732,0
2017-08-08,59.05,61.48,58.85,59.42,5342744,0
2017-08-09,58.88,58.99,58.05,58.36,2077765,0
2017-08-10,58.04,58.16,56.9,57.07,1665697,0
2017-08-11,54.75,57.17,54.15,56.77,12109896,0
2017-08-14,57.14,57.83,57.01,57.46,2617269,0
2017-08-15,57.61,58.56,57.22,57.45,2855882,0
2017-08-16,57.8,58.41,57.44,57.9,1432517,0
2017-08-17,57.98,58.07,56.01,56.2,2074481,0
2017-08-18,56.33,56.33,55.26,55.78,1434778,0
2017-08-21,55.81,56.15,55.59,55.86,1015908,0
2017-08-22,56.01,57.03,56.01,56.9,1074024,0
2017-08-23,56.53,57.91,56.53,57.15,1903892,0
2017-08-24,57.33,57.905,57.29,57.73,1562525,0
2017-08-25,57.99,58,57.58,57.72,1935805,0
2017-08-28,57.98,58.03,57.48,57.88,879643,0
2017-08-29,57.43,57.74,56.47,57.64,1537366,0
2017-08-30,57.53,58.8,57.25,58.22,1430095,0
2017-08-31,58.42,59.5,58.41,59.46,1793264,0
2017-09-01,59.62,60,58.48,58.54,1159900,0
2017-09-05,58.51,58.54,55.3,56.69,2812497,0
2017-09-06,56.53,57.17,55.91,57.12,1964462,0
2017-09-07,57,57.43,55.77,55.86,1635778,0
2017-09-08,55.84,56.98,55.01,55.12,1547959,0
2017-09-11,56.19,58.2,56,56.65,2870619,0
2017-09-12,56.92,57.22,56.41,57.2,1021481,0
2017-09-13,56.94,57.84,56.75,57.79,1400538,0
2017-09-14,57.35,58.58,57.25,57.72,1418691,0
2017-09-15,56.55,56.74,55.28,56.74,3940600,0
2017-09-18,56.7,57.21,56.28,56.35,1460473,0
2017-09-19,56.27,56.27,55.29,55.46,1504251,0
2017-09-20,55.36,55.42,53.71,54.36,2225440,0
2017-09-21,54.54,54.83,53.95,54.39,1230821,0
2017-09-22,54.09,54.81,53.75,54.02,1393086,0
2017-09-25,53.74,54.11,53.23,53.6,1422772,0
2017-09-26,54.46,55.68,54.26,54.89,2551595,0
2017-09-27,54.99,55.04,52.74,52.83,1960686,0
2017-09-28,52.52,53.93,51.99,53.65,2528067,0
2017-09-29,53.46,54.15,52.44,54.02,2518217,0
2017-10-02,53.94,54.53,53.6,54.42,1111994,0
2017-10-03,54.46,55.11,54.03,54.73,1212466,0
2017-10-04,54.58,56.2,54.53,55.97,1575142,0
2017-10-05,58.01,58.54,57.53,58.41,7729736,0
2017-10-06,58.25,59.4,58.25,58.84,3026754,0
2017-10-09,58.75,59.66,58.71,58.9,2211469,0
2017-10-10,59.19,59.535,58.985,59.16,2665044,0
2017-10-11,59.15,59.42,58.58,58.8,2730616,0
2017-10-12,58.56,59.3,58.43,58.86,33518704,0
2017-10-13,59.365,59.6,58.22,58.74,3894885,0
2017-10-16,58.83,59.15,58.4,58.92,2088548,0
2017-10-17,58.69,59,58.44,58.61,2382816,0
2017-10-18,58.26,58.45,57.13,57.47,4192334,0
2017-10-19,56.4,56.52,53.8,54.17,7961959,0
2017-10-20,54.87,54.94,53.45,53.73,3472004,0
2017-10-23,53.76,54.1014,53.531,53.72,1992669,0
2017-10-24,53.63,54.78,53.5,54.66,2483412,0
2017-10-25,54.67,55.19,54.38,54.79,2425106,0
2017-10-26,54.8,55.25,54.53,54.92,1375435,0
2017-10-27,55.39,56.28,54.49,55.64,2319615,0
2017-10-30,55.34,55.67,54.67,54.8,974296,0
2017-10-31,54.82,55.98,54.715,55.75,1446800,0
2017-11-01,56.06,56.1,54.04,54.2,2249089,0
2017-11-02,54.27,55.17,54.205,54.91,2139138,0
2017-11-03,54.91,55.09,54.53,55.03,923232,0
2017-11-06,55,56.12,54.905,55.26,1520114,0
2017-11-07,56.55,57.37,54.97,55.36,1829121,0
2017-11-08,55.37,55.63,54.81,55.56,1422988,0
2017-11-09,55.74,58.27,55.29,56.89,3116282,0
2017-11-10,55.75,56.06,54.07,55.23,2282212,0
