2016-01-04,13.424,13.469,13.025,13.259,365440,0
2016-01-05,13.32,13.416,13.146,13.32,138565,0
2016-01-06,13.146,13.4,13.146,13.311,278440,0
2016-01-07,13.069,13.303,12.947,12.947,270633,0
2016-01-08,12.974,13.156,12.851,12.851,228539,0
2016-01-11,12.878,13.086,12.799,13.086,527551,0
2016-01-12,13.122,13.13,12.557,12.791,258573,0
2016-01-13,12.878,12.964,12.392,12.46,233786,0
2016-01-14,12.486,12.705,12.331,12.678,471004,0
2016-01-15,12.374,12.713,12.322,12.678,661423,0
2016-01-19,12.799,12.991,12.635,12.922,423553,0
2016-01-20,12.782,13.061,12.23,13.035,506588,0
2016-01-21,13.104,13.104,12.635,12.644,352191,0
2016-01-22,12.774,12.956,12.67,12.956,272045,0
2016-01-25,13.025,13.076,12.678,12.991,339916,0
2016-01-26,13.061,13.243,13.016,13.138,297154,0
2016-01-27,13.095,13.39,12.991,13.086,314637,0
2016-01-28,13.19,13.46,13.043,13.19,290398,0
2016-01-29,13.156,13.6,13.156,13.581,386170,0
2016-02-01,13.512,13.571,13.269,13.564,413724,0
2016-02-02,13.4,13.485,13.161,13.19,151971,0
2016-02-03,13.303,13.303,12.939,13.138,164101,0
2016-02-04,13.13,13.364,13.061,13.112,152422,0
2016-02-05,13.339,13.642,12.809,12.878,279517,0
2016-02-08,12.765,12.922,12.617,12.757,291589,0
2016-02-09,12.661,12.799,12.531,12.705,273729,0
2016-02-10,12.799,13.025,12.686,12.765,292380,0
2016-02-11,12.6,12.974,12.275,12.818,168387,0
2016-02-12,12.825,13,12.621,13,147981,0
2016-02-16,13.025,13.372,12.875,13.287,335955,0
2016-02-17,13.339,13.434,13.3,13.381,532921,0
2016-02-18,13.357,13.376,13,13.13,294367,0
2016-02-19,13.112,13.156,12.891,13.069,164787,0
2016-02-22,13.357,13.372,12.922,13.043,373279,0
2016-02-23,12.991,13.25,12.991,13.008,313088,0
2016-02-24,12.974,13.364,12.87,13.357,193505,0
2016-02-25,13.357,13.512,13.296,13.46,254688,0
2016-02-26,13.287,13.343,12.721,12.895,693318,0
2016-02-29,13.016,13.49,12.835,12.983,847229,0
2016-03-01,12.983,13.546,12.912,13.469,558778,0
2016-03-02,13.469,13.469,12.878,12.983,350653,0
2016-03-03,12.912,13.035,12.799,12.922,339195,0
2016-03-04,12.983,13.19,12.818,13.008,605780,0
2016-03-07,12.904,13.016,12.851,12.983,366336,0
2016-03-08,12.903,13.168,12.884,12.907,180766,0
2016-03-09,12.964,13.22,12.964,13.114,245662,0
2016-03-10,13.114,13.22,12.894,13.021,182075,0
2016-03-11,13.044,13.189,12.946,13.062,215129,0
2016-03-14,12.974,13.211,12.921,13.017,214044,0
2016-03-15,13.017,13.172,12.903,12.964,200298,0
2016-03-16,12.884,12.991,12.81,12.938,285964,0
2016-03-17,12.868,13.225,12.868,13.159,278885,0
2016-03-18,13.23,13.3,13.097,13.106,350287,0
2016-03-21,13.106,13.3,13.071,13.193,234682,0
2016-03-22,13.088,13.176,12.956,13.017,133261,0
2016-03-23,13.017,13.026,12.884,12.894,163844,0
2016-03-24,12.797,12.93,12.789,12.877,124565,0
2016-03-28,12.956,12.956,12.736,12.832,111696,0
2016-03-29,12.789,13.344,12.77,13.307,185076,0
2016-03-30,13.316,13.387,13.14,13.316,162342,0
2016-03-31,13.36,13.57,13.291,13.405,175994,0
2016-04-01,13.291,13.36,12.884,13.062,168111,0
2016-04-04,13.106,13.106,12.859,12.877,178763,0
2016-04-05,12.832,13.097,12.709,13.088,325320,0
2016-04-06,13.088,13.14,12.964,13.036,175869,0
2016-04-07,12.946,13.197,12.718,12.797,225492,0
2016-04-08,12.85,13.128,12.56,12.567,200480,0
2016-04-11,12.621,12.7,12.436,12.48,256960,0
2016-04-12,12.461,12.533,12.313,12.374,416611,0
2016-04-13,12.488,12.604,12.294,12.533,399998,0
2016-04-14,12.507,12.523,12.34,12.436,233184,0
2016-04-15,12.383,12.513,12.379,12.436,432638,0
2016-04-18,12.356,12.59,12.356,12.585,328831,0
2016-04-19,12.674,12.674,12.418,12.426,191948,0
2016-04-20,12.4,12.523,12.294,12.383,213265,0
2016-04-21,12.436,12.533,12.354,12.392,111784,0
2016-04-22,12.4,12.533,12.4,12.498,100499,0
2016-04-25,12.488,12.656,12.418,12.629,341034,0
2016-04-26,12.647,12.691,12.488,12.656,105454,0
2016-04-27,12.621,12.868,12.538,12.859,195903,0
2016-04-28,12.771,12.974,12.638,12.666,98867,0
2016-04-29,12.604,12.612,12.446,12.513,146088,0
2016-05-02,12.595,12.753,12.454,12.647,110901,0
2016-05-03,12.533,12.859,12.446,12.634,184332,0
2016-05-04,12.55,12.771,12.409,12.638,202093,0
2016-05-05,12.34,12.578,12.057,12.303,472962,0
2016-05-06,12.206,12.446,12.118,12.383,228501,0
2016-05-09,12.383,12.418,12.101,12.127,192267,0
2016-05-10,12.206,12.585,12.127,12.585,228057,0
2016-05-11,12.533,12.806,12.446,12.612,297727,0
2016-05-12,12.674,12.842,12.34,12.392,227144,0
2016-05-13,12.34,12.34,12.118,12.144,147552,0
2016-05-16,12.215,12.321,12.118,12.259,161145,0
2016-05-17,12.268,12.358,12.062,12.161,418068,0
2016-05-18,12.179,12.352,12.161,12.25,247017,0
2016-05-19,12.286,12.313,12.098,12.224,231631,0
2016-05-20,12.295,12.398,12.161,12.331,214938,0
2016-05-23,12.322,12.429,12.25,12.348,242968,0
2016-05-24,12.376,12.905,12.376,12.895,247576,0
2016-05-25,12.869,12.932,12.698,12.743,138769,0
2016-05-26,12.797,12.909,12.6,12.815,123765,0
2016-05-27,12.842,13.083,12.538,13.047,167568,0
2016-05-31,13.03,13.164,12.932,13.075,181133,0
2016-06-01,13.075,13.109,12.612,13.083,188015,0
2016-06-02,13.075,13.124,12.932,13.03,113656,0
2016-06-03,13.039,13.039,12.823,12.976,111091,0
2016-06-06,12.948,13.109,12.797,13.066,265898,0
2016-06-07,13.039,13.252,13.003,13.191,176713,0
2016-06-08,13.164,13.249,13.047,13.182,184322,0
2016-06-09,13.109,13.28,12.993,13.208,172708,0
2016-06-10,13.083,13.173,12.913,12.967,162114,0
2016-06-13,13.155,13.155,12.806,12.958,212726,0
2016-06-14,12.905,13.155,12.797,13.145,128297,0
2016-06-15,13.155,13.334,13.109,13.199,146062,0
2016-06-16,13.109,13.315,13.047,13.306,119816,0
2016-06-17,13.343,13.415,13.109,13.119,481013,0
2016-06-20,13.28,13.334,13.102,13.199,143675,0
2016-06-21,13.182,13.397,13.119,13.343,132731,0
2016-06-22,13.406,13.657,13.343,13.647,292999,0
2016-06-23,13.782,14.113,13.647,14.024,513608,0
2016-06-24,13.343,13.477,12.985,13.173,675195,0
2016-06-27,12.932,13.145,12.85,13.003,273903,0
2016-06-28,13.164,13.227,12.923,12.932,163822,0
2016-06-29,13.056,13.37,13.039,13.334,142004,0
2016-06-30,13.406,13.889,13.406,13.863,372829,0
2016-07-01,13.809,13.88,13.736,13.782,187832,0
2016-07-05,13.71,13.827,13.657,13.736,105234,0
2016-07-06,13.71,13.863,13.604,13.764,170602,0
2016-07-07,13.817,13.889,13.773,13.863,200060,0
2016-07-08,13.961,14.067,13.835,13.988,325727,0
2016-07-11,14.005,14.167,14.005,14.104,159127,0
2016-07-12,14.15,14.347,14.042,14.167,309731,0
2016-07-13,14.238,14.293,14.122,14.293,286879,0
2016-07-14,14.328,14.328,13.801,14.221,204041,0
2016-07-15,14.319,14.319,14.131,14.274,118913,0
2016-07-18,14.319,14.319,14.211,14.231,178101,0
2016-07-19,14.203,14.264,14.171,14.176,129556,0
2016-07-20,13.889,14.024,13.674,13.898,227372,0
2016-07-21,13.942,14.05,13.863,13.996,190766,0
2016-07-22,13.996,14.284,13.961,14.238,323874,0
2016-07-25,14.274,14.356,14.158,14.167,105988,0
2016-07-26,14.211,14.301,14.077,14.176,100347,0
2016-07-27,14.221,14.221,13.97,14.05,115197,0
2016-07-28,14.014,14.05,13.898,14.024,104496,0
2016-07-29,14.005,14.096,13.827,13.952,172530,0
2016-08-01,13.996,14.104,13.863,14.087,190106,0
2016-08-02,14.042,14.096,13.863,13.898,297266,0
2016-08-03,13.844,14.037,13.755,13.835,128343,0
2016-08-04,13.791,13.952,13.782,13.889,165699,0
2016-08-05,13.942,14.418,13.844,14.4,222258,0
2016-08-08,14.418,14.418,14.231,14.257,403813,0
2016-08-09,13.433,14.077,12.905,13.72,1170030,0
2016-08-10,13.728,13.844,13.621,13.667,298554,0
2016-08-11,13.736,13.988,13.657,13.961,352474,0
2016-08-12,13.907,14.033,13.8,13.907,111231,0
2016-08-15,13.97,14.077,13.755,13.764,183848,0
2016-08-16,13.782,13.98,13.612,13.621,189674,0
2016-08-17,13.683,13.764,13.46,13.647,172732,0
2016-08-18,13.604,13.88,13.567,13.782,221813,0
2016-08-19,13.782,13.817,13.594,13.604,129983,0
2016-08-22,13.604,13.701,13.469,13.701,230077,0
2016-08-23,13.755,13.883,13.537,13.565,192261,0
2016-08-24,13.583,13.602,13.493,13.537,173381,0
2016-08-25,13.493,13.646,13.465,13.646,110456,0
2016-08-26,13.628,13.701,13.374,13.456,124713,0
2016-08-29,13.41,13.446,13.302,13.357,140704,0
2016-08-30,13.31,13.646,13.255,13.637,126785,0
2016-08-31,13.583,13.71,13.51,13.583,236037,0
2016-09-01,13.646,13.819,13.583,13.701,187726,0
2016-09-02,13.72,13.829,13.628,13.737,124163,0
2016-09-06,13.81,13.81,13.501,13.573,127382,0
2016-09-07,13.592,13.819,13.547,13.792,144273,0
2016-09-08,13.774,13.81,13.565,13.602,172551,0
2016-09-09,13.493,13.747,13.174,13.184,190765,0
2016-09-12,13.156,13.493,13.156,13.493,112430,0
2016-09-13,13.374,13.473,13.31,13.347,116085,0
2016-09-14,13.329,13.565,13.219,13.293,177571,0
2016-09-15,13.302,13.529,13.229,13.446,193168,0
2016-09-16,13.483,13.565,13.293,13.392,268147,0
2016-09-19,13.402,13.446,13.219,13.31,101442,0
2016-09-20,13.402,13.473,13.293,13.402,352469,0
2016-09-21,13.392,13.438,13.092,13.174,205734,0
2016-09-22,13.302,13.419,13.265,13.329,175128,0
2016-09-23,13.329,13.329,13.156,13.192,108057,0
2016-09-26,13.066,13.247,13.066,13.21,235213,0
2016-09-27,13.184,13.419,13.184,13.419,121654,0
2016-09-28,13.438,13.483,13.255,13.473,196440,0
2016-09-29,13.473,13.473,13.255,13.302,128096,0
2016-09-30,13.329,13.473,13.247,13.374,301008,0
2016-10-03,13.383,13.483,13.27,13.374,398189,0
2016-10-04,13.419,13.465,13.255,13.293,298987,0
2016-10-05,13.329,13.383,13.156,13.184,268119,0
2016-10-06,13.156,13.224,13.047,13.174,212788,0
2016-10-07,13.174,13.192,13.02,13.056,166839,0
2016-10-10,13.092,13.21,13.056,13.092,141141,0
2016-10-11,13.056,13.056,12.876,12.892,129352,0
2016-10-12,12.92,12.992,12.828,12.92,218199,0
2016-10-13,12.847,12.92,12.793,12.838,119502,0
2016-10-14,12.946,13.192,12.876,12.882,121628,0
2016-10-17,12.866,13.029,12.765,12.783,67935,0
2016-10-18,12.902,12.93,12.702,12.811,176530,0
2016-10-19,12.811,12.892,12.702,12.821,79855,0
2016-10-20,12.856,12.91,12.747,12.882,71454,0
2016-10-21,12.774,12.965,12.629,12.92,77273,0
2016-10-24,13.038,13.201,12.934,13.102,217415,0
2016-10-25,13.047,13.092,12.866,12.882,82874,0
2016-10-26,12.892,12.984,12.802,12.821,88300,0
2016-10-27,12.902,12.93,12.439,12.483,307995,0
2016-10-28,12.493,12.666,12.465,12.519,125506,0
2016-10-31,12.612,12.675,12.529,12.602,137861,0
2016-11-01,12.693,12.747,12.434,12.519,232424,0
2016-11-02,12.547,12.729,12.347,12.429,147158,0
2016-11-03,12.529,12.647,12.384,12.384,169915,0
2016-11-04,12.384,12.493,12.147,12.229,387708,0
2016-11-07,12.384,12.838,12.293,12.675,361478,0
2016-11-08,13.056,13.265,12.602,12.702,570778,0
2016-11-09,12.574,13.255,12.375,13.146,351366,0
2016-11-10,13.174,13.293,12.856,13.21,324690,0
2016-11-11,13.21,13.846,12.938,13.819,504089,0
2016-11-14,13.901,14,13.592,13.72,373611,0
2016-11-15,13.737,13.851,13.392,13.592,214300,0
2016-11-16,13.573,14.016,13.573,13.868,190582,0
2016-11-17,13.896,14.035,13.86,13.86,156354,0
2016-11-18,13.868,14.016,13.722,14.007,218434,0
2016-11-21,13.998,14.264,13.888,14.257,393896,0
2016-11-22,14.33,14.524,14.219,14.505,511153,0
2016-11-23,14.515,14.736,14.422,14.727,556052,0
2016-11-25,14.782,14.8,14.578,14.727,272116,0
2016-11-28,14.698,14.744,14.561,14.588,254982,0
2016-11-29,14.661,14.681,14.358,14.385,294834,0
2016-11-30,14.404,14.487,14.136,14.146,263822,0
2016-12-01,14.219,14.312,13.888,13.994,185834,0
2016-12-02,13.989,14.136,13.878,13.924,175896,0
2016-12-05,14.063,14.233,14.007,14.127,216059,0
2016-12-06,14.192,14.302,14.099,14.201,164267,0
2016-12-07,14.154,14.219,13.952,14.127,364307,0
2016-12-08,14.071,14.312,14.071,14.284,258722,0
2016-12-09,14.293,14.57,14.209,14.496,321562,0
2016-12-12,14.468,14.551,14.274,14.422,237275,0
2016-12-13,14.431,14.551,14.358,14.524,174046,0
2016-12-14,14.524,14.565,14.339,14.422,208755,0
2016-12-15,14.496,14.532,13.942,14.016,442888,0
2016-12-16,14.091,14.264,14.016,14.071,512230,0
2016-12-19,14.127,14.284,13.952,14.136,190191,0
2016-12-20,14.173,14.257,13.187,13.371,902156,0
2016-12-21,13.463,13.647,13.416,13.556,800493,0
2016-12-22,13.537,13.602,13.399,13.546,151441,0
2016-12-23,13.573,13.583,13.399,13.481,133315,0
2016-12-27,13.509,13.541,13.357,13.481,192427,0
2016-12-28,13.556,13.556,13.325,13.416,104494,0
2016-12-29,13.371,13.528,13.371,13.5,163831,0
2016-12-30,13.509,13.647,13.399,13.583,368109,0
2017-01-03,13.684,13.684,13.436,13.629,259158,0
2017-01-04,13.638,13.73,13.565,13.592,293698,0
2017-01-05,13.592,13.638,13.334,13.518,275220,0
2017-01-06,13.537,13.702,13.472,13.647,666602,0
2017-01-09,13.629,13.739,13.5,13.602,265321,0
2017-01-10,13.684,13.785,13.546,13.667,377101,0
2017-01-11,13.694,13.823,13.602,13.785,165502,0
2017-01-12,13.785,13.785,13.602,13.73,129529,0
2017-01-13,13.785,13.88,13.763,13.823,334913,0
2017-01-17,13.795,13.795,13.62,13.629,171422,0
2017-01-18,13.647,13.813,13.573,13.777,199693,0
2017-01-19,13.785,13.804,13.518,13.647,174037,0
2017-01-20,13.629,13.84,13.62,13.768,198438,0
2017-01-23,13.768,13.785,13.684,13.702,169929,0
2017-01-24,13.749,14.063,13.702,13.868,464905,0
2017-01-25,13.915,13.97,13.694,13.804,536130,0
2017-01-26,13.795,13.795,13.532,13.546,337996,0
2017-01-27,13.611,13.611,13.278,13.334,353742,0
2017-01-30,13.278,13.444,13.14,13.361,314219,0
2017-01-31,13.343,13.823,13.288,13.518,339721,0
2017-02-01,13.112,13.25,12.512,12.874,1185529,0
2017-02-02,12.891,13.011,12.779,12.864,487419,0
2017-02-03,12.909,13.039,12.845,12.992,247706,0
2017-02-06,12.975,13.067,12.864,12.874,200883,0
2017-02-07,12.891,13.03,12.661,12.688,415531,0
2017-02-08,12.67,12.693,12.319,12.339,438503,0
2017-02-09,12.347,12.449,12.135,12.218,371174,0
2017-02-10,12.209,12.412,12.2,12.264,303871,0
2017-02-13,12.292,12.384,11.978,11.987,796522,0
2017-02-14,11.987,12.144,11.724,11.748,740684,0
2017-02-15,11.711,12.19,11.711,12.116,657724,0
2017-02-16,12.071,12.126,11.821,11.831,396919,0
2017-02-17,11.785,11.831,11.647,11.692,482640,0
2017-02-21,11.702,11.776,11.518,11.647,687282,0
2017-02-22,11.573,11.95,11.444,11.785,564710,0
2017-02-23,11.804,11.84,11.38,11.462,670119,0
2017-02-24,11.112,11.259,10.623,11.139,1911209,0
2017-02-27,11.435,11.711,11.295,11.609,1149559,0
2017-02-28,11.573,11.854,11.518,11.831,1502297,0
2017-03-01,12.052,12.108,11.684,11.84,773243,0
2017-03-02,11.821,11.905,11.637,11.785,462514,0
2017-03-03,11.766,12.081,11.647,11.804,387608,0
2017-03-06,11.739,11.835,11.674,11.684,463439,0
2017-03-07,11.712,11.815,11.684,11.73,355985,0
2017-03-08,11.74,11.993,11.74,11.946,920029,0
2017-03-09,12.05,12.171,11.889,12.012,600809,0
2017-03-10,12.021,12.167,11.892,11.983,486512,0
2017-03-13,12.058,12.152,11.899,11.946,407165,0
2017-03-14,11.871,11.974,11.838,11.899,435370,0
2017-03-15,12.378,12.51,11.669,11.712,807967,0
2017-03-16,11.73,11.796,11.571,11.749,422300,0
2017-03-17,11.664,11.955,11.656,11.937,688924,0
2017-03-20,11.917,11.965,11.712,11.73,383935,0
2017-03-21,11.768,11.917,11.599,11.599,373310,0
2017-03-22,11.589,11.712,11.515,11.636,476409,0
2017-03-23,11.684,11.796,11.589,11.655,444468,0
2017-03-24,11.664,11.857,11.646,11.773,286535,0
2017-03-27,11.768,11.843,11.571,11.618,334824,0
2017-03-28,11.618,11.749,11.523,11.646,346449,0
2017-03-29,11.627,11.796,11.533,11.786,727379,0
2017-03-30,11.777,11.782,11.618,11.777,296686,0
2017-03-31,11.815,11.889,11.735,11.852,522078,0
2017-04-03,11.871,11.871,11.641,11.712,351432,0
2017-04-04,11.702,11.843,11.618,11.833,260868,0
2017-04-05,11.881,11.955,11.725,11.749,435646,0
2017-04-06,11.786,11.833,11.552,11.599,471120,0
2017-04-07,11.589,11.646,11.439,11.505,323016,0
2017-04-10,11.571,11.702,11.523,11.646,262628,0
2017-04-11,11.646,11.72,11.552,11.692,366925,0
2017-04-12,11.72,11.72,11.528,11.543,280126,0
2017-04-13,11.523,11.543,11.242,11.346,535886,0
2017-04-17,11.336,11.467,11.303,11.421,239637,0
2017-04-18,11.336,11.608,11.336,11.58,354502,0
2017-04-19,11.636,11.702,11.552,11.702,248750,0
2017-04-20,11.72,11.922,11.702,11.833,367277,0
2017-04-21,11.824,11.824,11.674,11.712,291331,0
2017-04-24,11.824,11.824,11.505,11.608,365193,0
2017-04-25,11.655,11.74,11.58,11.589,357855,0
2017-04-26,11.589,11.632,11.487,11.533,959234,0
2017-04-27,11.543,11.627,11.298,11.318,320858,0
2017-04-28,11.326,11.326,10.989,11.139,500172,0
2017-05-01,11.214,11.383,11.129,11.308,708273,0
2017-05-02,11.29,11.411,11.252,11.298,347209,0
2017-05-03,11.233,11.318,11.121,11.167,660262,0
2017-05-04,11.177,11.266,10.914,10.998,514705,0
2017-05-05,8.915,9.3841,7.8265,8.1314,4074192,0
2017-05-08,8.1736,8.3417,7.8593,7.9156,2577431,0
2017-05-09,7.9015,8.2581,7.8358,7.9578,1571621,0
2017-05-10,7.9578,8.1268,7.7983,7.817,1129531,0
2017-05-11,7.7983,7.817,7.437,7.4793,1112547,0
2017-05-12,7.5074,7.6106,7.3572,7.3666,955792,0
2017-05-15,7.376,7.4239,7.1977,7.2728,1307094,0
2017-05-16,7.3983,7.5046,7.1086,7.1569,900836,0
2017-05-17,7.0989,7.2824,6.9776,7.2148,911198,0
2017-05-18,7.1858,7.3114,7.1569,7.1665,748130,0
2017-05-19,7.1472,7.4273,7.1086,7.3693,928270,0
2017-05-22,7.379,7.5142,7.3742,7.4466,794395,0
2017-05-23,7.4659,7.4852,7.2728,7.2824,765798,0
2017-05-24,7.3114,7.3162,7.1279,7.2245,592749,0
2017-05-25,7.2341,7.2921,7.1279,7.2052,578698,0
2017-05-26,7.1955,7.2148,7.041,7.2052,822991,0
2017-05-30,7.1665,7.2438,6.9637,6.9927,813421,0
2017-05-31,7.0216,7.0893,6.8816,7.0216,534508,0
2017-06-01,7.0313,7.1665,6.954,7.1569,754759,0
2017-06-02,7.1569,7.2438,7.0506,7.0893,929479,0
2017-06-05,7.0893,7.1472,7.012,7.0989,658140,0
2017-06-06,7.0796,7.1086,6.9057,7.0023,804165,0
2017-06-07,6.9734,7.2728,6.9444,7.0603,1459505,0
2017-06-08,7.0699,7.2631,7.0603,7.2438,1414672,0
2017-06-09,7.2438,7.7074,7.181,7.5722,1753282,0
2017-06-12,7.5818,8.0261,7.5142,7.5239,1358168,0
2017-06-13,7.5432,7.6591,7.4273,7.4659,1059062,0
2017-06-14,7.4756,7.6398,7.408,7.6011,424146,0
2017-06-15,7.5915,7.6591,7.5239,7.5915,448568,0
2017-06-16,7.5142,7.6011,7.4659,7.5722,815973,0
2017-06-19,7.5818,7.6784,7.5432,7.5818,582377,0
2017-06-20,7.5239,7.5915,7.4273,7.4852,451276,0
2017-06-21,7.4659,7.4659,7.2824,7.3114,765120,0
2017-06-22,7.2921,7.3887,6.9927,7.0796,682839,0
2017-06-23,7.0699,7.2341,6.9927,7.2148,1080071,0
2017-06-26,7.2534,7.3194,7.1714,7.2245,448990,0
2017-06-27,7.2245,7.2824,7.1182,7.1762,482310,0
2017-06-28,7.1955,7.379,7.1569,7.3693,372109,0
2017-06-29,7.3693,7.379,7.1569,7.2245,304187,0
2017-06-30,7.2438,7.2438,7.041,7.1665,419738,0
2017-07-03,7.1858,7.3211,7.1279,7.2728,285179,0
2017-07-05,7.2728,7.2824,7.012,7.1279,427701,0
2017-07-06,7.0989,7.1086,6.9251,6.9347,372665,0
2017-07-07,6.9347,7.0313,6.9057,7.0216,364394,0
2017-07-10,7.041,7.041,6.9154,6.9637,285821,0
2017-07-11,6.954,7.1182,6.9106,7.0699,268764,0
2017-07-12,7.0989,7.2196,6.9444,6.9637,525779,0
2017-07-13,6.983,7.0023,6.8768,6.954,624842,0
2017-07-14,6.954,7.0506,6.9154,6.9347,597509,0
2017-07-17,6.9637,6.9734,6.7416,6.8478,730257,0
2017-07-18,6.8381,6.8961,6.7319,6.7512,618643,0
2017-07-19,7.0506,7.4466,6.9637,7.1569,1254383,0
2017-07-20,7.1762,7.3001,7.0699,7.2341,932167,0
2017-07-21,7.2824,7.3017,7.1231,7.2534,634899,0
2017-07-24,7.2534,7.3404,7.1665,7.1665,536271,0
2017-07-25,7.1955,7.3211,7.1086,7.2631,750260,0
2017-07-26,7.2728,7.437,7.2728,7.437,716033,0
2017-07-27,7.4466,7.5432,7.0989,7.2148,576109,0
2017-07-28,7.1955,7.3017,7.012,7.0796,386235,0
2017-07-31,7.0893,7.1182,6.8768,6.9057,628695,0
2017-08-01,6.9251,7.0313,6.8285,7.012,588879,0
2017-08-02,6.9637,6.9637,5.6608,5.7661,3021358,0
2017-08-03,5.8433,6.5677,5.8433,6.5098,2715879,0
2017-08-04,6.7126,6.7512,6.5001,6.6546,1775762,0
2017-08-07,6.6257,6.6546,6.1427,6.4615,1580528,0
2017-08-08,6.4904,6.6063,6.1427,6.22,1922628,0
2017-08-09,6.17,6.49,5.97,6.06,2206123,0
2017-08-10,6.05,6.0854,5.75,5.79,1543833,0
2017-08-11,5.81,5.85,5.63,5.72,952560,0
2017-08-14,5.76,5.805,5.55,5.59,1033056,0
2017-08-15,5.58,5.6,5.42,5.58,935077,0
2017-08-16,5.61,5.8062,5.61,5.73,845449,0
2017-08-17,5.73,5.74,5.52,5.53,605026,0
2017-08-18,5.49,5.62,5.41,5.52,1396777,0
2017-08-21,5.52,5.549,5.32,5.45,489666,0
2017-08-22,5.45,5.53,5.39,5.52,575004,0
2017-08-23,5.52,5.55,5.46,5.54,626516,0
2017-08-24,5.54,5.65,5.53,5.6,448740,0
2017-08-25,5.6,5.63,5.55,5.57,378873,0
2017-08-28,5.62,5.64,5.43,5.55,688235,0
2017-08-29,5.52,5.57,5.39,5.42,653506,0
2017-08-30,5.39,5.42,5.29,5.4,559072,0
2017-08-31,5.42,5.49,5.385,5.41,463213,0
2017-09-01,5.41,5.62,5.41,5.59,645459,0
2017-09-05,5.61,5.73,5.58,5.62,654444,0
2017-09-06,5.62,5.68,5.5,5.55,527851,0
2017-09-07,5.56,5.61,5.29,5.33,1357685,0
2017-09-08,5.29,5.35,5.12,5.14,812492,0
2017-09-11,5.18,5.35,5.18,5.32,587667,0
2017-09-12,5.34,5.58,5.29,5.56,842555,0
2017-09-13,5.55,5.81,5.55,5.81,820364,0
2017-09-14,5.78,5.83,5.7,5.81,479664,0
2017-09-15,5.82,6.9,5.78,6.87,3289230,0
2017-09-18,7,7.2888,6.83,6.88,2390249,0
2017-09-19,6.86,6.86,6.57,6.6,715423,0
2017-09-20,6.62,6.7,6.51,6.67,633520,0
2017-09-21,6.67,6.85,6.64,6.81,1028437,0
2017-09-22,6.81,7.013,6.76,6.97,848315,0
2017-09-25,6.95,7.04,6.83,6.93,587296,0
2017-09-26,6.93,7.02,6.86,6.88,271191,0
2017-09-27,6.9,7.1,6.85,7.09,818999,0
2017-09-28,7.09,7.14,6.945,7.045,408358,0
2017-09-29,7.01,7.04,6.91,6.98,657863,0
2017-10-02,6.97,7.24,6.97,7.22,689779,0
2017-10-03,7.25,7.38,7.19,7.37,773069,0
2017-10-04,7.37,7.505,7.315,7.46,695295,0
2017-10-05,7.51,7.55,7.38,7.51,424555,0
2017-10-06,7.49,7.49,7.3,7.38,439669,0
2017-10-09,7.37,7.37,6.96,7.01,757684,0
2017-10-10,7,7.09,6.89,6.93,569628,0
2017-10-11,6.96,6.99,6.77,6.84,520050,0
2017-10-12,6.81,7.03,6.64,7.01,785410,0
2017-10-13,7.05,7.11,6.96,7.03,560287,0
2017-10-16,7,7.09,6.935,6.98,425496,0
2017-10-17,6.96,7.07,6.84,6.87,385736,0
2017-10-18,6.92,7.04,6.86,6.93,330531,0
2017-10-19,6.9,7.16,6.9,7.13,1574342,0
2017-10-20,7.2,7.21,7.04,7.05,305871,0
2017-10-23,7.03,7.17,7,7.04,414878,0
2017-10-24,7.03,7.07,6.92,6.97,512661,0
2017-10-25,6.93,7.06,6.85,6.92,368520,0
2017-10-26,6.91,7.08,6.91,6.97,364401,0
2017-10-27,7,7.06,6.785,6.89,370519,0
2017-10-30,6.88,6.95,6.66,6.73,539714,0
2017-10-31,6.77,6.79,6.655,6.73,583287,0
2017-11-01,6.79,6.91,6.65,6.71,344542,0
2017-11-02,6.68,6.79,6.63,6.7,422289,0
2017-11-03,6.7,6.73,6.58,6.69,593302,0
2017-11-06,6.66,7.02,6.6,6.97,575970,0
2017-11-07,6.8,6.95,5.83,5.83,3043641,0
2017-11-08,5.71,5.8,5.36,5.62,1616426,0
2017-11-09,5.6,5.825,5.53,5.71,798444,0
2017-11-10,5.73,5.825,5.59,5.6,701785,0
