2016-01-04,13.212,13.31,13.212,13.296,2487,0
2016-01-05,13.358,13.62,13.297,13.497,11039,0
2016-01-06,13.449,13.62,13.385,13.497,5930,0
2016-01-07,13.458,13.458,13.339,13.439,1286,0
2016-01-08,13.394,13.61,13.385,13.439,2214,0
2016-01-11,13.458,13.458,13.358,13.439,668,0
2016-01-12,13.331,13.535,13.314,13.535,5218,0
2016-01-13,13.557,13.569,13.496,13.561,3141,0
2016-01-14,13.569,13.619,13.569,13.619,3372,0
2016-01-15,13.496,13.837,13.496,13.753,10019,0
2016-01-19,13.801,13.801,13.525,13.543,1513,0
2016-01-20,13.636,13.762,13.457,13.589,9139,0
2016-01-21,13.619,13.644,13.543,13.543,1538,0
2016-01-22,13.644,13.744,13.543,13.561,5468,0
2016-01-25,13.627,13.811,13.505,13.609,5478,0
2016-01-26,13.561,13.652,13.525,13.543,1788,0
2016-01-27,13.619,13.801,13.486,13.627,10700,0
2016-01-28,13.561,13.857,13.421,13.496,8769,0
2016-01-29,13.599,13.837,13.431,13.525,5234,0
2016-02-01,13.589,13.75,13.496,13.599,2581,0
2016-02-02,13.627,13.782,13.496,13.496,8937,0
2016-02-03,13.569,13.735,13.569,13.639,5350,0
2016-02-04,13.697,13.753,13.534,13.753,1386,0
2016-02-05,13.707,13.866,13.691,13.816,5683,0
2016-02-08,13.716,13.753,13.716,13.753,753,0
2016-02-09,13.661,13.857,13.592,13.689,3013,0
2016-02-10,13.635,13.985,13.635,13.985,4214,0
2016-02-11,13.771,13.771,13.651,13.771,2602,0
2016-02-12,13.875,14.02,13.795,14.02,4620,0
2016-02-16,13.995,14.02,13.94,14.02,6983,0
2016-02-17,14.04,14.12,14.03,14.115,1743,0
2016-02-18,14.04,14.143,14.04,14.143,691,0
2016-02-22,14.247,14.247,14.191,14.191,557,0
2016-02-23,14.498,14.498,14.05,14.05,2828,0
2016-02-24,14.516,14.516,14.106,14.143,4365,0
2016-02-25,14.327,14.327,14.143,14.143,2317,0
2016-02-26,14.143,14.143,14.05,14.133,2693,0
2016-02-29,14.125,14.143,13.967,13.975,3448,0
2016-03-01,13.894,14.013,13.894,13.914,4052,0
2016-03-02,14.086,14.143,13.837,13.914,3817,0
2016-03-03,14.086,14.086,13.866,13.866,1057,0
2016-03-04,13.875,14.011,13.875,14.003,1115,0
2016-03-07,13.857,13.99,13.847,13.866,3598,0
2016-03-08,14.143,14.22,13.847,14.191,4485,0
2016-03-09,14.21,14.21,14.191,14.191,1442,0
2016-03-10,14.229,14.469,13.975,14.459,3683,0
2016-03-11,14.534,14.534,14.42,14.42,1498,0
2016-03-14,14.458,14.458,14.281,14.281,796,0
2016-03-15,14.189,14.189,13.938,14.18,2198,0
2016-03-16,14.18,14.189,14.18,14.18,2499,0
2016-03-17,14.497,14.497,14.32,14.41,729,0
2016-03-18,14.515,14.515,14.468,14.468,612,0
2016-03-21,14.515,14.515,14.056,14.065,3234,0
2016-03-22,14.429,14.429,14.01,14.326,1952,0
2016-03-23,14.42,14.42,14.123,14.237,5325,0
2016-03-24,14.056,14.237,14.028,14.028,1708,0
2016-03-28,14.227,14.227,14.056,14.218,2050,0
2016-03-29,14.048,14.439,14.01,14.281,2762,0
2016-03-30,14.458,14.458,14.048,14.389,4768,0
2016-03-31,14.208,14.41,14.065,14.373,3211,0
2016-04-01,14.391,14.397,14.099,14.281,5762,0
2016-04-04,14.42,14.42,14.075,14.237,4599,0
2016-04-05,14.084,14.272,14.084,14.272,3154,0
2016-04-06,14.131,14.198,14.131,14.189,1225,0
2016-04-07,14.161,14.552,14.161,14.41,12939,0
2016-04-08,14.468,14.468,14.227,14.246,4769,0
2016-04-11,14.17,14.537,14.17,14.487,16667,0
2016-04-12,14.56,14.995,14.38,14.765,10847,0
2016-04-13,14.904,14.923,14.466,14.466,5210,0
2016-04-14,14.446,14.803,14.353,14.418,1093,0
2016-04-15,14.353,14.559,14.353,14.418,2900,0
2016-04-18,14.361,14.678,14.361,14.408,1203,0
2016-04-19,14.296,14.513,14.296,14.361,4290,0
2016-04-20,14.735,14.774,14.251,14.278,16076,0
2016-04-21,14.408,14.408,14.28,14.288,2586,0
2016-04-22,14.379,14.379,14.278,14.288,3204,0
2016-04-25,14.353,14.476,14.158,14.158,8694,0
2016-04-26,14.158,14.296,14.138,14.138,5539,0
2016-04-27,14.158,14.296,14.138,14.158,4441,0
2016-04-28,14.225,14.234,14.138,14.195,7820,0
2016-04-29,14.251,14.314,14.138,14.148,9617,0
2016-05-02,14.205,14.205,14.148,14.148,4014,0
2016-05-03,14.225,14.252,14.187,14.244,2841,0
2016-05-04,14.205,14.288,14.205,14.288,4671,0
2016-05-05,14.305,14.353,14.215,14.278,4813,0
2016-05-06,14.324,14.371,14.324,14.324,992,0
2016-05-09,14.446,14.446,14.361,14.361,556,0
2016-05-10,14.324,14.418,14.225,14.371,4991,0
2016-05-11,14.37,14.417,14.273,14.323,5017,0
2016-05-12,14.784,14.784,14.313,14.388,3680,0
2016-05-13,14.764,14.764,14.542,14.559,2837,0
2016-05-16,14.587,14.587,14.233,14.445,2325,0
2016-05-17,14.475,14.651,14.323,14.323,3404,0
2016-05-18,14.475,14.587,14.233,14.296,10089,0
2016-05-19,14.185,14.465,14.185,14.185,5012,0
2016-05-20,14.127,14.203,14.127,14.146,1566,0
2016-05-23,14.089,14.268,14.089,14.089,3580,0
2016-05-24,14.146,14.332,14.146,14.247,1506,0
2016-05-25,14.251,14.436,14.166,14.332,2694,0
2016-05-26,14.388,14.388,14.208,14.233,4572,0
2016-05-27,14.166,14.287,14.166,14.287,13051,0
2016-05-31,14.352,14.352,14.136,14.193,6464,0
2016-06-01,14.258,14.313,14.16,14.223,2733,0
2016-06-02,14.642,14.642,14.313,14.422,3441,0
2016-06-03,14.605,14.605,14.48,14.559,1531,0
2016-06-06,14.605,14.605,14.494,14.494,2134,0
2016-06-07,14.605,14.669,14.517,14.669,3251,0
2016-06-08,14.745,14.745,14.455,14.455,2843,0
2016-06-09,14.455,14.455,14.417,14.455,3096,0
2016-06-10,14.735,14.735,14.451,14.577,1967,0
2016-06-13,14.886,14.886,14.483,14.483,8166,0
2016-06-14,14.566,14.677,14.493,14.65,6733,0
2016-06-15,14.464,14.65,14.464,14.576,4920,0
2016-06-16,14.821,14.821,14.65,14.745,2990,0
2016-06-17,14.813,14.813,14.615,14.615,4357,0
2016-06-20,14.464,14.831,14.464,14.725,3506,0
2016-06-21,14.774,14.774,14.641,14.745,1394,0
2016-06-22,14.813,14.84,14.677,14.754,3375,0
2016-06-23,15.025,15.025,14.816,14.816,2254,0
2016-06-24,14.793,14.793,14.774,14.784,1446,0
2016-06-27,14.774,14.84,14.774,14.774,2467,0
2016-06-28,15.005,15.005,14.595,14.84,3448,0
2016-06-29,14.65,14.968,14.65,14.955,2563,0
2016-06-30,15.025,15.113,14.85,15.065,5575,0
2016-07-01,15.065,15.123,14.793,15.035,3798,0
2016-07-05,15.035,15.035,14.868,14.868,2006,0
2016-07-06,14.941,15.035,14.941,14.941,3902,0
2016-07-07,15.015,15.015,14.924,14.924,2296,0
2016-07-08,15.025,15.035,14.904,15.025,5214,0
2016-07-11,15.025,15.035,14.868,14.96,2301,0
2016-07-12,14.96,15.015,14.904,15.015,3297,0
2016-07-13,15.073,15.073,14.876,14.876,1857,0
2016-07-14,15.004,15.004,14.693,14.693,3547,0
2016-07-15,14.819,15.083,14.819,15.083,5860,0
2016-07-18,14.995,15.083,14.713,14.94,1102,0
2016-07-19,15.064,15.139,14.968,15.134,62747,0
2016-07-20,15.122,15.277,15.083,15.277,6313,0
2016-07-21,15.215,15.45,15.215,15.245,23322,0
2016-07-22,15.277,15.45,15.009,15.441,11331,0
2016-07-25,15.441,15.441,15.261,15.441,1514,0
2016-07-26,15.441,15.441,15.355,15.355,1660,0
2016-07-27,15.432,15.441,15.345,15.441,3288,0
2016-07-28,15.432,15.441,15.432,15.441,1215,0
2016-07-29,15.375,15.45,15.296,15.45,784,0
2016-08-01,15.404,15.489,15.329,15.432,1437,0
2016-08-02,15.441,15.656,15.441,15.563,4359,0
2016-08-03,15.469,15.506,15.469,15.506,1889,0
2016-08-04,15.502,15.531,15.469,15.506,4886,0
2016-08-05,15.506,15.545,15.441,15.441,1759,0
2016-08-08,15.441,15.441,15.33,15.33,713,0
2016-08-09,15.441,15.441,15.178,15.277,3215,0
2016-08-10,15.335,15.563,15.234,15.375,16633,0
2016-08-11,15.422,15.431,15.268,15.431,1526,0
2016-08-12,15.285,15.468,15.26,15.26,2285,0
2016-08-15,15.324,15.324,15.26,15.285,2099,0
2016-08-16,15.295,15.468,15.26,15.26,5534,0
2016-08-17,15.334,15.334,15.176,15.176,1871,0
2016-08-18,15.213,15.276,15.166,15.26,2054,0
2016-08-19,15.334,15.334,15.166,15.176,1991,0
2016-08-22,15.334,15.334,15.166,15.186,6197,0
2016-08-23,15.26,15.305,15.166,15.268,2591,0
2016-08-24,15.276,15.344,15.129,15.344,4369,0
2016-08-25,15.334,15.354,15.233,15.249,4818,0
2016-08-26,15.295,15.473,15.295,15.449,2932,0
2016-08-29,15.488,15.498,15.488,15.498,2043,0
2016-08-30,15.478,15.588,15.138,15.478,2351,0
2016-08-31,15.525,15.636,15.334,15.636,3208,0
2016-09-01,15.636,15.827,15.383,15.78,11077,0
2016-09-02,16.092,16.092,15.403,15.676,5773,0
2016-09-06,15.743,16.007,15.441,16.007,4309,0
2016-09-07,15.883,16.016,15.525,15.847,3024,0
2016-09-08,15.724,15.78,15.376,15.597,1522,0
2016-09-09,15.617,15.686,15.295,15.295,2334,0
2016-09-12,15.968,15.968,15.233,15.43,5285,0
2016-09-13,15.733,15.733,15.304,15.304,2393,0
2016-09-14,15.294,15.617,15.231,15.275,3479,0
2016-09-15,15.353,15.353,15.118,15.118,5562,0
2016-09-16,15.135,15.856,15.118,15.715,7962,0
2016-09-19,15.969,15.969,15.184,15.207,2745,0
2016-09-20,15.44,15.44,15.155,15.155,4276,0
2016-09-21,15.497,15.809,15.402,15.402,10689,0
2016-09-22,15.666,15.847,15.666,15.733,4061,0
2016-09-23,15.705,15.743,15.259,15.266,7890,0
2016-09-26,15.487,15.504,15.164,15.164,6933,0
2016-09-27,15.314,15.467,15.211,15.211,7940,0
2016-09-28,15.817,15.817,15.221,15.285,11678,0
2016-09-29,15.363,15.363,15.164,15.294,1269,0
2016-09-30,15.392,15.607,15.392,15.607,860,0
2016-10-03,15.771,15.827,15.304,15.695,4776,0
2016-10-04,15.817,15.93,15.607,15.93,4807,0
2016-10-05,15.8,15.8,15.458,15.514,5104,0
2016-10-06,15.676,15.847,15.448,15.847,7984,0
2016-10-07,15.666,15.847,15.666,15.847,322,0
2016-10-10,15.892,16.017,15.817,15.915,8439,0
2016-10-11,16.017,16.017,15.504,15.743,4527,0
2016-10-12,15.882,15.92,15.826,15.92,815,0
2016-10-13,15.901,15.92,15.808,15.92,4211,0
2016-10-14,15.92,15.92,15.799,15.799,727,0
2016-10-17,15.882,15.92,15.714,15.873,4708,0
2016-10-18,15.826,15.873,15.606,15.685,2336,0
2016-10-19,15.76,15.873,15.532,15.869,753,0
2016-10-20,15.873,15.92,15.791,15.817,3519,0
2016-10-21,15.969,15.969,15.685,15.82,3116,0
2016-10-24,15.846,15.91,15.846,15.882,1988,0
2016-10-25,15.92,15.92,15.92,15.92,327,0
2016-10-26,15.91,15.91,15.645,15.817,9631,0
2016-10-27,15.331,15.846,15.331,15.817,5501,0
2016-10-28,15.634,15.634,15.475,15.499,1336,0
2016-10-31,15.265,15.446,15.265,15.446,885,0
2016-11-01,15.466,15.466,15.286,15.388,2738,0
2016-11-02,15.438,15.438,15.362,15.371,1711,0
2016-11-03,15.495,15.495,15.475,15.495,2499,0
2016-11-04,15.302,15.474,15.212,15.265,6731,0
2016-11-07,15.273,15.292,15.208,15.238,1839,0
2016-11-08,15.273,15.273,15.208,15.218,1283,0
2016-11-09,15.218,15.341,15.208,15.341,5475,0
2016-11-10,15.131,15.255,14.005,14.273,20601,0
2016-11-11,14.464,14.464,14.025,14.045,3138,0
2016-11-14,14.091,14.091,13.691,13.74,2711,0
2016-11-15,13.749,14.283,13.749,14.283,7562,0
2016-11-16,14.015,14.149,14.015,14.015,1407,0
2016-11-17,13.967,14.241,13.749,13.749,7287,0
2016-11-18,14.005,14.139,13.846,13.967,5060,0
2016-11-21,13.967,14.138,13.757,13.967,5406,0
2016-11-22,14.178,14.196,14.063,14.149,6665,0
2016-11-23,14.159,14.292,14.159,14.292,5294,0
2016-11-25,14.292,14.292,14.292,14.292,349,0
2016-11-28,14.435,14.483,14.263,14.483,3758,0
2016-11-29,14.273,14.483,13.967,14.271,4366,0
2016-11-30,14.11,14.301,13.939,14.283,3573,0
2016-12-01,14.273,14.376,14.273,14.273,8297,0
2016-12-02,14.368,14.368,14.273,14.283,6347,0
2016-12-05,14.34,14.386,14.34,14.386,853,0
2016-12-06,14.301,14.435,14.301,14.33,6557,0
2016-12-07,14.292,14.415,14.292,14.368,1293,0
2016-12-08,14.301,14.444,14.301,14.32,2203,0
2016-12-09,14.292,14.474,14.292,14.425,2918,0
2016-12-12,14.396,14.396,14.274,14.283,2310,0
2016-12-13,14.581,14.591,14.262,14.381,5348,0
2016-12-14,14.319,14.475,14.319,14.475,668,0
2016-12-15,14.475,15.81,14.475,15.015,38780,0
2016-12-16,15.142,15.298,14.934,14.968,9636,0
2016-12-19,14.881,15.276,14.881,15.005,3262,0
2016-12-20,14.949,15.311,14.949,15.065,3605,0
2016-12-21,14.959,15.781,14.949,15.705,6867,0
2016-12-22,15.675,16.187,15.345,15.82,8259,0
2016-12-23,15.935,16.014,15.442,15.442,12261,0
2016-12-27,15.452,15.935,15.452,15.655,5530,0
2016-12-28,15.781,15.794,15.665,15.715,5136,0
2016-12-29,15.576,15.975,15.576,15.781,7354,0
2016-12-30,16.024,16.024,15.83,16.024,3040,0
2017-01-03,16.024,16.024,15.24,16.024,3527,0
2017-01-04,16.275,16.468,16,16.353,6345,0
2017-01-05,16.072,16.072,15.285,16.043,3670,0
2017-01-06,15.82,15.82,15.665,15.675,2595,0
2017-01-09,15.85,15.877,15.85,15.877,304,0
2017-01-10,15.935,15.935,15.276,15.733,1049,0
2017-01-11,15.614,15.704,15.373,15.469,11374,0
2017-01-12,15.518,15.925,15.508,15.876,7458,0
2017-01-13,15.761,15.896,15.489,15.742,7376,0
2017-01-17,15.742,16.091,15.403,15.674,2656,0
2017-01-18,15.614,15.644,15.538,15.644,1378,0
2017-01-19,15.594,15.757,15.46,15.46,2459,0
2017-01-20,15.489,15.752,15.422,15.594,5809,0
2017-01-23,15.694,15.78,15.363,15.46,8942,0
2017-01-24,15.393,15.621,15.393,15.567,4624,0
2017-01-25,15.594,15.594,15.45,15.45,443,0
2017-01-26,15.393,15.499,15.393,15.422,599,0
2017-01-27,15.548,15.634,15.343,15.634,3202,0
2017-01-30,15.479,15.489,15.403,15.489,685,0
2017-01-31,15.441,15.518,15.408,15.499,2878,0
2017-02-01,15.413,15.437,15.247,15.257,3269,0
2017-02-02,15.469,15.469,15.207,15.303,3251,0
2017-02-03,15.217,15.45,15.217,15.333,3483,0
2017-02-06,15.293,15.383,15.293,15.303,1305,0
2017-02-07,15.333,15.469,15.333,15.469,2338,0
2017-02-08,15.499,15.634,15.274,15.303,2619,0
2017-02-09,15.353,15.59,15.207,15.265,1311,0
2017-02-10,15.403,15.403,15.168,15.284,943,0
2017-02-13,15.489,15.499,15.206,15.489,4219,0
2017-02-14,15.44,15.499,15.44,15.499,2070,0
2017-02-15,15.538,15.538,15.538,15.538,308,0
2017-02-16,15.85,15.85,15.56,15.704,2061,0
2017-02-17,15.781,15.83,15.412,15.45,4612,0
2017-02-21,15.83,15.83,15.256,15.256,2006,0
2017-02-22,15.187,15.292,15.187,15.292,332,0
2017-02-23,15.256,15.36,15.109,15.262,3566,0
2017-02-24,15.283,15.283,15.236,15.236,460,0
2017-02-27,15.372,15.372,15.129,15.129,575,0
2017-02-28,15.1,15.206,15.07,15.204,1341,0
2017-03-01,15.129,15.21,15.03,15.21,788,0
2017-03-02,15.158,15.158,15.03,15.05,1718,0
2017-03-03,15.02,15.08,15.02,15.08,724,0
2017-03-06,14.972,14.972,14.972,14.972,308,0
2017-03-07,14.865,14.892,14.719,14.892,2518,0
2017-03-08,14.708,14.718,14.67,14.688,2610,0
2017-03-09,14.679,14.688,14.476,14.476,7630,0
2017-03-10,14.515,14.583,14.223,14.359,8635,0
2017-03-13,14.23,14.6,14.23,14.543,1216,0
2017-03-14,14.347,14.62,14.28,14.414,815,0
2017-03-15,14.297,14.64,14.297,14.404,2433,0
2017-03-16,14.524,14.637,14.503,14.503,653,0
2017-03-17,14.385,14.444,14.385,14.406,1132,0
2017-03-20,14.474,14.543,14.385,14.424,1713,0
2017-03-21,14.543,14.747,14.464,14.747,616,0
2017-03-22,14.513,14.543,14.395,14.501,6748,0
2017-03-23,14.551,14.66,14.513,14.513,2550,0
2017-03-24,14.62,14.62,14.459,14.6,1962,0
2017-03-27,14.65,14.65,14.444,14.474,4086,0
2017-03-28,14.474,14.503,14.434,14.434,5839,0
2017-03-29,14.474,14.522,14.434,14.522,2009,0
2017-03-30,14.414,14.483,14.414,14.424,1985,0
2017-03-31,14.347,14.591,14.347,14.454,8196,0
2017-04-03,14.65,14.65,14.337,14.416,3703,0
2017-04-04,14.63,14.63,14.414,14.474,7632,0
2017-04-05,14.483,14.483,14.347,14.414,616,0
2017-04-06,14.357,14.533,14.357,14.533,3178,0
2017-04-07,14.62,14.62,14.444,14.444,4399,0
2017-04-10,14.6,14.669,14.503,14.669,10073,0
2017-04-11,14.853,14.853,14.657,14.765,4189,0
2017-04-12,14.892,14.892,14.705,14.706,3669,0
2017-04-13,14.892,14.931,14.892,14.931,399,0
2017-04-17,14.862,14.862,14.667,14.824,607,0
2017-04-18,14.814,14.862,14.588,14.695,7454,0
2017-04-19,14.705,14.705,14.695,14.695,517,0
2017-04-20,14.637,14.671,14.61,14.636,3819,0
2017-04-21,14.686,14.695,14.657,14.695,857,0
2017-04-24,14.588,14.588,14.588,14.588,313,0
2017-04-25,14.598,14.684,14.598,14.676,2107,0
2017-04-26,14.588,14.647,14.54,14.54,6803,0
2017-04-27,14.558,14.695,14.54,14.686,1878,0
2017-05-01,14.695,14.695,14.401,14.568,5780,0
2017-05-02,14.667,14.667,14.667,14.667,255,0
2017-05-03,14.607,14.657,14.607,14.637,1464,0
2017-05-04,14.441,14.685,14.441,14.637,2961,0
2017-05-05,14.471,14.627,14.471,14.54,2708,0
2017-05-08,14.548,14.582,14.461,14.481,10044,0
2017-05-09,14.431,14.553,14.411,14.461,4871,0
2017-05-10,14.441,14.547,14.441,14.547,548,0
2017-05-11,14.703,14.703,14.448,14.47,4314,0
2017-05-12,14.448,14.713,14.448,14.458,1128,0
2017-05-15,14.428,14.646,14.428,14.478,2008,0
2017-05-16,14.596,14.615,14.546,14.586,4192,0
2017-05-17,14.635,14.635,14.576,14.594,1423,0
2017-05-18,14.596,14.723,14.517,14.517,1914,0
2017-05-19,14.537,14.556,14.507,14.556,1484,0
2017-05-22,14.517,14.693,14.487,14.487,4166,0
2017-05-23,14.537,14.556,14.478,14.556,2397,0
2017-05-24,14.546,14.566,14.487,14.556,1073,0
2017-05-25,14.507,14.596,14.507,14.537,2084,0
2017-05-26,14.635,14.635,14.556,14.556,517,0
2017-05-30,14.645,14.645,14.625,14.625,305,0
2017-05-31,14.703,14.723,14.577,14.703,1892,0
2017-06-01,14.753,14.753,14.738,14.753,2377,0
2017-06-02,14.753,14.753,14.753,14.753,2318,0
2017-06-05,14.753,14.753,14.753,14.753,568,0
2017-06-06,14.753,14.753,14.733,14.753,1323,0
2017-06-07,14.733,14.812,14.693,14.811,3416,0
2017-06-08,14.763,14.841,14.763,14.792,5066,0
2017-06-09,14.812,14.812,14.783,14.792,637,0
2017-06-12,14.792,14.792,14.684,14.792,2221,0
2017-06-13,14.672,14.79,14.672,14.739,5748,0
2017-06-14,14.938,14.938,14.593,14.73,724,0
2017-06-15,14.77,14.776,14.75,14.776,593,0
2017-06-16,14.81,14.81,14.73,14.75,692,0
2017-06-19,14.76,14.76,14.76,14.76,127,0
2017-06-20,14.819,14.819,14.819,14.819,751,0
2017-06-22,14.899,14.899,14.839,14.839,542,0
2017-06-23,14.918,14.918,14.887,14.887,983,0
2017-06-26,14.889,14.889,14.752,14.791,977,0
2017-06-27,14.8,14.886,14.77,14.879,2704,0
2017-06-28,14.899,14.944,14.75,14.75,4773,0
2017-06-29,14.75,14.75,14.583,14.652,8965,0
2017-06-30,14.69,14.69,14.464,14.524,5950,0
2017-07-03,14.484,14.612,14.484,14.612,1845,0
2017-07-05,14.593,14.612,14.414,14.583,4591,0
2017-07-06,14.414,14.513,14.414,14.475,6304,0
2017-07-07,14.356,14.712,14.356,14.712,3062,0
2017-07-10,14.583,14.583,14.454,14.582,6240,0
2017-07-11,14.514,14.553,14.366,14.544,1558,0
2017-07-12,14.622,14.652,14.444,14.652,2378,0
2017-07-13,14.87,15.048,14.622,14.751,4780,0
2017-07-14,14.87,15.018,14.612,14.86,7189,0
2017-07-17,15.098,15.098,14.652,14.671,2637,0
2017-07-18,15.147,15.147,14.656,14.811,7507,0
2017-07-19,14.919,14.919,14.652,14.652,2187,0
2017-07-20,14.652,14.825,14.652,14.741,2569,0
2017-07-21,14.721,14.783,14.721,14.783,1187,0
2017-07-25,14.652,14.723,14.563,14.652,5498,0
2017-07-26,14.563,14.731,14.563,14.731,2782,0
2017-07-27,14.691,14.74,14.642,14.74,3492,0
2017-07-28,14.612,14.731,14.504,14.632,9088,0
2017-07-31,14.504,14.753,14.504,14.691,1709,0
2017-08-01,14.949,14.949,14.681,14.721,1160,0
2017-08-02,15.137,15.137,14.771,14.821,3956,0
2017-08-03,15.128,15.128,14.86,14.884,5456,0
2017-08-04,14.821,14.821,14.821,14.821,151,0
2017-08-07,15.088,15.088,14.843,14.88,4137,0
2017-08-08,14.899,14.899,14.791,14.84,2217,0
2017-08-09,14.553,14.968,14.553,14.731,4108,0
2017-08-10,14.82,14.82,14.642,14.691,5398,0
2017-08-11,14.563,14.721,14.563,14.721,1529,0
2017-08-14,14.701,14.762,14.701,14.751,1547,0
2017-08-15,14.851,14.851,14.622,14.681,4420,0
2017-08-16,14.681,14.751,14.672,14.745,3053,0
2017-08-17,15.019,15.019,14.642,14.652,4307,0
2017-08-18,14.95,14.95,14.632,14.652,2309,0
2017-08-21,14.751,14.761,14.642,14.672,2680,0
2017-08-22,14.891,14.891,14.741,14.761,1848,0
2017-08-23,14.93,14.93,14.806,14.821,1649,0
2017-08-24,14.821,14.821,14.652,14.766,1817,0
2017-08-25,14.801,14.831,14.691,14.791,2921,0
2017-08-28,14.851,14.851,14.741,14.741,5678,0
2017-08-29,14.741,14.853,14.632,14.853,1825,0
2017-08-30,14.721,14.871,14.602,14.831,2937,0
2017-08-31,14.701,14.878,14.701,14.851,2174,0
2017-09-01,14.989,15.347,14.9,15.347,10171,0
2017-09-05,15.218,15.218,14.95,15.059,2120,0
2017-09-06,14.93,15.254,14.9,14.979,1706,0
2017-09-07,14.851,15.049,14.851,15.049,1016,0
2017-09-08,15.049,15.297,15.049,15.049,2913,0
2017-09-11,15.049,15.208,15.049,15.208,852,0
2017-09-12,15.079,15.079,15.049,15.049,2006,0
2017-09-13,15.238,15.238,15.049,15.049,2182,0
2017-09-14,15.099,15.129,15.099,15.129,830,0
2017-09-15,15.049,15.049,15.049,15.049,3563,0
2017-09-18,15.288,15.288,15.049,15.049,1256,0
2017-09-19,14.92,15.009,14.92,15.009,440,0
2017-09-20,15.019,15.049,14.89,14.89,2970,0
2017-09-21,14.95,14.989,14.87,14.87,1550,0
2017-09-22,15.209,15.209,14.85,14.85,1256,0
2017-09-25,15.288,15.288,14.86,14.901,1840,0
2017-09-26,15.278,15.278,14.83,15.049,2276,0
2017-09-27,15.249,15.249,14.77,14.77,1918,0
2017-09-28,14.75,14.84,14.7,14.79,4864,0
2017-09-29,15.288,15.288,14.79,14.84,4509,0
2017-10-02,14.88,14.88,14.74,14.75,1560,0
2017-10-03,14.69,14.84,14.69,14.7,5954,0
2017-10-04,14.671,14.81,14.661,14.81,4112,0
2017-10-05,14.69,14.811,14.68,14.79,4000,0
2017-10-06,14.83,14.88,14.755,14.87,5782,0
2017-10-09,14.9,15.249,14.79,15.229,5875,0
2017-10-10,14.81,15.189,14.79,14.8,1785,0
2017-10-11,14.95,15.117,14.82,14.82,3767,0
2017-10-12,15.26,15.26,14.78,14.78,2005,0
2017-10-13,15.11,15.11,14.8497,14.9799,1187,0
2017-10-16,15.07,15.09,14.86,14.86,3496,0
2017-10-17,14.9,15.02,14.87,15.02,2714,0
2017-10-18,14.92,14.92,14.85,14.907,916,0
2017-10-19,14.79,14.97,14.79,14.81,6447,0
2017-10-20,14.76,14.9,14.76,14.76,1000,0
2017-10-23,14.88,14.88,14.76,14.85,7913,0
2017-10-24,14.8711,14.97,14.85,14.97,4757,0
2017-10-25,14.86,14.86,14.85,14.85,993,0
2017-10-26,14.85,14.86,14.85,14.855,1522,0
2017-10-27,14.88,14.88,14.77,14.84,891,0
2017-10-30,14.8332,14.8348,14.8332,14.8348,209,0
2017-10-31,14.77,14.7999,14.4001,14.59,12316,0
2017-11-01,14.73,14.73,14.54,14.69,2420,0
2017-11-02,14.81,14.81,14.57,14.57,2838,0
2017-11-03,14.54,14.96,14.54,14.57,2624,0
2017-11-06,14.56,14.64,14.44,14.57,6669,0
2017-11-07,14.46,14.65,14.46,14.65,2756,0
2017-11-08,14.68,14.68,14.54,14.54,2281,0
2017-11-09,14.67,14.67,14.5,14.53,2389,0
2017-11-10,14.3,14.57,14.3,14.43,4957,0
