2016-01-04,11.06,11.33,10.921,11.12,130480,0
2016-01-05,11.09,11.26,11.06,11.18,74772,0
2016-01-06,11.08,11.16,10.78,10.97,89882,0
2016-01-07,10.76,11.27,9.92,9.97,127218,0
2016-01-08,9.99,10.19,9.19,9.23,138003,0
2016-01-11,9.3,9.46,8.31,8.53,175881,0
2016-01-12,8.71,8.9859,8.34,8.6,113288,0
2016-01-13,8.68,9.01,8.32,8.37,88317,0
2016-01-14,8.38,8.95,8.19,8.72,114663,0
2016-01-15,8.48,8.78,8.115,8.73,73840,0
2016-01-19,8.83,8.93,8.28,8.48,60100,0
2016-01-20,8.34,9.09,8.17,8.96,75215,0
2016-01-21,8.95,9.56,8.93,9.14,72707,0
2016-01-22,9.32,9.64,9.02,9.32,34353,0
2016-01-25,9.26,9.266,8.86,8.96,37928,0
2016-01-26,9.01,9.24,8.74,9.17,23380,0
2016-01-27,9.14,9.46,8.92,9.06,46850,0
2016-01-28,9.21,9.64,9.02,9.08,38494,0
2016-01-29,9.08,9.61,9.08,9.57,72058,0
2016-02-01,9.48,9.48,9.05,9.29,28680,0
2016-02-02,9.12,9.13,8.79,9.08,20695,0
2016-02-03,9.15,9.3,8.74,9.16,59059,0
2016-02-04,9.17,9.92,9.11,9.51,26127,0
2016-02-05,9.68,9.8,9.26,9.27,32823,0
2016-02-08,9.16,9.23,8.51,8.59,34134,0
2016-02-09,8.48,8.52,8,8.17,49115,0
2016-02-10,8.2,8.36,7.88,7.96,60300,0
2016-02-11,7.85,8,7.4608,7.75,30109,0
2016-02-12,7.83,8.81,7.83,8.68,98422,0
2016-02-16,8.78,9.06,8.66,9.01,71907,0
2016-02-17,9.05,9.61,9.05,9.15,28807,0
2016-02-18,9.12,9.82,8.8,9.04,144223,0
2016-02-19,8.98,9.41,8.185,9.26,155902,0
2016-02-22,9.28,9.85,9.08,9.45,19036,0
2016-02-23,9.43,9.58,9.06,9.35,35034,0
2016-02-24,9.14,10.28,9.14,9.94,57779,0
2016-02-25,9.91,10.07,9.54,10,42216,0
2016-02-26,10.02,10.31,9.99,10.26,42656,0
2016-02-29,10.22,10.51,10.22,10.31,19752,0
2016-03-01,10.45,10.45,10.17,10.43,55318,0
2016-03-02,9.3,9.51,8.45,8.71,235065,0
2016-03-03,8.66,9.01,8.51,8.99,118354,0
2016-03-04,8.99,9.55,8.85,9.08,113889,0
2016-03-07,9.07,9.74,9.02,9.49,101201,0
2016-03-08,9.36,9.5,8.99,9.01,73902,0
2016-03-09,9.03,9.26,8.85,8.92,45941,0
2016-03-10,8.9,9.01,8.71,8.86,45889,0
2016-03-11,8.96,9,8.65,8.69,73087,0
2016-03-14,8.85,9.1,8.52,8.99,112190,0
2016-03-15,8.99,8.99,8.6,8.73,84385,0
2016-03-16,8.7,8.97,8.6,8.86,38967,0
2016-03-17,8.89,10.12,8.88,9.94,95572,0
2016-03-18,10.04,10.29,9.6,9.89,152216,0
2016-03-21,9.78,10.2,9.74,10.1,30567,0
2016-03-22,10.1,10.15,9.79,9.88,56792,0
2016-03-23,9.78,10.2,9.15,9.19,77028,0
2016-03-24,9.06,9.1397,8.89,9.04,57528,0
2016-03-28,9.04,9.15,8.74,8.86,46631,0
2016-03-29,8.77,9.03,8.627,8.91,60920,0
2016-03-30,8.97,9.2,8.82,8.88,32837,0
2016-03-31,8.89,9.38,8.89,9.22,45193,0
2016-04-01,9.15,9.16,8.88,8.99,21705,0
2016-04-04,8.91,9,8.4275,8.56,46105,0
2016-04-05,8.48,8.975,8.42,8.8,51933,0
2016-04-06,8.76,8.95,8.37,8.92,46695,0
2016-04-07,8.82,9.03,8.54,8.93,61598,0
2016-04-08,9,9.19,8.86,9.05,33036,0
2016-04-11,9.11,9.29,8.84,8.87,39684,0
2016-04-12,8.79,9.175,8.68,8.89,47858,0
2016-04-13,8.92,9.2,8.7,9.04,46209,0
2016-04-14,9.02,9.094,8.69,8.8,34843,0
2016-04-15,8.75,9.02,8.7,8.97,20075,0
2016-04-18,8.9,9.28,8.81,9.18,20641,0
2016-04-19,9.29,9.41,9.04,9.38,50460,0
2016-04-20,9.36,10.12,9.27,9.99,73193,0
2016-04-21,9.97,9.98,9.55,9.66,37479,0
2016-04-22,9.61,10.039,9.61,9.95,17528,0
2016-04-25,9.89,9.89,9.36,9.46,32738,0
2016-04-26,9.47,10.41,9.39,10.21,44717,0
2016-04-27,10.24,10.47,10.17,10.37,35020,0
2016-04-28,10.31,11.27,10.31,10.8,70046,0
2016-04-29,10.56,11.1099,10.56,10.81,45326,0
2016-05-02,10.81,10.99,10.33,10.47,36065,0
2016-05-03,10.41,11.03,9.92,9.94,38916,0
2016-05-04,9.84,10.88,9.84,10.21,68065,0
2016-05-05,9.96,10.1,9.085,9.34,119242,0
2016-05-06,9.28,9.87,9.2,9.79,70442,0
2016-05-09,9.56,9.79,9.375,9.6,64872,0
2016-05-10,9.61,10.05,9.61,10.02,23954,0
2016-05-11,9.98,9.98,9.53,9.57,32116,0
2016-05-12,9.47,9.9,9.22,9.25,41083,0
2016-05-13,9.09,9.26,8.93,9.01,45510,0
2016-05-16,8.93,9.15,8.93,9.04,29429,0
2016-05-17,8.93,9.28,8.88,8.98,32550,0
2016-05-18,8.88,8.94,8.74,8.79,72499,0
2016-05-19,8.74,8.86,8.536,8.76,39000,0
2016-05-20,8.8,9.08,8.8,8.91,17839,0
2016-05-23,9,9.05,8.82,8.84,17142,0
2016-05-24,8.84,8.98,8.71,8.82,17065,0
2016-05-25,8.92,9.2,8.9,8.96,22222,0
2016-05-26,9.04,9.2,8.79,8.82,23336,0
2016-05-27,8.85,9.17,8.81,9.05,39913,0
2016-05-31,9.03,9.4,9.03,9.3,32980,0
2016-06-01,9.22,9.68,9.17,9.66,24585,0
2016-06-02,9.59,9.7,9.41,9.58,15120,0
2016-06-03,9.57,9.64,9.42,9.58,29088,0
2016-06-06,9.57,10,9.57,9.9,44335,0
2016-06-07,9.87,10.24,9.87,10.14,39632,0
2016-06-08,10.19,10.64,9.89,10.42,56778,0
2016-06-09,10.37,10.4,9.81,9.85,33798,0
2016-06-10,9.73,9.73,9.39,9.44,66892,0
2016-06-13,9.3,9.38,9.01,9.33,96116,0
2016-06-14,9.2,9.29,9.01,9.14,269898,0
2016-06-15,9.18,9.66,9.09,9.52,76921,0
2016-06-16,9.45,9.65,9.3,9.44,76869,0
2016-06-17,9.41,9.9099,9.35,9.85,396355,0
2016-06-20,9.94,10.49,9.85,10.05,110250,0
2016-06-21,10.05,10.1,9.8,10,63306,0
2016-06-22,10.015,10.015,9.42,9.87,64113,0
2016-06-23,10.07,10.29,9.85,10.27,70184,0
2016-06-24,9.7,10.59,9.65,10.52,753780,0
2016-06-27,10.32,10.88,10.25,10.48,128890,0
2016-06-28,10.73,10.94,10.57,10.64,71128,0
2016-06-29,10.73,10.97,10.33,10.47,64195,0
2016-06-30,10.5,10.79,10.2,10.78,51633,0
2016-07-01,10.85,11.196,10.81,10.99,42037,0
2016-07-05,10.98,10.98,10.48,10.84,30603,0
2016-07-06,10.84,10.86,10.55,10.62,31856,0
2016-07-07,10.56,10.81,10.4,10.59,38899,0
2016-07-08,10.63,11.03,10.56,10.87,48936,0
2016-07-11,10.9,11.07,10.89,10.94,34550,0
2016-07-12,11.01,11.35,10.99,11.02,98789,0
2016-07-13,10.99,11.4,10.99,11.21,63848,0
2016-07-14,11.3,11.36,11.19,11.25,36688,0
2016-07-15,11.23,11.35,10.94,11.16,12754,0
2016-07-18,11.18,11.44,10.951,11.4,26604,0
2016-07-19,11.33,11.43,11.06,11.1,24450,0
2016-07-20,11.08,11.43,10.88,11.13,51371,0
2016-07-21,11.13,11.27,10.96,11.03,30628,0
2016-07-22,10.97,11.109,10.94,11.03,29624,0
2016-07-25,11,11.2099,10.77,11.17,21715,0
2016-07-26,11.16,11.66,11.1582,11.58,54956,0
2016-07-27,11.67,11.7,11.255,11.32,33097,0
2016-07-28,11.36,11.49,11.06,11.4,25502,0
2016-07-29,11.35,11.37,11.0465,11.3,27744,0
2016-08-01,11.22,11.22,10.93,11.14,22274,0
2016-08-02,11.18,11.48,10.351,11.1,45221,0
2016-08-03,11.29,11.91,11.2101,11.87,123963,0
2016-08-04,11.92,12.03,11.74,11.85,51770,0
2016-08-05,11.83,12.05,11.44,12.05,44506,0
2016-08-08,12.05,12.34,11.81,11.83,22891,0
2016-08-09,11.81,11.98,11.63,11.65,43614,0
2016-08-10,11.61,11.74,11.45,11.58,28875,0
2016-08-11,11.63,11.735,11.53,11.56,31634,0
2016-08-12,11.5,11.57,11.31,11.41,30933,0
2016-08-15,11.32,11.59,11.31,11.58,40759,0
2016-08-16,11.67,11.8472,11.47,11.73,22807,0
2016-08-17,11.73,11.92,11.58,11.7,26899,0
2016-08-18,11.67,11.74,11.67,11.7,13723,0
2016-08-19,11.66,11.96,11.5,11.91,28189,0
2016-08-22,11.79,12.02,11.78,11.87,14054,0
2016-08-23,11.88,11.9665,11.8272,11.91,7786,0
2016-08-24,12,12,11.57,11.59,14526,0
2016-08-25,11.51,11.7,11.4017,11.47,12208,0
2016-08-26,11.49,11.6102,11.3,11.41,41295,0
2016-08-29,11.36,11.9,11.36,11.89,126005,0
2016-08-30,11.83,12.3,11.83,11.95,8715,0
2016-08-31,11.99,12.03,11.72,11.75,18638,0
2016-09-01,11.71,11.74,11.41,11.58,10584,0
2016-09-02,11.8517,11.8517,11.65,11.71,5271,0
2016-09-06,11.76,11.81,11.73,11.81,19070,0
2016-09-07,11.75,11.84,11.6401,11.69,11280,0
2016-09-08,11.64,11.93,11.62,11.83,50805,0
2016-09-09,11.8,11.85,11.726,11.8,9409,0
2016-09-12,11.8,11.84,11.67,11.81,19170,0
2016-09-13,11.8,11.84,11.72,11.82,22731,0
2016-09-14,11.8,11.85,11.71,11.83,23812,0
2016-09-15,11.84,11.87,11.78,11.83,39112,0
2016-09-16,11.8,12,11.73,11.97,35489,0
2016-09-19,11.99,12,11.7015,11.75,23408,0
2016-09-20,11.78,11.81,11.56,11.62,17922,0
2016-09-21,11.72,11.72,11.47,11.55,30245,0
2016-09-22,11.73,11.8,11.48,11.76,54704,0
2016-09-23,11.83,11.9,11.72,11.75,23568,0
2016-09-26,11.62,11.66,11.5,11.555,16321,0
2016-09-27,11.52,11.6,11.25,11.55,24750,0
2016-09-28,11.54,12.37,11.47,12.3499,20019,0
2016-09-29,12.29,12.35,11.84,11.86,22646,0
2016-09-30,11.9,11.98,11.79,11.81,7369,0
2016-10-03,11.8,11.96,11.8,11.94,32918,0
2016-10-04,11.97,12.02,11.85,11.94,24485,0
2016-10-05,12.07,12.176,11.91,12.06,30572,0
2016-10-06,12.08,12.245,12.009,12.05,10454,0
2016-10-07,12.05,12.16,12.05,12.09,12222,0
2016-10-10,12.12,12.2999,12.03,12.18,4888,0
2016-10-11,12.18,12.24,11.97,12.13,24848,0
2016-10-12,12.13,12.27,11.95,12.21,15107,0
2016-10-13,12.11,12.29,12.0579,12.13,11959,0
2016-10-14,12.18,12.3,12.02,12.13,20165,0
2016-10-17,12.2,12.2,12.02,12.15,15920,0
2016-10-18,12.23,12.2487,11.86,12.2,8093,0
2016-10-19,12.21,12.36,12.21,12.31,29413,0
2016-10-20,12.3,12.55,12.3,12.46,19751,0
2016-10-21,12.46,13.662,12.46,13.6,45399,0
2016-10-24,13.58,13.58,13.04,13.4,18280,0
2016-10-25,13.32,13.58,12.5436,13.5,37284,0
2016-10-26,13.43,13.6255,12.75,13.57,16218,0
2016-10-27,13.54,13.62,12.95,13.24,43085,0
2016-10-28,13.27,13.77,13.12,13.12,12869,0
2016-10-31,13.15,13.23,13.01,13.11,12107,0
2016-11-01,13.16,13.3799,12.88,13.05,16495,0
2016-11-02,13.41,14.1383,13.41,13.95,56553,0
2016-11-03,14.2,14.96,14.2,14.58,65544,0
2016-11-04,14.58,14.66,13.7,13.71,50275,0
2016-11-07,13.92,14.5,13.9,14.09,21841,0
2016-11-08,14.2,14.32,13.756,14.22,31131,0
2016-11-09,14.2,15.65,14.2,15.56,85884,0
2016-11-10,15.61,16.09,15.26,16.06,71183,0
2016-11-11,16.29,17.24,16.07,17.2,84241,0
2016-11-14,17.29,17.5099,16.88,17.16,156699,0
2016-11-15,17.33,17.35,16.515,16.97,51883,0
2016-11-16,16.85,17.39,16.06,16.25,57051,0
2016-11-17,16.34,17.1975,14.68,16.83,87153,0
2016-11-18,16.85,17.02,16.1552,17,29506,0
2016-11-21,17,17,16.0451,16.86,25953,0
2016-11-22,16.96,18.23,16.96,18.2,113018,0
2016-11-23,18.08,18.302,17.5,17.87,133533,0
2016-11-25,17.85,18.8,17.58,18.77,28815,0
2016-11-28,18.5,18.9,17.85,18.57,77033,0
2016-11-29,18.32,18.92,18,18.4,63243,0
2016-11-30,18.57,18.57,17.23,17.52,56421,0
2016-12-01,17.69,18.42,17.69,18.14,68635,0
2016-12-02,18.17,18.51,18.17,18.42,28816,0
2016-12-05,18.5,18.5,18.11,18.17,52689,0
2016-12-06,18.17,18.295,18.15,18.22,46044,0
2016-12-07,18.16,18.5,18.16,18.3,62657,0
2016-12-08,18.26,18.45,18.05,18.28,42191,0
2016-12-09,18.09,18.29,17.431,18.11,101688,0
2016-12-12,17.91,18.21,17.6,18.08,80180,0
2016-12-13,17.86,18.35,15.34,15.51,357526,0
2016-12-14,15.53,15.77,14.3,15.06,390651,0
2016-12-15,15.08,15.57,15,15.16,270030,0
2016-12-16,15.2,16.44,15.02,16.44,653885,0
2016-12-19,16.28,16.68,16.12,16.48,54001,0
2016-12-20,16.61,17.465,16.61,17.11,123484,0
2016-12-21,17.21,17.24,16.88,17.04,50539,0
2016-12-22,17.1,17.625,16.85,17.39,55550,0
2016-12-23,17.34,17.54,17.29,17.53,34457,0
2016-12-27,17.86,17.87,17.5,17.67,49583,0
2016-12-28,17.7,17.85,17.56,17.68,43328,0
2016-12-29,17.7,17.75,17.07,17.6,87412,0
2016-12-30,17.6,17.95,17.19,17.22,105882,0
2017-01-03,17.05,17.8,17.05,17.53,80875,0
2017-01-04,17.74,17.86,17.3994,17.74,47823,0
2017-01-05,17.65,17.88,17.1947,17.42,117432,0
2017-01-06,17.45,17.755,16.7604,17.13,174038,0
2017-01-09,17.13,17.265,16.69,17.18,131873,0
2017-01-10,17.5,17.71,16.81,17.11,86662,0
2017-01-11,17.04,17.6,16.75,17.45,38745,0
2017-01-12,17.48,17.71,16.41,17.06,132174,0
2017-01-13,17.08,17.755,16.805,17.04,99628,0
2017-01-17,16.97,17.15,16.57,17.06,89490,0
2017-01-18,17.06,17.65,16.81,17.26,38060,0
2017-01-19,17.2,17.55,17.05,17.53,72254,0
2017-01-20,17.53,17.9,17.29,17.76,98575,0
2017-01-23,17.64,17.92,17.2,17.7,46993,0
2017-01-24,17.72,19.065,17.6,18.74,218358,0
2017-01-25,19,19.335,18.81,19.26,107666,0
2017-01-26,19.44,19.48,18.99,19.39,103772,0
2017-01-27,19.51,19.55,19.01,19.17,27554,0
2017-01-30,19.02,19.37,18.74,19.1,51000,0
2017-01-31,19,19.24,18.7363,19.15,72527,0
2017-02-01,19.2,19.23,18.8129,19.05,66633,0
2017-02-02,18.9,19.12,18.88,18.96,29605,0
2017-02-03,19.04,19.1062,18.76,18.97,59953,0
2017-02-06,18.92,19.14,18.9,19.05,39785,0
2017-02-07,19.05,19.27,18.7,18.72,56705,0
2017-02-08,18.69,18.99,18.65,18.86,39252,0
2017-02-09,18.88,19.01,18.58,18.83,74044,0
2017-02-10,18.99,19.06,18.75,18.83,39332,0
2017-02-13,18.98,19.3,18.69,19.05,81649,0
2017-02-14,19.03,19.3,18.6253,19.19,49836,0
2017-02-15,19.19,19.41,18.83,18.92,41148,0
2017-02-16,18.88,19.225,18.23,18.54,81439,0
2017-02-17,18.38,18.49,18.17,18.28,60276,0
2017-02-21,18.28,18.75,18.28,18.33,66953,0
2017-02-22,18.39,18.75,18.23,18.48,65940,0
2017-02-23,18.63,18.63,17.76,17.79,38717,0
2017-02-24,17.74,17.89,17.57,17.87,24643,0
2017-02-27,17.37,18.3,16.87,17.96,56560,0
2017-02-28,17.85,17.99,17.3,17.49,42220,0
2017-03-01,17.66,18.47,17.66,18.38,40727,0
2017-03-02,18.36,18.36,17.22,17.3,37079,0
2017-03-03,17.3,17.82,17.02,17.06,48058,0
2017-03-06,16.94,17.4698,16.7101,16.88,34292,0
2017-03-07,16.75,17.3252,16.75,16.8,40447,0
2017-03-08,16.84,17.1,16.53,16.97,117921,0
2017-03-09,17.39,17.91,16.455,17.55,142127,0
2017-03-10,17.55,18.06,16.72,16.86,109234,0
2017-03-13,16.86,17.23,16.31,16.53,123290,0
2017-03-14,16.45,17.06,16.05,16.65,88796,0
2017-03-15,16.57,16.85,16.08,16.23,85357,0
2017-03-16,16.3,16.64,16.08,16.17,22705,0
2017-03-17,16.2,16.6,15.4,15.53,182150,0
2017-03-20,15.54,15.955,15.385,15.89,92878,0
2017-03-21,16.04,16.9,15.45,15.5,66544,0
2017-03-22,15.45,16.14,15.3,15.4,42557,0
2017-03-23,15.55,15.67,15.31,15.41,36788,0
2017-03-24,15.43,15.78,15.19,15.31,32454,0
2017-03-27,15.1,15.56,15.01,15.47,22011,0
2017-03-28,15.38,15.94,15.38,15.42,40223,0
2017-03-29,15.39,16.21,15.19,15.54,26890,0
2017-03-30,15.48,15.835,15.48,15.6,29546,0
2017-03-31,15.64,16.08,15.41,15.71,40118,0
2017-04-03,15.72,15.73,15.36,15.38,34464,0
2017-04-04,15.34,15.67,15.02,15.09,23684,0
2017-04-05,15.12,15.25,14.3599,14.43,83160,0
2017-04-06,14.41,14.41,14.11,14.17,69081,0
2017-04-07,14.09,14.54,13.84,13.85,61565,0
2017-04-10,13.8,13.95,13.1601,13.28,121669,0
2017-04-11,13.16,13.63,13.16,13.39,74719,0
2017-04-12,13.44,13.44,12.81,13.32,92632,0
2017-04-13,13.2,13.355,12.85,13.05,60100,0
2017-04-17,13.08,13.14,12.6742,12.83,67546,0
2017-04-18,12.8,12.93,12.41,12.71,58927,0
2017-04-19,12.61,12.83,12.44,12.67,80983,0
2017-04-20,12.69,13.15,12.62,13.03,94011,0
2017-04-21,13.03,14.32,13,14.21,102042,0
2017-04-24,14.36,14.67,14.02,14.46,88398,0
2017-04-25,14.59,14.8,14.335,14.56,46411,0
2017-04-26,14.6,14.766,14.25,14.31,52424,0
2017-04-27,14.36,14.38,13.9101,14.29,51078,0
2017-04-28,14.17,14.915,13.77,14.01,22842,0
2017-05-01,13.95,14.24,13.62,13.96,31878,0
2017-05-02,13.84,14.6723,13.84,14.08,59884,0
2017-05-03,14.1,14.45,13.33,14.36,98997,0
2017-05-04,14.36,14.73,13.95,14.36,64584,0
2017-05-05,14.3,15.11,14.24,14.83,54647,0
2017-05-08,14.81,15.24,13.54,15.06,53039,0
2017-05-09,15.04,15.21,14.465,15.05,20334,0
2017-05-10,14.94,15.079,14.69,14.92,36439,0
2017-05-11,15.225,15.5499,14.83,15.22,32023,0
2017-05-12,15.13,15.88,14.5,15.47,91622,0
2017-05-15,15.51,15.53,14.65,14.66,77182,0
2017-05-16,14.67,14.7,13.95,14.19,60947,0
2017-05-17,14.01,14.22,13.4,13.81,65280,0
2017-05-18,13.72,13.86,13.4,13.4,42997,0
2017-05-19,13.4,14.11,13.36,13.79,38609,0
2017-05-22,13.79,14.08,13.67,13.73,17817,0
2017-05-23,13.6335,14.17,13.525,13.97,34832,0
2017-05-24,13.97,14.21,13.69,13.96,16589,0
2017-05-25,14.02,14.33,13.84,14.24,54501,0
2017-05-26,14.24,14.75,13.89,14.58,48943,0
2017-05-30,14.57,14.82,14.32,14.67,33188,0
2017-05-31,14.7,14.71,13.94,14.26,46489,0
2017-06-01,14.28,14.82,14.185,14.72,24802,0
2017-06-02,14.53,15.12,14.53,15.12,67344,0
2017-06-05,15,15.24,14.33,14.97,35090,0
2017-06-06,15.23,15.23,14.55,15.14,45038,0
2017-06-07,15.22,15.29,14.75,15,32907,0
2017-06-08,14.84,15.9,14.82,15.65,35773,0
2017-06-09,15.8,15.98,15.42,15.46,23331,0
2017-06-12,15.59,15.86,15.36,15.74,52529,0
2017-06-13,15.82,16.05,15.58,15.99,78558,0
2017-06-14,16.09,16.09,15.19,15.4,66366,0
2017-06-15,15.17,15.69,14.98,15.62,54347,0
2017-06-16,15.61,15.87,15.34,15.83,43676,0
2017-06-19,15.88,16.07,15.445,15.8,49317,0
2017-06-20,15.81,16.02,15.6,15.98,59837,0
2017-06-21,16.1,16.1,15.37,15.91,65871,0
2017-06-22,15.92,16.1,15.685,15.84,68984,0
2017-06-23,15.82,16.18,15.52,16.09,1049699,0
2017-06-26,16.08,16.605,15.845,16.33,70095,0
2017-06-27,16.41,16.59,16.03,16.27,63535,0
2017-06-28,16.33,16.775,16.08,16.62,50068,0
2017-06-29,16.62,17.18,16.51,17.03,75168,0
2017-06-30,17.07,17.07,16.12,16.26,49656,0
2017-07-03,16.39,16.99,16.39,16.81,35672,0
2017-07-05,16.89,16.89,16.14,16.16,37430,0
2017-07-06,16.09,16.28,15.79,16,32877,0
2017-07-07,16.07,16.09,15.87,16.08,22232,0
2017-07-10,15.98,16.04,15.82,15.97,53392,0
2017-07-11,16,16.38,15.785,16.36,33787,0
2017-07-12,16.43,16.67,16.33,16.47,29666,0
2017-07-13,16.47,16.47,15.82,16.11,25368,0
2017-07-14,16.11,16.21,15.93,15.97,22926,0
2017-07-17,15.97,16.24,15.84,15.98,43220,0
2017-07-18,15.95,16.15,15.79,16,37876,0
2017-07-19,16.02,16.29,15.935,15.97,41187,0
2017-07-20,15.98,16.1459,15.64,15.69,32275,0
2017-07-21,15.79,15.79,15.01,15.52,37689,0
2017-07-24,15.43,15.82,15.26,15.43,27060,0
2017-07-25,15.48,15.91,15.14,15.2,30755,0
2017-07-26,15.17,15.21,14.92,15.18,25921,0
2017-07-27,15.2,15.5,15.05,15.42,31830,0
2017-07-28,15.39,15.68,15.14,15.37,39809,0
2017-07-31,15.5,15.5,15.11,15.11,26552,0
2017-08-01,15.28,15.28,14.88,15.04,15280,0
2017-08-02,15.05,15.2637,14.5,14.57,28800,0
2017-08-03,15.55,15.55,14.54,15.5,60649,0
2017-08-04,15.55,16.38,15.26,16.02,47881,0
2017-08-07,16.06,16.335,15.975,16.1,44778,0
2017-08-08,16.04,16.7,16.04,16.24,41691,0
2017-08-09,16.14,17.2,15.89,17.09,137804,0
2017-08-10,16.81,17.69,16.61,17.11,102063,0
2017-08-11,17.19,17.44,16.055,16.06,55479,0
2017-08-14,16.24,16.24,15.63,15.69,40923,0
2017-08-15,15.7,16.3,15.6032,16.23,45143,0
2017-08-16,16.3,16.66,16.2,16.53,35349,0
2017-08-17,16.4,16.44,15.82,15.96,26312,0
2017-08-18,15.81,15.994,15.39,15.42,37159,0
2017-08-21,15.43,15.55,15.17,15.45,39117,0
2017-08-22,15.45,15.5,14.86,14.91,117075,0
2017-08-23,14.74,14.89,14.65,14.75,39277,0
2017-08-24,14.75,15,14.6,14.81,110574,0
2017-08-25,15.14,16.3018,15.03,16.25,36553,0
2017-08-28,16.47,16.47,15.88,15.98,43588,0
2017-08-29,16.04,17.53,16.04,17.36,162067,0
2017-08-30,17.4,17.66,17.3,17.5,53596,0
2017-08-31,17.64,18.43,17.2,18.34,69374,0
2017-09-01,18.35,18.5099,17.945,18.28,35625,0
2017-09-05,18.28,18.417,17.88,18.32,48309,0
2017-09-06,18.32,18.51,17.95,18.19,31829,0
2017-09-07,18.19,18.4199,17.705,18.28,69937,0
2017-09-08,18.25,18.57,17.95,18.28,36960,0
2017-09-11,18.36,18.5855,18.13,18.42,60110,0
2017-09-12,18.62,18.62,18.21,18.25,33423,0
2017-09-13,18.06,18.4499,18.06,18.29,21064,0
2017-09-14,18.19,18.29,17.51,17.6,44882,0
2017-09-15,17.6,17.795,17.1,17.37,60058,0
2017-09-18,17.23,17.94,17.23,17.85,19729,0
2017-09-19,17.84,17.84,17.43,17.68,19248,0
2017-09-20,17.67,17.94,17.49,17.7,13827,0
2017-09-21,17.85,18.07,17.56,17.99,21240,0
2017-09-22,18.11,18.24,17.8,17.96,25625,0
2017-09-25,17.86,18.05,17.57,17.97,26902,0
2017-09-26,18.1,18.66,17.97,18.59,39352,0
2017-09-27,18.63,19.51,18.5,19.17,49872,0
2017-09-28,19.18,19.54,18.96,19.1,29254,0
2017-09-29,19.12,19.49,18.89,19.03,35985,0
2017-10-02,19.1,19.69,19.03,19.65,25796,0
2017-10-03,19.66,19.69,19.33,19.39,28979,0
2017-10-04,19.3,19.4799,19.05,19.13,22247,0
2017-10-05,19.1,20.07,18.71,19.91,63678,0
2017-10-06,19.94,20.08,19.6,19.64,30041,0
2017-10-09,19.77,19.77,19.105,19.4,43596,0
2017-10-10,19.61,20,19.46,19.82,27595,0
2017-10-11,20.1,20.32,19.92,20.14,36305,0
2017-10-12,20.27,20.47,20,20.01,21847,0
2017-10-13,20.09,20.17,19.895,20.05,34575,0
2017-10-16,20.06,21.1,19.85,21.08,61190,0
2017-10-17,21.09,21.11,20.63,20.66,42190,0
2017-10-18,20.7,20.7,20.28,20.39,32954,0
2017-10-19,20.374,20.45,20.03,20.39,18197,0
2017-10-20,20.51,20.51,19.65,19.86,29086,0
2017-10-23,19.69,19.75,18.39,18.43,70616,0
2017-10-24,18.61,19.62,18.61,19.2,30849,0
2017-10-25,19.09,19.21,18.54,19.16,25543,0
2017-10-26,19.27,19.31,18.78,18.8,14925,0
2017-10-27,19.3,19.3,18.59,19.15,28626,0
2017-10-30,18.84,19.06,17.92,18.15,36268,0
2017-10-31,18.26,18.52,17.94,18.24,41326,0
2017-11-01,18.28,18.66,17.491,17.83,50995,0
2017-11-02,18.05,18.09,17.53,17.58,34769,0
2017-11-03,17.47,17.9,17.26,17.8,32785,0
2017-11-06,17.67,18.13,17.62,17.85,27952,0
2017-11-07,17.7337,17.84,17.2,17.66,37590,0
2017-11-08,17.49,17.85,17.06,17.72,36551,0
2017-11-09,17.475,17.7,17.12,17.7,26437,0
2017-11-10,17.67,17.93,17.59,17.75,17356,0
