2016-01-04,13.654,13.664,13.622,13.635,34511,0
2016-01-05,13.684,13.732,13.674,13.722,10933,0
2016-01-06,13.749,13.783,13.684,13.764,17923,0
2016-01-07,13.693,13.774,13.693,13.732,18879,0
2016-01-08,13.732,13.889,13.732,13.803,29982,0
2016-01-11,13.757,13.793,13.703,13.703,16641,0
2016-01-12,13.732,13.749,13.722,13.749,9738,0
2016-01-13,13.762,13.762,13.622,13.631,39179,0
2016-01-14,13.604,13.698,13.557,13.698,51653,0
2016-01-15,13.698,13.707,13.567,13.585,68262,0
2016-01-19,13.631,13.631,13.595,13.604,26698,0
2016-01-20,13.585,13.615,13.416,13.48,31021,0
2016-01-21,13.557,13.77,13.489,13.614,79649,0
2016-01-22,13.595,13.717,13.595,13.689,24391,0
2016-01-25,13.717,13.717,13.595,13.595,33950,0
2016-01-26,13.557,13.659,13.557,13.659,26489,0
2016-01-27,13.669,13.689,13.595,13.604,28840,0
2016-01-28,13.631,13.707,13.604,13.707,40601,0
2016-01-29,13.707,13.746,13.707,13.707,9765,0
2016-02-01,13.736,13.789,13.707,13.727,32630,0
2016-02-02,13.746,13.857,13.746,13.857,23590,0
2016-02-03,13.875,13.923,13.836,13.875,28131,0
2016-02-04,13.866,13.942,13.866,13.923,18039,0
2016-02-05,14.027,14.027,13.933,13.942,29609,0
2016-02-08,13.951,13.989,13.904,13.989,22205,0
2016-02-09,13.942,13.998,13.938,13.998,10294,0
2016-02-10,14.013,14.013,13.956,13.965,15758,0
2016-02-11,13.965,13.994,13.918,13.918,17329,0
2016-02-12,14.004,14.004,13.814,13.852,39599,0
2016-02-16,13.852,13.88,13.814,13.824,30958,0
2016-02-17,13.814,13.861,13.789,13.794,16971,0
2016-02-18,13.741,13.824,13.741,13.824,14409,0
2016-02-19,13.824,13.87,13.815,13.87,11858,0
2016-02-22,13.918,13.918,13.85,13.87,20958,0
2016-02-23,13.909,14.023,13.852,14.004,17371,0
2016-02-24,13.975,14.088,13.946,14.052,26759,0
2016-02-25,14.088,14.088,14.033,14.033,32429,0
2016-02-26,14.004,14.004,13.928,13.928,30060,0
2016-02-29,13.938,14.013,13.909,13.918,20972,0
2016-03-01,13.985,13.985,13.833,13.918,57663,0
2016-03-02,13.946,13.946,13.852,13.852,19385,0
2016-03-03,13.918,13.918,13.824,13.852,30136,0
2016-03-04,13.861,13.862,13.758,13.765,62674,0
2016-03-07,13.794,13.842,13.758,13.842,13153,0
2016-03-08,13.852,13.891,13.841,13.88,14014,0
2016-03-09,13.88,13.918,13.873,13.909,15498,0
2016-03-10,13.938,13.938,13.831,13.87,32793,0
2016-03-11,13.905,13.905,13.789,13.789,33716,0
2016-03-14,13.819,13.828,13.809,13.809,26297,0
2016-03-15,13.819,14,13.819,13.905,87944,0
2016-03-16,13.934,13.942,13.9,13.924,10260,0
2016-03-17,13.934,13.961,13.934,13.934,8447,0
2016-03-18,13.961,13.961,13.876,13.924,7832,0
2016-03-21,13.905,13.981,13.876,13.981,60585,0
2016-03-22,13.981,14.009,13.981,14.009,42952,0
2016-03-23,14.029,14.038,14.009,14.029,9022,0
2016-03-24,14.058,14.077,14.014,14.029,17597,0
2016-03-28,14.029,14.077,14,14,23104,0
2016-03-29,14.029,14.093,14.029,14.068,21751,0
2016-03-30,14.111,14.167,14.019,14.019,36550,0
2016-03-31,14.048,14.084,13.971,14.084,38696,0
2016-04-01,14.077,14.131,14.068,14.108,25900,0
2016-04-04,14.16,14.16,14.08,14.121,20640,0
2016-04-05,14.14,14.217,14.14,14.217,10644,0
2016-04-06,14.226,14.235,14.16,14.16,35555,0
2016-04-07,14.167,14.264,14.167,14.254,38220,0
2016-04-08,14.226,14.322,14.226,14.254,10964,0
2016-04-11,14.283,14.332,14.226,14.312,24206,0
2016-04-12,14.332,14.399,14.324,14.399,15498,0
2016-04-13,14.394,14.394,14.278,14.307,26768,0
2016-04-14,14.327,14.357,14.302,14.347,23282,0
2016-04-15,14.374,14.384,14.365,14.383,11512,0
2016-04-18,14.384,14.439,14.347,14.354,42318,0
2016-04-19,14.402,14.429,14.327,14.347,25014,0
2016-04-20,14.357,14.371,14.24,14.24,33642,0
2016-04-21,14.25,14.288,14.231,14.25,20268,0
2016-04-22,14.25,14.288,14.231,14.231,14614,0
2016-04-25,14.24,14.278,14.097,14.212,29716,0
2016-04-26,14.259,14.307,14.182,14.297,26137,0
2016-04-27,14.347,14.347,14.269,14.337,33317,0
2016-04-28,14.307,14.347,14.24,14.24,37298,0
2016-04-29,14.192,14.259,14.192,14.231,40240,0
2016-05-02,14.172,14.28,14.172,14.212,59332,0
2016-05-03,14.269,14.337,14.182,14.337,26551,0
2016-05-04,14.269,14.379,14.259,14.327,68715,0
2016-05-05,14.347,14.411,14.297,14.365,38444,0
2016-05-06,14.357,14.439,14.288,14.419,45519,0
2016-05-09,14.411,14.487,14.411,14.487,28187,0
2016-05-10,14.477,14.534,14.327,14.411,50511,0
2016-05-11,14.407,14.483,14.388,14.473,18464,0
2016-05-12,14.465,14.597,14.435,14.558,66313,0
2016-05-13,14.577,14.645,14.558,14.635,27081,0
2016-05-16,14.625,14.625,14.513,14.53,28188,0
2016-05-17,14.53,14.554,14.465,14.465,20770,0
2016-05-18,14.52,14.52,14.399,14.399,34024,0
2016-05-19,14.399,14.399,14.245,14.361,37874,0
2016-05-20,14.332,14.361,14.217,14.322,16452,0
2016-05-23,14.352,14.445,14.352,14.435,29506,0
2016-05-24,14.473,14.493,14.389,14.483,23601,0
2016-05-25,14.445,14.53,14.425,14.52,45303,0
2016-05-26,14.54,14.625,14.515,14.625,41802,0
2016-05-27,14.645,14.645,14.549,14.606,13053,0
2016-05-31,14.567,14.597,14.483,14.53,28675,0
2016-06-01,14.597,14.695,14.577,14.695,34184,0
2016-06-02,14.704,14.787,14.649,14.777,41869,0
2016-06-03,14.807,14.988,14.695,14.958,39917,0
2016-06-06,14.958,14.958,14.724,14.724,65034,0
2016-06-07,14.768,14.827,14.577,14.675,85930,0
2016-06-08,14.685,14.685,14.597,14.631,35592,0
2016-06-09,14.655,14.665,14.606,14.655,34069,0
2016-06-10,14.685,14.724,14.657,14.724,8513,0
2016-06-13,14.736,14.744,14.66,14.699,35800,0
2016-06-14,14.719,14.764,14.719,14.754,14428,0
2016-06-15,14.744,14.783,14.719,14.747,15075,0
2016-06-16,14.793,14.823,14.783,14.823,7388,0
2016-06-17,14.841,14.857,14.806,14.841,20021,0
2016-06-20,14.823,14.823,14.728,14.754,33438,0
2016-06-21,14.754,14.813,14.744,14.803,35588,0
2016-06-22,14.803,14.86,14.754,14.813,23930,0
2016-06-23,14.841,14.841,14.754,14.764,17273,0
2016-06-24,14.841,14.994,14.793,14.833,43395,0
2016-06-27,14.85,15.033,14.813,14.833,37540,0
2016-06-28,14.869,15.004,14.827,14.984,19207,0
2016-06-29,15.014,15.052,14.981,15.052,19780,0
2016-06-30,15.071,15.157,14.957,15.147,25969,0
2016-07-01,15.221,15.251,15.08,15.08,35984,0
2016-07-05,15.166,15.166,15.004,15.004,19479,0
2016-07-06,15.004,15.166,15.004,15.024,24071,0
2016-07-07,15.024,15.089,15.004,15.024,46782,0
2016-07-08,15.043,15.094,15.014,15.014,25227,0
2016-07-11,15.052,15.089,14.994,14.994,36038,0
2016-07-12,15.033,15.052,14.896,14.944,49826,0
2016-07-13,14.95,14.95,14.788,14.828,66797,0
2016-07-14,14.836,14.855,14.685,14.778,29477,0
2016-07-15,14.749,14.874,14.705,14.874,11709,0
2016-07-18,14.882,15.02,14.864,14.925,34177,0
2016-07-19,14.94,15,14.93,14.96,18098,0
2016-07-20,15,15.01,15,15.01,5461,0
2016-07-21,15.02,15.153,14.99,15.153,20064,0
2016-07-22,15.153,15.153,15.058,15.066,21240,0
2016-07-25,15.095,15.143,14.901,14.911,14974,0
2016-07-26,14.891,14.97,14.882,14.891,46186,0
2016-07-27,14.93,15.039,14.93,14.99,13815,0
2016-07-28,14.97,15.021,14.93,14.96,19236,0
2016-07-29,14.96,15.029,14.95,14.95,17131,0
2016-08-01,14.96,15.039,14.96,15.02,17647,0
2016-08-02,14.96,15.01,14.882,14.891,29793,0
2016-08-03,14.93,14.99,14.882,14.911,33040,0
2016-08-04,14.921,15.01,14.911,14.93,19930,0
2016-08-05,14.97,14.98,14.921,14.95,18203,0
2016-08-08,14.97,15.02,14.95,15.009,30844,0
2016-08-09,15.029,15.029,15,15.01,11977,0
2016-08-10,15.039,15.039,14.98,15.025,8423,0
2016-08-11,15.025,15.073,15.025,15.063,25458,0
2016-08-12,15.073,15.073,15.063,15.073,7951,0
2016-08-15,15.073,15.081,15.054,15.054,27951,0
2016-08-16,15.054,15.063,15.025,15.035,23234,0
2016-08-17,15.045,15.1,15.015,15.081,8707,0
2016-08-18,15.139,15.243,15.091,15.233,35526,0
2016-08-19,15.233,15.233,15.178,15.18,8639,0
2016-08-22,15.187,15.203,15.159,15.177,13852,0
2016-08-23,15.187,15.271,15.183,15.223,27493,0
2016-08-24,15.271,15.271,15.168,15.221,16268,0
2016-08-25,15.194,15.208,15.139,15.139,15264,0
2016-08-26,15.178,15.187,15.091,15.1,16578,0
2016-08-29,15.1,15.253,15.091,15.149,49985,0
2016-08-30,15.129,15.129,15.1,15.109,5823,0
2016-08-31,15.109,15.167,15.1,15.119,11425,0
2016-09-01,15.149,15.187,15.091,15.178,22208,0
2016-09-02,15.194,15.213,15.054,15.063,11876,0
2016-09-06,15.1,15.168,15.1,15.168,10361,0
2016-09-07,15.159,15.208,15.134,15.164,15377,0
2016-09-08,15.139,15.243,15.119,15.139,21458,0
2016-09-09,15.119,15.119,14.783,14.793,51464,0
2016-09-12,14.783,14.85,14.783,14.85,17390,0
2016-09-13,14.854,14.863,14.786,14.863,18308,0
2016-09-14,14.863,14.939,14.806,14.891,27978,0
2016-09-15,14.891,14.939,14.876,14.939,13522,0
2016-09-16,14.929,14.929,14.873,14.91,15456,0
2016-09-19,14.949,14.949,14.92,14.949,13152,0
2016-09-20,14.949,14.998,14.881,14.881,19173,0
2016-09-21,14.91,14.939,14.863,14.9,11315,0
2016-09-22,14.92,15.019,14.91,14.92,24792,0
2016-09-23,14.959,14.969,14.92,14.949,10533,0
2016-09-26,14.939,15.009,14.939,14.969,11454,0
2016-09-27,14.999,15.049,14.939,14.979,30721,0
2016-09-28,14.999,15.095,14.999,15.095,11540,0
2016-09-29,15.095,15.095,14.92,14.939,32038,0
2016-09-30,14.959,14.974,14.863,14.873,23172,0
2016-10-03,14.844,14.982,14.816,14.835,21606,0
2016-10-04,14.863,14.863,14.692,14.702,14195,0
2016-10-05,14.731,14.757,14.545,14.573,31562,0
2016-10-06,14.564,14.612,14.536,14.545,18507,0
2016-10-07,14.583,14.583,14.498,14.516,10670,0
2016-10-10,14.507,14.507,14.45,14.469,7772,0
2016-10-11,14.507,14.507,14.411,14.411,10671,0
2016-10-12,14.424,14.436,14.259,14.269,29241,0
2016-10-13,14.24,14.308,14.164,14.164,25156,0
2016-10-14,14.144,14.172,14.125,14.125,21163,0
2016-10-17,14.172,14.172,13.932,14.018,70124,0
2016-10-18,13.999,14.192,13.999,14.105,28594,0
2016-10-19,14.115,14.298,14.115,14.288,26994,0
2016-10-20,14.318,14.52,14.269,14.52,58810,0
2016-10-21,14.492,14.606,14.308,14.367,36703,0
2016-10-24,14.414,14.444,14.332,14.386,36725,0
2016-10-25,14.367,14.396,14.358,14.386,23553,0
2016-10-26,14.367,14.367,14.269,14.308,16346,0
2016-10-27,14.259,14.308,14.212,14.278,27932,0
2016-10-28,14.068,14.24,14.018,14.096,55882,0
2016-10-31,14.125,14.202,14.125,14.172,39329,0
2016-11-01,14.164,14.172,14.068,14.154,39686,0
2016-11-02,14.172,14.225,14.135,14.183,28451,0
2016-11-03,14.182,14.192,14.144,14.164,14503,0
2016-11-04,14.164,14.187,14.164,14.172,17873,0
2016-11-07,14.164,14.172,14.152,14.154,9850,0
2016-11-08,14.192,14.212,14.172,14.192,18848,0
2016-11-09,14.105,14.192,14.058,14.078,29480,0
2016-11-10,14.1,14.1,13.751,13.769,62041,0
2016-11-11,13.751,13.77,13.652,13.682,33350,0
2016-11-14,13.411,13.789,13.294,13.643,218250,0
2016-11-15,13.672,13.829,13.638,13.741,43353,0
2016-11-16,13.741,13.829,13.539,13.568,44371,0
2016-11-17,13.558,13.568,13.391,13.391,56725,0
2016-11-18,13.382,13.578,13.363,13.46,49264,0
2016-11-21,13.421,13.568,13.421,13.568,48167,0
2016-11-22,13.509,13.769,13.509,13.692,28705,0
2016-11-23,13.624,13.643,13.539,13.606,17720,0
2016-11-25,13.606,13.624,13.603,13.603,7991,0
2016-11-28,13.633,13.692,13.615,13.643,11571,0
2016-11-29,13.587,13.638,13.559,13.596,29025,0
2016-11-30,13.558,13.558,13.372,13.401,63833,0
2016-12-01,13.382,13.5,13.343,13.382,68690,0
2016-12-02,13.382,13.45,13.294,13.353,50680,0
2016-12-05,13.313,13.382,13.313,13.333,33565,0
2016-12-06,13.343,13.5,13.343,13.49,69526,0
2016-12-07,13.5,13.682,13.49,13.643,37758,0
2016-12-08,13.587,13.643,13.539,13.587,38913,0
2016-12-09,13.539,13.606,13.519,13.596,35830,0
2016-12-12,13.549,13.624,13.549,13.587,49762,0
2016-12-13,13.601,13.619,13.583,13.619,10425,0
2016-12-14,13.628,13.657,13.533,13.619,76215,0
2016-12-15,13.563,13.563,13.449,13.533,40035,0
2016-12-16,13.592,13.592,13.533,13.533,20697,0
2016-12-19,13.484,13.546,13.484,13.533,23137,0
2016-12-20,13.533,13.557,13.454,13.474,56088,0
2016-12-21,13.503,13.573,13.484,13.533,34907,0
2016-12-22,13.543,13.573,13.513,13.573,39682,0
2016-12-23,13.573,13.587,13.503,13.543,56789,0
2016-12-27,13.583,13.592,13.513,13.583,48398,0
2016-12-28,13.523,13.646,13.523,13.628,36688,0
2016-12-29,13.592,13.707,13.592,13.638,41281,0
2016-12-30,13.687,13.774,13.666,13.764,55914,0
2017-01-03,13.717,13.736,13.592,13.707,29211,0
2017-01-04,13.717,13.804,13.717,13.804,7882,0
2017-01-05,13.814,13.893,13.801,13.804,17403,0
2017-01-06,13.903,13.917,13.774,13.804,6749,0
2017-01-09,13.873,13.959,13.794,13.804,50373,0
2017-01-10,13.833,13.931,13.833,13.903,20535,0
2017-01-11,13.925,14.071,13.906,14.061,27053,0
2017-01-12,14.051,14.138,14.051,14.061,12556,0
2017-01-13,14.061,14.061,14.002,14.011,9829,0
2017-01-17,14.031,14.095,14.016,14.021,19751,0
2017-01-18,14.041,14.041,13.963,13.992,5104,0
2017-01-19,13.983,13.983,13.906,13.925,15934,0
2017-01-20,13.953,13.953,13.787,13.836,28532,0
2017-01-23,13.886,13.935,13.864,13.915,12315,0
2017-01-24,13.943,13.973,13.906,13.915,16391,0
2017-01-25,13.915,13.949,13.856,13.925,17043,0
2017-01-26,13.886,13.906,13.856,13.876,12720,0
2017-01-27,13.915,13.973,13.895,13.925,19580,0
2017-01-30,13.935,13.973,13.886,13.973,14208,0
2017-01-31,13.963,14.061,13.935,14.002,11652,0
2017-02-01,13.983,14.018,13.915,13.943,27965,0
2017-02-02,13.953,13.953,13.846,13.856,26155,0
2017-02-03,13.915,13.925,13.856,13.876,30244,0
2017-02-06,13.925,13.973,13.876,13.935,15578,0
2017-02-07,13.953,14.061,13.915,14.061,33447,0
2017-02-08,14.041,14.138,14.031,14.051,29646,0
2017-02-09,14.041,14.041,13.953,14.002,11235,0
2017-02-10,13.983,13.983,13.906,13.915,9464,0
2017-02-13,13.929,13.939,13.879,13.879,17942,0
2017-02-14,13.909,13.909,13.83,13.859,22029,0
2017-02-15,13.8,13.869,13.78,13.839,22630,0
2017-02-16,13.869,13.869,13.8,13.83,19600,0
2017-02-17,13.849,13.957,13.79,13.8,26629,0
2017-02-21,13.82,13.859,13.8,13.859,26442,0
2017-02-22,13.879,13.939,13.849,13.889,20791,0
2017-02-23,13.889,13.957,13.879,13.957,14446,0
2017-02-24,13.987,14.094,13.971,14.085,20253,0
2017-02-27,14.045,14.055,13.996,14.015,7676,0
2017-02-28,14.025,14.035,13.919,13.967,30715,0
2017-03-01,13.967,13.967,13.859,13.869,14447,0
2017-03-02,13.899,13.909,13.752,13.879,38724,0
2017-03-03,13.879,13.879,13.815,13.83,14193,0
2017-03-06,13.849,13.849,13.77,13.83,15566,0
2017-03-07,13.839,13.859,13.77,13.859,11787,0
2017-03-08,13.79,13.815,13.752,13.79,10888,0
2017-03-09,13.77,13.78,13.419,13.607,163358,0
2017-03-10,13.607,13.643,13.597,13.625,22330,0
2017-03-13,13.6,13.657,13.56,13.628,32592,0
2017-03-14,13.6,13.736,13.6,13.677,48101,0
2017-03-15,13.687,13.863,13.657,13.843,28762,0
2017-03-16,13.784,13.824,13.717,13.764,27165,0
2017-03-17,13.764,13.824,13.717,13.784,10197,0
2017-03-20,13.774,13.873,13.707,13.794,45622,0
2017-03-21,13.804,13.814,13.756,13.814,22684,0
2017-03-22,13.843,13.853,13.814,13.814,16672,0
2017-03-23,13.843,13.863,13.774,13.853,28111,0
2017-03-24,13.833,13.863,13.804,13.804,14314,0
2017-03-27,13.853,13.942,13.824,13.923,28036,0
2017-03-28,13.893,13.913,13.824,13.824,22959,0
2017-03-29,13.863,13.933,13.853,13.893,23353,0
2017-03-30,13.933,13.933,13.863,13.883,23396,0
2017-03-31,13.933,13.933,13.853,13.933,14533,0
2017-04-03,13.903,13.947,13.883,13.903,28113,0
2017-04-04,13.982,13.982,13.873,13.923,18261,0
2017-04-05,13.893,13.913,13.873,13.883,17935,0
2017-04-06,13.893,13.942,13.893,13.942,24866,0
2017-04-07,13.982,14.04,13.933,14.04,25108,0
2017-04-10,14.04,14.118,14.04,14.089,24634,0
2017-04-11,14.132,14.151,14.033,14.083,22240,0
2017-04-12,14.053,14.132,14.053,14.083,28998,0
2017-04-13,14.112,14.17,14.112,14.17,30825,0
2017-04-17,14.132,14.151,14.073,14.073,37750,0
2017-04-18,14.093,14.19,14.093,14.141,15075,0
2017-04-19,14.132,14.19,14.132,14.19,11437,0
2017-04-20,14.141,14.19,14.14,14.17,21018,0
2017-04-21,14.2,14.24,14.17,14.21,24479,0
2017-04-24,14.21,14.22,14.18,14.22,36648,0
2017-04-25,14.18,14.18,14.132,14.132,30434,0
2017-04-26,14.17,14.21,14.141,14.21,18773,0
2017-04-27,14.17,14.2,14.17,14.2,5928,0
2017-04-28,14.2,14.22,14.18,14.22,8528,0
2017-05-01,14.25,14.269,14.2,14.26,21134,0
2017-05-02,14.22,14.261,14.22,14.24,13206,0
2017-05-03,14.26,14.309,14.24,14.289,29018,0
2017-05-04,14.289,14.339,14.279,14.329,33564,0
2017-05-05,14.349,14.377,14.329,14.377,24034,0
2017-05-08,14.368,14.368,14.319,14.319,14051,0
2017-05-09,14.329,14.329,14.269,14.28,34831,0
2017-05-10,14.269,14.289,14.24,14.269,14802,0
2017-05-11,14.273,14.353,14.263,14.283,34339,0
2017-05-12,14.323,14.353,14.313,14.353,20308,0
2017-05-15,14.343,14.343,14.303,14.323,19422,0
2017-05-16,14.381,14.381,14.303,14.323,12024,0
2017-05-17,14.371,14.371,14.303,14.343,16146,0
2017-05-18,14.401,14.401,14.362,14.381,4898,0
2017-05-19,14.381,14.421,14.313,14.381,43149,0
2017-05-22,14.421,14.431,14.362,14.421,20655,0
2017-05-23,14.411,14.528,14.411,14.451,39407,0
2017-05-24,14.518,14.548,14.47,14.509,19599,0
2017-05-25,14.518,14.518,14.468,14.5,16754,0
2017-05-26,14.528,14.578,14.488,14.5,13767,0
2017-05-30,14.558,14.558,14.47,14.49,22957,0
2017-05-31,14.538,14.618,14.47,14.48,33041,0
2017-06-01,14.528,14.565,14.48,14.48,38886,0
2017-06-02,14.518,14.568,14.461,14.523,35911,0
2017-06-05,14.538,14.548,14.509,14.528,37593,0
2017-06-06,14.538,14.618,14.509,14.588,23982,0
2017-06-07,14.588,14.598,14.5,14.5,39464,0
2017-06-08,14.548,14.608,14.5,14.558,22743,0
2017-06-09,14.558,14.668,14.5,14.509,33782,0
2017-06-12,14.509,14.538,14.48,14.5,33351,0
2017-06-13,14.513,14.562,14.513,14.552,14630,0
2017-06-14,14.572,14.612,14.513,14.582,17933,0
2017-06-15,14.612,14.652,14.592,14.632,12868,0
2017-06-16,14.632,14.702,14.602,14.652,35359,0
2017-06-19,14.652,14.78,14.622,14.78,48307,0
2017-06-20,14.79,14.79,14.692,14.732,9910,0
2017-06-21,14.722,14.74,14.692,14.712,8510,0
2017-06-22,14.702,14.732,14.652,14.722,33398,0
2017-06-23,14.682,14.722,14.642,14.642,27437,0
2017-06-26,14.672,14.712,14.592,14.652,22287,0
2017-06-27,14.642,14.642,14.552,14.602,24230,0
2017-06-28,14.612,14.643,14.532,14.562,41164,0
2017-06-29,14.582,14.582,14.454,14.542,49392,0
2017-06-30,14.483,14.542,14.473,14.473,30556,0
2017-07-03,14.522,14.572,14.517,14.572,8475,0
2017-07-05,14.572,14.572,14.454,14.502,18734,0
2017-07-06,14.454,14.503,14.414,14.424,30965,0
2017-07-07,14.414,14.473,14.384,14.414,26485,0
2017-07-10,14.448,14.493,14.448,14.493,3858,0
2017-07-11,14.464,14.552,14.464,14.552,15450,0
2017-07-12,14.552,14.612,14.552,14.612,16210,0
2017-07-13,14.582,14.622,14.582,14.622,9858,0
2017-07-14,14.622,14.672,14.622,14.652,3782,0
2017-07-17,14.682,14.682,14.562,14.562,16533,0
2017-07-18,14.572,14.642,14.572,14.632,16162,0
2017-07-19,14.612,14.652,14.572,14.632,17566,0
2017-07-20,14.592,14.612,14.562,14.572,23808,0
2017-07-21,14.632,14.662,14.607,14.652,13476,0
2017-07-24,14.672,14.682,14.562,14.562,31908,0
2017-07-25,14.622,14.662,14.572,14.572,16965,0
2017-07-26,14.552,14.614,14.542,14.562,8630,0
2017-07-27,14.612,14.662,14.587,14.64,13198,0
2017-07-28,14.632,14.682,14.632,14.662,16695,0
2017-07-31,14.702,14.801,14.692,14.761,22077,0
2017-08-01,14.85,14.85,14.776,14.84,10027,0
2017-08-02,14.89,14.919,14.835,14.899,21788,0
2017-08-03,14.919,14.919,14.831,14.89,13660,0
2017-08-04,14.909,14.909,14.821,14.821,9745,0
2017-08-07,14.86,14.869,14.813,14.86,21346,0
2017-08-08,14.89,14.89,14.791,14.791,11305,0
2017-08-09,14.811,14.831,14.722,14.791,17098,0
2017-08-10,14.722,14.751,14.642,14.652,14943,0
2017-08-11,14.642,14.716,14.632,14.672,15310,0
2017-08-14,14.722,14.722,14.642,14.662,7452,0
2017-08-15,14.662,14.692,14.622,14.692,23165,0
2017-08-16,14.722,14.767,14.642,14.751,17949,0
2017-08-17,14.732,14.751,14.692,14.751,7307,0
2017-08-18,14.732,14.841,14.728,14.821,13574,0
2017-08-21,14.791,14.9,14.791,14.851,27380,0
2017-08-22,14.861,14.89,14.811,14.821,17710,0
2017-08-23,14.831,14.831,14.811,14.831,5366,0
2017-08-24,14.831,14.851,14.811,14.811,7593,0
2017-08-25,14.801,14.811,14.741,14.761,15744,0
2017-08-28,14.781,14.781,14.732,14.733,11948,0
2017-08-29,14.741,14.831,14.741,14.781,10135,0
2017-08-30,14.791,14.801,14.771,14.781,6728,0
2017-08-31,14.831,14.831,14.756,14.771,10672,0
2017-09-01,14.791,14.799,14.732,14.781,9854,0
2017-09-05,14.811,14.811,14.741,14.771,16898,0
2017-09-06,14.791,14.851,14.772,14.851,12303,0
2017-09-07,14.851,14.97,14.851,14.97,20600,0
2017-09-08,14.96,15.02,14.94,14.95,12172,0
2017-09-11,14.97,15.03,14.97,15.03,21076,0
2017-09-12,14.98,15.01,14.96,14.97,21807,0
2017-09-13,14.98,15,14.91,14.92,19201,0
2017-09-14,14.91,14.97,14.9,14.96,8725,0
2017-09-15,14.97,15.02,14.93,14.97,29758,0
2017-09-18,14.96,14.985,14.93,14.95,10888,0
2017-09-19,14.94,15.047,14.94,14.95,22469,0
2017-09-20,14.93,15.02,14.926,14.97,20309,0
2017-09-21,14.96,15.04,14.96,15.02,14758,0
2017-09-22,15.04,15.11,15,15.11,14421,0
2017-09-25,15.11,15.13,15.06,15.13,15635,0
2017-09-26,15.12,15.14,15.11,15.11,15600,0
2017-09-27,15.1,15.12,15,15.03,20056,0
2017-09-28,15.02,15.109,14.994,15.03,27001,0
2017-09-29,15.03,15.14,15.03,15.14,12935,0
2017-10-02,15.15,15.15,15.04,15.08,10011,0
2017-10-03,15.18,15.18,15.06,15.08,15119,0
2017-10-04,15.15,15.629,15.15,15.319,23889,0
2017-10-05,15.319,15.319,15.05,15.05,21446,0
2017-10-06,15.05,15.09,15.03,15.04,17696,0
2017-10-09,15.09,15.1,15.065,15.1,1545,0
2017-10-10,15.12,15.17,15.09,15.13,12627,0
2017-10-11,15.1,15.15,15.06,15.08,13327,0
2017-10-12,15.06,15.201,15.06,15.14,7863,0
2017-10-13,15.14,15.21,15.1,15.21,13662,0
2017-10-16,15.2,15.21,15.1,15.17,17211,0
2017-10-17,15.12,15.18,15.09,15.11,14156,0
2017-10-18,15.12,15.12,15.07,15.08,18730,0
2017-10-19,15.1422,15.19,15.11,15.19,4044,0
2017-10-20,15.18,15.48,15.14,15.48,9917,0
2017-10-23,15.42,15.42,15.2,15.21,28768,0
2017-10-24,15.26,15.26,15.2031,15.25,8982,0
2017-10-25,15.16,15.16,15,15.04,20345,0
2017-10-26,15.05,15.07,14.95,14.98,9817,0
2017-10-27,15,15,14.88,14.9,18458,0
2017-10-30,14.9,15.06,14.9,14.94,14249,0
2017-10-31,14.95,15.01,14.86,14.86,38888,0
2017-11-01,14.9,14.93,14.8,14.82,22621,0
2017-11-02,15.05,15.05,14.81,14.84,23182,0
2017-11-03,14.82,14.8836,14.76,14.76,16865,0
2017-11-06,14.76,14.82,14.76,14.79,10878,0
2017-11-07,14.77,14.8976,14.77,14.8976,6530,0
2017-11-08,14.94,14.95,14.88,14.943,16754,0
2017-11-09,14.95,14.95,14.84,14.95,17535,0
2017-11-10,14.91,14.95,14.8823,14.93,13918,0
