2016-01-04,1.9969,2.1853,1.9969,2.0313,10089,0
2016-01-05,2.0506,2.5608,2.0218,2.041,72369,0
2016-01-06,2.0988,2.2624,2.0988,2.118,4541,0
2016-01-07,2.1276,2.2912,2.118,2.1196,4961,0
2016-01-08,2.2047,2.2047,2.1527,2.1527,312,0
2016-01-11,2.195,2.2047,2.195,2.2047,229,0
2016-01-12,2.1565,2.1565,2.1565,2.1565,105,0
2016-01-13,2.118,2.118,1.858,1.9351,12353,0
2016-01-14,1.9265,2.118,1.9254,2.0988,3532,0
2016-01-15,2.0698,2.0698,1.9544,1.9832,9476,0
2016-01-19,1.9544,2.0217,1.8677,1.8677,4259,0
2016-01-20,1.9303,2.0216,1.8581,2.0216,6440,0
2016-01-21,1.9254,2.0217,1.9254,2.0217,1693,0
2016-01-22,2.0217,2.0698,2.0217,2.0506,7676,0
2016-01-25,2.0217,2.0795,2.0217,2.041,4404,0
2016-01-27,2.0217,2.0506,2.0217,2.0506,313,0
2016-01-28,2.0217,2.0217,2.0217,2.0217,208,0
2016-01-29,2.0332,2.1082,2.0217,2.0603,6374,0
2016-02-01,2.0217,2.0313,2.0217,2.0313,326,0
2016-02-02,2.0217,2.0313,1.9736,2.0313,4963,0
2016-02-03,1.9544,1.9544,1.9351,1.9351,1866,0
2016-02-04,1.9491,1.9491,1.9491,1.9491,831,0
2016-02-05,1.879,2.0024,1.879,1.9736,1350,0
2016-02-08,1.8869,1.8869,1.8869,1.8869,105,0
2016-02-09,1.9781,1.9781,1.9063,1.9063,364,0
2016-02-10,1.9736,1.9736,1.9736,1.9736,810,0
2016-02-12,1.9721,1.9735,1.8966,1.8966,4674,0
2016-02-16,1.9614,1.9736,1.9544,1.9639,2300,0
2016-02-18,1.9639,1.9639,1.8773,1.8869,5194,0
2016-02-19,1.8966,1.9254,1.8773,1.9254,2389,0
2016-02-22,1.8782,2.0121,1.8773,2.0121,1973,0
2016-02-24,1.9254,1.9254,1.9254,1.9254,375,0
2016-02-26,1.9891,2.0506,1.9062,2.0313,1143,0
2016-02-29,1.9544,1.9544,1.9544,1.9544,159,0
2016-03-01,1.9481,2.0217,1.9481,2.0217,3090,0
2016-03-02,2.0088,2.0216,1.9159,1.9736,11828,0
2016-03-03,2.0312,2.2133,2.0217,2.041,25150,0
2016-03-04,2.2046,2.3008,2.1853,2.3008,7028,0
2016-03-07,2.195,2.2865,2.195,2.2624,2036,0
2016-03-08,2.1853,2.3587,2.1853,2.3297,3428,0
2016-03-09,2.3028,2.4261,2.2912,2.3009,9452,0
2016-03-10,2.3876,2.4646,2.0805,2.272,11784,0
2016-03-11,2.2624,2.3297,2.1853,2.28,831,0
2016-03-14,2.3105,2.3105,2.1517,2.2432,5422,0
2016-03-16,2.4925,2.4925,2.4925,2.4925,1271,0
2016-03-17,2.3876,2.3876,2.2432,2.2528,2428,0
2016-03-18,2.3491,2.3828,2.3394,2.3741,8879,0
2016-03-21,2.4934,2.5474,2.2528,2.5016,6918,0
2016-03-22,2.4164,2.4357,2.3972,2.4165,5887,0
2016-03-23,2.4164,2.4405,2.4164,2.4405,1153,0
2016-03-24,2.272,2.3256,2.272,2.3256,520,0
2016-03-28,2.2817,2.2817,2.2656,2.2656,259,0
2016-03-29,2.2528,2.2528,2.2528,2.2528,165,0
2016-03-30,2.2144,2.2144,2.2144,2.2144,475,0
2016-03-31,2.1758,2.3008,2.1758,2.2432,3158,0
2016-04-01,2.2904,2.2904,2.2432,2.2432,222,0
2016-04-04,2.1373,2.2654,2.1373,2.2654,623,0
2016-04-05,2.2181,2.2239,2.2152,2.2239,5038,0
2016-04-06,2.1853,2.3394,2.1853,2.3394,364,0
2016-04-07,2.3677,2.3876,2.195,2.3393,6986,0
2016-04-08,2.3691,2.3809,2.369,2.3809,442,0
2016-04-12,2.1519,2.4421,2.1519,2.2437,1169,0
2016-04-13,2.1519,2.3458,2.0532,2.3458,8748,0
2016-04-15,2.3098,2.3098,2.1519,2.152,1066,0
2016-04-18,2.2097,2.2097,2.152,2.1716,632,0
2016-04-19,2.3196,2.3196,2.3196,2.3196,203,0
2016-04-20,2.3098,2.3098,2.3029,2.3029,434,0
2016-04-21,2.2999,2.2999,2.2605,2.2802,1304,0
2016-04-25,2.2062,2.2062,2.2062,2.2062,204,0
2016-04-26,2.2703,2.2703,2.2644,2.2654,4887,0
2016-04-28,2.2605,2.2703,2.2341,2.2341,1393,0
2016-04-29,2.2203,2.3197,2.2203,2.3197,4158,0
2016-05-02,2.293,2.293,2.2901,2.2901,532,0
2016-05-04,2.2902,2.2902,2.2902,2.2902,204,0
2016-05-06,2.2901,2.2999,2.2901,2.2999,810,0
2016-05-09,2.3197,2.3197,2.3197,2.3197,102,0
2016-05-11,2.1657,2.2521,2.1633,2.221,1816,0
2016-05-12,2.3191,2.3197,2.296,2.301,810,0
2016-05-13,2.2507,2.2507,2.2506,2.2506,715,0
2016-05-16,2.2703,2.369,2.2702,2.369,6482,0
2016-05-17,2.3295,2.5357,2.3295,2.4579,13464,0
2016-05-18,2.5171,2.5171,2.4184,2.4676,3647,0
2016-05-19,2.4578,2.4578,2.4578,2.4578,203,0
2016-05-20,2.3,2.3,2.3,2.3,142,0
2016-05-23,2.3789,2.4676,2.2012,2.3563,3093,0
2016-05-24,2.3197,2.448,2.3197,2.3394,516,0
2016-05-26,2.2506,2.294,2.2506,2.2803,7123,0
2016-05-27,2.4677,2.4677,2.3592,2.3592,2373,0
2016-06-01,2.3408,2.4104,2.3408,2.4104,203,0
2016-06-02,2.4775,2.4775,2.3789,2.3789,1638,0
2016-06-03,2.4085,2.4116,2.2506,2.2506,608,0
2016-06-06,2.2407,2.3028,2.2407,2.3028,1780,0
2016-06-07,2.308,2.308,2.308,2.308,101,0
2016-06-08,2.3789,2.4184,2.3789,2.4184,5167,0
2016-06-09,2.4381,2.4381,2.3295,2.3295,4964,0
2016-06-10,2.3395,2.3395,2.3395,2.3395,101,0
2016-06-13,2.3197,2.3493,2.2901,2.3394,3178,0
2016-06-15,2.3497,2.3497,2.3295,2.3295,912,0
2016-06-16,2.3394,2.3394,2.2407,2.2506,9443,0
2016-06-17,2.2407,2.2407,2.1815,2.2202,9357,0
2016-06-20,2.221,2.2802,2.221,2.2703,3444,0
2016-06-21,2.2802,2.2802,2.221,2.221,507,0
2016-06-22,2.1914,2.2703,2.1914,2.221,10637,0
2016-06-23,2.2407,2.369,2.2308,2.2308,3274,0
2016-06-24,2.3394,2.3888,2.1815,2.3493,6719,0
2016-06-27,2.2407,2.3573,2.1815,2.2506,4441,0
2016-06-29,2.1667,2.2506,2.1667,2.2407,1520,0
2016-06-30,2.3888,2.3986,2.3888,2.3986,203,0
2016-07-01,2.369,2.369,2.369,2.369,410,0
2016-07-05,2.2407,2.2802,2.1918,2.2802,810,0
2016-07-07,2.2209,2.221,2.211,2.221,5336,0
2016-07-08,2.2506,2.2506,2.1815,2.2012,116052,0
2016-07-11,2.2112,2.2506,2.2011,2.2011,15905,0
2016-07-12,2.1716,2.2901,2.1716,2.221,709,0
2016-07-13,2.2407,2.2407,2.221,2.221,3799,0
2016-07-14,2.2999,2.2999,2.221,2.221,2229,0
2016-07-15,2.2022,2.2209,2.1716,2.2047,1342,0
2016-07-18,2.221,2.221,2.221,2.221,104,0
2016-07-19,2.221,2.221,2.1716,2.221,11717,0
2016-07-20,2.2111,2.221,2.2111,2.2209,2431,0
2016-07-21,2.221,2.221,2.221,2.221,1013,0
2016-07-22,2.2177,2.221,2.2012,2.2012,1013,0
2016-07-25,2.1716,2.4283,2.0334,2.1617,287677,0
2016-07-26,2.0926,2.2111,2.0334,2.1232,28306,0
2016-07-27,2.1716,2.221,2.0958,2.221,3582,0
2016-07-28,2.2308,2.2901,2.1025,2.2299,6088,0
2016-07-29,2.2407,2.2407,2.1025,2.1025,4280,0
2016-08-01,2.1025,2.2307,2.0532,2.2012,10553,0
2016-08-02,2.1861,2.1861,2.1018,2.1018,2036,0
2016-08-03,2.221,2.221,2.1152,2.1223,1533,0
2016-08-04,2.1519,2.1914,2.0433,2.1914,12059,0
2016-08-05,2.2703,2.2801,2.1639,2.1639,4710,0
2016-08-08,2.2308,2.2308,2.221,2.221,608,0
2016-08-09,2.1815,2.1815,2.1815,2.1815,164,0
2016-08-10,2.1914,2.221,2.1914,2.221,1622,0
2016-08-11,2.2506,2.2506,2.221,2.221,4154,0
2016-08-12,2.221,2.2605,1.9939,2.1716,352746,0
2016-08-15,2.3295,3.1094,2.2803,2.7737,1876811,0
2016-08-16,2.7145,3.1291,2.5665,2.7639,480121,0
2016-08-17,2.6652,2.7539,2.5743,2.7539,62256,0
2016-08-18,2.7145,2.7935,2.5763,2.6355,32551,0
2016-08-19,2.6217,2.7639,2.5862,2.6849,33416,0
2016-08-22,2.7145,2.8132,2.6652,2.754,28245,0
2016-08-23,2.7461,2.7461,2.6059,2.6059,7668,0
2016-08-24,2.6059,2.7343,2.5961,2.6158,11312,0
2016-08-25,2.6109,2.6345,2.6059,2.6345,2666,0
2016-08-26,2.6201,2.6201,2.5961,2.5961,1216,0
2016-08-29,2.5961,2.6948,2.5884,2.5961,12653,0
2016-08-30,2.5946,2.5969,2.527,2.527,3039,0
2016-08-31,2.6351,2.6351,2.5764,2.5862,4564,0
2016-09-01,2.6325,2.6325,2.6211,2.6211,413,0
2016-09-02,2.6942,2.6942,2.5808,2.5862,3242,0
2016-09-06,2.6257,2.6651,2.6084,2.6084,1646,0
2016-09-07,2.6317,2.6454,2.6317,2.6454,507,0
2016-09-08,2.6095,2.6095,2.3789,2.527,32494,0
2016-09-09,2.528,2.5615,2.527,2.527,3498,0
2016-09-13,2.5368,2.6652,2.527,2.527,6328,0
2016-09-14,2.527,2.5665,2.527,2.5566,2457,0
2016-09-15,2.6646,2.6652,2.527,2.5862,26504,0
2016-09-16,2.6553,2.6652,2.5477,2.6652,17872,0
2016-09-19,2.5763,2.6355,2.527,2.6277,39229,0
2016-09-20,2.6652,2.6652,2.5763,2.6454,2229,0
2016-09-21,2.6115,2.6355,2.6059,2.606,9568,0
2016-09-22,2.6553,2.6652,2.6059,2.6059,682,0
2016-09-23,2.5763,2.6652,2.5171,2.6355,8444,0
2016-09-26,2.675,2.9514,2.675,2.8517,42625,0
2016-09-27,2.9218,2.9613,2.8251,2.8428,23253,0
2016-09-28,2.9085,2.9218,2.7639,2.7836,18600,0
2016-09-29,2.8132,2.8527,2.8132,2.8132,3505,0
2016-09-30,2.8232,2.8767,2.7836,2.7836,10552,0
2016-10-03,2.8823,2.951,2.8231,2.9021,8952,0
2016-10-04,2.9119,2.9414,2.833,2.8428,6056,0
2016-10-05,2.833,2.9514,2.8231,2.9514,4697,0
2016-10-06,2.8725,2.8725,2.8428,2.8428,557,0
2016-10-07,2.8527,2.8527,2.7737,2.7737,6867,0
2016-10-10,2.7935,2.8329,2.7935,2.8132,393,0
2016-10-11,2.7639,2.7935,2.7639,2.7934,1738,0
2016-10-12,2.8032,2.8032,2.7639,2.7935,717,0
2016-10-13,2.7737,2.7737,2.7639,2.7737,507,0
2016-10-14,2.7639,2.7639,2.5763,2.6355,52781,0
2016-10-17,2.6355,2.9317,2.6355,2.6652,34939,0
2016-10-18,2.6454,2.7342,2.6454,2.6652,30565,0
2016-10-19,2.7146,2.7244,2.7145,2.7145,1418,0
2016-10-20,2.7639,2.8231,2.7145,2.8034,9200,0
2016-10-21,2.6652,2.731,2.5862,2.6296,58719,0
2016-10-24,2.7096,2.8725,2.6553,2.6948,40800,0
2016-10-25,2.675,2.7046,2.6454,2.7046,12534,0
2016-10-26,2.8823,2.8823,2.6257,2.6355,10012,0
2016-10-27,2.754,2.8527,2.6948,2.754,850,0
2016-10-28,2.833,2.8725,2.7046,2.8725,10232,0
2016-10-31,2.8428,2.8428,2.7046,2.8132,20366,0
2016-11-01,2.7516,2.8428,2.6643,2.7046,23172,0
2016-11-02,2.6949,2.6949,2.6573,2.6652,9144,0
2016-11-03,2.6158,2.6849,2.6158,2.6355,10592,0
2016-11-04,2.6355,2.7144,2.6277,2.7144,21003,0
2016-11-07,2.6849,2.7435,2.6652,2.6652,9869,0
2016-11-08,2.6454,2.6947,2.6059,2.6553,28215,0
2016-11-09,2.6257,2.7046,2.6228,2.7046,11161,0
2016-11-10,2.8132,2.8132,2.6849,2.7046,15500,0
2016-11-11,2.7046,2.833,2.6849,2.833,9730,0
2016-11-14,3.5042,3.8892,3.1192,3.8793,1209888,0
2016-11-15,3.8793,4.1754,3.52,3.6424,133597,0
2016-11-16,3.6029,3.7016,3.3364,3.5042,136575,0
2016-11-17,3.4647,3.5571,3.3857,3.5141,30994,0
2016-11-18,3.5437,3.5437,3.2969,3.3759,43628,0
2016-11-21,3.445,3.6319,3.2772,3.3463,33795,0
2016-11-22,3.3364,3.4928,3.3364,3.3956,6211,0
2016-11-23,3.5512,3.9089,3.3857,3.5868,357997,0
2016-11-25,3.5733,3.8102,3.5733,3.7214,39135,0
2016-11-28,3.6523,3.6523,3.6029,3.6128,29301,0
2016-11-29,3.6523,3.8102,3.6503,3.7805,19150,0
2016-11-30,3.8102,3.8102,3.4548,3.5881,51069,0
2016-12-01,3.5634,3.6917,3.4548,3.6523,57882,0
2016-12-02,3.593,3.6128,3.4746,3.4845,31935,0
2016-12-05,3.5535,3.5535,3.4351,3.5141,36339,0
2016-12-06,3.5535,3.5535,3.4548,3.5437,26478,0
2016-12-07,3.5239,3.6904,3.5239,3.6523,36196,0
2016-12-08,3.7016,3.8497,3.672,3.8003,118331,0
2016-12-09,3.8497,3.8497,3.672,3.7707,20336,0
2016-12-12,3.8201,4.2939,3.7776,4.2149,184767,0
2016-12-13,4.2939,4.2939,4.0236,4.1952,56382,0
2016-12-14,4.1952,4.2346,3.9484,4.0866,33291,0
2016-12-15,4.057,4.09,3.8793,3.9879,47633,0
2016-12-16,4.0274,4.0348,3.9484,3.9879,9806,0
2016-12-19,4.0372,4.0471,3.9385,4.0076,35638,0
2016-12-20,4.0175,4.0471,4.0047,4.0274,13015,0
2016-12-21,4.0372,4.1359,3.9879,4.02,17184,0
2016-12-22,4.0076,4.0076,3.7312,3.8595,43570,0
2016-12-23,3.9089,4.0274,3.751,3.9286,7385,0
2016-12-27,3.7608,3.8632,3.5842,3.593,18395,0
2016-12-28,3.6325,3.672,3.5338,3.6424,41601,0
2016-12-29,3.6473,3.7105,3.6325,3.7105,6595,0
2016-12-30,3.7115,3.7115,3.5833,3.7115,7600,0
2017-01-03,3.7115,3.7806,3.6226,3.6917,9274,0
2017-01-04,3.7411,3.751,3.7115,3.7411,6233,0
2017-01-05,3.6868,3.7312,3.6819,3.7016,10060,0
2017-01-06,3.7016,3.9286,3.6523,3.8003,23208,0
2017-01-09,3.7411,4.0372,3.6128,3.9681,44787,0
2017-01-10,3.9286,3.9385,3.8765,3.9385,6323,0
2017-01-11,3.9681,4.3531,3.899,4.0274,33548,0
2017-01-12,4.1261,4.1655,4.0866,4.1655,4568,0
2017-01-13,4.1199,4.1261,3.8497,4.1261,22335,0
2017-01-17,4.1261,4.1261,3.9386,3.9492,8544,0
2017-01-18,4.0175,4.1853,3.9495,4.1853,30711,0
2017-01-19,4.1557,4.2939,4.057,4.1557,24235,0
2017-01-20,4.1646,4.1655,4.1646,4.1655,598,0
2017-01-23,4.0965,4.7215,4.0965,4.4025,30178,0
2017-01-24,4.3432,4.6394,4.2445,4.2445,21423,0
2017-01-25,4.3235,4.5402,4.1853,4.3827,15861,0
2017-01-26,4.3531,4.3531,4.1961,4.2445,6049,0
2017-01-27,4.1892,4.3769,3.9977,4.0076,21362,0
2017-01-30,4.025,4.025,3.8003,3.8003,25604,0
2017-01-31,3.7608,3.8003,3.6424,3.7608,27930,0
2017-02-01,3.672,3.8781,3.6325,3.6355,14741,0
2017-02-02,3.7312,3.8547,3.6631,3.8102,19769,0
2017-02-03,3.899,4.0471,3.8844,4.0471,17678,0
2017-02-06,3.9286,3.9681,3.8398,3.9583,4929,0
2017-02-07,4.0965,4.3136,4.0965,4.2939,23483,0
2017-02-08,4.2939,4.2939,3.9977,4.0175,12547,0
2017-02-09,4.0965,4.2544,4.0301,4.2149,13625,0
2017-02-10,4.2445,4.2741,4.0924,4.2445,7295,0
2017-02-13,4.2445,4.8565,4.1754,4.2346,73065,0
2017-02-14,4.3037,4.3734,4.1458,4.1458,18439,0
2017-02-15,4.0612,4.1952,4.0213,4.1359,9819,0
2017-02-16,4.2346,4.2346,4.057,4.1655,7297,0
2017-02-17,4.1564,4.2121,4.0668,4.0668,6496,0
2017-02-21,4.0668,4.205,3.9977,4.205,26327,0
2017-02-22,4.251,4.2939,4.0555,4.1952,5463,0
2017-02-23,4.0965,4.1538,4.0175,4.0175,3123,0
2017-02-24,4.0866,4.1507,4.0076,4.0175,4623,0
2017-02-27,4.0866,4.0866,4.0175,4.0649,3349,0
2017-02-28,4.0175,4.2346,4.0175,4.1458,4582,0
2017-03-01,4.1865,4.1865,4.057,4.1754,7459,0
2017-03-02,4.1162,4.2346,4.0077,4.1612,19355,0
2017-03-03,4.0965,4.2346,4.0668,4.205,3166,0
2017-03-06,4.205,4.205,4.0767,4.0767,8897,0
2017-03-07,4.1261,4.2346,4.0965,4.1063,10295,0
2017-03-08,4.1754,4.2346,4.1705,4.2249,1890,0
2017-03-09,4.2346,4.7533,4.1653,4.7381,48609,0
2017-03-10,4.7874,4.7874,4.4419,4.4419,8997,0
2017-03-13,4.3432,4.7282,4.0866,4.7282,6500,0
2017-03-14,4.6196,4.7282,4.2544,4.598,17401,0
2017-03-15,4.6886,4.6886,4.4321,4.4518,5295,0
2017-03-16,4.3531,4.4617,4.3432,4.4518,8494,0
2017-03-17,4.5209,4.5406,4.3136,4.3136,2921,0
2017-03-20,4.4163,4.5288,4.4163,4.5288,1395,0
2017-03-21,4.5308,4.5604,4.4123,4.5209,8722,0
2017-03-22,4.511,4.511,4.3037,4.3037,11345,0
2017-03-23,4.3005,4.3316,4.2939,4.3037,7881,0
2017-03-24,4.3039,4.4913,4.2643,4.4518,8527,0
2017-03-27,4.3728,4.59,4.3728,4.59,2618,0
2017-03-28,4.4814,4.5653,4.4419,4.4518,3467,0
2017-03-29,4.4419,4.5801,4.4419,4.5801,7315,0
2017-03-30,4.4814,4.975,4.4814,4.7381,104432,0
2017-03-31,4.975,5.0867,4.59,4.6295,85763,0
2017-04-03,4.6295,4.6362,4.4518,4.4518,18094,0
2017-04-04,4.4518,4.4518,4.1952,4.3531,12552,0
2017-04-05,4.363,4.5209,4.3531,4.5012,17787,0
2017-04-06,4.5012,4.6887,4.5012,4.5505,4784,0
2017-04-07,4.5999,4.6887,4.5012,4.6887,5494,0
2017-04-10,4.6381,4.8269,4.5801,4.7775,8001,0
2017-04-11,4.7479,4.8861,4.5999,4.6492,8640,0
2017-04-12,4.6394,4.6492,4.6295,4.6394,6854,0
2017-04-13,4.6591,4.7035,4.6492,4.6492,2455,0
2017-04-17,4.6591,4.7479,4.6394,4.7381,6952,0
2017-04-18,4.7645,4.8861,4.7193,4.8368,17841,0
2017-04-19,4.8664,4.8664,4.7085,4.7479,8212,0
2017-04-20,4.7331,4.7801,4.6394,4.6788,11547,0
2017-04-21,4.6887,4.7325,4.6887,4.7325,968,0
2017-04-24,4.7775,5.5771,4.3335,4.59,507071,0
2017-04-25,4.51,4.69,4.4501,4.69,25393,0
2017-04-26,4.52,4.76,4.45,4.76,29143,0
2017-04-27,4.77,4.83,4.73,4.83,2138,0
2017-04-28,4.73,5.15,4.718,4.87,53012,0
2017-05-01,5.02,5.146,4.9,5,18475,0
2017-05-02,4.94,5.16,4.94,5.06,9610,0
2017-05-03,5.05,5.05,4.61,4.99,43656,0
2017-05-04,4.94,4.9557,4.68,4.95,5668,0
2017-05-05,4.82,4.91,4.6248,4.79,15427,0
2017-05-08,4.77,4.88,4.77,4.77,23622,0
2017-05-09,4.81,5,4.59,5,11126,0
2017-05-10,4.88,4.94,4.7112,4.77,10392,0
2017-05-11,4.85,4.94,4.66,4.87,40168,0
2017-05-12,4.84,4.84,4.77,4.77,1897,0
2017-05-15,4.78,4.96,4.3014,4.44,64327,0
2017-05-16,4.44,4.451,4.28,4.32,4438,0
2017-05-17,4.28,4.3,4.1954,4.26,10769,0
2017-05-18,4.2928,4.47,4.2844,4.41,10293,0
2017-05-19,4.23,4.4499,4.23,4.36,4302,0
2017-05-22,4.31,4.3677,4.25,4.35,5553,0
2017-05-23,4.19,4.3899,4.19,4.33,1769,0
2017-05-24,4.2836,4.33,4.12,4.14,14502,0
2017-05-25,4.15,4.29,4.15,4.18,32385,0
2017-05-26,4.18,4.215,4.18,4.215,6692,0
2017-05-30,4.26,4.38,4.1575,4.16,7152,0
2017-05-31,4.16,4.1917,4.12,4.15,11266,0
2017-06-01,4.12,4.24,4.12,4.16,8032,0
2017-06-02,4.22,4.22,4.095,4.1,12500,0
2017-06-05,4.12,4.12,4.09,4.11,11260,0
2017-06-06,4.13,4.13,4.01,4.07,20062,0
2017-06-07,4.06,4.15,4.0599,4.15,6349,0
2017-06-08,4.0651,4.19,4.043,4.19,2809,0
2017-06-09,4.15,4.19,4.15,4.19,4303,0
2017-06-12,4.14,4.14,4.08,4.08,2962,0
2017-06-13,4.06,4.065,3.98,4.05,11145,0
2017-06-14,4.1,4.1,4.02,4.07,3559,0
2017-06-15,4.07,4.11,4.0234,4.1,1883,0
2017-06-16,3.985,4.07,3.985,4.07,963,0
2017-06-19,4.0452,4.07,4.02,4.07,352,0
2017-06-20,4.08,4.08,3.95,3.9799,24246,0
2017-06-21,3.95,3.975,3.95,3.96,9716,0
2017-06-22,3.96,4.023,3.92,3.99,3990,0
2017-06-23,4.01,4.02,3.93,3.94,23757,0
2017-06-26,3.9891,3.998,3.9277,3.95,14244,0
2017-06-28,3.933,4.14,3.69,4.05,40066,0
2017-06-29,4.04,4.19,4.04,4.06,31416,0
2017-06-30,4.1,4.1005,4.09,4.1,2016,0
2017-07-05,4.1243,4.18,4.0682,4.12,7058,0
2017-07-06,4.0726,4.18,4.0726,4.14,806,0
2017-07-07,4.09,4.144,4.0414,4.144,809,0
2017-07-11,4.11,4.12,4.05,4.05,651,0
2017-07-12,4.12,4.16,4.06,4.16,3330,0
2017-07-13,4.07,4.13,4.04,4.04,7052,0
2017-07-14,4.015,4.14,3.8201,4.14,23486,0
2017-07-17,4.2,4.2,3.97,4,32616,0
2017-07-18,4.0371,4.04,3.9701,4.03,2509,0
2017-07-19,4.024,4.09,4,4.05,10155,0
2017-07-20,4.0298,4.0427,3.998,3.998,4931,0
2017-07-24,4.09,4.371,3.89,3.97,167198,0
2017-07-25,4.05,4.1664,4.03,4.07,16328,0
2017-07-26,4.1413,4.1599,4.1413,4.1599,327,0
2017-07-27,4.24,4.24,4.07,4.1,15063,0
2017-07-28,4.081,4.11,4.081,4.1,2351,0
2017-07-31,4.13,4.13,3.92,4.0985,7970,0
2017-08-01,4.1,4.1,3.99,3.99,6076,0
2017-08-02,4,4.0119,3.95,3.966,4479,0
2017-08-03,3.95,3.9622,3.95,3.955,3367,0
2017-08-04,3.9295,4.1,3.9295,4.02,19266,0
2017-08-07,4.1,4.1,4.05,4.06,3860,0
2017-08-08,4.11,4.11,3.94,3.98,13280,0
2017-08-09,3.95,3.95,3.76,3.77,33108,0
2017-08-10,3.79,3.79,3.67,3.69,10762,0
2017-08-11,3.67,3.89,3.51,3.8,49815,0
2017-08-14,3.86,4.1458,3.8311,3.9601,65143,0
2017-08-15,3.94,4.08,3.9178,4.04,14256,0
2017-08-16,4.08,4.08,3.96,4.04,14263,0
2017-08-17,4.02,4.02,3.99,4.02,452,0
2017-08-18,3.96,4.01,3.93,3.9401,6634,0
2017-08-21,3.96,4.15,3.96,4.035,33285,0
2017-08-22,4.05,4.05,4.0374,4.0492,2572,0
2017-08-23,4.04,4.05,4.04,4.04,2303,0
2017-08-24,4.04,4.04,4,4,1417,0
2017-08-25,4.0129,4.031,3.9879,4.031,7876,0
2017-08-28,4.03,4.19,4.03,4.1,22112,0
2017-08-29,4.135,4.14,4.11,4.14,3582,0
2017-08-30,4.15,4.2,4.1186,4.2,9261,0
2017-08-31,4.155,4.3902,4.15,4.34,36076,0
2017-09-01,4.3422,4.49,4.3,4.47,14970,0
2017-09-05,4.47,4.5499,4.44,4.5049,25130,0
2017-09-06,4.52,4.53,4.32,4.53,12344,0
2017-09-07,4.3806,4.5,4.3806,4.46,26582,0
2017-09-08,4.46,5.04,4.46,5.04,124639,0
2017-09-11,4.99,5.2399,4.79,4.8,83355,0
2017-09-12,4.82,4.97,4.82,4.91,11282,0
2017-09-13,4.87,5.47,4.86,5.08,94454,0
2017-09-14,5.09,5.1,4.6,4.75,79799,0
2017-09-15,4.75,4.8399,4.62,4.82,41460,0
2017-09-18,4.86,4.89,4.64,4.66,34632,0
2017-09-19,4.8043,4.88,4.67,4.79,9965,0
2017-09-20,4.68,4.7825,4.64,4.7825,14386,0
2017-09-21,4.71,4.93,4.65,4.79,14608,0
2017-09-22,4.77,4.8947,4.7,4.85,21051,0
2017-09-25,4.85,4.85,4.63,4.81,27656,0
2017-09-26,4.81,4.83,4.7101,4.74,7303,0
2017-09-27,4.86,5.099,4.75,4.99,25878,0
2017-09-28,4.95,5.28,4.8,5.09,58689,0
2017-09-29,5.02,5.1,4.81,5.05,27029,0
2017-10-02,5.12,5.44,5.05,5.3451,147408,0
2017-10-03,5.36,5.7075,5,5.08,95904,0
2017-10-04,5.16,5.239,4.91,5.14,49310,0
2017-10-05,5.12,5.25,5.05,5.15,20745,0
2017-10-06,5.07,5.1703,4.931,5.125,55310,0
2017-10-09,5.09,5.19,4.96,5.09,20127,0
2017-10-10,5.08,5.2,5.08,5.11,12829,0
2017-10-11,5.17,5.59,5.17,5.31,91608,0
2017-10-12,5.35,5.49,5.24,5.25,20058,0
2017-10-13,5.28,5.44,5.1668,5.44,26561,0
2017-10-16,5.44,5.547,5.32,5.36,32585,0
2017-10-17,5.24,5.41,5.15,5.15,19603,0
2017-10-18,5.15,5.15,5,5.05,20054,0
2017-10-19,5.07,5.21,4.95,5.2,24401,0
2017-10-20,5.2,5.2,4.82,5.04,14135,0
2017-10-23,4.95,5.08,4.8675,4.98,19411,0
2017-10-24,4.94,5.01,4.6382,4.79,50676,0
2017-10-25,4.65,4.95,4.65,4.76,17683,0
2017-10-26,4.74,4.89,4.64,4.7,7294,0
2017-10-27,4.6672,4.75,4.49,4.62,23882,0
2017-10-30,4.5,4.54,4.2915,4.36,34621,0
2017-10-31,4.36,4.66,4.3324,4.46,33875,0
2017-11-01,4.53,4.54,4.42,4.45,2400,0
2017-11-02,4.5,4.55,4.16,4.47,22886,0
2017-11-03,4.5,4.516,4.23,4.46,18799,0
2017-11-06,4.53,4.5901,4.4032,4.5897,11599,0
2017-11-07,4.445,4.505,4.3825,4.5,2356,0
2017-11-08,4.5,4.54,4.41,4.5,7928,0
2017-11-09,4.54,4.5639,4.46,4.5,10530,0
2017-11-10,4.48,4.53,4.4796,4.53,5010,0
