2016-01-04,5.2004,5.308,5.1755,5.308,781367,0
2016-01-05,5.3245,5.3245,5.2253,5.2914,515474,0
2016-01-06,5.2169,5.399,5.1839,5.3578,1469369,0
2016-01-07,5.2997,5.2997,5.0927,5.1093,1467913,0
2016-01-08,5.1507,5.1507,5.0182,5.0182,766405,0
2016-01-11,5.0432,5.1009,4.7946,4.8358,1041484,0
2016-01-12,4.8029,4.8526,4.5795,4.6373,2588697,0
2016-01-13,4.6204,4.629,4.3443,4.386,1780489,0
2016-01-14,4.3778,4.4197,4.1965,4.386,2549626,0
2016-01-15,4.1938,4.3024,3.8922,4.2941,4572326,0
2016-01-19,4.3527,4.386,4.2022,4.3108,1500628,0
2016-01-20,4.2355,4.2612,3.976,4.1182,2759048,0
2016-01-21,4.1434,4.3276,4.1371,4.177,1286962,0
2016-01-22,4.2438,4.4782,4.2438,4.4027,1713699,0
2016-01-25,4.361,4.4782,4.3359,4.4197,1481858,0
2016-01-26,4.4027,4.6121,4.3695,4.5619,1356459,0
2016-01-27,4.5704,4.6458,4.5116,4.5787,1446812,0
2016-01-28,4.6373,4.8447,4.629,4.7547,1642110,0
2016-01-29,4.7878,4.8928,4.7041,4.8049,1798724,0
2016-02-01,4.8049,5.0139,4.6791,5.0014,1436644,0
2016-02-02,4.9555,5.0055,4.7461,4.7794,992998,0
2016-02-03,4.8131,4.9218,4.7083,4.9136,827011,0
2016-02-04,4.8966,4.9722,4.7711,4.8049,845652,0
2016-02-05,4.7711,4.9302,4.7461,4.9052,984364,0
2016-02-08,4.8466,4.9009,4.6622,4.7126,1225426,0
2016-02-09,4.5871,4.6458,4.2521,4.319,1299941,0
2016-02-10,4.226,4.2344,3.9042,4.048,2326202,0
2016-02-11,4.0058,4.0101,3.8364,3.9212,899956,0
2016-02-12,3.9382,3.9805,3.8788,3.9718,701236,0
2016-02-16,4.0142,4.1287,3.9466,4.0142,622365,0
2016-02-17,4.0566,4.2006,4.048,4.1667,564262,0
2016-02-18,4.1836,4.226,4.099,4.1075,439721,0
2016-02-19,4.0226,4.048,3.7526,3.9127,3017204,0
2016-02-22,3.9127,3.9888,3.8364,3.9042,2730438,0
2016-02-23,3.9127,3.9973,3.8525,3.8533,1352681,0
2016-02-24,3.7855,3.8829,3.7262,3.8448,1993852,0
2016-02-25,3.8533,4.0566,3.8533,4.0058,1462815,0
2016-02-26,4.0651,4.1921,4.0311,4.1329,1285711,0
2016-02-29,4.116,4.226,4.099,4.1921,2057058,0
2016-03-01,4.2344,4.2513,4.0525,4.0736,1592318,0
2016-03-02,4.0651,4.2682,4.0226,4.2513,1423665,0
2016-03-03,4.2597,4.4038,4.2597,4.37,1416589,0
2016-03-04,4.3954,4.4863,4.3616,4.37,1195986,0
2016-03-07,4.3785,4.4462,4.3361,4.37,1025314,0
2016-03-08,4.3616,4.3785,4.2006,4.2344,1401869,0
2016-03-09,4.2513,4.3445,4.226,4.2682,1132693,0
2016-03-10,4.2513,4.3023,4.2049,4.2768,557206,0
2016-03-11,4.3025,4.3626,4.2169,4.2681,831773,0
2016-03-14,4.2424,4.3196,4.1909,4.2768,525664,0
2016-03-15,4.2424,4.2854,4.1483,4.1996,556959,0
2016-03-16,4.1909,4.2854,4.1823,4.2595,597737,0
2016-03-17,4.2424,4.3226,4.2424,4.2681,610649,0
2016-03-18,4.2681,4.3112,4.2042,4.2854,639839,0
2016-03-21,4.3025,4.4439,4.3025,4.4142,735897,0
2016-03-22,4.3626,4.4912,4.3196,4.4483,580372,0
2016-03-23,4.4654,4.4826,4.2595,4.2595,508240,0
2016-03-24,4.2595,4.3112,4.2169,4.2854,514689,0
2016-03-28,4.2854,4.3025,4.1909,4.2082,824279,0
2016-03-29,4.157,4.3368,4.157,4.3112,1152367,0
2016-03-30,4.3282,4.3711,4.2254,4.2424,1021652,0
2016-03-31,4.2254,4.3541,4.2169,4.3025,1681582,0
2016-04-01,4.2854,4.4311,4.2681,4.4056,2020065,0
2016-04-04,4.4056,4.5169,4.3711,4.4311,1026598,0
2016-04-05,4.4311,4.4696,4.3711,4.4142,415238,0
2016-04-06,4.3969,4.474,4.3969,4.4483,440821,0
2016-04-07,4.4225,4.4654,4.384,4.3882,375090,0
2016-04-08,4.4225,4.4654,4.3795,4.3795,734315,0
2016-04-11,4.3882,4.4654,4.3795,4.4225,473816,0
2016-04-12,4.4483,4.5681,4.4397,4.5083,737760,0
2016-04-13,4.5083,4.6816,4.491,4.6036,789445,0
2016-04-14,4.595,4.6664,4.5689,4.595,451688,0
2016-04-15,4.5602,4.673,4.5516,4.6296,423984,0
2016-04-18,4.6123,4.6642,4.5516,4.5602,735810,0
2016-04-19,4.5863,4.6774,4.5863,4.6557,524025,0
2016-04-20,4.6557,4.725,4.6383,4.7076,536534,0
2016-04-21,4.725,4.751,4.673,4.673,606086,0
2016-04-22,4.6557,4.7857,4.6557,4.751,711136,0
2016-04-25,4.751,4.777,4.6949,4.751,451334,0
2016-04-26,4.7336,4.7942,4.7163,4.7336,299538,0
2016-04-27,4.7163,4.7588,4.6816,4.7076,328446,0
2016-04-28,4.6816,4.7336,4.6557,4.6642,245431,0
2016-04-29,4.673,4.7075,4.6383,4.6989,469661,0
2016-05-02,4.6989,4.7076,4.6208,4.6426,657932,0
2016-05-03,4.6208,4.6208,4.5038,4.5775,577204,0
2016-05-04,4.5344,4.595,4.4852,4.517,375660,0
2016-05-05,4.5257,4.5863,4.4389,4.4996,488359,0
2016-05-06,4.4563,4.5083,4.4389,4.4648,500405,0
2016-05-09,4.4648,4.5083,4.4042,4.4215,608387,0
2016-05-10,4.4303,4.5775,4.4303,4.5257,878611,0
2016-05-11,4.5081,4.5782,4.486,4.5169,518001,0
2016-05-12,4.5433,4.5695,4.5169,4.5345,455366,0
2016-05-13,4.5257,4.5606,4.4906,4.4994,430846,0
2016-05-16,4.4817,4.5257,4.473,4.473,447607,0
2016-05-17,4.473,4.5782,4.473,4.5169,396360,0
2016-05-18,4.5081,4.5519,4.4684,4.473,384330,0
2016-05-19,4.4555,4.473,4.3765,4.394,519635,0
2016-05-20,4.394,4.473,4.3765,4.4027,491114,0
2016-05-23,4.4116,4.4555,4.3328,4.3765,1012890,0
2016-05-24,4.3328,4.3808,4.3239,4.3414,728711,0
2016-05-25,4.3328,4.4116,4.3239,4.3852,612713,0
2016-05-26,4.3852,4.394,4.3414,4.394,517168,0
2016-05-27,4.4204,4.4204,4.3502,4.3765,455581,0
2016-05-31,4.4116,4.4204,4.3151,4.3328,706669,0
2016-06-01,4.3151,4.4246,4.3063,4.4027,623372,0
2016-06-02,4.4027,4.4204,4.3502,4.394,587340,0
2016-06-03,4.394,4.4335,4.3587,4.4116,768923,0
2016-06-06,4.4467,4.4555,4.3765,4.394,1088221,0
2016-06-07,4.394,4.4204,4.3414,4.3765,951281,0
2016-06-08,4.3852,4.394,4.3502,4.3676,1106411,0
2016-06-09,4.3502,4.3852,4.3151,4.3852,943814,0
2016-06-10,4.3765,4.3852,4.3414,4.3587,819504,0
2016-06-13,4.3767,4.3944,4.3501,4.3587,470020,0
2016-06-14,4.3501,4.3767,4.2879,4.3057,842144,0
2016-06-15,4.3145,4.3587,4.2435,4.2613,925634,0
2016-06-16,4.2346,4.2613,4.1814,4.2435,606792,0
2016-06-17,4.2346,4.3234,4.2346,4.2701,821959,0
2016-06-20,4.3057,4.3944,4.3037,4.3057,857334,0
2016-06-21,4.3057,4.3766,4.2879,4.3501,554024,0
2016-06-22,4.3412,4.3767,4.3324,4.3501,458857,0
2016-06-23,4.3944,4.4123,4.3501,4.3855,507432,0
2016-06-24,4.279,4.4123,4.2524,4.3324,665892,0
2016-06-27,4.3057,4.3159,4.1901,4.2169,777829,0
2016-06-28,4.2701,4.2968,4.2258,4.2747,611969,0
2016-06-29,4.3057,4.3324,4.2701,4.3057,457830,0
2016-06-30,4.3324,4.3367,4.2968,4.3234,462341,0
2016-07-01,4.3324,4.5188,4.3145,4.5188,946907,0
2016-07-05,4.5455,4.5455,4.4432,4.5188,838246,0
2016-07-06,4.5011,4.5188,4.4744,4.5099,427258,0
2016-07-07,4.4922,4.5721,4.4922,4.5721,597575,0
2016-07-08,4.5721,4.6519,4.5543,4.6252,1039800,0
2016-07-11,4.6341,4.7939,4.6341,4.7673,1321311,0
2016-07-12,4.7762,4.8651,4.7584,4.8207,1046757,0
2016-07-13,4.8477,4.8518,4.7397,4.7756,584608,0
2016-07-14,4.7936,4.8207,4.7129,4.7129,915849,0
2016-07-15,4.7397,4.8296,4.7129,4.7936,530571,0
2016-07-18,4.8026,4.8926,4.7936,4.8835,585505,0
2016-07-19,4.8926,4.8926,4.8296,4.8656,398691,0
2016-07-20,4.8656,4.9068,4.8477,4.9015,326255,0
2016-07-21,4.9285,4.9285,4.8431,4.9015,599010,0
2016-07-22,4.8926,4.9374,4.8926,4.9194,479809,0
2016-07-25,4.9105,5.0093,4.9105,5.0093,765178,0
2016-07-26,5.0003,5.027,4.9776,4.9913,414666,0
2016-07-27,4.9822,5.0361,4.9734,5.0003,434664,0
2016-07-28,5.0093,5.0182,4.9734,4.9822,297317,0
2016-07-29,4.9913,5.0271,4.9822,5.0271,620951,0
2016-08-01,5.0271,5.0988,5.0004,5.0361,745421,0
2016-08-02,5.0271,5.0279,4.9822,4.9913,436902,0
2016-08-03,4.9734,5.0003,4.9374,4.9822,1009316,0
2016-08-04,4.8835,4.9374,4.7217,4.9194,1202280,0
2016-08-05,4.9374,5.0541,4.9105,5.0541,1066280,0
2016-08-08,5.1618,5.2515,5.1438,5.229,1624114,0
2016-08-09,5.3413,5.3863,5.2604,5.3233,1437558,0
2016-08-10,5.3682,5.3863,5.2156,5.2604,1124669,0
2016-08-11,5.2604,5.3149,5.1969,5.2061,721820,0
2016-08-12,5.2151,5.2869,5.2061,5.2604,525123,0
2016-08-15,5.2877,5.3239,5.2604,5.3149,611376,0
2016-08-16,5.2787,5.3149,5.2333,5.2877,514232,0
2016-08-17,5.2877,5.3058,5.2604,5.2787,360142,0
2016-08-18,5.2604,5.3784,5.2604,5.3466,463609,0
2016-08-19,5.3512,5.4233,5.3512,5.3693,557092,0
2016-08-22,5.3512,5.4417,5.3512,5.4237,790157,0
2016-08-23,5.4237,5.5235,5.4237,5.5144,746907,0
2016-08-24,5.4872,5.5779,5.478,5.5053,1010092,0
2016-08-25,5.5053,5.5416,5.469,5.4962,645580,0
2016-08-26,5.4962,5.6503,5.4962,5.6322,1235879,0
2016-08-29,5.6595,5.6867,5.6232,5.6414,1073327,0
2016-08-30,5.6414,5.7095,5.6414,5.6776,838901,0
2016-08-31,5.6957,5.7049,5.5779,5.6867,1003095,0
2016-09-01,5.6686,5.7049,5.6232,5.6776,696161,0
2016-09-02,5.6686,5.7321,5.6503,5.7049,576669,0
2016-09-06,5.7321,5.7321,5.6503,5.6776,848953,0
2016-09-07,5.6776,5.6878,5.6595,5.6595,600372,0
2016-09-08,5.6503,5.6867,5.6322,5.6503,1300752,0
2016-09-09,5.6232,5.6559,5.478,5.4818,974835,0
2016-09-12,5.3784,5.469,5.3239,5.4417,1117811,0
2016-09-13,5.3778,5.4053,5.2402,5.277,863706,0
2016-09-14,5.2586,5.2953,5.1121,5.1304,1811255,0
2016-09-15,5.1304,5.2036,5.1304,5.1395,802976,0
2016-09-16,5.0937,5.1578,5.0662,5.0937,893285,0
2016-09-19,5.1029,5.1944,5.0846,5.1212,1034639,0
2016-09-20,5.1488,5.2311,5.1304,5.1944,368087,0
2016-09-21,5.2495,5.2586,5.1212,5.1488,854856,0
2016-09-22,5.2127,5.2953,5.1852,5.277,499211,0
2016-09-23,5.2678,5.3136,5.2402,5.2402,961171,0
2016-09-26,5.2586,5.3045,5.2402,5.2495,412742,0
2016-09-27,5.277,5.2953,5.2495,5.2862,385426,0
2016-09-28,5.3229,5.3411,5.2678,5.3411,476020,0
2016-09-29,5.3229,5.3417,5.2678,5.2953,518254,0
2016-09-30,5.3229,5.3686,5.2953,5.3229,788758,0
2016-10-03,5.3319,5.4509,5.3319,5.3595,594205,0
2016-10-04,5.3778,5.4053,5.3045,5.3137,413578,0
2016-10-05,5.3045,5.3686,5.3045,5.3503,300489,0
2016-10-06,5.3503,5.3686,5.2678,5.3229,478613,0
2016-10-07,5.2953,5.3455,5.2953,5.3045,400287,0
2016-10-10,5.3411,5.3629,5.3137,5.3411,251333,0
2016-10-11,5.3137,5.3229,5.2678,5.2953,481204,0
2016-10-12,5.2675,5.3416,5.2396,5.3139,345476,0
2016-10-13,5.2675,5.2768,5.1935,5.2768,451339,0
2016-10-14,5.2953,5.2953,5.1843,5.1843,286069,0
2016-10-17,5.1843,5.1934,5.0177,5.0545,1053298,0
2016-10-18,5.0824,5.1378,5.0638,5.1194,336766,0
2016-10-19,5.1563,5.2211,5.0824,5.2211,524804,0
2016-10-20,5.1934,5.2027,5.0916,5.1934,430818,0
2016-10-21,5.2027,5.2768,5.1843,5.2027,436758,0
2016-10-24,5.2675,5.2861,5.2027,5.212,540892,0
2016-10-25,5.249,5.2861,5.2396,5.2675,328512,0
2016-10-26,5.2396,5.2582,5.1378,5.1749,845900,0
2016-10-27,5.212,5.212,5.0916,5.1008,810283,0
2016-10-28,5.0916,5.1563,5.0638,5.1101,644004,0
2016-10-31,5.1472,5.1472,4.9898,4.9898,1172496,0
2016-11-01,4.9619,5.0084,4.8047,4.8323,1534729,0
2016-11-02,4.7861,4.8323,4.7398,4.7769,904064,0
2016-11-03,4.7769,4.7769,4.7259,4.7491,473530,0
2016-11-04,4.7398,4.814,4.7214,4.7491,546610,0
2016-11-07,4.8601,4.8971,4.8323,4.8879,461334,0
2016-11-08,4.9065,4.9713,4.8601,4.9713,710561,0
2016-11-09,4.8601,5.1194,4.8231,5.0731,930233,0
2016-11-10,5.1481,5.2322,5.1481,5.2322,721303,0
2016-11-11,5.2416,5.2978,5.1947,5.2416,560518,0
2016-11-14,5.2416,5.3164,5.2416,5.3071,581694,0
2016-11-15,5.3538,5.3538,5.2822,5.3071,474356,0
2016-11-16,5.2884,5.3351,5.2631,5.3024,536676,0
2016-11-17,5.3351,5.3538,5.2884,5.3164,437343,0
2016-11-18,5.3071,5.3633,5.2135,5.3351,1062438,0
2016-11-21,5.3633,5.3911,5.3351,5.3633,591831,0
2016-11-22,5.3819,5.4289,5.367,5.3912,638831,0
2016-11-23,5.3912,5.4476,5.3633,5.3912,560807,0
2016-11-25,5.3725,5.5129,5.3725,5.5129,538772,0
2016-11-28,5.5223,5.5223,5.4382,5.4662,461467,0
2016-11-29,5.4849,5.5317,5.4007,5.5223,712686,0
2016-11-30,5.4289,5.4289,4.9046,5.0216,4478197,0
2016-12-01,4.9606,5.1105,4.8951,5.0544,1644738,0
2016-12-02,5.0357,5.0451,4.9141,4.9701,1301429,0
2016-12-05,4.9701,5.1105,4.9606,5.0637,1252357,0
2016-12-06,5.1011,5.1947,5.0825,5.1853,1356735,0
2016-12-07,5.1853,5.2351,5.1011,5.1573,1083233,0
2016-12-08,5.176,5.2603,5.1573,5.2322,1209203,0
2016-12-09,5.2416,5.2884,5.1573,5.2697,1235055,0
2016-12-12,5.2697,5.2791,5.1947,5.251,892261,0
2016-12-13,5.251,5.3077,5.2273,5.2321,1586746,0
2016-12-14,5.2036,5.2415,5.1373,5.1562,1041128,0
2016-12-15,5.1373,5.2036,5.0807,5.0807,915687,0
2016-12-16,5.0902,5.147,5.0523,5.0902,747184,0
2016-12-19,5.0712,5.1658,5.0712,5.1279,1268836,0
2016-12-20,5.1469,5.2699,5.1373,5.1752,1537256,0
2016-12-21,5.1941,5.251,5.1752,5.1941,1214860,0
2016-12-22,5.2036,5.251,5.1562,5.1847,1138850,0
2016-12-23,5.1847,5.251,5.1753,5.2273,760163,0
2016-12-27,5.2036,5.2225,5.1185,5.1373,755897,0
2016-12-28,5.1373,5.1609,5.0712,5.1373,622405,0
2016-12-29,5.0902,5.1373,5.0617,5.0712,779859,0
2016-12-30,5.0995,5.109,5.0333,5.0807,1079474,0
2017-01-03,5.0902,5.2036,5.0807,5.1847,1567457,0
2017-01-04,5.1941,5.3171,5.1847,5.284,1492041,0
2017-01-05,5.2794,5.3266,5.2321,5.2982,996447,0
2017-01-06,5.2888,5.3361,5.2699,5.3077,773107,0
2017-01-09,5.3266,5.4024,5.2794,5.3361,924086,0
2017-01-10,5.3645,5.3882,5.2982,5.3739,907390,0
2017-01-11,5.3835,5.3884,5.283,5.2974,1306118,0
2017-01-12,5.2878,5.3547,5.2783,5.3165,920618,0
2017-01-13,5.307,5.393,5.2974,5.3165,604568,0
2017-01-17,5.2783,5.393,5.2688,5.3357,1093625,0
2017-01-18,5.3261,5.3547,5.2878,5.3165,596446,0
2017-01-19,5.3357,5.3547,5.2688,5.2688,549672,0
2017-01-20,5.2688,5.307,5.2018,5.2305,576252,0
2017-01-23,5.2592,5.2974,5.2305,5.2497,779561,0
2017-01-24,5.2592,5.2592,5.1924,5.2209,881291,0
2017-01-25,5.2592,5.2592,5.2018,5.24,634711,0
2017-01-26,5.24,5.2592,5.1731,5.2209,1107801,0
2017-01-27,5.2497,5.2497,5.1731,5.2018,773763,0
2017-01-30,5.1731,5.2209,5.1062,5.2209,953309,0
2017-01-31,5.2497,5.2497,5.1635,5.2018,559351,0
2017-02-01,5.2018,5.2592,5.1827,5.2497,712047,0
2017-02-02,5.2209,5.2496,5.1731,5.2018,708914,0
2017-02-03,5.2305,5.2497,5.1826,5.2209,1517421,0
2017-02-06,5.1924,5.3261,5.1875,5.3165,955507,0
2017-02-07,5.3453,5.3547,5.2783,5.3547,699903,0
2017-02-08,5.3547,5.3644,5.307,5.3644,650920,0
2017-02-09,4.8097,4.9245,4.389,4.4273,11081690,0
2017-02-10,4.4369,4.4751,4.2934,4.3603,4346657,0
2017-02-13,4.3894,4.4573,4.3603,4.3603,2488730,0
2017-02-14,4.4378,4.4862,4.4184,4.4573,2434810,0
2017-02-15,4.5154,4.6123,4.4574,4.5735,2593260,0
2017-02-16,4.5929,4.5929,4.4815,4.5251,1556768,0
2017-02-17,4.5348,4.5348,4.4378,4.4621,2047987,0
2017-02-21,4.4669,4.5348,4.4378,4.4573,1718950,0
2017-02-22,4.4573,4.4718,4.399,4.4573,1638125,0
2017-02-23,4.4573,4.4815,4.4475,4.4669,1162223,0
2017-02-24,4.4767,4.4767,4.399,4.4475,909091,0
2017-02-27,4.4573,4.4669,4.3796,4.4185,1370673,0
2017-02-28,4.4185,4.4185,4.2828,4.3022,2156848,0
2017-03-01,4.3119,4.3603,4.2634,4.3215,1851012,0
2017-03-02,4.3603,4.3603,4.2634,4.2828,1366757,0
2017-03-03,4.2634,4.2828,4.215,4.2344,1618390,0
2017-03-06,4.215,4.2731,4.1763,4.2634,1319889,0
2017-03-07,4.215,4.2683,4.2053,4.2441,1173840,0
2017-03-08,4.2344,4.2731,4.1859,4.1859,843721,0
2017-03-09,4.215,4.2634,4.1956,4.2634,1149184,0
2017-03-10,4.3022,4.3313,4.2344,4.3022,1224838,0
2017-03-13,4.3703,4.4287,4.3509,4.3995,1252041,0
2017-03-14,4.419,4.4287,4.3558,4.38,1864906,0
2017-03-15,4.38,4.4093,4.3314,4.3898,2321198,0
2017-03-16,4.3898,4.5358,4.3719,4.4579,1805330,0
2017-03-17,4.4677,4.5066,4.38,4.4677,1309612,0
2017-03-20,4.4677,4.565,4.419,4.5455,1185470,0
2017-03-21,4.5358,4.5748,4.4774,4.5164,1149328,0
2017-03-22,4.5261,4.5455,4.4774,4.5066,1205408,0
2017-03-23,4.5261,4.5553,4.4871,4.5164,761019,0
2017-03-24,4.4969,4.5504,4.4774,4.5358,779220,0
2017-03-27,4.5066,4.5942,4.4774,4.5942,911721,0
2017-03-28,4.6234,4.6526,4.5845,4.6428,1034588,0
2017-03-29,4.6526,4.6526,4.5261,4.5748,800485,0
2017-03-30,4.4774,4.5261,4.3995,4.4384,1591209,0
2017-03-31,4.4384,4.5358,4.4093,4.4969,1012661,0
2017-04-03,4.4579,4.5066,4.3898,4.3995,1017360,0
2017-04-04,4.3898,4.4384,4.3509,4.3606,582170,0
2017-04-05,4.3606,4.38,4.2535,4.2632,1723523,0
2017-04-06,4.2632,4.3216,4.2341,4.3216,1267637,0
2017-04-07,4.3119,4.3119,4.2535,4.2827,802082,0
2017-04-10,4.273,4.2957,4.2341,4.273,810402,0
2017-04-11,4.2827,4.3022,4.2632,4.3022,1013689,0
2017-04-12,4.2925,4.3022,4.2632,4.273,395268,0
2017-04-13,4.273,4.2876,4.2341,4.2438,491053,0
2017-04-17,4.2438,4.273,4.2341,4.2341,613638,0
2017-04-18,4.2341,4.273,4.2048,4.2048,465908,0
2017-04-19,4.2048,4.3509,4.1952,4.3216,1795342,0
2017-04-20,4.3606,4.3606,4.2535,4.3119,1008266,0
2017-04-21,4.3022,4.3265,4.273,4.3119,709746,0
2017-04-24,4.3216,4.3314,4.2827,4.3216,870848,0
2017-04-25,4.3216,4.4287,4.3216,4.4287,1413507,0
2017-04-26,4.4287,4.4579,4.3854,4.4531,861505,0
2017-04-27,4.4579,4.4579,4.4093,4.4384,481222,0
2017-04-28,4.4482,4.4677,4.4093,4.4677,720470,0
2017-05-01,4.4287,4.4579,4.3314,4.3606,1207099,0
2017-05-02,4.3444,4.3995,4.3444,4.38,489738,0
2017-05-03,4.3703,4.3803,4.273,4.2925,688319,0
2017-05-04,4.3119,4.3509,4.2632,4.3411,816091,0
2017-05-05,4.3314,4.3411,4.2632,4.2827,762461,0
2017-05-08,4.2925,4.3216,4.2048,4.2048,773017,0
2017-05-09,4.1952,4.2341,4.1757,4.2048,680764,0
2017-05-10,4.1659,4.2632,4.0394,4.1659,1285285,0
2017-05-11,4.1464,4.2341,4.1124,4.2146,552004,0
2017-05-12,4.1757,4.2243,4.1757,4.1952,420159,0
2017-05-15,4.0784,4.2341,4.0784,4.1952,974745,0
2017-05-16,4.2048,4.2311,4.1757,4.2048,534301,0
2017-05-17,4.1464,4.1952,4.0589,4.088,559588,0
2017-05-18,4.0784,4.1221,4.0589,4.0686,645138,0
2017-05-19,4.0589,4.1416,4.0102,4.1173,1417989,0
2017-05-22,4.0784,4.1368,4.0615,4.127,440721,0
2017-05-23,4.127,4.1805,4.1075,4.1562,398880,0
2017-05-24,4.1562,4.1659,4.1173,4.1368,568932,0
2017-05-25,4.127,4.1368,3.942,4.02,2008712,0
2017-05-26,4.0005,4.0978,4.0005,4.0637,533024,0
2017-05-30,4.0297,4.0491,3.9615,3.9664,900328,0
2017-05-31,3.9907,4.02,3.9518,3.981,811603,0
2017-06-01,3.9907,4.0686,3.9849,4.0491,410041,0
2017-06-02,4.0297,4.0394,3.9907,4.0102,312997,0
2017-06-05,3.9907,4.0004,3.9129,3.9518,526777,0
2017-06-06,3.9518,3.9518,3.869,3.9031,692385,0
2017-06-07,3.9031,3.9323,3.8739,3.8739,547196,0
2017-06-08,3.8545,3.9713,3.8545,3.9615,985545,0
2017-06-09,3.9518,3.9713,3.9041,3.9518,716999,0
2017-06-12,3.9615,3.981,3.9129,3.9713,529802,0
2017-06-13,3.981,3.981,3.893,3.9713,557436,0
2017-06-14,3.9223,3.9517,3.9028,3.9223,484998,0
2017-06-15,3.8832,3.9321,3.8441,3.8832,609693,0
2017-06-16,3.893,3.9028,3.8637,3.893,536278,0
2017-06-19,3.9223,3.9223,3.8734,3.8832,422689,0
2017-06-20,3.9028,3.9272,3.8734,3.9126,545976,0
2017-06-21,3.9126,3.9223,3.8539,3.8734,416051,0
2017-06-22,3.8441,3.8734,3.8148,3.8343,520000,0
2017-06-23,3.8148,3.8539,3.8148,3.8539,462965,0
2017-06-26,3.8343,3.893,3.8343,3.8832,348048,0
2017-06-27,3.8734,3.8832,3.8245,3.8539,534933,0
2017-06-28,3.8832,3.8832,3.8148,3.8441,426106,0
2017-06-29,3.8343,4.5973,3.8343,4.5386,6449122,0
2017-06-30,4.6462,4.8907,4.6168,4.7538,6191005,0
2017-07-03,4.7244,4.9152,4.6804,4.9005,1771578,0
2017-07-05,4.8614,4.8614,4.656,4.7342,1443966,0
2017-07-06,4.7049,4.7636,4.656,4.7342,863909,0
2017-07-07,4.744,4.744,4.6168,4.6853,1136881,0
2017-07-10,4.6266,4.6364,4.4153,4.5484,1720356,0
2017-07-11,4.4212,4.5288,4.4212,4.4799,788601,0
2017-07-12,4.4897,4.5581,4.4114,4.5288,939550,0
2017-07-13,4.5581,4.5728,4.519,4.5679,375553,0
2017-07-14,5.3602,5.4776,5.1352,5.3113,15119341,0
2017-07-17,5.458,5.458,5.3211,5.3602,4416417,0
2017-07-18,5.458,5.595,5.3896,5.5558,3086462,0
2017-07-19,5.5265,5.5461,5.4091,5.4287,1633723,0
2017-07-20,5.3798,5.4091,5.3211,5.37,1945390,0
2017-07-21,5.3798,5.4434,5.3015,5.3407,1778988,0
2017-07-24,5.3015,5.3211,5.2135,5.2233,1410823,0
2017-07-25,5.2331,5.2869,5.2233,5.2428,842061,0
2017-07-26,5.2428,5.282,5.1842,5.1842,555742,0
2017-07-27,5.1744,5.2673,5.1744,5.2526,1951186,0
2017-07-28,5.2526,5.282,5.2037,5.2135,401644,0
2017-07-31,5.2135,5.2624,5.145,5.1842,760200,0
2017-08-01,5.2037,5.2624,5.1646,5.2428,500845,0
2017-08-02,5.2135,5.2624,5.1842,5.2526,638110,0
2017-08-03,5.2331,5.2331,5.1548,5.1842,423035,0
2017-08-04,5.2037,5.2722,5.1842,5.2428,1844812,0
2017-08-07,5.2331,5.2428,5.1744,5.1939,573321,0
2017-08-08,5.1744,5.1842,5.0961,5.1255,1144157,0
2017-08-09,5.1646,5.3211,5.1597,5.2135,1324538,0
2017-08-10,5.2331,5.2624,5.1352,5.1842,908340,0
2017-08-11,5.1646,5.2233,5.1352,5.1744,440435,0
2017-08-14,5.1842,5.2917,5.1744,5.282,740679,0
2017-08-15,5.282,5.3015,5.2575,5.282,572779,0
2017-08-16,5.2722,5.3407,5.2624,5.3015,746697,0
2017-08-17,5.282,5.3407,5.2624,5.2722,573238,0
2017-08-18,5.2526,5.3407,5.2526,5.3309,593709,0
2017-08-21,5.3211,5.3504,5.282,5.2917,962284,0
2017-08-22,5.2917,5.3043,5.2331,5.2331,286823,0
2017-08-23,5.1939,5.282,5.145,5.2624,994869,0
2017-08-24,5.282,5.3211,5.2527,5.2917,503088,0
2017-08-25,5.3309,5.3309,5.2624,5.3113,404627,0
2017-08-28,5.3015,5.37,5.2575,5.3602,725707,0
2017-08-29,5.3113,5.4189,5.2869,5.3993,813322,0
2017-08-30,5.3993,5.4385,5.3309,5.37,680192,0
2017-08-31,5.37,5.4091,5.2624,5.282,930580,0
2017-09-01,5.282,5.4091,5.2428,5.3798,1252274,0
2017-09-05,5.3504,5.3847,5.2428,5.3798,867215,0
2017-09-06,5.3798,5.4678,5.3407,5.4385,1069800,0
2017-09-07,5.4483,5.4629,5.37,5.4189,671228,0
2017-09-08,5.4091,5.458,5.3309,5.4287,730274,0
2017-09-11,5.4287,5.4483,5.3211,5.3309,571702,0
2017-09-12,5.3504,5.3993,5.3113,5.3211,370789,0
2017-09-13,5.3407,5.3798,5.3015,5.37,429233,0
2017-09-14,5.35,5.4,5.31,5.38,268833,0
2017-09-15,5.34,5.38,5.31,5.32,554221,0
2017-09-18,5.31,5.375,5.29,5.31,521043,0
2017-09-19,5.34,5.365,5.29,5.3,259113,0
2017-09-20,5.29,5.34,5.26,5.33,475050,0
2017-09-21,5.35,5.38,5.28,5.29,422550,0
2017-09-22,5.3,5.37,5.28,5.34,416455,0
2017-09-25,5.35,5.39,5.29,5.34,346633,0
2017-09-26,5.37,5.45,5.33,5.35,339934,0
2017-09-27,5.4,5.4,5.32,5.39,470543,0
2017-09-28,5.39,5.4,5.32,5.38,622312,0
2017-09-29,5.41,5.47,5.34,5.47,943910,0
2017-10-02,5.46,5.59,5.44,5.58,778001,0
2017-10-03,5.57,5.58,5.51,5.56,797754,0
2017-10-04,5.54,5.545,5.495,5.52,700041,0
2017-10-05,5.54,5.63,5.48,5.62,897994,0
2017-10-06,5.62,5.635,5.56,5.6,622235,0
2017-10-09,5.56,5.63,5.55,5.6,534858,0
2017-10-10,5.58,5.6,5.52,5.55,293484,0
2017-10-11,5.54,5.57,5.5163,5.55,295571,0
2017-10-12,5.54,5.6,5.48,5.57,544515,0
2017-10-13,5.58,5.62,5.48,5.61,624235,0
2017-10-16,5.6,5.66,5.59,5.65,420781,0
2017-10-17,5.64,5.65,5.6,5.63,369286,0
2017-10-18,5.7,5.7,5.6,5.64,104800,0
2017-10-19,5.45,5.72,5.45,5.71,2126300,0
2017-10-20,5.55,5.87,5.55,5.87,743600,0
2017-10-23,5.82,5.82,5.68,5.76,469039,0
2017-10-24,5.72,5.91,5.71,5.88,633274,0
2017-10-25,5.89,5.89,5.71,5.79,538422,0
2017-10-26,5.78,5.83,5.71,5.77,358561,0
2017-10-27,5.72,5.9,5.72,5.84,744520,0
2017-10-30,5.81,5.83,5.77,5.81,358148,0
2017-10-31,5.79,5.88,5.74,5.81,632337,0
2017-11-01,5.8,5.8,5.72,5.76,418270,0
2017-11-02,5.79,5.79,5.61,5.63,662364,0
2017-11-03,5.65,5.75,5.6,5.74,995619,0
2017-11-06,5.7,5.75,5.7,5.74,626052,0
2017-11-07,5.69,5.74,5.6033,5.74,670808,0
2017-11-08,5.61,5.75,5.61,5.68,439770,0
2017-11-09,5.57,5.67,5.5601,5.63,661217,0
2017-11-10,5.61,5.6591,5.49,5.56,543419,0
