2016-01-04,5.3427,5.493,5.2942,5.3233,4330981,0
2016-01-05,5.3524,5.7015,5.2263,5.6045,12795121,0
2016-01-06,5.4978,5.6626,5.4396,5.5367,10735332,0
2016-01-07,5.4396,5.5948,5.4008,5.4784,7513466,0
2016-01-08,5.5075,5.5075,5.1633,5.1875,11147288,0
2016-01-11,5.2069,5.2768,5.0712,5.1584,7589638,0
2016-01-12,5.1973,5.236,4.9063,4.9355,6751297,0
2016-01-13,4.9645,5.042,4.7512,4.8094,10351695,0
2016-01-14,4.8384,4.8966,4.7317,4.8287,5465379,0
2016-01-15,4.7221,4.8482,4.693,4.79,8838095,0
2016-01-19,4.7996,4.9161,4.7124,4.887,8634111,0
2016-01-20,4.8191,5.0519,4.693,4.7221,8407098,0
2016-01-21,4.7221,4.9499,4.6833,4.8966,9493736,0
2016-01-22,4.9645,5.1196,4.8773,4.9161,3639544,0
2016-01-25,4.8773,4.9547,4.7803,4.8142,4420055,0
2016-01-26,4.8482,5.042,4.8094,4.8577,4478387,0
2016-01-27,4.8287,4.9742,4.8045,4.9161,4226853,0
2016-01-28,4.9742,5.0324,4.7996,4.8675,6078590,0
2016-01-29,4.8675,5.0324,4.8675,4.9936,6578787,0
2016-02-01,4.9452,4.9887,4.7803,4.9161,7064177,0
2016-02-02,4.8675,4.9355,4.79,4.8384,5245886,0
2016-02-03,4.8675,4.9257,4.7512,4.9063,4923279,0
2016-02-04,4.8482,5.0614,4.8287,4.9645,5464348,0
2016-02-05,4.9645,5.0664,4.8966,4.9355,2350264,0
2016-02-08,4.8675,4.9355,4.7803,4.7996,3752454,0
2016-02-09,4.7706,4.8773,4.7221,4.7657,3208917,0
2016-02-10,4.8482,5.0008,4.8191,4.8773,5528904,0
2016-02-11,4.8094,4.8627,4.693,4.7608,4260065,0
2016-02-12,4.7512,4.8724,4.7512,4.79,5413932,0
2016-02-16,4.8287,4.9645,4.7996,4.8773,4359978,0
2016-02-17,4.9936,5.0519,4.8966,5.0324,5340872,0
2016-02-18,5.042,5.1196,4.979,5.0906,4177734,0
2016-02-19,5.0324,5.076,4.9742,5.0032,4889158,0
2016-02-22,5.139,5.1584,5.0032,5.0614,3190514,0
2016-02-23,4.9452,5.0712,4.9161,4.9355,5971983,0
2016-02-24,4.8966,4.9548,4.8577,4.887,5249460,0
2016-02-25,4.8675,4.9548,4.8577,4.9063,4794735,0
2016-02-26,4.9645,4.9839,4.9161,4.9645,3631636,0
2016-02-29,4.9452,5.0324,4.9063,4.9257,4031439,0
2016-03-01,4.9452,5.1002,4.9452,5.0519,3606599,0
2016-03-02,5.0324,5.1293,4.9936,5.0226,7489603,0
2016-03-03,4.9936,5.1439,4.9936,5.0032,16244184,0
2016-03-04,4.9452,5.1779,4.9452,5.1002,5605386,0
2016-03-07,5.0906,5.2068,5.076,5.1584,3749551,0
2016-03-08,5.1488,5.2069,5.0324,5.0519,9774987,0
2016-03-09,5.0906,5.1148,4.9839,5.0226,6805862,0
2016-03-10,5.0519,5.1488,4.9839,5.0809,7729309,0
2016-03-11,5.1196,5.2214,5.1099,5.1245,4698020,0
2016-03-14,5.1293,5.1875,5.0614,5.0614,6943574,0
2016-03-15,5.0131,5.0614,4.9257,4.9452,9112160,0
2016-03-16,4.8966,5.1584,4.8482,5.1002,12076391,0
2016-03-17,5.4784,5.7305,5.3524,5.6529,21260986,0
2016-03-18,5.6337,5.6724,5.4833,5.585,10576039,0
2016-03-21,5.556,5.6045,5.139,5.4881,10493762,0
2016-03-22,5.4688,6.1475,5.4688,6.0213,27082078,0
2016-03-23,5.9923,6.448,5.9438,6.1475,15931012,0
2016-03-24,6.8843,6.9813,6.5934,6.7003,28936209,0
2016-03-28,7.0104,7.2528,6.923,7.2141,16107487,0
2016-03-29,6.865,7.5146,6.8552,7.3595,19242105,0
2016-03-30,7.408,7.4467,6.8843,7.1558,11007566,0
2016-03-31,7.1365,7.1462,6.7777,6.8843,11600661,0
2016-04-01,6.8552,7.4371,6.8165,7.3207,12538753,0
2016-04-04,7.2723,7.3111,7.0686,7.1267,6445696,0
2016-04-05,7.0784,7.476,6.8843,7.3304,26823911,0
2016-04-06,7.3304,7.602,7.2528,7.4953,10699326,0
2016-04-07,7.4565,7.6698,7.2625,7.3304,12630193,0
2016-04-08,7.3983,7.4661,7.2625,7.4273,3836102,0
2016-04-11,7.4273,7.4467,7.2335,7.2432,5699507,0
2016-04-12,7.2818,7.3304,7.2335,7.2916,7189206,0
2016-04-13,7.3013,7.3598,7.2673,7.3256,4484621,0
2016-04-14,7.3304,7.3304,7.1753,7.2625,5338215,0
2016-04-15,7.2237,7.3111,7.1462,7.2141,8411565,0
2016-04-18,7.1947,7.1947,6.9522,7.0299,5813933,0
2016-04-19,7.0201,7.2335,6.6128,6.6516,14297173,0
2016-04-20,6.5838,6.5934,5.8953,6.2445,23101475,0
2016-04-21,6.2735,6.3317,6.0601,6.1184,11342737,0
2016-04-22,6.1087,6.162,6.0118,6.0118,10880899,0
2016-04-25,6.0118,6.0554,5.8565,5.9438,10844904,0
2016-04-26,5.9535,6.0892,5.6337,5.6626,12751746,0
2016-04-27,5.6626,5.8953,5.6337,5.8664,10863513,0
2016-04-28,5.8857,5.9826,5.8373,5.8373,6088843,0
2016-04-29,5.8178,5.8178,5.6142,5.7015,8948020,0
2016-05-02,5.6626,5.7402,5.5948,5.6529,9437353,0
2016-05-03,5.6529,5.682,5.4736,5.682,5955322,0
2016-05-04,5.6626,5.905,5.6238,5.8711,5858130,0
2016-05-05,5.8178,5.9074,5.7499,5.7595,8500062,0
2016-05-06,5.7694,5.9826,5.6675,5.9535,9782203,0
2016-05-09,6.0118,6.0892,5.8518,6.0698,7598634,0
2016-05-10,6.128,6.1572,5.8081,5.905,13065648,0
2016-05-11,3.8204,3.9076,3.4907,3.5102,138819289,0
2016-05-12,3.6264,3.636,3.1221,3.4664,64090244,0
2016-05-13,3.384,3.5682,3.384,3.5682,29898750,0
2016-05-16,3.5972,3.636,3.2483,3.384,19428334,0
2016-05-17,3.4034,3.4132,3.0835,3.2774,41704404,0
2016-05-18,3.2579,3.447,3.2288,3.4034,30739069,0
2016-05-19,3.4132,3.4132,3.1609,3.2288,26884961,0
2016-05-20,3.2288,3.3744,3.2288,3.3258,15051810,0
2016-05-23,3.3355,3.4178,3.3258,3.3549,13386686,0
2016-05-24,3.3258,3.384,3.3064,3.3355,10645355,0
2016-05-25,3.3646,3.4228,3.3258,3.4034,14131182,0
2016-05-26,3.4519,3.4519,3.3453,3.3937,9650569,0
2016-05-27,3.3937,3.4423,3.3549,3.4228,8188211,0
2016-05-31,3.481,3.5391,3.4616,3.4713,10920320,0
2016-06-01,3.5002,3.5197,3.4228,3.4616,9692862,0
2016-06-02,3.4423,3.481,3.4324,3.4423,10022655,0
2016-06-03,3.4616,3.481,3.3937,3.4423,6233377,0
2016-06-06,3.4324,3.5002,3.4228,3.4616,6549377,0
2016-06-07,3.481,3.5391,3.4423,3.5294,10197835,0
2016-06-08,3.5294,3.5489,3.4713,3.5002,18805815,0
2016-06-09,3.481,3.4907,3.4034,3.4132,7018112,0
2016-06-10,3.3937,3.4132,3.3162,3.3937,5702622,0
2016-06-13,3.3646,3.4324,3.3355,3.3646,4850326,0
2016-06-14,3.3162,3.4132,3.1901,3.1998,11693854,0
2016-06-15,3.2676,3.3308,3.1804,3.2676,12236701,0
2016-06-16,3.2288,3.2483,3.1416,3.1804,6581540,0
2016-06-17,3.1901,3.2579,3.1707,3.1998,9090004,0
2016-06-20,3.2288,3.3744,3.2096,3.3744,8674746,0
2016-06-21,3.3453,3.384,3.2676,3.3453,6785157,0
2016-06-22,3.3646,3.3937,3.3355,3.3646,11080907,0
2016-06-23,3.384,3.4218,3.3549,3.3549,7965939,0
2016-06-24,3.2483,3.3646,3.1998,3.3162,12821605,0
2016-06-27,3.2483,3.2676,3.0155,3.0447,15946713,0
2016-06-28,3.0641,3.1707,3.0641,3.1028,11765649,0
2016-06-29,3.1221,3.1998,3.1126,3.1416,7871803,0
2016-06-30,3.1707,3.2096,3.132,3.2096,7318797,0
2016-07-01,3.2096,3.3355,3.2096,3.2967,6019416,0
2016-07-05,3.287,3.2967,3.0835,3.1221,8129614,0
2016-07-06,3.0931,3.1707,3.0737,3.1609,7088202,0
2016-07-07,3.1804,3.2676,3.132,3.1609,8984486,0
2016-07-08,3.1707,3.2531,3.1514,3.1901,10375997,0
2016-07-11,3.2191,3.2774,3.1514,3.1707,11187639,0
2016-07-12,3.2191,3.2579,3.1901,3.2483,11364915,0
2016-07-13,3.2579,3.287,3.2288,3.2288,5690056,0
2016-07-14,3.2385,3.2967,3.2385,3.287,5066718,0
2016-07-15,3.3162,3.3355,3.2191,3.2579,7864332,0
2016-07-18,3.2288,3.3064,3.2288,3.2967,3758584,0
2016-07-19,3.2967,3.3453,3.292,3.3355,3988954,0
2016-07-20,3.3453,3.3744,3.3064,3.3646,7702231,0
2016-07-21,3.3453,3.4324,3.3453,3.3646,9537598,0
2016-07-22,3.3646,3.384,3.3162,3.3646,2525041,0
2016-07-25,3.384,3.4034,3.3355,3.3453,4081707,0
2016-07-26,3.3258,3.4228,3.3162,3.4132,4672971,0
2016-07-27,3.4324,3.5197,3.4132,3.5002,14892133,0
2016-07-28,3.5002,3.5294,3.384,3.4034,5119519,0
2016-07-29,3.4228,3.4228,3.3162,3.3549,6183684,0
2016-08-01,3.3355,3.4423,3.3355,3.4034,3674860,0
2016-08-02,3.3646,3.4228,3.1901,3.1901,10324853,0
2016-08-03,3.3549,3.481,3.2191,3.3695,26916651,0
2016-08-04,3.384,3.4423,3.3453,3.4034,5577200,0
2016-08-05,3.4324,3.4907,3.4034,3.4519,5406688,0
2016-08-08,3.4324,3.4907,3.4228,3.4713,5841273,0
2016-08-09,3.4713,3.5197,3.4519,3.481,6909003,0
2016-08-10,3.4616,3.4857,3.4324,3.4423,4715113,0
2016-08-11,3.4324,3.5489,3.4324,3.5197,8037003,0
2016-08-12,3.5002,3.5585,3.4907,3.5294,4862493,0
2016-08-15,3.5102,3.6651,3.5102,3.6556,6766712,0
2016-08-16,3.636,3.6651,3.5585,3.6604,6869921,0
2016-08-17,3.636,3.675,3.3937,3.4083,11010258,0
2016-08-18,3.4324,3.4713,3.3937,3.4324,3187749,0
2016-08-19,3.4324,3.4713,3.3937,3.4132,3617468,0
2016-08-22,3.4132,3.4616,3.384,3.4228,5216166,0
2016-08-23,3.4178,3.5742,3.4178,3.5742,5330147,0
2016-08-24,3.5352,3.6035,3.4961,3.5352,4326888,0
2016-08-25,3.5352,3.5839,3.4961,3.5254,6108966,0
2016-08-26,3.5254,3.5839,3.5058,3.5644,4626838,0
2016-08-29,3.5449,3.6132,3.5156,3.6035,5442349,0
2016-08-30,3.5839,3.6426,3.5839,3.6132,2928362,0
2016-08-31,3.6328,3.6523,3.5352,3.5937,5846454,0
2016-09-01,3.5352,3.5937,3.4472,3.5254,4944939,0
2016-09-02,3.5839,3.623,3.5254,3.623,4165604,0
2016-09-06,3.5742,3.5937,3.4472,3.5254,9294651,0
2016-09-07,3.4961,3.6719,3.4961,3.6669,6042840,0
2016-09-08,3.6815,3.7206,3.623,3.662,5274444,0
2016-09-09,3.6132,3.6914,3.5742,3.5839,10612419,0
2016-09-12,3.5546,3.7304,3.5546,3.7256,7972578,0
2016-09-13,3.6914,3.7304,3.5352,3.5644,10239569,0
2016-09-14,3.5937,3.6035,3.4472,3.457,4548354,0
2016-09-15,3.6523,3.6523,3.4472,3.4912,5836993,0
2016-09-16,3.5058,3.5937,3.4765,3.5839,13616449,0
2016-09-19,3.5742,3.6426,3.4374,3.5058,7175742,0
2016-09-20,3.4961,3.5254,3.457,3.4667,6589945,0
2016-09-21,3.4765,3.5254,3.4374,3.5156,6124746,0
2016-09-22,3.5156,3.6035,3.5156,3.5449,5372118,0
2016-09-23,3.5449,3.7695,3.4961,3.623,12099884,0
2016-09-26,3.5937,3.6035,3.4961,3.5156,5258668,0
2016-09-27,3.5156,3.5449,3.4178,3.5352,9713204,0
2016-09-28,3.5058,3.5937,3.4472,3.4765,7623334,0
2016-09-29,3.4961,3.5449,3.4277,3.4374,7997418,0
2016-09-30,3.4765,3.5254,3.4276,3.4862,7927528,0
2016-10-03,3.4961,3.5156,3.4667,3.4961,9776315,0
2016-10-04,3.5156,3.5156,3.457,3.4667,5498221,0
2016-10-05,3.4862,3.5352,3.4374,3.4472,14877884,0
2016-10-06,3.457,3.4862,3.4277,3.4374,4966750,0
2016-10-07,3.4667,3.4779,3.4178,3.4472,4930652,0
2016-10-10,3.4765,3.5058,3.4374,3.4961,5309004,0
2016-10-11,3.5156,3.5546,3.2617,3.291,15008934,0
2016-10-12,3.3105,3.3495,3.1152,3.3105,17477409,0
2016-10-13,3.2519,3.2763,3.1786,3.1836,8931188,0
2016-10-14,3.2129,3.2813,3.203,3.2617,7589798,0
2016-10-17,3.2714,3.3006,3.1738,3.1836,8550501,0
2016-10-18,3.2226,3.2324,3.1543,3.1738,8060180,0
2016-10-19,3.1738,3.1982,3.1348,3.1591,7664229,0
2016-10-20,3.1738,3.2567,3.164,3.2421,6451101,0
2016-10-21,3.2129,3.2324,3.1445,3.1836,8595426,0
2016-10-24,3.1836,3.2226,3.1445,3.164,5970343,0
2016-10-25,3.1445,3.1738,3.0761,3.0956,5638345,0
2016-10-26,3.0859,3.164,3.0859,3.1348,3270720,0
2016-10-27,3.1249,3.1445,3.0273,3.0469,4701480,0
2016-10-28,3.0469,3.0956,3.0371,3.0761,3568629,0
2016-10-31,3.0761,3.1152,3.0663,3.0761,4351986,0
2016-11-01,3.0956,3.1249,2.9394,2.9784,9560207,0
2016-11-02,3.1933,3.4667,3.1348,3.4277,20194843,0
2016-11-03,3.4667,3.5546,3.4424,3.4961,9997961,0
2016-11-04,3.4862,3.5644,3.4374,3.4862,5998965,0
2016-11-07,3.4961,3.6035,3.4961,3.5742,6009490,0
2016-11-08,3.5839,3.6523,3.5302,3.5644,6666911,0
2016-11-09,3.4277,3.8183,3.4082,3.7695,10147835,0
2016-11-10,3.8476,4.1209,3.8183,4.1209,23087218,0
2016-11-11,4.0528,4.1113,3.9648,4.0528,17702087,0
2016-11-14,4.1113,4.375,4.0918,4.2285,12614045,0
2016-11-15,4.2285,4.248,4.0039,4.2285,7484324,0
2016-11-16,4.1992,4.3945,4.1992,4.3651,5941005,0
2016-11-17,4.4433,4.5898,4.3066,4.5605,10840290,0
2016-11-18,4.5605,4.6484,4.4627,4.5702,5411624,0
2016-11-21,4.5898,4.6093,4.4042,4.5214,8529975,0
2016-11-22,4.5656,4.7423,4.5558,4.7423,6205821,0
2016-11-23,4.703,4.8404,4.6834,4.8111,5460375,0
2016-11-25,4.8504,4.8601,4.7423,4.7816,2062848,0
2016-11-28,4.8111,4.8307,4.7177,4.7522,7445552,0
2016-11-29,4.7718,4.8012,4.7325,4.7718,5940961,0
2016-11-30,4.7914,4.8504,4.7325,4.7816,8190387,0
2016-12-01,4.8111,4.8504,4.703,4.7718,6386297,0
2016-12-02,4.7522,4.8504,4.7175,4.7522,4049864,0
2016-12-05,4.7718,4.8797,4.7522,4.8012,4184786,0
2016-12-06,4.7914,4.8797,4.7522,4.8111,13313034,0
2016-12-07,4.8209,4.9977,4.7227,4.9583,14420677,0
2016-12-08,4.9977,5.1252,4.9191,5.0859,16375946,0
2016-12-09,4.9877,5.1056,4.9731,5.0173,12331974,0
2016-12-12,5.0173,5.0173,4.6834,4.7227,11211093,0
2016-12-13,4.7914,4.7914,4.6049,4.6344,17646850,0
2016-12-14,4.6834,4.7129,4.5755,4.5852,10731822,0
2016-12-15,4.595,4.7718,4.5755,4.7129,10563854,0
2016-12-16,4.7423,4.7816,4.6441,4.654,13781148,0
2016-12-19,4.6737,4.8111,4.6344,4.8012,6245683,0
2016-12-20,4.8404,4.9485,4.7718,4.9289,4636250,0
2016-12-21,4.8896,4.9386,4.8404,4.8601,3342090,0
2016-12-22,4.8504,4.8577,4.5656,4.5755,5378898,0
2016-12-23,4.6147,4.6932,4.5656,4.6147,2730412,0
2016-12-27,4.6049,4.6834,4.595,4.6441,2078159,0
2016-12-28,4.6737,4.6737,4.5165,4.5459,4356907,0
2016-12-29,4.5755,4.6344,4.4379,4.5362,2767261,0
2016-12-30,4.5264,4.5362,4.4183,4.4379,4235364,0
2017-01-03,4.5459,4.595,4.3201,4.4379,7672269,0
2017-01-04,4.4969,4.5852,4.4576,4.5656,6412144,0
2017-01-05,4.5264,4.5459,4.3986,4.5264,5723742,0
2017-01-06,4.5459,4.5558,4.4429,4.4772,3407469,0
2017-01-09,4.4477,4.5459,4.3986,4.487,4215156,0
2017-01-10,4.5264,4.7423,4.487,4.7129,8897198,0
2017-01-11,4.7129,4.7423,4.5312,4.595,4886328,0
2017-01-12,4.5852,4.6344,4.4282,4.5067,3830348,0
2017-01-13,4.5459,4.6147,4.5165,4.5459,2274213,0
2017-01-17,4.5264,4.7914,4.5165,4.6147,5521735,0
2017-01-18,4.6245,4.654,4.4183,4.4576,5678141,0
2017-01-19,4.4674,4.5165,4.3496,4.379,5853760,0
2017-01-20,4.3889,4.4724,4.3692,4.3986,5151771,0
2017-01-23,4.4085,4.4183,4.3201,4.3397,2968043,0
2017-01-24,4.3692,4.5117,4.3397,4.487,4602562,0
2017-01-25,4.487,4.5607,4.4183,4.433,2976369,0
2017-01-26,4.4379,4.4969,4.2809,4.2907,6095037,0
2017-01-27,4.3201,4.3496,4.2318,4.2416,3306574,0
2017-01-30,4.2022,4.3496,4.0796,4.3397,3861235,0
2017-01-31,4.3104,4.379,4.1532,4.3692,4356574,0
2017-02-01,4.3692,4.4085,4.2122,4.2219,3648479,0
2017-02-02,4.2122,4.3397,4.1728,4.2612,3447682,0
2017-02-03,4.2907,4.3496,4.2318,4.2907,3082317,0
2017-02-06,4.271,4.3496,4.2022,4.2122,3663974,0
2017-02-07,4.1925,4.2612,4.1337,4.1434,3301651,0
2017-02-08,4.1434,4.2219,4.1041,4.1827,5203082,0
2017-02-09,4.2022,4.3397,4.1925,4.3397,5272801,0
2017-02-10,4.3496,4.379,4.2857,4.3692,2963777,0
2017-02-13,4.33,4.379,4.2809,4.3201,3314443,0
2017-02-14,4.3104,4.4674,4.2809,4.4576,4201891,0
2017-02-15,4.4282,4.5117,4.4183,4.4772,3155337,0
2017-02-16,4.4969,4.497,4.379,4.3889,4324545,0
2017-02-17,4.4282,4.5264,4.3692,4.4576,4216359,0
2017-02-21,4.5264,4.6049,4.4772,4.595,7749052,0
2017-02-22,4.595,4.6344,4.5067,4.5558,3118869,0
2017-02-23,4.5656,4.5656,4.2416,4.3104,9592284,0
2017-02-24,4.3104,4.3889,4.163,4.2514,3844218,0
2017-02-27,4.2612,4.3692,4.2416,4.3692,3912990,0
2017-02-28,4.3594,4.3692,4.0747,4.0943,8619547,0
2017-03-01,4.3561,4.8895,4.3215,4.7709,16550762,0
2017-03-02,4.7314,4.7709,4.6425,4.761,6972909,0
2017-03-03,4.682,4.7314,4.3659,4.5141,7532845,0
2017-03-06,4.4549,4.524,4.2869,4.5141,6202759,0
2017-03-07,4.5042,4.5042,4.3857,4.3857,3765802,0
2017-03-08,4.445,4.603,4.4351,4.5734,3935305,0
2017-03-09,4.5339,4.5832,4.4252,4.5339,3854490,0
2017-03-10,4.5537,4.7265,4.524,4.5635,5125190,0
2017-03-13,4.5537,4.6227,4.4549,4.5635,5084695,0
2017-03-14,4.5537,4.6327,4.4351,4.5537,3328466,0
2017-03-15,4.6227,4.682,4.5042,4.6524,4782352,0
2017-03-16,4.6722,4.7314,4.5734,4.603,4633580,0
2017-03-17,4.5932,4.7562,4.5635,4.7018,7250819,0
2017-03-20,4.7709,4.8005,4.608,4.6524,4738011,0
2017-03-21,4.6425,4.6425,4.3314,4.4252,5307036,0
2017-03-22,4.4154,4.4351,4.3462,4.3561,4824057,0
2017-03-23,4.3659,4.5635,4.3462,4.4549,4378563,0
2017-03-24,4.4351,4.5537,4.4351,4.4746,3678866,0
2017-03-27,4.4154,4.4894,4.3166,4.3659,5675530,0
2017-03-28,4.3264,4.4944,4.3264,4.4746,3461538,0
2017-03-29,4.4351,4.5832,4.3956,4.5339,3669945,0
2017-03-30,4.5141,4.6129,4.5141,4.5635,2972439,0
2017-03-31,4.5635,4.7166,4.5537,4.603,3693542,0
2017-04-03,4.6227,4.6475,4.524,4.6327,4054198,0
2017-04-04,4.6129,4.9783,4.5734,4.7512,14315902,0
2017-04-05,4.6622,4.761,4.5437,4.6327,10121720,0
2017-04-06,4.6425,4.84,4.6327,4.7709,6692187,0
2017-04-07,4.7512,4.8055,4.6524,4.7215,6436734,0
2017-04-10,4.7215,4.8005,4.6919,4.7413,2644960,0
2017-04-11,4.7413,4.7907,4.6524,4.7314,3060886,0
2017-04-12,4.7018,4.7462,4.6574,4.7018,2246168,0
2017-04-13,4.682,4.7413,4.5832,4.5932,2485298,0
2017-04-17,4.5832,4.682,4.5437,4.6722,2097216,0
2017-04-18,4.6622,4.6919,4.5734,4.6524,2300051,0
2017-04-19,4.6524,4.8302,4.6227,4.7215,3946433,0
2017-04-20,4.7808,4.9388,4.761,4.8895,4181360,0
2017-04-21,4.8895,4.8993,4.761,4.8105,3072106,0
2017-04-24,4.8993,4.9092,4.8302,4.8795,3663880,0
2017-04-25,4.9388,5.087,4.9092,5.0179,5988582,0
2017-04-26,5.0179,5.087,4.9981,5.0179,4236724,0
2017-04-27,5.0179,5.0574,4.8795,4.9685,4462411,0
2017-04-28,4.9981,4.9981,4.8795,4.9092,3175332,0
2017-05-01,4.9487,5.087,4.8747,4.9586,6554091,0
2017-05-02,4.9685,5.0179,4.8993,4.9685,4889422,0
2017-05-03,4.9586,4.9586,4.8648,4.8895,3957479,0
2017-05-04,4.9191,5.0377,4.8895,4.9783,4763408,0
2017-05-05,4.9783,5.0574,4.9487,5.0179,3750856,0
2017-05-08,5.0377,5.0772,4.9388,5.0475,5788161,0
2017-05-09,5.3636,5.4723,5.1463,5.1957,9619811,0
2017-05-10,5.1858,5.2648,5.0772,5.1265,6197002,0
2017-05-11,5.087,5.1167,4.8993,5.0377,6213256,0
2017-05-12,4.9783,5.1167,4.8795,5.087,7398673,0
2017-05-15,5.1167,5.2155,5.0673,5.1167,8046760,0
2017-05-16,5.1068,5.166,4.9685,5.1265,7440495,0
2017-05-17,5.0574,5.087,4.929,4.9586,9028654,0
2017-05-18,4.9586,5.0673,4.929,4.9685,9502810,0
2017-05-19,4.9586,5.0475,4.8747,4.9685,7527527,0
2017-05-22,4.9981,5.1167,4.929,5.008,6023219,0
2017-05-23,5.0427,5.0576,4.9038,4.9733,7374843,0
2017-05-24,4.9832,4.9931,4.874,4.9335,6593312,0
2017-05-25,4.9335,5.0824,4.9335,5.003,4820006,0
2017-05-26,4.9931,5.0477,4.9534,5.003,4080728,0
2017-05-30,4.9931,5.0824,4.9633,5.0328,4944529,0
2017-05-31,5.0427,5.0824,4.9435,5.0725,6988747,0
2017-06-01,5.0328,5.1619,5.0229,5.1222,10380156,0
2017-06-02,5.1321,5.3802,5.0725,5.3604,18554498,0
2017-06-05,5.3802,5.4001,5.0924,5.1222,7836090,0
2017-06-06,5.0824,5.1519,4.9633,5.1122,6884308,0
2017-06-07,5.0626,5.2313,5.0626,5.1519,9512561,0
2017-06-08,5.1519,5.3405,5.142,5.281,6947706,0
2017-06-09,5.3207,5.5291,5.2711,5.5192,10863733,0
2017-06-12,5.4894,5.6284,5.4597,5.6185,15959423,0
2017-06-13,5.6483,5.6582,5.549,5.5788,7899896,0
2017-06-14,5.5788,5.6185,5.4299,5.5689,8129851,0
2017-06-15,5.4994,5.5788,5.4696,5.4795,4779684,0
2017-06-16,5.42,5.42,5.2313,5.3802,11548604,0
2017-06-19,5.4001,5.4795,5.3108,5.4001,4618454,0
2017-06-20,5.3802,5.4497,5.3505,5.3604,5406668,0
2017-06-21,5.3505,5.42,5.3108,5.3505,4364873,0
2017-06-22,5.4001,5.6483,5.3802,5.4696,9167367,0
2017-06-23,5.4795,5.5788,5.41,5.5589,7360524,0
2017-06-26,5.6086,5.6184,5.4894,5.5391,5832258,0
2017-06-27,5.5589,5.6086,5.5143,5.5391,3902810,0
2017-06-28,5.5689,5.6383,5.4994,5.6086,7132808,0
2017-06-29,5.6284,5.7178,5.5192,5.6036,6757563,0
2017-06-30,5.6383,5.6582,5.549,5.5986,5518723,0
2017-07-03,5.6086,5.678,5.5589,5.6185,1953958,0
2017-07-05,5.6086,5.678,5.549,5.6284,4711573,0
2017-07-06,5.5788,5.6483,5.5192,5.5291,5252193,0
2017-07-07,5.5192,5.7277,5.4696,5.678,5528888,0
2017-07-10,5.688,5.6979,5.5391,5.549,9311972,0
2017-07-11,5.5788,5.683,5.4597,5.4696,7449197,0
2017-07-12,5.4994,5.688,5.4994,5.6185,6575924,0
2017-07-13,5.6483,5.7972,5.5937,5.7972,4711982,0
2017-07-14,5.7773,5.7823,5.6582,5.6979,5836091,0
2017-07-17,5.6979,5.817,5.6979,5.7872,4781537,0
2017-07-18,5.7872,5.8964,5.7575,5.8468,8258029,0
2017-07-19,5.9163,6.0056,5.8468,5.9659,7757698,0
2017-07-20,5.9957,6.0652,5.9659,6.0453,3982033,0
2017-07-21,6.1049,6.1049,5.8716,5.8865,3306261,0
2017-07-24,5.8766,5.9163,5.7277,5.7872,4039559,0
2017-07-25,5.817,6.0007,5.7773,5.956,8185995,0
2017-07-26,5.9064,5.938,5.8319,5.8369,3565507,0
2017-07-27,5.8567,5.9262,5.7674,5.8369,4202558,0
2017-07-28,5.8071,5.8369,5.7078,5.7227,4701294,0
2017-07-31,5.817,5.9758,5.7078,5.8269,7166792,0
2017-08-01,5.8667,5.8667,5.6582,5.7773,3912122,0
2017-08-02,5.7674,5.8667,5.7277,5.7575,3974296,0
2017-08-03,5.7475,5.7872,5.6979,5.7872,3364039,0
2017-08-04,5.7575,5.9163,5.7178,5.8964,3773934,0
2017-08-07,5.8964,6.1942,5.8567,6.1247,8058128,0
2017-08-08,6.1545,6.2091,6.0453,6.0652,8343816,0
2017-08-09,5.1122,5.2711,4.4769,4.4968,25592392,0
2017-08-10,4.5266,4.6357,4.3975,4.4174,11693963,0
2017-08-11,4.4471,4.4868,4.1791,4.2387,11475267,0
2017-08-14,4.2585,4.3578,4.2486,4.2982,8010424,0
2017-08-15,4.2784,4.3578,4.199,4.2188,4589663,0
2017-08-16,4.2188,4.3181,4.2089,4.2883,5853739,0
2017-08-17,4.2486,4.2982,4.06,4.06,7619620,0
2017-08-18,4.06,4.1493,4.0401,4.0898,6319665,0
2017-08-21,4.0997,4.1394,4.0104,4.0401,3590715,0
2017-08-22,4.0501,4.1394,4.0401,4.06,4780611,0
2017-08-23,4.05,4.1,3.95,3.96,7935411,0
2017-08-24,4,4.09,4,4.04,5782614,0
2017-08-25,4.04,4.16,3.99,4.14,4178591,0
2017-08-28,4.14,4.27,4.09,4.22,4746081,0
2017-08-29,4.15,4.19,4.02,4.18,4417181,0
2017-08-30,4.17,4.27,4.16,4.17,3561345,0
2017-08-31,4.19,4.3,4.13,4.29,11958631,0
2017-09-01,4.26,4.31,4.16,4.3,3673056,0
2017-09-05,4.29,4.41,4.2,4.26,4198104,0
2017-09-06,4.3,4.36,4.29,4.33,2756679,0
2017-09-07,4.34,4.38,4.27,4.31,3398897,0
2017-09-08,4.31,4.34,4.27,4.33,2812087,0
2017-09-11,4.35,4.42,4.35,4.37,3218485,0
2017-09-12,4.41,4.535,4.4,4.51,3629861,0
2017-09-13,4.52,4.62,4.5,4.59,5828661,0
2017-09-14,4.61,4.61,4.49,4.52,2833978,0
2017-09-15,4.54,4.555,4.46,4.48,6250535,0
2017-09-18,4.51,4.53,4.4,4.42,3161005,0
2017-09-19,4.42,4.465,4.34,4.35,4040942,0
2017-09-20,4.35,4.365,4.28,4.3,4263709,0
2017-09-21,4.31,4.395,4.27,4.29,4190099,0
2017-09-22,4.26,4.46,4.26,4.37,4960610,0
2017-09-25,4.33,4.465,4.31,4.43,2992030,0
2017-09-26,4.44,4.515,4.41,4.45,3479330,0
2017-09-27,4.48,4.56,4.4,4.52,4264675,0
2017-09-28,4.5,4.575,4.49,4.56,2191688,0
2017-09-29,4.58,4.63,4.52,4.54,4306268,0
2017-10-02,4.54,4.58,4.455,4.53,6283138,0
2017-10-03,4.56,4.65,4.56,4.59,3916964,0
2017-10-04,4,4,3.66,3.78,24520905,0
2017-10-05,3.81,3.83,3.74,3.79,7651726,0
2017-10-06,3.81,3.97,3.81,3.94,11636826,0
2017-10-09,3.94,3.98,3.82,3.84,3442512,0
2017-10-10,3.88,3.88,3.72,3.76,5925678,0
2017-10-11,3.75,3.79,3.65,3.7,7155981,0
2017-10-12,3.71,3.77,3.67,3.74,5718835,0
2017-10-13,3.76,3.93,3.76,3.81,5145873,0
2017-10-16,3.83,3.92,3.78,3.78,4739675,0
2017-10-17,3.79,3.865,3.74,3.76,4578314,0
2017-10-18,3.79,3.8,3.7,3.7,4368978,0
2017-10-19,3.67,3.715,3.635,3.67,4943764,0
2017-10-20,3.7,3.79,3.67,3.78,3936301,0
2017-10-23,3.8,3.85,3.73,3.73,4773630,0
2017-10-24,3.78,3.78,3.705,3.73,3615655,0
2017-10-25,3.71,3.745,3.63,3.71,2850807,0
2017-10-26,3.71,3.77,3.69,3.73,2887620,0
2017-10-27,3.72,3.75,3.665,3.72,3210758,0
2017-10-30,3.52,3.57,2.97,3.04,15483026,0
2017-10-31,3.1,3.145,3.06,3.1,11247904,0
2017-11-01,3.11,3.16,3.08,3.12,6688337,0
2017-11-02,3.1,3.28,3.1,3.19,6915071,0
2017-11-03,3.19,3.27,3.17,3.23,3873831,0
2017-11-06,3.21,3.28,3.2,3.22,3074976,0
2017-11-07,3.19,3.2,3.06,3.095,3673773,0
2017-11-08,3.08,3.16,2.985,3.01,7702210,0
2017-11-09,3.22,3.26,2.975,3.25,9961222,0
2017-11-10,3.29,3.465,3.225,3.27,6815517,0
