2016-01-04,12.552,12.693,12.298,12.353,763765,0
2016-01-05,12.411,12.514,12.27,12.392,617874,0
2016-01-06,12.221,12.372,12.186,12.289,971063,0
2016-01-07,12.109,12.241,11.875,11.912,1433916,0
2016-01-08,12.043,12.043,11.714,11.724,687860,0
2016-01-11,11.79,11.968,11.688,11.771,881853,0
2016-01-12,11.761,11.912,11.479,11.733,2215486,0
2016-01-13,11.678,11.761,11.197,11.264,1319229,0
2016-01-14,11.386,11.479,11.216,11.292,1253833,0
2016-01-15,10.953,11.235,10.896,11.225,1737662,0
2016-01-19,11.347,11.434,10.925,11.066,1283683,0
2016-01-20,10.869,11.133,10.663,11.056,1187139,0
2016-01-21,11.093,11.235,10.821,10.86,1314873,0
2016-01-22,10.99,11.066,10.878,10.972,1067039,0
2016-01-25,10.915,10.976,10.576,10.614,794035,0
2016-01-26,10.634,10.967,10.634,10.962,1505669,0
2016-01-27,10.906,11.264,10.84,11.056,1270967,0
2016-01-28,11.17,11.372,11.151,11.225,1388545,0
2016-01-29,11.225,11.611,11.197,11.583,2236251,0
2016-02-01,11.489,11.527,10.962,10.972,1821149,0
2016-02-02,10.803,11.043,10.55,10.653,1078276,0
2016-02-03,10.766,10.901,10.291,10.595,1499878,0
2016-02-04,10.595,10.869,10.576,10.723,1097649,0
2016-02-05,10.747,10.812,10.521,10.521,909817,0
2016-02-08,10.409,10.812,10.239,10.491,1111163,0
2016-02-09,10.304,10.671,10.304,10.576,906910,0
2016-02-10,10.663,10.774,10.418,10.418,706074,0
2016-02-11,10.182,10.389,10.047,10.2,1012147,0
2016-02-12,10.38,10.446,10.182,10.427,1761338,0
2016-02-16,10.84,10.874,10.482,10.774,894411,0
2016-02-17,10.878,10.972,10.653,10.689,721626,0
2016-02-18,10.766,10.766,10.491,10.644,934373,0
2016-02-19,10.595,10.774,10.55,10.708,867419,0
2016-02-22,10.84,10.878,10.728,10.774,811934,0
2016-02-23,10.718,10.85,10.37,10.473,1047197,0
2016-02-24,10.37,10.431,10.177,10.427,1460759,0
2016-02-25,10.473,10.55,10.341,10.531,1373884,0
2016-02-26,10.586,10.901,10.531,10.825,943389,0
2016-02-29,10.844,10.939,10.615,10.615,708778,0
2016-03-01,10.682,10.967,10.635,10.93,731195,0
2016-03-02,10.949,11.063,10.868,11.054,654852,0
2016-03-03,11.034,11.301,11.034,11.301,698191,0
2016-03-04,11.357,11.435,11.263,11.425,1351115,0
2016-03-07,11.387,11.5,11.347,11.452,556708,0
2016-03-08,11.338,11.449,11.204,11.253,937302,0
2016-03-09,11.301,11.357,11.168,11.224,747321,0
2016-03-10,11.872,11.872,11.058,11.224,1224583,0
2016-03-11,11.377,11.614,11.32,11.614,935606,0
2016-03-14,11.586,11.614,11.415,11.558,596781,0
2016-03-15,11.491,11.528,11.306,11.32,1122246,0
2016-03-16,11.273,11.461,11.1,11.177,1149929,0
2016-03-17,11.14,11.461,10.972,11.415,1551625,0
2016-03-18,11.5,11.624,11.387,11.519,2261550,0
2016-03-21,11.538,11.577,11.357,11.519,1009497,0
2016-03-22,11.481,11.614,11.367,11.461,1130092,0
2016-03-23,11.415,11.533,11.234,11.244,1029816,0
2016-03-24,11.186,11.311,10.949,11.301,1498903,0
2016-03-28,11.32,11.395,11.168,11.291,731071,0
2016-03-29,11.491,11.614,11.209,11.604,1792810,0
2016-03-30,11.642,11.796,11.601,11.709,1116282,0
2016-03-31,11.662,11.766,11.529,11.596,906979,0
2016-04-01,11.491,11.652,11.387,11.642,817385,0
2016-04-04,11.652,11.702,11.519,11.568,675335,0
2016-04-05,11.435,11.642,11.32,11.32,815149,0
2016-04-06,11.357,11.42,11.263,11.377,669624,0
2016-04-07,11.273,11.481,11.016,11.072,815435,0
2016-04-08,11.168,11.357,11.1,11.15,526065,0
2016-04-11,11.214,11.435,11.081,11.214,662084,0
2016-04-12,11.273,11.481,11.273,11.461,640754,0
2016-04-13,11.586,11.918,11.586,11.89,881636,0
2016-04-14,11.842,12.105,11.796,11.938,652663,0
2016-04-15,11.9,12.018,11.881,11.938,624793,0
2016-04-18,11.852,12.081,11.842,12.032,663223,0
2016-04-19,12.09,12.29,12.022,12.222,929408,0
2016-04-20,12.196,12.319,12.081,12.271,717281,0
2016-04-21,12.261,12.375,12.232,12.281,607547,0
2016-04-22,12.328,12.452,12.286,12.375,596382,0
2016-04-25,12.356,12.414,12.147,12.375,1126189,0
2016-04-26,12.394,12.631,12.337,12.594,1119130,0
2016-04-27,12.557,12.728,12.518,12.709,1723001,0
2016-04-28,12.577,12.719,12.461,12.557,1269912,0
2016-04-29,12.48,12.745,12.471,12.745,4404066,0
2016-05-02,12.918,12.918,12.176,12.281,2426199,0
2016-05-03,12.09,12.204,11.948,12.166,1338413,0
2016-05-04,12.118,12.222,11.89,12.081,1711508,0
2016-05-05,12.062,12.176,11.815,11.862,2442909,0
2016-05-06,11.747,11.9,11.692,11.833,2181733,0
2016-05-09,11.938,12.018,11.842,11.89,1514781,0
2016-05-10,11.909,12.062,11.877,12.013,1966933,0
2016-05-11,11.976,12.123,11.9,11.909,1030093,0
2016-05-12,11.966,12.052,11.776,11.852,785543,0
2016-05-13,11.824,11.996,11.614,11.692,656906,0
2016-05-16,11.738,11.938,11.728,11.842,458689,0
2016-05-17,11.842,11.966,11.657,11.709,829258,0
2016-05-18,11.702,12.081,11.702,12.072,2114296,0
2016-05-19,12.013,12.147,11.852,11.918,805853,0
2016-05-20,11.957,12.181,11.957,12.109,874987,0
2016-05-23,12.09,12.196,12.01,12.109,862340,0
2016-05-24,12.214,12.394,12.157,12.375,1068708,0
2016-05-25,12.433,12.622,12.375,12.552,860394,0
2016-05-26,12.557,12.585,12.409,12.442,846527,0
2016-05-27,12.471,12.605,12.466,12.586,654768,0
2016-05-31,12.614,12.722,12.553,12.643,908521,0
2016-06-01,12.605,12.712,12.442,12.673,876736,0
2016-06-02,12.653,12.778,12.563,12.748,859763,0
2016-06-03,12.614,12.693,12.289,12.624,1620047,0
2016-06-06,12.643,12.863,12.643,12.778,902528,0
2016-06-07,12.768,12.818,12.703,12.712,682831,0
2016-06-08,12.683,12.828,12.643,12.738,847799,0
2016-06-09,12.653,12.653,12.433,12.548,791904,0
2016-06-10,12.404,12.471,12.299,12.414,934491,0
2016-06-13,12.365,12.538,12.23,12.259,1230419,0
2016-06-14,12.203,12.308,12.048,12.077,802124,0
2016-06-15,12.144,12.327,12.053,12.115,639306,0
2016-06-16,11.981,12.001,11.808,11.913,1017771,0
2016-06-17,11.962,12.134,11.884,11.991,995887,0
2016-06-20,12.183,12.414,12.106,12.125,659716,0
2016-06-21,12.134,12.308,12.028,12.125,379761,0
2016-06-22,12.125,12.289,12.028,12.077,465854,0
2016-06-23,12.212,12.519,12.212,12.509,617890,0
2016-06-24,11.856,12.038,11.654,11.711,1282946,0
2016-06-27,11.529,11.695,11.126,11.221,1484424,0
2016-06-28,11.444,11.625,11.29,11.461,1091441,0
2016-06-29,11.644,11.769,11.519,11.75,912314,0
2016-06-30,11.789,12.038,11.694,12.038,1085282,0
2016-07-01,11.943,12.01,11.779,11.866,489243,0
2016-07-05,11.769,11.808,11.471,11.605,723687,0
2016-07-06,11.491,11.75,11.424,11.684,1068839,0
2016-07-07,11.694,11.933,11.625,11.75,690766,0
2016-07-08,11.943,12.096,11.856,11.962,765407,0
2016-07-11,12.106,12.22,12.068,12.163,634058,0
2016-07-12,12.318,12.485,12.203,12.433,755379,0
2016-07-13,12.499,12.499,12.336,12.433,479894,0
2016-07-14,12.596,12.693,12.538,12.614,589217,0
2016-07-15,12.722,12.753,12.596,12.643,572965,0
2016-07-18,12.663,12.703,12.548,12.558,622207,0
2016-07-19,12.49,12.693,12.471,12.528,906167,0
2016-07-20,12.596,12.596,12.471,12.49,689161,0
2016-07-21,12.519,12.528,12.384,12.394,508416,0
2016-07-22,12.442,12.578,12.355,12.568,375103,0
2016-07-25,12.519,12.568,12.48,12.519,363683,0
2016-07-26,12.499,12.596,12.49,12.586,306859,0
2016-07-27,12.605,12.758,12.568,12.624,592314,0
2016-07-28,12.578,12.653,12.471,12.605,344639,0
2016-07-29,12.586,12.673,12.48,12.643,975483,0
2016-08-01,12.828,12.913,12.519,12.538,1184241,0
2016-08-02,12.538,12.712,12.424,12.633,1016351,0
2016-08-03,12.596,12.798,12.596,12.778,496825,0
2016-08-04,12.788,12.933,12.743,12.758,945629,0
2016-08-05,12.893,13.172,12.856,13.172,1143291,0
2016-08-08,13.23,13.23,13.096,13.211,807479,0
2016-08-09,13.258,13.297,13.134,13.24,649309,0
2016-08-10,13.258,13.258,13.038,13.077,555189,0
2016-08-11,13.077,13.162,13.057,13.105,652055,0
2016-08-12,13.067,13.134,12.961,13.134,538074,0
2016-08-15,13.143,13.278,13.134,13.278,467699,0
2016-08-16,13.202,13.287,13.182,13.202,645277,0
2016-08-17,13.162,13.268,13.162,13.211,653773,0
2016-08-18,13.211,13.336,13.182,13.317,785389,0
2016-08-19,13.268,13.317,13.182,13.287,535994,0
2016-08-22,13.278,13.354,13.202,13.297,454688,0
2016-08-23,13.373,13.403,13.23,13.336,531567,0
2016-08-24,13.336,13.403,13.225,13.297,781060,0
2016-08-25,13.24,13.413,13.202,13.327,583932,0
2016-08-26,13.317,13.432,13.268,13.373,898982,0
2016-08-29,13.354,13.452,13.345,13.403,535051,0
2016-08-30,13.461,13.695,13.403,13.685,878179,0
2016-08-31,13.675,13.771,13.587,13.732,931996,0
2016-09-01,13.771,13.821,13.544,13.665,628281,0
2016-09-02,13.665,13.771,13.587,13.704,853855,0
2016-09-06,13.704,13.732,13.442,13.49,761614,0
2016-09-07,13.461,13.616,13.403,13.606,615364,0
2016-09-08,13.645,13.708,13.596,13.645,614093,0
2016-09-09,13.559,13.712,13.559,13.587,635089,0
2016-09-12,13.519,13.606,13.383,13.606,753342,0
2016-09-13,13.519,13.606,13.286,13.442,824894,0
2016-09-14,13.423,13.461,13.257,13.257,586465,0
2016-09-15,13.228,13.383,13.2,13.345,490661,0
2016-09-16,13.335,13.364,13.17,13.257,2090870,0
2016-09-19,13.306,13.432,13.247,13.306,509210,0
2016-09-20,13.364,13.398,13.277,13.286,359889,0
2016-09-21,13.335,13.437,13.228,13.316,619975,0
2016-09-22,13.345,13.539,13.335,13.539,686578,0
2016-09-23,13.539,13.625,13.442,13.568,677550,0
2016-09-26,13.461,13.48,13.209,13.219,813318,0
2016-09-27,13.16,13.306,13.121,13.277,515455,0
2016-09-28,13.345,13.49,13.286,13.485,1062104,0
2016-09-29,13.519,13.578,13.296,13.326,1159593,0
2016-09-30,13.373,13.68,13.363,13.635,916822,0
2016-10-03,13.519,13.625,13.432,13.48,704051,0
2016-10-04,13.529,13.616,13.432,13.48,710298,0
2016-10-05,13.529,13.771,13.519,13.712,654786,0
2016-10-06,13.732,13.732,13.549,13.675,393346,0
2016-10-07,13.665,13.752,13.519,13.722,576682,0
2016-10-10,13.811,13.887,13.771,13.821,385752,0
2016-10-11,13.801,13.853,13.596,13.675,495930,0
2016-10-12,13.704,13.742,13.606,13.675,555444,0
2016-10-13,13.578,13.578,13.277,13.383,658941,0
2016-10-14,13.549,13.635,13.383,13.47,776907,0
2016-10-17,13.452,13.504,13.364,13.383,397944,0
2016-10-18,13.509,13.509,13.321,13.452,555547,0
2016-10-19,13.47,13.732,13.461,13.675,398243,0
2016-10-20,13.665,13.761,13.587,13.665,488495,0
2016-10-21,13.529,13.675,13.529,13.655,399865,0
2016-10-24,13.771,13.877,13.732,13.821,389232,0
2016-10-25,13.791,13.853,13.685,13.839,395207,0
2016-10-26,13.761,13.947,13.747,13.878,577563,0
2016-10-27,13.965,14.023,13.858,13.955,499299,0
2016-10-28,14.004,14.004,13.839,13.947,1438773,0
2016-10-31,14.063,14.548,14.013,14.257,1563815,0
2016-11-01,14.305,14.353,13.821,14.013,1177956,0
2016-11-02,13.917,13.965,13.771,13.821,500187,0
2016-11-03,13.917,14.063,13.821,13.868,709444,0
2016-11-04,13.917,14.111,13.821,13.917,669668,0
2016-11-07,14.207,14.353,14.111,14.257,716652,0
2016-11-08,14.159,14.305,14.013,14.207,429196,0
2016-11-09,14.402,14.887,14.305,14.887,1827918,0
2016-11-10,15.033,15.639,14.983,15.518,1862095,0
2016-11-11,15.468,16.098,14.751,16.098,1408236,0
2016-11-14,16.244,16.826,16.22,16.487,1508939,0
2016-11-15,16.244,16.583,15.905,16.487,962832,0
2016-11-16,16.39,16.56,16.244,16.341,1026405,0
2016-11-17,16.341,16.778,16.341,16.583,665279,0
2016-11-18,16.681,16.826,16.535,16.778,751909,0
2016-11-21,16.778,16.875,16.535,16.778,553975,0
2016-11-22,16.681,16.778,16.487,16.778,995982,0
2016-11-23,16.729,17.02,16.657,16.971,643060,0
2016-11-25,17.07,17.07,16.778,16.924,293025,0
2016-11-28,16.778,16.924,16.39,16.633,587565,0
2016-11-29,16.71,16.857,16.466,16.515,1129358,0
2016-11-30,16.71,16.979,16.515,16.661,492222,0
2016-12-01,16.808,16.857,16.515,16.71,1121515,0
2016-12-02,16.759,16.759,16.466,16.515,573348,0
2016-12-05,16.661,16.906,16.613,16.906,709143,0
2016-12-06,17.053,17.346,16.857,17.297,1297338,0
2016-12-07,17.247,17.394,17.125,17.394,926120,0
2016-12-08,17.541,17.736,17.2,17.541,1510243,0
2016-12-09,17.639,17.785,17.444,17.785,1035611,0
2016-12-12,17.834,17.98,17.15,17.297,1162366,0
2016-12-13,17.297,17.541,17.15,17.444,544681,0
2016-12-14,17.297,17.541,17.15,17.297,794615,0
2016-12-15,17.492,17.736,17.297,17.59,1373457,0
2016-12-16,17.639,17.736,17.247,17.394,2419262,0
2016-12-19,17.492,17.639,17.2,17.492,524635,0
2016-12-20,17.492,17.736,17.444,17.688,562989,0
2016-12-21,17.639,17.834,17.541,17.736,454435,0
2016-12-22,17.736,17.883,17.541,17.639,560363,0
2016-12-23,17.688,17.834,17.59,17.736,317951,0
2016-12-27,17.688,17.932,17.688,17.932,407644,0
2016-12-28,17.98,18.03,17.614,17.736,366017,0
2016-12-29,17.736,17.883,17.492,17.688,449076,0
2016-12-30,17.785,17.883,17.639,17.736,455831,0
2017-01-03,18.03,18.127,17.444,17.688,700410,0
2017-01-04,17.785,18.005,17.736,17.932,743381,0
2017-01-05,17.883,17.932,17.297,17.492,531952,0
2017-01-06,17.639,17.736,17.468,17.541,472817,0
2017-01-09,17.394,17.492,17.175,17.2,406648,0
2017-01-10,17.2,17.614,17.15,17.492,796917,0
2017-01-11,17.444,17.492,17.247,17.492,652724,0
2017-01-12,17.394,17.444,17.028,17.15,507593,0
2017-01-13,17.297,17.688,17.247,17.394,472362,0
2017-01-17,17.2,17.247,16.71,16.759,559349,0
2017-01-18,16.857,16.955,16.564,16.906,646921,0
2017-01-19,16.906,17.053,16.613,16.808,502953,0
2017-01-20,16.808,17.003,16.808,16.906,535722,0
2017-01-23,16.759,17.053,16.71,17.053,550357,0
2017-01-24,17.15,17.444,16.564,17.346,1360155,0
2017-01-25,17.59,17.736,17.394,17.59,673442,0
2017-01-26,17.639,17.736,17.444,17.639,404575,0
2017-01-27,17.59,17.639,17.297,17.444,471161,0
2017-01-30,17.297,17.297,16.906,17.2,684126,0
2017-01-31,17.101,17.394,17.003,17.297,737951,0
2017-02-01,17.492,17.639,17.2,17.247,766617,0
2017-02-02,17.15,17.272,16.955,17.15,556433,0
2017-02-03,17.394,17.639,17.297,17.541,621988,0
2017-02-06,17.444,17.59,17.223,17.346,493085,0
2017-02-07,17.394,17.492,17.2,17.297,496588,0
2017-02-08,17.15,17.2,16.857,17.101,667849,0
2017-02-09,17.15,17.444,17.053,17.444,518775,0
2017-02-10,17.492,17.736,17.444,17.736,833652,0
2017-02-13,17.785,18.03,17.785,17.883,1373883,0
2017-02-14,17.834,18.102,17.688,18.079,1130721,0
2017-02-15,18.127,18.371,18.005,18.177,805716,0
2017-02-16,18.177,18.324,18.03,18.274,559787,0
2017-02-17,18.224,18.274,18.079,18.274,563215,0
2017-02-21,18.324,18.469,18.177,18.371,675037,0
2017-02-22,18.224,18.518,18.224,18.371,509266,0
2017-02-23,18.421,18.469,18.088,18.421,710927,0
2017-02-24,18.177,18.371,18.079,18.274,636480,0
2017-02-27,18.254,18.402,18.206,18.304,524529,0
2017-02-28,18.304,18.352,17.935,18.058,665000,0
2017-03-01,18.402,18.648,18.352,18.598,1069059,0
2017-03-02,18.55,18.55,17.96,17.96,651305,0
2017-03-03,18.058,18.206,17.95,18.131,577559,0
2017-03-06,18.058,18.156,17.812,17.96,356643,0
2017-03-07,17.96,18.058,17.787,17.96,364506,0
2017-03-08,18.106,18.206,17.713,17.713,800029,0
2017-03-09,17.762,18.058,17.762,17.91,657961,0
2017-03-10,17.96,17.96,17.491,17.614,666244,0
2017-03-13,17.516,17.86,17.516,17.762,436810,0
2017-03-14,17.614,17.762,17.467,17.713,559793,0
2017-03-15,17.86,17.96,17.566,17.614,826652,0
2017-03-16,17.762,17.86,17.614,17.812,684349,0
2017-03-17,17.762,17.935,17.614,17.86,1411757,0
2017-03-20,17.812,17.812,17.516,17.516,492367,0
2017-03-21,17.516,17.762,16.458,16.483,1595462,0
2017-03-22,16.434,16.582,16.139,16.335,1219928,0
2017-03-23,16.335,16.828,16.286,16.385,1049365,0
2017-03-24,16.089,16.582,16.089,16.434,672212,0
2017-03-27,16.04,16.385,15.819,16.335,552740,0
2017-03-28,16.286,16.729,16.237,16.68,776852,0
2017-03-29,16.582,16.729,16.532,16.582,739250,0
2017-03-30,16.631,17.368,16.582,17.221,866185,0
2017-03-31,17.221,17.467,17.024,17.024,832184,0
2017-04-03,17.024,17.123,16.557,16.877,836690,0
2017-04-04,16.778,16.975,16.631,16.778,595024,0
2017-04-05,16.975,17.024,16.385,16.434,1064448,0
2017-04-06,16.335,16.729,16.237,16.68,765836,0
2017-04-07,16.483,16.705,16.434,16.582,811435,0
2017-04-10,16.68,16.778,16.286,16.483,677999,0
2017-04-11,16.385,16.655,16.237,16.631,838882,0
2017-04-12,16.729,16.729,16.335,16.434,732799,0
2017-04-13,16.385,16.434,15.991,16.04,778061,0
2017-04-17,16.089,16.286,15.843,16.188,2773977,0
2017-04-18,16.089,16.188,15.794,16.089,1621571,0
2017-04-19,16.188,16.385,16.016,16.089,927103,0
2017-04-20,16.286,16.557,16.04,16.532,1400522,0
2017-04-21,16.532,16.68,16.286,16.582,1087444,0
2017-04-24,16.926,17.221,16.582,17.172,1314550,0
2017-04-25,17.221,17.418,16.828,16.877,881580,0
2017-04-26,16.729,17.221,16.68,16.926,1065403,0
2017-04-27,17.074,17.221,16.729,16.877,909450,0
2017-04-28,16.926,17,16.483,16.532,820164,0
2017-05-01,16.68,16.901,16.385,16.828,1151041,0
2017-05-02,16.877,16.877,16.483,16.68,856718,0
2017-05-03,16.631,16.852,16.532,16.778,824785,0
2017-05-04,16.926,17.123,16.828,16.926,716205,0
2017-05-05,16.926,17.024,16.729,16.828,513376,0
2017-05-08,16.828,16.926,16.68,16.926,699398,0
2017-05-09,16.926,17.074,16.621,16.778,596881,0
2017-05-10,16.729,16.852,16.582,16.582,677905,0
2017-05-11,16.532,16.68,16.237,16.385,909787,0
2017-05-12,16.237,16.286,15.991,16.237,724795,0
2017-05-15,16.286,16.483,16.286,16.434,659583,0
2017-05-16,16.434,16.557,16.286,16.532,798558,0
2017-05-17,16.237,16.237,15.622,15.794,1283477,0
2017-05-18,15.794,16.04,15.72,15.991,944103,0
2017-05-19,15.942,16.188,15.794,15.893,941386,0
2017-05-22,15.942,15.991,15.72,15.843,1054887,0
2017-05-23,15.893,16.188,15.72,16.139,572425,0
2017-05-24,16.188,16.188,15.893,16.089,467049,0
2017-05-25,16.089,16.188,15.917,16.04,661033,0
2017-05-26,16.04,16.04,15.843,15.843,385678,0
2017-05-30,15.824,15.923,15.551,15.774,711039,0
2017-05-31,15.774,15.774,15.377,15.724,1404525,0
2017-06-01,15.724,15.923,15.551,15.873,1430497,0
2017-06-02,15.774,16.072,15.675,15.873,1099413,0
2017-06-05,15.873,16.072,15.824,15.923,737039,0
2017-06-06,15.774,15.923,15.625,15.774,687986,0
2017-06-07,15.824,16.121,15.774,16.072,810106,0
2017-06-08,16.121,16.94,16.004,16.716,1264965,0
2017-06-09,16.766,17.634,16.766,17.361,1683630,0
2017-06-12,17.361,17.783,17.188,17.411,1610193,0
2017-06-13,17.51,17.659,17.336,17.46,872897,0
2017-06-14,17.212,17.46,16.964,17.411,1045335,0
2017-06-15,17.312,17.56,17.237,17.361,667206,0
2017-06-16,17.212,17.361,17.064,17.163,2665801,0
2017-06-19,17.312,17.46,16.94,17.064,865720,0
2017-06-20,17.014,17.014,16.766,16.766,512783,0
2017-06-21,16.816,16.865,16.568,16.568,822115,0
2017-06-22,16.518,16.667,16.369,16.419,541978,0
2017-06-23,16.568,16.568,16.196,16.27,1192698,0
2017-06-26,16.32,16.592,16.22,16.518,715789,0
2017-06-27,16.568,16.766,16.468,16.617,564942,0
2017-06-28,16.766,16.989,16.716,16.915,782799,0
2017-06-29,17.212,17.46,17.014,17.212,1397754,0
2017-06-30,17.312,17.361,16.989,17.113,615719,0
2017-07-03,17.212,17.634,17.163,17.609,476192,0
2017-07-05,17.609,17.609,17.237,17.361,757209,0
2017-07-06,17.361,17.46,17.163,17.212,779777,0
2017-07-07,17.312,17.361,17.039,17.361,576169,0
2017-07-10,17.262,17.312,17.064,17.113,540964,0
2017-07-11,17.064,17.163,16.915,17.113,767830,0
2017-07-12,17.064,17.212,16.915,17.014,699025,0
2017-07-13,17.064,17.286,16.964,17.113,760423,0
2017-07-14,16.915,17.064,16.756,16.964,886401,0
2017-07-17,16.964,16.964,16.667,16.816,1284631,0
2017-07-18,16.716,16.816,16.518,16.716,1065581,0
2017-07-19,16.716,16.865,16.617,16.766,620234,0
2017-07-20,16.766,16.816,16.518,16.617,821883,0
2017-07-21,16.816,16.816,16.369,16.468,1066365,0
2017-07-24,16.468,16.617,16.369,16.617,628766,0
2017-07-25,17.113,17.113,16.518,16.617,875672,0
2017-07-26,16.716,16.716,16.171,16.27,674182,0
2017-07-27,16.32,16.394,16.072,16.171,972281,0
2017-07-28,16.121,16.146,15.873,16.072,845843,0
2017-07-31,16.121,16.22,16.022,16.171,978376,0
2017-08-01,16.171,16.32,16.072,16.27,622802,0
2017-08-02,16.22,16.32,16.121,16.22,450196,0
2017-08-03,16.171,16.275,16.072,16.072,454341,0
2017-08-04,16.27,16.468,16.22,16.419,719176,0
2017-08-07,16.419,16.468,16.27,16.32,657402,0
2017-08-08,16.27,16.766,15.972,16.468,1275886,0
2017-08-09,16.419,16.617,16.32,16.518,1177121,0
2017-08-10,16.468,16.518,16.32,16.32,930347,0
2017-08-11,16.419,16.468,16.072,16.171,842572,0
2017-08-14,16.32,16.741,16.27,16.667,630698,0
2017-08-15,16.766,16.915,16.568,16.568,618688,0
2017-08-16,16.716,16.766,16.444,16.518,486069,0
2017-08-17,16.419,16.518,16.096,16.121,951030,0
2017-08-18,15.972,16.22,15.923,16.121,546586,0
2017-08-21,16.072,16.121,15.948,16.072,362869,0
2017-08-22,16.121,16.171,15.972,16.121,718336,0
2017-08-23,15.972,16.22,15.962,16.22,708877,0
2017-08-24,16.22,16.32,16.072,16.27,596714,0
2017-08-25,16.32,16.493,16.295,16.419,422333,0
2017-08-28,16.468,16.518,16.171,16.369,508227,0
2017-08-29,16.171,16.32,16.072,16.27,486726,0
2017-08-30,16.3,16.45,16.25,16.35,404486,0
2017-08-31,16.35,16.45,16.275,16.35,584228,0
2017-09-01,16.35,16.525,16.35,16.45,438151,0
2017-09-05,16.35,16.5,15.9,15.95,747107,0
2017-09-06,16.05,16.15,15.9,15.95,502263,0
2017-09-07,15.95,15.95,15.375,15.525,587265,0
2017-09-08,15.55,15.8,15.5,15.7,507883,0
2017-09-11,15.85,16.15,15.8,16.05,569909,0
2017-09-12,16.05,16.45,16.05,16.45,424130,0
2017-09-13,16.45,16.575,16.375,16.5,479858,0
2017-09-14,16.5,16.6,16.3,16.35,560171,0
2017-09-15,16.4,16.5,16.25,16.4,1823403,0
2017-09-18,16.45,16.8,16.25,16.7,403591,0
2017-09-19,17,17,16.8,16.9,917938,0
2017-09-20,16.95,17.35,16.75,17.25,902780,0
2017-09-21,17.25,17.35,17.15,17.15,493252,0
2017-09-22,17.15,17.5,17.05,17.45,755928,0
2017-09-25,17.45,17.65,17.3,17.6,917311,0
2017-09-26,17.65,17.68,17.45,17.65,779353,0
2017-09-27,17.75,18.4,17.75,18.1,1260360,0
2017-09-28,18.2,18.35,17.9,18.3,763575,0
2017-09-29,18.25,18.455,17.66,18.3,777955,0
2017-10-02,18.35,18.55,18.175,18.55,944777,0
2017-10-03,18.5,18.5,18.225,18.4,797917,0
2017-10-04,18.5,18.55,18.1,18.25,830547,0
2017-10-05,18.35,18.65,18.3,18.45,744723,0
2017-10-06,18.45,18.65,18.35,18.4,406091,0
2017-10-09,18.5,18.65,18.3,18.35,874508,0
2017-10-10,18.3,18.55,18.25,18.45,698415,0
2017-10-11,18.45,18.55,18.35,18.45,671395,0
2017-10-12,18.45,18.625,18.375,18.4,1056844,0
2017-10-13,18.4,18.5,18.15,18.35,450308,0
2017-10-16,18.2,18.5,18.2,18.45,786066,0
2017-10-17,18.45,18.5,18.275,18.4,1006011,0
2017-10-18,18.45,18.7,18.4,18.5,764324,0
2017-10-19,18.35,18.6,18.25,18.5,777291,0
2017-10-20,18.75,18.875,18.55,18.6,896405,0
2017-10-23,18.7,18.75,18.45,18.55,572588,0
2017-10-24,18.45,18.75,18.4,18.7,1106116,0
2017-10-25,18.75,18.8,18.45,18.75,836668,0
2017-10-26,18.75,18.75,18.55,18.6,1001458,0
2017-10-27,18.6,18.7,18.5,18.7,700072,0
2017-10-30,18.65,18.65,17.95,18.2,1225916,0
2017-10-31,18.25,18.45,18.15,18.2,585700,0
2017-11-01,18.4,18.45,18,18.05,617058,0
2017-11-02,18,18.35,17.9,18.35,763366,0
2017-11-03,18.4,18.484,18.15,18.2,1023610,0
2017-11-06,18.25,18.25,18,18.05,352521,0
2017-11-07,18.05,18.1,17.5,17.5,928445,0
2017-11-08,17.4,17.4,17.15,17.25,507915,0
2017-11-09,17.15,17.35,16.9,17.1,585607,0
2017-11-10,17.05,17.25,16.95,16.95,609408,0
