2016-01-04,19.431,19.603,19.163,19.594,683711,0
2016-01-05,19.584,19.865,19.307,19.701,754077,0
2016-01-06,19.548,19.819,19.404,19.772,2286931,0
2016-01-07,19.514,19.647,19.029,19.054,647218,0
2016-01-08,19.126,19.225,18.902,18.929,753843,0
2016-01-11,18.973,19.091,18.372,18.669,829642,0
2016-01-12,18.757,18.893,18.489,18.703,829579,0
2016-01-13,18.748,18.858,18.219,18.344,966551,0
2016-01-14,18.344,19.36,18.327,19.225,1453462,0
2016-01-15,18.839,19.037,18.489,18.966,1323134,0
2016-01-19,19.054,19.413,18.873,19.334,2321763,0
2016-01-20,19.072,19.1,17.706,18.65,2225833,0
2016-01-21,18.732,19.144,18.516,18.92,1218857,0
2016-01-22,19.072,19.666,19.072,19.639,660082,0
2016-01-25,19.576,19.676,19.054,19.117,1059427,0
2016-01-26,19.189,19.523,19.091,19.46,850644,0
2016-01-27,19.404,19.557,19.144,19.287,548698,0
2016-01-28,19.485,19.603,19.287,19.369,615179,0
2016-01-29,19.413,19.739,19.383,19.548,885782,0
2016-02-01,19.451,19.494,19.271,19.307,697730,0
2016-02-02,19.126,19.485,18.893,19.072,910407,0
2016-02-03,19.163,19.325,18.873,19.054,818077,0
2016-02-04,18.966,19.35,18.849,19.271,760887,0
2016-02-05,19.216,19.261,18.678,18.687,870007,0
2016-02-08,18.507,18.659,17.517,17.652,977998,0
2016-02-09,17.436,17.491,16.799,16.808,1291603,0
2016-02-10,16.916,17.14,16.808,16.834,1655673,0
2016-02-11,16.654,16.916,16.447,16.52,762379,0
2016-02-12,16.573,16.717,16.188,16.34,1323489,0
2016-02-16,16.52,16.673,16.286,16.349,1813577,0
2016-02-17,16.484,17.094,16.349,16.933,2795801,0
2016-02-18,17.006,17.292,16.862,17.086,1282886,0
2016-02-19,16.996,17.333,16.834,17.077,1300461,0
2016-02-22,17.22,17.483,17.216,17.356,1263504,0
2016-02-23,17.347,17.773,17.292,17.706,971941,0
2016-02-24,17.553,18.001,17.508,17.94,1370856,0
2016-02-25,18.021,18.381,17.895,18.31,1113998,0
2016-02-26,17.949,18.3,17.849,18.03,1247691,0
2016-02-29,18.003,18.533,17.926,18.381,1484795,0
2016-03-01,18.479,18.912,18.313,18.732,1614837,0
2016-03-02,18.713,19.253,18.713,18.973,1401808,0
2016-03-03,18.946,19.373,18.902,19.325,1387587,0
2016-03-04,19.287,19.62,19.212,19.378,955878,0
2016-03-07,19.315,19.548,19.234,19.343,812644,0
2016-03-08,19.343,19.414,18.995,18.995,758858,0
2016-03-09,19.058,19.27,18.949,19.058,1050917,0
2016-03-10,19.141,19.284,18.621,18.804,907989,0
2016-03-11,18.949,19.186,18.731,18.949,2212468,0
2016-03-14,18.931,19.087,18.795,18.885,1158742,0
2016-03-15,18.766,18.859,18.667,18.712,571053,0
2016-03-16,18.629,18.931,18.384,18.74,1171255,0
2016-03-17,18.766,19.042,18.731,18.859,2322285,0
2016-03-18,18.85,19.168,18.776,18.986,2262374,0
2016-03-21,18.977,19.232,18.85,19.013,1758421,0
2016-03-22,18.939,19.013,18.766,18.913,1016191,0
2016-03-23,18.895,18.93,18.375,18.593,1238296,0
2016-03-24,18.511,18.74,18.26,18.722,1638030,0
2016-03-28,18.795,18.959,18.566,18.575,787382,0
2016-03-29,18.575,18.969,18.484,18.85,2068807,0
2016-03-30,18.904,18.986,18.712,18.748,960964,0
2016-03-31,18.702,19.27,18.613,19.27,1133600,0
2016-04-01,19.168,19.369,19.16,19.224,1968283,0
2016-04-04,19.206,19.296,18.83,18.949,1084124,0
2016-04-05,18.804,19.232,18.758,19.122,2004587,0
2016-04-06,19.168,19.588,19.122,19.469,1778167,0
2016-04-07,19.389,19.479,18.939,19.058,1446624,0
2016-04-08,19.168,19.402,19.042,19.27,1108878,0
2016-04-11,19.343,19.469,19.173,19.306,663216,0
2016-04-12,19.296,19.62,19.242,19.35,837563,0
2016-04-13,19.469,19.818,19.369,19.818,766929,0
2016-04-14,19.77,19.818,19.571,19.726,606444,0
2016-04-15,19.706,19.854,19.424,19.453,838882,0
2016-04-18,19.389,19.818,19.242,19.818,465037,0
2016-04-19,19.908,20.046,19.681,19.864,599973,0
2016-04-20,19.834,19.936,19.516,19.716,1068088,0
2016-04-21,19.78,19.881,19.479,19.716,754239,0
2016-04-22,19.672,19.908,19.588,19.726,718901,0
2016-04-25,19.608,19.662,19.334,19.662,993907,0
2016-04-26,19.736,20.156,19.635,20.156,802782,0
2016-04-27,20.092,20.2,19.918,20.175,658482,0
2016-04-28,20.062,20.146,19.689,19.854,651299,0
2016-04-29,19.824,19.844,19.507,19.809,536605,0
2016-05-02,19.873,20.23,19.854,20.072,846882,0
2016-05-03,19.972,20.018,19.765,19.982,583032,0
2016-05-04,19.928,20.72,19.873,20.72,1036707,0
2016-05-05,20.813,20.853,20.521,20.777,1195890,0
2016-05-06,20.903,21.004,20.284,20.301,1185881,0
2016-05-09,20.264,20.383,20.165,20.22,604156,0
2016-05-10,20.264,20.767,20.23,20.758,1031047,0
2016-05-11,20.64,20.739,20.348,20.438,578328,0
2016-05-12,20.538,20.585,20.092,20.293,479669,0
2016-05-13,20.254,20.521,20.136,20.447,697739,0
2016-05-16,20.457,20.831,20.457,20.794,825676,0
2016-05-17,20.684,20.758,20.383,20.492,595877,0
2016-05-18,20.42,20.521,19.89,20.146,571476,0
2016-05-19,19.992,20.364,19.761,19.834,494698,0
2016-05-20,19.908,20.008,19.689,19.864,664822,0
2016-05-23,19.881,19.898,19.689,19.736,799509,0
2016-05-24,19.824,19.972,19.78,19.824,562462,0
2016-05-25,19.873,20.046,19.689,19.918,544177,0
2016-05-26,19.918,20.117,19.873,20.008,508750,0
2016-05-27,20.008,20.2,20.008,20.126,404007,0
2016-05-31,20.181,20.383,20.092,20.309,831215,0
2016-06-01,20.19,20.674,20.19,20.674,799562,0
2016-06-02,20.657,20.95,20.492,20.922,745869,0
2016-06-03,20.977,21.16,20.575,21.15,1201580,0
2016-06-06,21.16,21.288,20.903,21.132,1001987,0
2016-06-07,21.105,21.218,20.967,21.14,672963,0
2016-06-08,21.16,21.67,21.077,21.456,1952053,0
2016-06-09,21.29,21.419,21.067,21.382,685807,0
2016-06-10,21.17,21.355,20.993,20.993,480398,0
2016-06-13,20.964,21.114,20.798,20.947,468423,0
2016-06-14,20.899,21.063,20.595,20.788,1338388,0
2016-06-15,20.808,21.345,20.762,21.14,478445,0
2016-06-16,21.132,21.4,20.993,21.382,512649,0
2016-06-17,21.364,21.558,21.049,21.28,1420842,0
2016-06-20,21.391,21.781,21.253,21.697,986832,0
2016-06-21,21.661,22.059,21.661,21.827,2052047,0
2016-06-22,21.874,22.104,21.772,21.791,866739,0
2016-06-23,21.919,22.169,21.896,22.095,1462737,0
2016-06-24,21.752,21.939,21.502,21.678,2300843,0
2016-06-27,21.614,21.736,20.622,21.049,1846796,0
2016-06-28,21.205,21.642,21.095,21.632,1790966,0
2016-06-29,21.762,22.217,21.752,22.124,761061,0
2016-06-30,22.208,22.466,22.087,22.401,1028526,0
2016-07-01,22.466,22.504,22.021,22.104,1980307,0
2016-07-05,22.087,22.174,21.772,21.901,1006757,0
2016-07-06,21.752,22.031,21.597,21.817,3031964,0
2016-07-07,21.846,21.948,21.554,21.604,1301732,0
2016-07-08,21.791,22.356,21.752,22.225,873026,0
2016-07-11,22.346,22.485,22.286,22.429,579412,0
2016-07-12,22.421,22.541,22.318,22.337,734553,0
2016-07-13,22.346,22.476,22.114,22.346,529558,0
2016-07-14,22.356,22.411,22.179,22.253,298775,0
2016-07-15,22.3,22.365,22.165,22.273,461527,0
2016-07-18,22.253,22.308,22.174,22.273,296717,0
2016-07-19,22.318,22.318,22.104,22.244,620866,0
2016-07-20,22.253,22.421,22.059,22.356,579038,0
2016-07-21,22.365,22.485,22.189,22.234,521010,0
2016-07-22,22.152,22.429,22.152,22.328,374003,0
2016-07-25,22.337,22.521,22.133,22.29,441744,0
2016-07-26,22.318,22.466,22.031,22.198,373023,0
2016-07-27,22.217,22.217,21.6,21.742,1619850,0
2016-07-28,21.716,21.924,21.597,21.762,843296,0
2016-07-29,21.726,21.808,21.475,21.567,863966,0
2016-08-01,21.567,21.697,21.355,21.632,403800,0
2016-08-02,21.502,21.502,21.077,21.326,638567,0
2016-08-03,21.326,21.419,21.077,21.26,267218,0
2016-08-04,21.345,21.41,21.14,21.41,10927831,0
2016-08-05,21.41,21.41,20.418,20.622,1206950,0
2016-08-08,20.586,20.817,20.534,20.697,963341,0
2016-08-09,20.723,20.826,20.562,20.602,2123228,0
2016-08-10,20.65,20.715,20.456,20.677,1222389,0
2016-08-11,20.715,20.964,20.642,20.947,801090,0
2016-08-12,20.909,21.038,20.668,20.743,379812,0
2016-08-15,20.687,20.808,20.602,20.622,557797,0
2016-08-16,20.538,20.557,20.185,20.335,573314,0
2016-08-17,20.26,20.418,20.14,20.4,809608,0
2016-08-18,20.39,20.511,20.185,20.325,402270,0
2016-08-19,20.29,20.298,20.095,20.28,1249117,0
2016-08-22,20.306,20.461,20.085,20.456,523913,0
2016-08-23,20.602,20.826,20.465,20.798,719943,0
2016-08-24,20.771,20.817,20.602,20.808,483003,0
2016-08-25,20.771,20.974,20.767,20.947,744556,0
2016-08-26,20.984,21.058,20.612,20.808,588683,0
2016-08-29,20.853,20.957,20.817,20.947,381239,0
2016-08-30,20.957,21.16,20.928,21.029,634256,0
2016-08-31,21.049,21.077,20.427,20.687,1092676,0
2016-09-01,20.668,20.844,20.437,20.482,388245,0
2016-09-02,20.622,20.836,20.567,20.687,408655,0
2016-09-06,20.743,20.743,20.27,20.446,732975,0
2016-09-07,20.719,20.888,20.493,20.728,960399,0
2016-09-08,20.625,20.804,20.474,20.738,760751,0
2016-09-09,20.549,20.549,19.873,19.882,861821,0
2016-09-12,19.843,20.343,19.693,20.248,753408,0
2016-09-13,20.181,20.191,19.551,19.561,705359,0
2016-09-14,19.637,19.767,19.505,19.684,907461,0
2016-09-15,19.675,20.64,19.571,20.615,1578464,0
2016-09-16,20.493,20.926,20.483,20.728,1348243,0
2016-09-19,20.757,21.152,20.757,21.096,983882,0
2016-09-20,21.218,21.698,21.152,21.406,2022645,0
2016-09-21,21.444,21.586,21.02,21.406,741600,0
2016-09-22,21.603,22,21.603,21.868,807329,0
2016-09-23,21.774,21.915,21.688,21.83,563213,0
2016-09-26,21.81,22.122,21.717,21.905,722761,0
2016-09-27,21.895,22.036,21.556,21.688,710709,0
2016-09-28,21.688,22.197,21.688,22.122,1156555,0
2016-09-29,22.018,22.404,21.99,22.207,985119,0
2016-09-30,22.338,22.517,21.961,22.263,1862483,0
2016-10-03,22.273,22.357,22.046,22.309,812231,0
2016-10-04,22.319,22.362,22.046,22.178,766947,0
2016-10-05,22.178,22.282,21.764,21.934,2212900,0
2016-10-06,21.81,22.131,21.727,21.915,895393,0
2016-10-07,21.952,22.102,21.198,21.294,2491329,0
2016-10-10,21.369,21.51,21.19,21.294,728119,0
2016-10-11,21.181,21.36,20.832,20.926,950736,0
2016-10-12,20.992,20.992,20.85,20.917,1498659,0
2016-10-13,20.804,20.931,20.531,20.757,1647778,0
2016-10-14,20.841,20.88,20.493,20.784,1032251,0
2016-10-17,20.757,20.85,20.54,20.635,923164,0
2016-10-18,20.776,20.776,20.569,20.615,661822,0
2016-10-19,20.615,20.728,20.38,20.635,1004273,0
2016-10-20,20.503,20.672,20.248,20.296,828228,0
2016-10-21,20.211,20.343,20.032,20.239,1029227,0
2016-10-24,20.314,20.517,20.191,20.437,1458275,0
2016-10-25,20.343,20.54,20.314,20.456,865556,0
2016-10-26,20.38,20.446,20.201,20.352,556633,0
2016-10-27,20.37,20.432,20.051,20.069,745908,0
2016-10-28,20.051,20.221,20.028,20.125,595844,0
2016-10-31,20.248,20.352,19.909,20.248,1065369,0
2016-11-01,20.231,20.267,20.051,20.135,831774,0
2016-11-02,20.165,20.221,20.06,20.174,615889,0
2016-11-03,20.181,20.437,20.046,20.051,1404089,0
2016-11-04,20.032,20.343,19.823,19.843,868218,0
2016-11-07,20.069,20.54,19.965,20.493,963271,0
2016-11-08,21.924,21.98,20.926,21.34,1871040,0
2016-11-09,20.888,21.529,20.662,21.171,1310869,0
2016-11-10,21.19,21.19,19.947,20.493,2488745,0
2016-11-11,20.427,20.531,19.843,20.221,1693489,0
2016-11-14,20.107,20.784,19.833,20.427,1592885,0
2016-11-15,20.503,21.096,20.503,20.776,955101,0
2016-11-16,20.747,21.284,20.662,21.274,882100,0
2016-11-17,21.33,21.435,21.185,21.303,586109,0
2016-11-18,21.264,21.661,21.19,21.642,641600,0
2016-11-21,21.81,21.877,21.613,21.802,746224,0
2016-11-22,23.053,23.316,22.46,23.242,1263718,0
2016-11-23,23.148,23.487,23.007,23.411,929207,0
2016-11-25,23.477,23.638,23.326,23.477,367444,0
2016-11-28,23.449,23.628,23.42,23.582,665876,0
2016-11-29,23.543,23.92,23.543,23.599,570627,0
2016-11-30,23.533,23.835,23.411,23.73,891479,0
2016-12-01,23.74,23.84,23.073,23.232,878665,0
2016-12-02,23.26,23.524,22.959,23.232,647695,0
2016-12-05,23.214,23.365,23.091,23.28,790825,0
2016-12-06,23.355,23.487,23.091,23.28,539974,0
2016-12-07,23.28,23.986,23.28,23.871,521733,0
2016-12-08,23.7,23.824,23.652,23.747,492672,0
2016-12-09,23.737,23.824,23.576,23.643,344906,0
2016-12-12,23.604,23.69,23.374,23.499,461901,0
2016-12-13,23.633,23.881,23.585,23.843,662154,0
2016-12-14,23.747,23.862,23.556,23.613,694703,0
2016-12-15,23.537,23.719,23.394,23.547,707087,0
2016-12-16,23.728,23.89,23.499,23.814,925732,0
2016-12-19,23.804,24.014,23.661,23.89,444821,0
2016-12-20,23.881,24.043,23.633,23.919,350369,0
2016-12-21,23.843,23.986,23.719,23.747,375583,0
2016-12-22,23.804,23.986,23.69,23.909,550740,0
2016-12-23,23.938,24.167,23.862,24.063,246464,0
2016-12-27,24.063,24.31,24.033,24.215,327388,0
2016-12-28,24.157,24.205,23.613,23.67,287157,0
2016-12-29,23.776,23.957,23.542,23.843,406985,0
2016-12-30,23.824,23.996,23.67,23.737,351711,0
2017-01-03,23.862,24.125,23.67,24.053,704217,0
2017-01-04,24.12,24.32,23.938,24.291,1463165,0
2017-01-05,24.187,24.263,24.043,24.205,736919,0
2017-01-06,24.224,24.359,24.015,24.31,687938,0
2017-01-09,24.329,24.577,24.157,24.54,780054,0
2017-01-10,24.473,24.702,24.282,24.635,922779,0
2017-01-11,24.682,24.998,24.664,24.988,772521,0
2017-01-12,24.969,25.15,24.721,25.142,644308,0
2017-01-13,25.216,25.475,25.189,25.427,449708,0
2017-01-17,25.035,25.408,24.721,25.351,1127835,0
2017-01-18,25.283,25.589,25.189,25.485,875294,0
2017-01-19,25.542,25.713,25.265,25.398,1194332,0
2017-01-20,25.36,25.465,25.226,25.37,851799,0
2017-01-23,25.389,25.694,25.236,25.685,597438,0
2017-01-24,25.637,25.843,25.522,25.723,778407,0
2017-01-25,25.808,25.857,25.656,25.838,371069,0
2017-01-26,25.895,26.039,25.771,25.875,417299,0
2017-01-27,25.885,26.076,25.723,26.066,359417,0
2017-01-30,26.039,26.161,25.818,26.161,518337,0
2017-01-31,26.248,26.382,26.114,26.181,705662,0
2017-02-01,26.219,26.352,25.704,25.733,702025,0
2017-02-02,25.838,25.981,25.64,25.751,799725,0
2017-02-03,25.942,25.981,25.761,25.8,615016,0
2017-02-06,25.781,25.862,25.609,25.771,296777,0
2017-02-07,25.818,26.057,25.771,25.838,273896,0
2017-02-08,25.848,25.999,25.666,25.999,391920,0
2017-02-09,26.019,26.066,25.666,25.751,627269,0
2017-02-10,25.818,26.134,25.71,26.029,478410,0
2017-02-13,26.114,26.248,25.952,26.191,434072,0
2017-02-14,26.066,26.228,25.981,26.153,427202,0
2017-02-15,26.066,26.444,25.915,26.392,502267,0
2017-02-16,26.392,26.621,25.895,25.962,600937,0
2017-02-17,25.962,26.029,25.609,25.808,796869,0
2017-02-21,25.875,26.134,25.781,26.086,490303,0
2017-02-22,26.161,26.191,25.49,25.666,1175748,0
2017-02-23,24.187,24.816,23.69,23.843,3516445,0
2017-02-24,23.843,24.616,23.729,24.443,1130873,0
2017-02-27,24.453,24.836,24.329,24.836,797560,0
2017-02-28,24.863,25.007,24.759,24.769,1422287,0
2017-03-01,24.796,24.969,23.829,24.157,1181187,0
2017-03-02,24.148,25.589,24.053,25.283,1901929,0
2017-03-03,25.37,25.656,25.045,25.637,1056371,0
2017-03-06,25.761,25.761,25.127,25.619,1111782,0
2017-03-07,25.646,25.689,25.418,25.532,1098513,0
2017-03-08,25.396,25.842,25.338,25.552,1352960,0
2017-03-09,25.504,25.968,25.494,25.696,1073677,0
2017-03-10,25.794,25.91,24.971,24.98,914078,0
2017-03-13,25.078,25.648,25.01,25.62,731928,0
2017-03-14,25.454,25.658,25.338,25.406,928267,0
2017-03-15,25.454,25.532,25.126,25.378,901285,0
2017-03-16,25.368,25.585,25.145,25.512,642505,0
2017-03-17,25.464,25.9,25.368,25.87,1578754,0
2017-03-20,25.862,26.04,25.764,25.968,855775,0
2017-03-21,25.938,26.094,25.87,25.88,1043710,0
2017-03-22,25.89,25.89,24.922,25.212,810633,0
2017-03-23,25.28,25.686,25.154,25.61,746705,0
2017-03-24,25.716,25.774,25.329,25.436,455115,0
2017-03-27,25.378,25.464,25.189,25.436,475278,0
2017-03-28,25.552,25.552,25.262,25.387,471871,0
2017-03-29,25.396,25.416,25.222,25.378,450503,0
2017-03-30,25.3,25.566,25.29,25.562,340154,0
2017-03-31,25.532,25.842,25.358,25.686,1609098,0
2017-04-03,25.686,25.764,25.169,25.232,664101,0
2017-04-04,25.126,25.6,25.058,25.57,686906,0
2017-04-05,25.678,25.754,25.378,25.406,849308,0
2017-04-06,25.426,25.552,24.864,25.28,776898,0
2017-04-07,25.3,25.348,25.048,25.136,897289,0
2017-04-10,25.194,25.277,24.913,25.068,445113,0
2017-04-11,25.068,25.32,25.048,25.31,566024,0
2017-04-12,25.222,25.368,25.096,25.136,581813,0
2017-04-13,25.096,25.164,24.564,24.622,644997,0
2017-04-17,24.652,25.02,24.652,25.01,893424,0
2017-04-18,25.01,25.27,24.783,24.836,1112056,0
2017-04-19,24.913,25.552,24.72,25.416,853895,0
2017-04-20,25.396,25.57,25.145,25.262,725012,0
2017-04-21,25.27,25.391,24.98,25.378,614208,0
2017-04-24,25.512,25.968,25.494,25.726,2033190,0
2017-04-25,25.744,25.996,25.744,25.89,1353548,0
2017-04-26,25.9,25.923,25.683,25.803,440460,0
2017-04-27,25.862,25.986,25.562,25.6,448530,0
2017-04-28,25.562,25.562,25.126,25.31,588703,0
2017-05-01,25.29,25.445,25.078,25.194,831467,0
2017-05-02,25.29,25.368,25,25.222,549664,0
2017-05-03,25.28,25.28,24.642,24.671,1067192,0
2017-05-04,23.704,23.916,22.204,22.668,3057667,0
2017-05-05,22.63,23.055,22.32,23.036,2173566,0
2017-05-08,23.026,23.036,22.426,22.746,1603937,0
2017-05-09,22.688,22.765,21.952,22.223,1181783,0
2017-05-10,22.262,22.417,22.088,22.407,967083,0
2017-05-11,22.349,22.494,21.817,22.417,1137536,0
2017-05-12,22.417,22.465,22.175,22.31,732211,0
2017-05-15,22.185,22.707,22.177,22.659,940977,0
2017-05-16,22.697,22.891,22.223,22.591,1446374,0
2017-05-17,22.523,22.857,22.243,22.32,1163024,0
2017-05-18,22.388,22.513,21.807,22.117,1061588,0
2017-05-19,22.127,22.272,22.097,22.233,510416,0
2017-05-22,22.378,22.446,22.17,22.243,416281,0
2017-05-23,22.291,22.33,22.015,22.252,559963,0
2017-05-24,22.243,22.33,22.136,22.281,530147,0
2017-05-25,22.349,22.349,21.885,22.069,735998,0
2017-05-26,22.078,22.175,21.595,21.807,728220,0
2017-05-30,21.807,21.89,21.701,21.759,499131,0
2017-05-31,21.769,22.155,21.517,22.107,788119,0
2017-06-01,22.194,22.407,21.933,22.039,998518,0
2017-06-02,22.155,22.223,21.894,22.107,886649,0
2017-06-05,22.872,22.872,21.894,22.165,1037252,0
2017-06-06,22.127,22.146,21.469,21.527,1164916,0
2017-06-07,21.566,22.127,21.546,21.989,982717,0
2017-06-08,21.979,22.031,21.802,21.959,487644,0
2017-06-09,21.979,22.402,21.812,22.284,934218,0
2017-06-12,22.274,22.549,22.215,22.235,1258595,0
2017-06-13,22.225,22.259,21.891,22.225,725853,0
2017-06-14,22.284,23.1,22.215,22.874,903774,0
2017-06-15,22.785,23.12,22.589,22.766,776099,0
2017-06-16,22.825,23.238,22.697,23.238,788992,0
2017-06-19,23.316,23.611,23.228,23.297,600130,0
2017-06-20,23.228,23.366,22.844,22.992,681033,0
2017-06-21,23.09,23.11,22.372,22.53,770760,0
2017-06-22,22.569,22.569,22.254,22.323,889228,0
2017-06-23,22.323,22.717,22.245,22.599,1289890,0
2017-06-26,22.658,23.149,22.638,23.09,631869,0
2017-06-27,23.071,23.297,22.894,22.903,322392,0
2017-06-28,22.982,23.169,22.884,22.992,469468,0
2017-06-29,22.894,22.913,22.441,22.648,344294,0
2017-06-30,22.717,22.815,22.599,22.736,346569,0
2017-07-03,22.864,23.198,22.618,23.12,316629,0
2017-07-05,23.13,23.139,22.461,22.461,382777,0
2017-07-06,22.402,22.579,22.053,22.117,461051,0
2017-07-07,22.146,22.215,21.93,22.156,288549,0
2017-07-10,22.156,22.392,22.058,22.225,639080,0
2017-07-11,22.264,22.431,22.018,22.107,549427,0
2017-07-12,22.245,22.53,22.023,22.077,412696,0
2017-07-13,22.195,22.579,22.058,22.461,622711,0
2017-07-14,22.559,22.756,22.412,22.441,326238,0
2017-07-17,22.451,23.012,22.382,22.835,538291,0
2017-07-18,22.805,22.805,22.215,22.235,640336,0
2017-07-19,22.254,22.618,22.215,22.461,567888,0
2017-07-20,22.569,22.825,22.51,22.707,838614,0
2017-07-21,22.746,22.746,22.323,22.677,527943,0
2017-07-24,22.667,22.854,22.51,22.785,346627,0
2017-07-25,22.844,23.149,22.677,23.13,524613,0
2017-07-26,23.12,23.326,23.002,23.189,513574,0
2017-07-27,23.208,23.208,22.648,22.667,708822,0
2017-07-28,22.648,22.756,22.205,22.372,621549,0
2017-07-31,22.402,22.49,22.112,22.49,638667,0
2017-08-01,22.549,22.894,22.235,22.294,878268,0
2017-08-02,22.294,22.353,21.753,21.861,536764,0
2017-08-03,21.871,21.886,21.605,21.605,1382280,0
2017-08-04,22.097,22.648,21.566,22.215,1177979,0
2017-08-07,22.205,22.225,21.625,21.871,879575,0
2017-08-08,21.802,22.343,21.468,21.871,1226288,0
2017-08-09,21.871,22.186,21.797,21.999,722854,0
2017-08-10,21.871,22.087,21.832,21.9,645098,0
2017-08-11,21.743,21.989,21.586,21.733,975615,0
2017-08-14,21.832,22.038,21.625,21.714,545578,0
2017-08-15,21.684,21.763,21.419,21.684,610108,0
2017-08-16,21.733,21.891,21.605,21.802,415447,0
2017-08-17,21.635,21.92,21.635,21.694,525640,0
2017-08-18,21.625,21.763,21.36,21.625,599245,0
2017-08-21,21.664,21.743,21.448,21.684,569548,0
2017-08-22,21.714,21.792,21.507,21.605,723469,0
2017-08-23,21.615,21.763,21.468,21.556,754267,0
2017-08-24,21.556,21.861,21.556,21.615,642128,0
2017-08-25,21.723,22.009,21.596,21.94,817294,0
2017-08-28,21.95,22.048,21.635,21.743,456015,0
2017-08-29,21.635,21.851,21.566,21.605,403205,0
2017-08-30,21.605,21.723,21.389,21.684,892598,0
2017-08-31,21.763,21.881,21.482,21.635,1829965,0
2017-09-01,21.635,21.763,21.507,21.546,771695,0
2017-09-05,21.517,21.615,21.163,21.281,744184,0
2017-09-06,21.36,21.414,21.03,21.33,713748,0
2017-09-07,21.36,21.66,21.32,21.56,536302,0
2017-09-08,21.54,21.62,20.995,21.08,986471,0
2017-09-11,21.18,21.43,21.166,21.35,727577,0
2017-09-12,21.35,21.37,21.11,21.25,702565,0
2017-09-13,21.25,21.425,21.15,21.34,805148,0
2017-09-14,21.3,21.82,21.17,21.74,1101845,0
2017-09-15,21.76,21.83,21.34,21.63,835569,0
2017-09-18,21.64,21.68,21.22,21.57,753742,0
2017-09-19,21.54,21.6,21.2,21.32,1240604,0
2017-09-20,21.37,21.55,21.31,21.39,700696,0
2017-09-21,21.4,21.46,20.82,20.88,936265,0
2017-09-22,20.96,21.47,20.92,21.04,1439274,0
2017-09-25,23.25,24.8999,23.15,24.26,7063013,0
2017-09-26,24.23,24.28,23.12,23.13,1552217,0
2017-09-27,23.13,24.16,23.05,24.1,2084515,0
2017-09-28,24,24.78,23.91,24.58,2595507,0
2017-09-29,24.7,25.3,24.47,25.18,1923457,0
2017-10-02,25.01,25.13,24.1,24.23,1412283,0
2017-10-03,24.36,24.77,24.24,24.37,939009,0
2017-10-04,24.34,24.61,24.3,24.5,768094,0
2017-10-05,24.51,24.73,24.51,24.6,717368,0
2017-10-06,24.42,24.59,24.02,24.2,716341,0
2017-10-09,24.17,24.24,24.08,24.18,446794,0
2017-10-10,24.21,24.36,23.97,24.15,654843,0
2017-10-11,24.22,24.85,24.19,24.76,950950,0
2017-10-12,24.71,24.895,24.45,24.76,818135,0
2017-10-13,24.91,24.91,24.61,24.64,373679,0
2017-10-16,24.62,24.93,24.44,24.44,783030,0
2017-10-17,24.52,24.6,24.165,24.2,507600,0
2017-10-18,24.15,24.285,24.075,24.14,731321,0
2017-10-19,24.17,24.25,23.88,24.04,1086247,0
2017-10-20,24.14,24.23,23.93,24.02,579370,0
2017-10-23,23.96,24.04,23.25,23.3,1421292,0
2017-10-24,23.38,23.54,23.21,23.39,1541186,0
2017-10-25,23.38,23.54,23.16,23.35,1500275,0
2017-10-26,23.47,23.68,23.29,23.3,755745,0
2017-10-27,23.51,23.655,23.1,23.64,870015,0
2017-10-30,23.5301,23.81,23.38,23.54,902816,0
2017-10-31,23.63,23.775,23.44,23.45,788352,0
2017-11-01,23.56,23.75,23.41,23.44,1282656,0
2017-11-02,23.5,23.63,22.98,23.3,1197358,0
2017-11-03,23.09,23.365,23.09,23.3,1310275,0
2017-11-06,23.33,24.19,23.33,24.04,1342791,0
2017-11-07,23.46,23.99,22.67,23.78,2199789,0
2017-11-08,23.83,24.54,23.7627,24.54,1281165,0
2017-11-09,24.55,24.84,24.4,24.48,853532,0
2017-11-10,24.31,24.52,23.96,24.01,475550,0
