2016-01-04,60.054,60.778,59.378,59.898,225843,0
2016-01-05,60.324,60.778,58.586,58.953,143459,0
2016-01-06,58.142,58.838,57.032,58.23,161871,0
2016-01-07,57.158,58.866,56.512,57.013,181299,0
2016-01-08,57.39,57.843,53.201,54.62,196991,0
2016-01-11,54.728,55.451,52.874,53.955,145420,0
2016-01-12,55.247,58.538,55.247,57.9,187829,0
2016-01-13,58.162,60.034,57.64,58.231,227730,0
2016-01-14,58.318,59.384,56.976,58.715,190804,0
2016-01-15,57.349,59.549,56.894,58.579,200742,0
2016-01-19,59.189,59.616,56.447,57.658,173054,0
2016-01-20,56.844,59.481,55.624,58.725,118523,0
2016-01-21,59.084,60.081,58.143,58.919,134935,0
2016-01-22,59.664,60.712,59.065,59.587,189971,0
2016-01-25,59.355,60.44,58.86,60.101,90799,0
2016-01-26,60.42,62.31,59.984,62.116,116516,0
2016-01-27,61.805,63.87,60.811,62.987,182550,0
2016-01-28,63.968,65.284,63.27,65.265,180393,0
2016-01-29,65.344,67.698,64.966,67.698,214874,0
2016-02-01,67.049,67.272,66.381,66.632,198687,0
2016-02-02,66.7,67.592,65.953,66.447,175431,0
2016-02-03,66.962,67.465,65.228,67.262,201566,0
2016-02-04,66.546,67.213,65.586,65.925,144578,0
2016-02-05,65.469,66.754,64.471,64.829,156729,0
2016-02-08,63.958,64.248,62.262,63.735,132848,0
2016-02-09,63.23,64.491,60.896,61.903,112677,0
2016-02-10,62.523,62.94,60.613,60.886,139263,0
2016-02-11,60.257,60.836,58.677,60.334,143916,0
2016-02-12,60.663,62.436,59.994,61.535,163548,0
2016-02-16,62.465,64.432,61.796,64.103,149114,0
2016-02-17,65.469,68.057,65.411,67.089,159222,0
2016-02-18,67.107,69.191,66.39,67.639,163292,0
2016-02-19,66.893,68.424,66.418,67.834,230926,0
2016-02-22,68.707,69.366,67.525,68.551,129996,0
2016-02-23,68.424,69.713,67.475,67.757,115033,0
2016-02-24,67.426,69.053,66.991,68.784,87957,0
2016-02-25,69.045,70.082,68.464,69.976,86506,0
2016-02-26,70.334,70.363,68.87,69.743,109811,0
2016-02-29,69.898,70.77,69.316,70.382,110366,0
2016-03-01,70.838,71.815,69.569,71.806,159708,0
2016-03-02,71.651,74.123,71.342,74.017,142101,0
2016-03-03,73.706,75.577,73.706,75.025,121159,0
2016-03-04,75.025,75.412,73.667,73.852,205496,0
2016-03-07,73.677,74.375,72.593,73.881,117096,0
2016-03-08,73.182,74.432,72.776,73.086,120471,0
2016-03-09,73.444,73.958,71.706,72.018,113538,0
2016-03-10,71.622,73.105,70.461,72.097,151328,0
2016-03-11,72.717,73.814,71.845,73.735,118424,0
2016-03-14,73.997,74.423,72.882,74.171,128976,0
2016-03-15,73.754,74.161,72.428,72.999,106652,0
2016-03-16,72.504,73.987,71.924,73.697,106829,0
2016-03-17,73.522,73.648,72.117,72.786,149390,0
2016-03-18,73.358,74.888,73.309,73.794,201317,0
2016-03-21,73.6,75.043,73.387,74.617,105270,0
2016-03-22,74.839,74.839,72.157,72.35,144199,0
2016-03-23,71.75,72.127,70.159,70.334,173188,0
2016-03-24,68.124,68.231,64.133,65.527,426755,0
2016-03-28,65.702,66.361,65.402,65.507,312235,0
2016-03-29,65.547,66.729,65.547,66.313,203034,0
2016-03-30,66.769,66.769,65.537,65.789,179469,0
2016-03-31,65.654,66.408,64.918,65.15,162830,0
2016-04-01,64.675,65.228,64.103,64.306,187207,0
2016-04-04,64.366,64.829,61.322,61.864,184697,0
2016-04-05,61.342,61.632,60.251,60.906,211480,0
2016-04-06,60.954,61.487,60.197,60.508,192212,0
2016-04-07,60.237,61.176,59.055,59.451,148013,0
2016-04-08,59.626,59.626,57.407,57.95,129996,0
2016-04-11,58.24,59.317,56.476,56.854,403091,0
2016-04-12,56.951,58.88,56.805,58.628,183724,0
2016-04-13,58.773,60.351,58.773,60.098,130986,0
2016-04-14,60.02,60.78,59.649,60.332,151250,0
2016-04-15,60.107,60.79,59.786,60.622,115377,0
2016-04-18,60.418,60.984,60.05,60.612,58113,0
2016-04-19,60.478,60.906,59.82,60.361,130839,0
2016-04-20,61.324,63.944,60.741,62.833,396899,0
2016-04-21,63.369,67.34,62.532,67.097,266891,0
2016-04-22,67.292,68.108,66.638,66.901,179297,0
2016-04-25,66.95,67.983,66.512,67.631,218121,0
2016-04-26,67.904,68.322,66.677,67.242,183667,0
2016-04-27,67.048,67.388,66.318,66.572,81843,0
2016-04-28,66.522,67.159,65.121,65.432,95213,0
2016-04-29,65.179,65.179,63.729,64.653,85058,0
2016-05-02,65.081,65.364,63.914,64.244,356443,0
2016-05-03,63.63,64.828,62.764,63.68,121293,0
2016-05-04,63.426,63.767,62.191,62.444,74994,0
2016-05-05,62.307,62.307,61.06,61.08,110397,0
2016-05-06,60.799,61.227,58.715,59.29,211477,0
2016-05-09,59.3,61.07,58.828,60.507,164922,0
2016-05-10,60.584,61.11,60.157,60.672,150246,0
2016-05-11,60.107,60.107,55.974,58.317,186942,0
2016-05-12,58.618,59.358,57.907,59.201,310787,0
2016-05-13,59.105,60.01,58.424,58.453,129766,0
2016-05-16,57.907,58.813,57.644,58.248,140241,0
2016-05-17,58.18,58.755,57.509,58.16,259289,0
2016-05-18,57.743,58.16,56.856,57.713,130566,0
2016-05-19,57.616,59.241,57.295,59.201,187672,0
2016-05-20,59.261,59.677,58.463,59.329,189547,0
2016-05-23,59.377,60.351,58.853,58.939,129087,0
2016-05-24,59.105,61.275,59.007,61.14,185946,0
2016-05-25,60.994,61.47,60.378,60.955,121206,0
2016-05-26,61.168,61.519,60.612,60.906,71898,0
2016-05-27,60.751,62.444,60.751,62.346,90416,0
2016-05-31,62.706,63.052,61.548,61.684,94738,0
2016-06-01,61.266,63.377,61.266,62.629,210773,0
2016-06-02,62.579,63.505,62.307,62.843,143277,0
2016-06-03,62.93,62.93,61.986,62.425,183107,0
2016-06-06,62.395,64.303,62.024,63.7,150982,0
2016-06-07,63.436,63.68,62.736,63.397,182284,0
2016-06-08,58.423,63.416,57.08,62.783,917711,0
2016-06-09,62.463,62.57,59.572,60.117,439154,0
2016-06-10,59.367,59.415,57.352,57.83,348330,0
2016-06-13,57.529,57.917,56.282,56.565,260399,0
2016-06-14,56.292,56.817,55.347,55.65,233314,0
2016-06-15,55.699,57.708,55.679,57.158,371811,0
2016-06-16,56.924,57.556,56.457,56.73,170289,0
2016-06-17,56.672,57.743,56.048,57.255,199964,0
2016-06-20,58.073,58.783,57.411,57.42,154807,0
2016-06-21,57.548,57.878,56.243,56.612,100417,0
2016-06-22,56.953,56.953,56.312,56.486,164040,0
2016-06-23,57.129,57.479,56.496,57.459,123749,0
2016-06-24,55.201,56.098,54.394,54.453,256282,0
2016-06-27,54.14,54.14,51.142,52.242,288728,0
2016-06-28,52.272,53.742,52.117,52.71,215985,0
2016-06-29,53.519,54.51,53.167,53.995,177529,0
2016-06-30,54.305,55.153,53.624,55.114,122150,0
2016-07-01,55.201,56.496,55.201,55.551,106881,0
2016-07-05,55.172,55.22,53.723,54.17,89496,0
2016-07-06,54.062,55.503,53.819,55.28,105390,0
2016-07-07,55.143,56.048,54.94,55.949,129824,0
2016-07-08,56.555,57.713,55.884,55.999,354985,0
2016-07-11,56.388,57.43,56.184,57.362,159135,0
2016-07-12,57.519,58.968,57.44,58.531,95501,0
2016-07-13,58.97,58.97,57.777,58.276,92956,0
2016-07-14,58.668,59.234,57.777,58.784,120783,0
2016-07-15,59.137,59.137,58.042,58.873,88384,0
2016-07-18,58.804,59.596,58.237,59.147,96213,0
2016-07-19,59.147,59.147,57.749,58.774,134931,0
2016-07-20,58.774,59.049,58.218,58.266,115229,0
2016-07-21,58.403,58.599,56.829,57.064,74223,0
2016-07-22,57.005,57.005,55.538,56.378,100658,0
2016-07-25,56.232,56.643,55.671,56.262,133392,0
2016-07-26,56.183,56.878,55.977,56.447,245970,0
2016-07-27,56.585,56.751,55.528,55.872,127914,0
2016-07-28,55.617,56.282,55.172,55.686,262594,0
2016-07-29,55.743,55.997,55.216,55.911,164740,0
2016-08-01,55.911,56.947,54.893,56.232,127077,0
2016-08-02,56.077,56.149,54.718,55.03,183194,0
2016-08-03,54.659,55.743,53.916,54.718,130553,0
2016-08-04,54.775,55.432,54.439,54.659,96502,0
2016-08-05,55.089,56.834,54.765,56.447,109592,0
2016-08-08,56.527,57.289,55.237,55.451,82803,0
2016-08-09,55.197,55.402,54.56,54.845,72960,0
2016-08-10,55.05,56.212,54.501,54.708,94984,0
2016-08-11,55,57.679,55,57.201,202816,0
2016-08-12,57.308,58.306,56.995,57.612,66074,0
2016-08-15,57.622,59.635,57.622,59.616,90015,0
2016-08-16,59.429,60.917,59.429,60.057,132081,0
2016-08-17,59.812,59.919,59.224,59.772,120784,0
2016-08-18,59.841,62.892,59.841,61.347,184957,0
2016-08-19,61.347,62.284,60.467,62.079,86465,0
2016-08-22,62.04,62.109,61.337,61.904,48783,0
2016-08-23,62.012,62.499,62.012,62.198,133295,0
2016-08-24,61.924,62.344,60.917,62.012,109106,0
2016-08-25,61.659,62.648,61.415,62.618,92252,0
2016-08-26,62.383,63.332,61.532,62.002,112988,0
2016-08-29,62.442,63.399,61.914,62.979,217197,0
2016-08-30,63.068,63.8,61.112,62.275,475800,0
2016-08-31,62.569,62.95,60.114,61.024,410227,0
2016-09-01,66.344,70.84,66.344,70.821,1304225,0
2016-09-02,70.997,72.357,68.475,69.6,402383,0
2016-09-06,69.921,69.921,68.533,69.06,200682,0
2016-09-07,69.237,70.088,68.25,69.805,211164,0
2016-09-08,69.6,69.6,68.495,69.295,281232,0
2016-09-09,68.807,69.824,67.692,67.947,240902,0
2016-09-12,67.585,69.16,66.665,69.09,302723,0
2016-09-13,68.543,69.13,66.969,67.537,187435,0
2016-09-14,67.351,67.947,66.05,66.539,206177,0
2016-09-15,66.215,68.2,65.99,68.112,212046,0
2016-09-16,67.987,68.152,66.989,67.106,143802,0
2016-09-19,67.477,68.054,66.49,67.497,126235,0
2016-09-20,67.809,68.227,66.626,66.734,104858,0
2016-09-21,66.939,67.663,66.41,67.447,95973,0
2016-09-22,67.791,68.2,66.49,67.077,125375,0
2016-09-23,69.462,69.824,67.507,68.083,623860,0
2016-09-26,67.594,68.335,65.766,65.845,220300,0
2016-09-27,66.099,66.665,65.209,66.5,91242,0
2016-09-28,66.304,66.731,65.122,65.64,127005,0
2016-09-29,66.665,67.302,65.746,66.03,174874,0
2016-09-30,66.49,67.309,66.139,66.195,99671,0
2016-10-03,66.099,66.959,65.131,65.316,147660,0
2016-10-04,65.501,65.961,64.69,65.726,150267,0
2016-10-05,66.195,66.5,65.716,66.099,220561,0
2016-10-06,66,66,63.547,64.622,222891,0
2016-10-07,64.994,65.744,64.225,64.661,120874,0
2016-10-10,65.023,65.835,64.391,65.6,152061,0
2016-10-11,65.424,66.49,65.257,65.531,123637,0
2016-10-12,65.66,66.759,65.345,65.915,99224,0
2016-10-13,65.453,65.561,64.304,64.853,203110,0
2016-10-14,65.315,65.963,65.188,65.767,148287,0
2016-10-17,65.551,65.65,63.971,63.98,89677,0
2016-10-18,64.608,64.785,63.962,63.989,70605,0
2016-10-19,63.726,63.726,60.78,61.949,425394,0
2016-10-20,61.663,62.291,61.27,62.095,258100,0
2016-10-21,61.3,61.683,60.623,60.928,100874,0
2016-10-24,61.054,61.899,61.044,61.673,119443,0
2016-10-25,61.044,61.437,60.712,61.202,138970,0
2016-10-26,61.064,61.929,60.26,60.466,125584,0
2016-10-27,60.555,61.27,59.979,61.231,140660,0
2016-10-28,61.015,61.939,60.27,61.634,118786,0
2016-10-31,61.516,61.781,60.894,61.575,97620,0
2016-11-01,61.516,63.597,61.516,61.713,162268,0
2016-11-02,61.467,61.703,59.974,60.004,117088,0
2016-11-03,60.446,60.818,59.514,59.64,82500,0
2016-11-04,60.014,61.653,59.179,60.25,84390,0
2016-11-07,61.369,61.378,60.279,61.192,109364,0
2016-11-08,61.182,62.351,60.583,61.997,111574,0
2016-11-09,61.104,63.971,59.74,63.587,126357,0
2016-11-10,64.255,65.816,63.592,65.385,129057,0
2016-11-11,65.129,68.751,64.933,68.663,177775,0
2016-11-14,69.547,71.804,69.497,70.42,170644,0
2016-11-15,73.228,73.386,70.852,71.647,170721,0
2016-11-16,71.471,71.617,69.733,70.646,124966,0
2016-11-17,70.696,71.57,69.871,71.334,148009,0
2016-11-18,71.069,72.462,70.165,72.452,228929,0
2016-11-21,72.335,73.542,71.933,73.297,127932,0
2016-11-22,73.376,74.406,72.649,74.309,101575,0
2016-11-23,74.122,74.329,73.042,74.171,61114,0
2016-11-25,74.131,74.8,73.827,74.731,34269,0
2016-11-28,74.515,74.515,73.316,73.729,127880,0
2016-11-29,74.18,74.613,73.503,73.67,101846,0
2016-11-30,73.612,74.136,71.138,71.334,118749,0
2016-12-01,71.372,72.209,69.046,69.212,322186,0
2016-12-02,69.409,69.409,66.779,67.731,155483,0
2016-12-05,68.595,70.656,68.595,70.254,129096,0
2016-12-06,71.039,71.039,68.83,70.41,232448,0
2016-12-07,61.222,64.667,60.612,62.281,1544532,0
2016-12-08,62.872,62.998,60.23,61.27,579957,0
2016-12-09,61.594,61.997,60.818,61.594,285667,0
2016-12-12,61.575,61.614,60.466,60.672,214215,0
2016-12-13,60.642,61.909,60.329,61.467,189670,0
2016-12-14,62.026,62.184,60.751,60.77,136340,0
2016-12-15,60.838,61.104,60.034,60.416,189225,0
2016-12-16,60.535,60.721,59.308,59.484,289444,0
2016-12-19,59.434,60.054,59.308,59.562,170259,0
2016-12-20,59.74,61.134,59.414,60.868,103328,0
2016-12-21,60.662,61.378,60.376,60.622,171859,0
2016-12-22,60.376,60.738,59.524,59.788,277831,0
2016-12-23,59.876,60.761,59.645,59.857,160041,0
2016-12-27,59.906,61.104,59.906,60.77,244985,0
2016-12-28,60.878,61.035,59.808,60.162,141610,0
2016-12-29,60.024,60.838,59.572,59.71,113275,0
2016-12-30,59.73,59.925,58.905,59.032,73844,0
2017-01-03,59.73,60.947,58.713,59.268,140059,0
2017-01-04,58.982,60.555,58.982,59.64,120463,0
2017-01-05,59.032,59.032,57,58.394,193887,0
2017-01-06,58.502,58.512,56.803,57.068,214282,0
2017-01-09,57.078,57.216,55.837,56.244,205713,0
2017-01-10,56.54,57.226,55.968,57.098,437649,0
2017-01-11,57.354,57.538,55.629,55.668,172175,0
2017-01-12,55.204,55.727,53.696,54.277,230954,0
2017-01-13,54.406,54.909,53.557,53.736,162452,0
2017-01-17,53.774,54.899,53.586,54.485,192326,0
2017-01-18,54.879,54.879,52.028,53.262,200387,0
2017-01-19,53.429,54.1,52.167,52.364,166345,0
2017-01-20,52.325,52.778,51.17,51.545,193565,0
2017-01-23,51.664,51.911,51.102,51.644,179196,0
2017-01-24,52.058,53.369,51.545,53.242,290132,0
2017-01-25,53.489,54.745,53.489,54.208,133504,0
2017-01-26,54.149,54.733,53.359,53.764,159843,0
2017-01-27,53.726,53.726,52.689,53.331,196924,0
2017-01-30,52.848,53.499,52.144,52.955,98772,0
2017-01-31,52.118,54.297,51.269,54.267,121100,0
2017-02-01,54.297,54.376,53.302,53.459,143569,0
2017-02-02,52.867,53.262,52.078,52.216,105381,0
2017-02-03,52.048,52.66,50.845,52.443,107066,0
2017-02-06,52.236,53.142,51.742,52.768,71400,0
2017-02-07,53.045,53.045,51.077,51.387,94110,0
2017-02-08,51.122,52.009,50.648,51.713,141414,0
2017-02-09,51.871,54.016,51.802,53.055,182877,0
2017-02-10,53.459,55.708,53.113,55.52,294688,0
2017-02-13,55.698,55.698,54.525,54.899,110081,0
2017-02-14,54.74,55.54,54.74,55.096,86081,0
2017-02-15,54.573,55.599,54.495,55.402,109370,0
2017-02-16,55.303,55.776,54.46,55.776,160483,0
2017-02-17,55.649,55.866,54.93,55.688,148659,0
2017-02-21,55.806,56.604,55.806,56.27,95162,0
2017-02-22,56.113,57.227,56.063,56.841,116174,0
2017-02-23,57.335,57.335,55.274,55.461,129085,0
2017-02-24,55.195,56.763,53.586,56.497,88194,0
2017-02-27,56.556,57.01,56.18,56.763,78141,0
2017-02-28,56.674,56.753,55.066,55.441,138168,0
2017-03-01,56.073,56.437,54.859,56.28,181810,0
2017-03-02,56.113,56.517,55.659,55.896,94548,0
2017-03-03,55.915,56.123,53.469,54.001,127934,0
2017-03-06,54.08,54.248,52.935,53.262,113219,0
2017-03-07,53.232,53.369,52.591,52.758,143011,0
2017-03-08,52.945,53.444,52.374,53.429,330500,0
2017-03-09,53.232,53.479,51.377,51.555,134292,0
2017-03-10,51.644,52.167,51.102,51.684,112054,0
2017-03-13,52.108,52.504,50.845,52.028,361911,0
2017-03-14,51.811,52.443,51.684,52.443,94508,0
2017-03-15,52.64,53.686,52.157,52.975,211078,0
2017-03-16,53.823,56.477,53.519,55.234,286505,0
2017-03-17,55.274,56.23,54.692,56.083,243880,0
2017-03-20,55.963,55.963,53.913,54.04,272526,0
2017-03-21,54.435,54.435,51.19,51.782,243316,0
2017-03-22,51.921,52.231,51.042,51.772,296056,0
2017-03-23,52.186,53.429,51.654,52.729,566693,0
2017-03-24,48.823,55.846,48.823,55.659,805524,0
2017-03-27,54.692,57.118,54.169,56.368,422263,0
2017-03-28,56.21,57.454,55.668,57.197,197344,0
2017-03-29,56.931,58.509,55.649,58.163,167044,0
2017-03-30,58.242,58.242,57.059,57.354,146479,0
2017-03-31,57.424,57.788,56.28,56.477,241386,0
2017-04-03,56.881,56.944,54.83,54.899,238159,0
2017-04-04,54.84,55.264,53.439,53.557,140390,0
2017-04-05,53.933,54.07,52.965,53.359,209432,0
2017-04-06,53.449,54.682,53.322,53.646,293617,0
2017-04-07,53.302,54.031,52.955,53.933,249406,0
2017-04-10,53.933,54.909,53.686,54.238,240189,0
2017-04-11,54.01,55.308,53.861,55.259,175908,0
2017-04-12,55.001,55.07,54.535,54.674,129990,0
2017-04-13,54.605,55.001,54.089,54.297,145717,0
2017-04-17,54.496,54.585,53.871,54.287,118823,0
2017-04-18,53.693,54.902,52.077,54.684,155166,0
2017-04-19,55.021,56.102,54.823,55.952,160357,0
2017-04-20,56.17,57.162,56.17,56.934,156410,0
2017-04-21,56.844,57.45,55.388,55.487,136869,0
2017-04-24,56.32,57.271,56.117,56.974,156251,0
2017-04-25,57.41,57.955,56.944,57.826,154270,0
2017-04-26,58.104,58.995,57.41,58.599,149664,0
2017-04-27,58.837,58.867,58.094,58.728,129527,0
2017-04-28,59.025,59.025,57.172,57.469,171466,0
2017-05-01,57.31,57.377,55.19,56.17,309715,0
2017-05-02,56.27,57.568,56.17,57.222,137934,0
2017-05-03,57.014,57.152,56.062,56.388,92972,0
2017-05-04,56.686,56.686,55.784,56.587,79638,0
2017-05-05,56.706,57.529,56.378,56.716,163745,0
2017-05-08,56.746,58.421,56.736,57.796,164104,0
2017-05-09,57.856,58.669,57.826,58.589,81474,0
2017-05-10,58.341,59.868,58.341,59.839,191269,0
2017-05-11,59.243,59.243,56.112,57.36,237412,0
2017-05-12,57.588,57.588,55.724,56.28,127403,0
2017-05-15,56.3,56.716,55.437,55.566,73804,0
2017-05-16,55.734,55.734,54.099,54.277,94436,0
2017-05-17,53.525,53.693,52.672,52.681,127313,0
2017-05-18,52.791,53.633,52.761,53.157,155541,0
2017-05-19,53.117,54.179,52.563,54,125567,0
2017-05-22,54.109,55.085,54.02,54.297,101896,0
2017-05-23,54.317,54.337,53.564,53.743,79216,0
2017-05-24,53.801,53.861,52.157,52.791,142415,0
2017-05-25,53.237,54.535,52.899,54.397,126725,0
2017-05-26,54.317,54.407,52.909,53.009,160370,0
2017-05-30,52.959,53.762,52.87,53.375,89506,0
2017-05-31,53.445,53.554,52.424,53.267,65114,0
2017-06-01,53.375,55.08,53.069,55.031,149560,0
2017-06-02,55.447,56.29,54.476,55.952,143021,0
2017-06-05,55.606,56.984,55.219,56.616,240908,0
2017-06-06,56.448,59.135,56.448,59.085,420232,0
2017-06-07,57.687,57.975,55.903,57.241,538083,0
2017-06-08,57.291,60.037,56.686,58.975,277921,0
2017-06-09,59.105,61.746,58.966,60.948,290979,0
2017-06-12,60.948,62.97,60.839,61.602,230380,0
2017-06-13,61.91,62.406,61.275,62.058,208711,0
2017-06-14,62.276,62.712,61.573,62.416,201198,0
2017-06-15,61.612,62.499,61.257,62.316,133214,0
2017-06-16,61.692,62.246,61.374,62.108,173502,0
2017-06-19,62.246,62.544,61.652,62.266,117804,0
2017-06-20,62.296,62.296,60.363,60.383,100373,0
2017-06-21,60.611,61.226,59.819,59.947,130528,0
2017-06-22,59.937,60.998,59.639,60.889,120421,0
2017-06-23,60.968,62.484,60.581,62.217,444583,0
2017-06-26,62.416,62.732,61.394,61.503,171886,0
2017-06-27,61.434,61.989,61.018,61.295,272940,0
2017-06-28,61.702,62.484,61.622,62.207,226825,0
2017-06-29,62.366,62.464,61.355,61.999,88246,0
2017-06-30,62.217,62.742,61.81,61.94,117758,0
2017-07-03,62.198,63.09,62.009,62.772,96104,0
2017-07-05,62.524,63.877,60.601,61.156,183044,0
2017-07-06,60.701,61.008,58.787,59.075,117335,0
2017-07-07,59.393,59.907,59.095,59.501,175554,0
2017-07-10,59.253,59.63,57.895,59.363,137585,0
2017-07-11,59.283,59.774,58.084,58.649,100118,0
2017-07-12,59.286,59.744,58.888,59.226,68805,0
2017-07-13,59.356,60.112,58.848,59.993,118980,0
2017-07-14,59.983,60.68,59.635,59.664,131438,0
2017-07-17,59.794,61.845,59.565,60.969,118643,0
2017-07-18,60.76,60.919,60.282,60.6,60372,0
2017-07-19,61.327,63.159,61.327,62.393,181070,0
2017-07-20,62.442,63.179,61.706,62.761,123771,0
2017-07-21,62.93,62.98,62.014,62.423,66097,0
2017-07-24,62.114,62.761,61.611,61.885,61064,0
2017-07-25,62.233,63.556,61.92,62.881,78155,0
2017-07-26,62.98,63.388,61.457,62.731,39163,0
2017-07-27,62.781,62.781,61.696,62.542,62071,0
2017-07-28,62.393,62.781,61.865,62.652,74185,0
2017-07-31,62.831,62.861,61.785,62.861,104921,0
2017-08-01,63.159,63.458,61.317,63.378,81930,0
2017-08-02,63.408,63.727,62.452,62.552,69156,0
2017-08-03,62.562,63.199,61.341,62.044,71501,0
2017-08-04,62.393,63.438,61.656,61.805,106905,0
2017-08-07,61.875,62.428,61.666,62.213,139178,0
2017-08-08,62.423,62.801,61.835,62.203,130584,0
2017-08-09,61.905,62.203,61.048,61.248,81944,0
2017-08-10,60.869,61.034,59.595,60.252,97430,0
2017-08-11,58.041,61.716,58.041,61.178,135157,0
2017-08-14,61.556,62.333,61.417,61.666,71417,0
2017-08-15,61.676,61.676,59.435,59.744,88564,0
2017-08-16,59.873,60.79,59.386,59.615,228468,0
2017-08-17,59.236,59.659,58.26,58.4,136033,0
2017-08-18,58.051,58.051,57.472,57.733,95612,0
2017-08-21,57.643,58.479,57.165,57.812,88805,0
2017-08-22,57.982,59.386,57.265,57.573,116911,0
2017-08-23,57.304,58.4,57.115,57.673,119284,0
2017-08-24,58.25,58.823,57.623,57.952,203845,0
2017-08-25,58.091,60.013,57.553,59.774,150978,0
2017-08-28,59.854,60.177,59.206,59.605,137423,0
2017-08-29,59.396,59.724,58.768,59.435,105834,0
2017-08-30,59.425,59.704,58.171,58.191,252359,0
2017-08-31,58.41,58.947,57.295,57.563,291077,0
2017-09-01,58.45,63.727,57.902,62.462,702243,0
2017-09-05,62.482,63.637,62.426,63.339,282560,0
2017-09-06,63.498,64.817,63.498,64.484,271900,0
2017-09-07,64.792,64.792,63.727,63.936,117821,0
2017-09-08,62.293,62.99,59.555,60.003,218809,0
2017-09-11,60.341,60.949,59.794,59.943,167969,0
2017-09-12,60.003,60.132,59.142,59.396,268614,0
2017-09-13,59.644,60.511,59.396,60.491,139001,0
2017-09-14,60.371,60.451,58.659,59.356,145013,0
2017-09-15,59.694,60.242,58.728,60.063,417841,0
2017-09-18,60.023,60.242,58.977,59.425,117854,0
2017-09-19,59.296,59.834,59.191,59.794,188372,0
2017-09-20,59.455,60.536,59.455,59.864,283975,0
2017-09-21,59.923,60.093,59.137,59.485,88242,0
2017-09-22,59.316,59.943,59.266,59.903,143211,0
2017-09-25,59.654,61.835,59.654,60.869,238891,0
2017-09-26,60.989,61.536,60.461,61.118,158715,0
2017-09-27,61.148,63.667,60.849,63.598,154084,0
2017-09-28,63.528,64.215,62.124,62.691,124612,0
2017-09-29,62.701,63.632,62.701,63.269,95299,0
2017-10-02,63.349,64.623,62.821,64.563,210921,0
2017-10-03,64.613,65.011,63.936,64.992,143326,0
2017-10-04,65.121,65.609,64.812,65.151,255314,0
2017-10-05,65.061,65.549,63.677,64.613,161270,0
2017-10-06,64.494,64.526,63.727,64.125,154313,0
2017-10-09,63.697,63.697,62.572,62.691,120056,0
2017-10-10,62.821,63.886,62.492,63.508,106584,0
2017-10-11,63.428,63.787,62.691,63.02,94120,0
2017-10-12,63.08,63.33,61.81,63.22,108853,0
2017-10-13,63.65,64.48,63.21,63.63,207689,0
2017-10-16,63.46,64.04,62.85,63.02,177564,0
2017-10-17,63.21,64.36,63.21,63.77,71794,0
2017-10-18,64.33,65.205,63.995,64.98,117065,0
2017-10-19,64.78,65.21,63.78,64.94,122642,0
2017-10-20,65.83,66.25,64.53,64.96,209146,0
2017-10-23,65.06,65.8757,64.16,65.24,83481,0
2017-10-24,65.48,65.94,65.06,65.67,85378,0
2017-10-25,65.46,66.025,64.5,65.49,78467,0
2017-10-26,65.66,66.025,65.25,65.43,70156,0
2017-10-27,65.37,65.57,64.285,65.22,72104,0
2017-10-30,64.575,64.75,63.88,64.59,73982,0
2017-10-31,63.82,64.99,63.7,64.6,107597,0
2017-11-01,64.86,65.01,63.23,64.04,82112,0
2017-11-02,64.33,64.83,62.93,63.59,78693,0
2017-11-03,63.55,63.905,62.56,62.7,93068,0
2017-11-06,62.95,63.87,62.6101,63.01,90880,0
2017-11-07,63.08,63.7,61.65,62.17,359796,0
2017-11-08,62.17,62.19,60.6,61.46,90985,0
2017-11-09,61.13,61.93,60.415,61.53,81894,0
2017-11-10,61.74,64,61.74,63.56,99538,0
