2016-01-04,9.79,9.92,9.635,9.65,14974,0
2016-01-05,9.625,9.92,9.41,9.42,12251,0
2016-01-06,9.53,9.92,9.44,9.91,18827,0
2016-01-07,9.81,9.91,9.725,9.76,6428,0
2016-01-08,9.76,9.9,9.62,9.73,6521,0
2016-01-11,9.27,9.81,9.27,9.62,15871,0
2016-01-12,9.34,9.79,9.292,9.48,3402,0
2016-01-13,9.6308,9.6308,9.23,9.23,2857,0
2016-01-14,9.23,9.51,9.23,9.41,7461,0
2016-01-15,9.3,9.58,9.13,9.16,11553,0
2016-01-19,9.31,9.65,9.25,9.28,11800,0
2016-01-20,9.031,9.14,8.47,8.73,15865,0
2016-01-21,8.496,8.8,8.4842,8.75,4759,0
2016-01-22,8.75,8.754,8.57,8.57,7248,0
2016-01-25,8.64,8.74,8.24,8.31,12142,0
2016-01-26,8.25,8.5,8.105,8.12,10324,0
2016-01-27,8.163,8.39,8.14,8.14,27750,0
2016-01-28,8.516,8.516,8.1163,8.19,7879,0
2016-01-29,8.1373,8.3136,8.1373,8.25,11856,0
2016-02-01,8.16,8.6,8.13,8.565,15755,0
2016-02-02,8.69,8.7,8.28,8.6,16313,0
2016-02-03,8.56,8.76,8.35,8.68,14179,0
2016-02-04,8.62,8.97,8.6,8.64,7758,0
2016-02-05,8.76,8.91,8.615,8.7,11028,0
2016-02-08,8.4563,8.49,8.05,8.09,15217,0
2016-02-09,8.29,8.29,7.84,7.9,8158,0
2016-02-10,7.68,7.98,7.67,7.82,15452,0
2016-02-11,7.71,7.82,7.6,7.67,23665,0
2016-02-12,7.74,7.96,7.63,7.83,15133,0
2016-02-16,7.78,8.19,7.78,8.12,13471,0
2016-02-17,8.48,8.85,8.39,8.67,23195,0
2016-02-18,8.89,8.9,8.52,8.71,11268,0
2016-02-19,8.75,8.84,8.325,8.67,20632,0
2016-02-22,8.9,8.9,8.4,8.44,24639,0
2016-02-23,8.26,8.73,8.19,8.19,33632,0
2016-02-24,8.12,8.2712,7.96,8.01,15292,0
2016-02-25,8.05,8.25,7.5,7.65,17916,0
2016-02-26,7.668,7.825,7.6,7.66,43053,0
2016-02-29,7.69,7.99,7.56,7.59,30159,0
2016-03-01,7.6,8.01,7.57,7.98,26036,0
2016-03-02,7.91,8.45,7.84,8.32,17866,0
2016-03-03,8.31,8.45,8.02,8.32,19945,0
2016-03-04,8.28,8.65,7.8501,7.98,34875,0
2016-03-07,8.02,8.32,7.74,7.78,38271,0
2016-03-08,7.66,8.08,7.66,7.67,26152,0
2016-03-09,7.76,7.85,7.65,7.74,31852,0
2016-03-10,7.75,7.855,7.63,7.68,35265,0
2016-03-11,7.7,8.1,7.68,7.96,17599,0
2016-03-14,7.88,8.12,7.84,8.01,9601,0
2016-03-15,7.9,8.19,7.81,8.03,16050,0
2016-03-16,8.05,8.24,7.94,8.15,7004,0
2016-03-17,8.15,8.396,7.88,8.26,13423,0
2016-03-18,8.24,8.44,8,8.1,11675,0
2016-03-21,8.18,8.4,7.8075,7.9,15726,0
2016-03-22,7.84,8.3591,7.84,8.08,11852,0
2016-03-23,7.85,8.06,7.73,7.73,11748,0
2016-03-24,7.78,8.19,7.75,8.12,21677,0
2016-03-28,8.12,8.284,7.92,8.1201,18894,0
2016-03-29,8.06,8.29,7.97,8.01,17327,0
2016-03-30,8,8.28,8,8.17,21697,0
2016-03-31,8.1,8.29,8.02,8.02,18489,0
2016-04-01,8.05,8.2,8.04,8.12,11893,0
2016-04-04,8.07,8.3,7.985,8.21,11501,0
2016-04-05,8.2,8.3866,8.06,8.22,13926,0
2016-04-06,8.2,8.43,8.1825,8.3,16493,0
2016-04-07,8.33,8.44,8.13,8.42,18183,0
2016-04-08,8.44,8.49,8.32,8.3679,11512,0
2016-04-11,8.4,8.54,8.38,8.39,17419,0
2016-04-12,8.44,8.55,8.37,8.37,26887,0
2016-04-13,8.43,8.653,8.39,8.42,11370,0
2016-04-14,8.37,8.42,8.37,8.39,8880,0
2016-04-15,8.4,8.41,8.28,8.33,18000,0
2016-04-18,8.37,8.4,8.27,8.32,15824,0
2016-04-19,8.4,8.4,8.24,8.29,18141,0
2016-04-20,8.25,8.38,8.23,8.27,10860,0
2016-04-21,8.26,8.27,8.1,8.14,11214,0
2016-04-22,8.12,8.3814,8.12,8.32,12332,0
2016-04-25,8.31,8.38,8.16,8.2,13893,0
2016-04-26,8.25,8.254,8.2,8.22,5714,0
2016-04-27,8.288,8.3,8.15,8.17,15352,0
2016-04-28,8.25,8.37,8.2,8.25,16936,0
2016-04-29,8.8,10,8.8,9.59,95608,0
2016-05-02,9.76,9.96,9.49,9.58,82530,0
2016-05-03,9.76,9.84,9.59,9.67,59929,0
2016-05-04,9.71,9.8,9.65,9.7101,13208,0
2016-05-05,9.8,9.9,9.77,9.82,14395,0
2016-05-06,9.78,9.98,9.78,9.89,6595,0
2016-05-09,10,10.18,9.97,10.095,11293,0
2016-05-10,10.17,10.4901,10.17,10.4,29666,0
2016-05-11,10.38,10.47,10.29,10.31,6867,0
2016-05-12,10.42,10.42,10.1065,10.24,14194,0
2016-05-13,10.01,10.47,10.01,10.04,1815,0
2016-05-16,10.21,10.3893,10.09,10.16,7157,0
2016-05-17,10.21,10.3335,10.02,10.0801,2984,0
2016-05-18,10.04,10.3499,10.04,10.15,6476,0
2016-05-19,10.13,10.13,9.94,10.02,6066,0
2016-05-20,10,10.19,10,10.05,23854,0
2016-05-23,10.25,10.26,10.1,10.26,6154,0
2016-05-24,10.31,10.4,10.16,10.3,16222,0
2016-05-25,10.33,10.4,10.3,10.4,9404,0
2016-05-26,10.33,10.44,10.33,10.44,6165,0
2016-05-27,10.45,10.84,10.375,10.79,17009,0
2016-05-31,10.75,10.83,10.5765,10.8,37323,0
2016-06-01,10.64,10.7899,10.59,10.76,17430,0
2016-06-02,10.63,10.69,10.56,10.59,7331,0
2016-06-03,10.57,10.63,10.5,10.57,12241,0
2016-06-06,10.57,10.62,10.3996,10.57,10942,0
2016-06-07,10.62,10.64,10.43,10.6,26248,0
2016-06-08,10.54,11,10.46,10.95,26564,0
2016-06-09,10.89,10.99,10.44,10.98,6630,0
2016-06-10,10.54,11.14,10.54,11.12,20593,0
2016-06-13,11.06,11.06,10.78,10.976,4088,0
2016-06-14,10.75,10.88,10.75,10.78,4666,0
2016-06-15,10.72,10.914,10.5,10.75,2610,0
2016-06-16,10.75,10.96,10.71,10.81,13463,0
2016-06-17,10.84,11.15,10.45,11.15,10450,0
2016-06-20,11.02,11.39,11.02,11.21,16591,0
2016-06-21,11.21,11.21,10.64,11.19,9440,0
2016-06-22,11.215,11.39,11.215,11.23,14160,0
2016-06-23,11.33,11.35,11.2508,11.3,9287,0
2016-06-24,11.08,11.18,10.35,11.14,4690,0
2016-06-27,11.06,11.06,10.46,10.56,1898,0
2016-06-28,10.48,11.074,10.48,11.01,5222,0
2016-06-29,10.9,11.29,10.9,11.17,19874,0
2016-06-30,11.09,11.22,11.09,11.14,15823,0
2016-07-01,11.12,11.2,11.0508,11.07,14423,0
2016-07-05,11.07,11.17,11.03,11.07,11022,0
2016-07-06,11.02,11.34,11.02,11.06,4001,0
2016-07-07,11.17,11.26,11.1,11.13,8120,0
2016-07-08,11.15,11.22,11.13,11.2,10960,0
2016-07-11,11.2,11.24,10.8,11.24,16458,0
2016-07-12,11.25,11.463,11.165,11.39,8983,0
2016-07-13,11.4,11.4,11.26,11.31,5002,0
2016-07-14,11.29,11.35,11.15,11.17,11395,0
2016-07-15,11.29,11.3,11.1,11.3,7862,0
2016-07-18,11.18,11.37,11.11,11.245,6385,0
2016-07-19,11.26,11.45,11.11,11.43,13855,0
2016-07-20,11.43,11.5,11.21,11.48,14723,0
2016-07-21,11.46,11.59,11.23,11.57,20409,0
2016-07-22,11.6,11.97,11.6,11.89,3395,0
2016-07-25,11.9,11.9,11.5392,11.64,10658,0
2016-07-26,11.63,11.87,11.63,11.85,1900,0
2016-07-27,11.71,12.1,10.9286,11.83,30124,0
2016-07-28,16.43,16.43,14.47,15.66,286926,0
2016-07-29,15.96,17.01,15.4,16.62,160811,0
2016-08-01,17.22,18.895,17.0101,17.84,357655,0
2016-08-02,17.8,17.95,16.38,16.505,166761,0
2016-08-03,16.69,16.9699,15.15,15.52,204488,0
2016-08-04,15.63,16.9999,15.5,16.95,101503,0
2016-08-05,17.29,17.5,17,17.19,133606,0
2016-08-08,17.72,18,17.61,17.84,215160,0
2016-08-09,17.99,18.464,17.65,18.2,140725,0
2016-08-10,18.5,18.54,17.9803,18.12,205333,0
2016-08-11,18.18,18.5,18.126,18.4,197249,0
2016-08-12,18.48,18.48,16.62,17.48,299311,0
2016-08-15,17.78,18.38,17.48,18.2,441670,0
2016-08-16,18.19,18.9,18.03,18.66,321219,0
2016-08-17,18.51,18.6999,17.7,18.1,194570,0
2016-08-18,18.06,18.319,17.92,18,124702,0
2016-08-19,17.94,18.5,17.84,18.11,189053,0
2016-08-22,18.27,18.48,17.581,18.11,239430,0
2016-08-23,18.27,19.62,18.24,19.3,386244,0
2016-08-24,19.3,19.35,18.9,19.22,178375,0
2016-08-25,19,19.1,17.6601,18.09,307751,0
2016-08-26,17.88,18.41,17.64,17.82,187156,0
2016-08-29,17.56,18.56,16.87,18.47,356858,0
2016-08-30,18.54,18.66,18.33,18.51,124071,0
2016-08-31,18.55,18.75,18.4101,18.57,85708,0
2016-09-01,18.5,18.605,18.4,18.53,58027,0
2016-09-02,18.53,18.57,18.11,18.36,204123,0
2016-09-06,17.95,17.97,17.05,17.65,257608,0
2016-09-07,17.64,17.845,17.261,17.75,214085,0
2016-09-08,17.75,17.79,17.6,17.71,74510,0
2016-09-09,17.56,17.7,16.81,16.82,88157,0
2016-09-12,16.7,17.06,16.03,17.04,158488,0
2016-09-13,17.03,17.075,16.61,16.69,127710,0
2016-09-14,16.74,17.44,16.67,17.355,120377,0
2016-09-15,17.4,17.75,17.3,17.75,139161,0
2016-09-16,17.61,18.285,17.505,18.22,142334,0
2016-09-19,18.26,18.58,18.18,18.32,146634,0
2016-09-20,18.4,19.23,18.15,19.2,142675,0
2016-09-21,20.02,20.02,18.8405,19.44,171217,0
2016-09-22,19.64,19.82,19.225,19.72,145563,0
2016-09-23,19.79,19.91,19.55,19.89,136016,0
2016-09-26,20.76,20.9,19.6514,19.78,136331,0
2016-09-27,19.84,20.8679,19.78,20.8679,255537,0
2016-09-28,21,21,20.42,21,129986,0
2016-09-29,21,21.13,20.57,20.855,171979,0
2016-09-30,20.81,21.9088,20.68,21.54,195019,0
2016-10-03,21.86,22,21.5524,21.77,312804,0
2016-10-04,21.95,22.17,21.6,21.8,344252,0
2016-10-05,21.8,22.105,21.6418,21.73,223053,0
2016-10-06,21.8,22.05,21.6,21.97,111258,0
2016-10-07,22.18,22.4912,22.03,22.39,150709,0
2016-10-10,22.27,22.99,22.21,22.72,260319,0
2016-10-11,22.83,23.28,22.41,22.53,264749,0
2016-10-12,22.48,22.71,20.86,22.09,237838,0
2016-10-13,21.85,21.9,20.64,21.48,123313,0
2016-10-14,21.69,22.019,21.5,21.62,94389,0
2016-10-17,21.7,23.05,21.6877,22.83,220451,0
2016-10-18,22.95,23.45,22.3724,22.41,238644,0
2016-10-19,22.41,22.52,21.983,22.39,97427,0
2016-10-20,22.52,22.63,22.3,22.4,51342,0
2016-10-21,22.47,22.88,22.171,22.33,94690,0
2016-10-24,22.1,22.3,20.14,20.51,289195,0
2016-10-25,20.35,20.84,19.731,20.1,234719,0
2016-10-26,19.9,20,18.38,18.58,237079,0
2016-10-27,21.1,24.53,21.1,23.96,1022344,0
2016-10-28,23.72,23.72,21.77,21.93,494660,0
2016-10-31,21.75,22.25,20.9,21.2,284150,0
2016-11-01,21.3,21.495,20.455,20.55,147739,0
2016-11-02,20.6,21.15,20.1,20.15,109691,0
2016-11-03,20.25,20.5,19.5,19.7,112799,0
2016-11-04,19.6,20.3,19.205,19.35,82527,0
2016-11-07,19.35,19.55,18.75,18.75,198802,0
2016-11-08,18.55,19.3,18.55,19.05,120581,0
2016-11-09,18.7,19.65,18.055,19.4,103128,0
2016-11-10,19.6,19.6,18.4501,18.75,113140,0
2016-11-11,18.65,19.6,18.65,19.5,76390,0
2016-11-14,18.95,19.7,18.5,19.1,98401,0
2016-11-15,19.3,20.15,19.1923,19.65,135823,0
2016-11-16,19.6,19.85,19.1,19.35,69121,0
2016-11-17,19.45,20.5,19.2,20.25,104555,0
2016-11-18,20.3,20.4,19.35,19.55,110524,0
2016-11-21,19.5,19.7,18.8,19.2,168193,0
2016-11-22,19.4,20.15,19.2,19.55,93997,0
2016-11-23,19.4,20.2,19.25,19.85,54535,0
2016-11-25,19.7,20.2,19.55,20.05,29277,0
2016-11-28,19.95,19.95,19.05,19.3,88227,0
2016-11-29,19.2,20.9,19.1,20.3,160080,0
2016-11-30,20.2,20.55,19.8,20.15,76930,0
2016-12-01,20.05,20.5,20,20.25,105435,0
2016-12-02,20.15,20.85,20.1,20.775,102622,0
2016-12-05,20.8,21.6,20.6,21.45,105317,0
2016-12-06,21.45,22.45,21.45,22.35,102263,0
2016-12-07,22.5,22.5,22.15,22.2,84248,0
2016-12-08,22.3,22.7,22.2,22.65,52867,0
2016-12-09,22.65,22.8,22.3,22.5,94188,0
2016-12-12,22.55,22.55,20.3,20.9,161926,0
2016-12-13,21,22.3,21,21.95,133868,0
2016-12-14,21.95,21.95,20.9977,21.05,35133,0
2016-12-15,21.15,21.65,21.05,21.5,103836,0
2016-12-16,21.6,21.611,21.1,21.1,59501,0
2016-12-19,21.35,21.6,21.1,21.55,118175,0
2016-12-20,21.55,22.15,21.55,21.9,51316,0
2016-12-21,21.95,22.15,21.4313,22.1,46732,0
2016-12-22,22.05,22.25,21.45,21.8,132874,0
2016-12-23,21.85,21.875,21.55,21.75,25655,0
2016-12-27,21.7,23,21.65,22.65,265419,0
2016-12-28,22.8,23.24,22.1,22.5,177325,0
2016-12-29,22.5,22.9,21.61,22.2,63826,0
2016-12-30,22.3,22.55,22,22.5,106071,0
2017-01-03,22.8,22.8,21.405,22.05,133841,0
2017-01-04,22.05,22.55,22,22.4,87751,0
2017-01-05,22.25,22.4,22,22.2,73867,0
2017-01-06,22.3,22.45,22.075,22.25,83572,0
2017-01-09,22.15,22.85,22.1,22.6,105535,0
2017-01-10,22.7,24.3,22.7,23.9,182056,0
2017-01-11,23.95,23.95,22.95,23.05,127993,0
2017-01-12,23,23,22.25,22.5,130655,0
2017-01-13,22.45,23,22.4,22.7,56338,0
2017-01-17,22.7,22.7,21.2,21.75,110132,0
2017-01-18,21.85,22.4,21.85,22.35,90290,0
2017-01-19,22.3,22.55,22.15,22.3,46053,0
2017-01-20,22.4,22.6044,22.2,22.55,28534,0
2017-01-23,22.4,22.55,22.3,22.35,69238,0
2017-01-24,22.35,22.8,22.1321,22.6,85994,0
2017-01-25,22.75,23,22.35,22.4,57060,0
2017-01-26,22.4,22.55,22.35,22.5,101005,0
2017-01-27,22.55,22.6,22.1,22.25,53504,0
2017-01-30,22.1,22.5,21.95,22.45,59653,0
2017-01-31,22.4,22.5,22.25,22.4,138719,0
2017-02-01,22.6,22.6,22.2,22.55,61177,0
2017-02-02,22.25,23,22.25,22.9,62224,0
2017-02-03,22.95,23.65,22.95,23.65,95966,0
2017-02-06,24.95,25.75,24.35,25.25,363547,0
2017-02-07,25.45,25.6,24.25,24.3,151489,0
2017-02-08,24.3,25,24.055,24.65,170233,0
2017-02-09,26.65,27,25.3013,26.4,435651,0
2017-02-10,26.4,27.2,26.25,26.95,378153,0
2017-02-13,27.2,27.95,27,27.35,334704,0
2017-02-14,27.5,27.5,26.95,27.05,235290,0
2017-02-15,27.05,27.45,26.7001,27.15,268628,0
2017-02-16,27.15,27.45,26.9,27.3,205824,0
2017-02-17,27.25,27.75,26.85,27.6,192351,0
2017-02-21,27.6,28.7,27.6,28.3,257739,0
2017-02-22,28.3,29,28,28.8,250183,0
2017-02-23,28.85,29.15,27.95,27.95,169007,0
2017-02-24,27.6,27.85,26.6,27.55,255240,0
2017-02-27,27.8,28.1,27.275,27.75,318045,0
2017-02-28,27.7,27.81,25.7,26.9,425370,0
2017-03-01,27.2,28.65,27.05,28.5,230875,0
2017-03-02,28.35,29.85,28.35,28.6,293499,0
2017-03-03,28.6,29.1115,27.3,28.25,149994,0
2017-03-06,28.35,28.35,27.65,28,148730,0
2017-03-07,28.1,28.2,27.8,28.05,151314,0
2017-03-08,28.05,28.4675,27.15,27.55,116955,0
2017-03-09,27.5,27.95,26.95,27,153636,0
2017-03-10,27.3,27.5,27,27.25,119777,0
2017-03-13,26.35,27.15,26.105,26.85,151236,0
2017-03-14,26.75,27.7,26.45,27.55,111698,0
2017-03-15,27.6,27.95,27.3642,27.85,132277,0
2017-03-16,27.8,28.15,27.2499,27.45,124797,0
2017-03-17,27.55,28,27.25,27.85,90579,0
2017-03-20,27.8,27.8,27.1,27.55,131072,0
2017-03-21,27.55,27.75,25.85,25.9,133226,0
2017-03-22,25.95,26.54,25.155,25.95,148395,0
2017-03-23,26.05,27.05,26,26.8,128606,0
2017-03-24,26.95,27.05,26.8,26.85,109975,0
2017-03-27,26.5,27.15,26.05,27.05,103535,0
2017-03-28,27.05,27.65,27,27.65,113536,0
2017-03-29,27.65,27.95,27.55,27.8,103297,0
2017-03-30,27.8,28.3,27.55,27.75,90943,0
2017-03-31,27.75,28.55,27.7,28.05,91163,0
2017-04-03,28.05,28.4558,27.75,27.85,105995,0
2017-04-04,27.8,28,27.45,27.95,142730,0
2017-04-05,28.1,28.175,26.775,27.05,85776,0
2017-04-06,26.95,27.3,26.45,27.2,96241,0
2017-04-07,27,27.4,27,27.2,72599,0
2017-04-10,27.4,27.6,26.325,26.35,94710,0
2017-04-11,26.35,26.85,25.975,26.8,111009,0
2017-04-12,26.65,26.725,26.175,26.25,50732,0
2017-04-13,26.2,26.55,26.1,26.3,49981,0
2017-04-17,26.45,26.9,26.25,26.85,81045,0
2017-04-18,26.7,26.7895,26.4,26.6,68647,0
2017-04-19,26.75,27.15,26.6,27.1,60288,0
2017-04-20,27.25,27.8,27,27.7,71058,0
2017-04-21,27.75,28,27.75,27.8,91174,0
2017-04-24,28.3,29.45,28,29.2,147809,0
2017-04-25,29.55,30.75,29.25,30.3,184081,0
2017-04-26,30.5,31.2,29.5,30.075,120658,0
2017-04-27,30.15,30.75,29.95,30.15,148510,0
2017-04-28,27.8,27.85,23.8064,25.2,768251,0
2017-05-01,25.5,25.65,22.7,24.35,560129,0
2017-05-02,24.5,24.5,22.15,22.3,424504,0
2017-05-03,22,22,18.9344,19,649044,0
2017-05-04,18.95,20.2,18.4625,18.85,439049,0
2017-05-05,18.9,20.25,18.9,20.2,300598,0
2017-05-08,20.1,20.15,18.6,19.2,224516,0
2017-05-09,19.2,20,19.15,19.9,135013,0
2017-05-10,19.8,19.89,19.15,19.25,146465,0
2017-05-11,19.15,19.3,19,19.2,140907,0
2017-05-12,19,19.25,18.905,19.15,100597,0
2017-05-15,19.15,19.85,19.15,19.25,100981,0
2017-05-16,19.3,19.65,19.1,19.5,118608,0
2017-05-17,19.1,19.55,18.9,19,159858,0
2017-05-18,18.85,19.2,18.85,19.05,87149,0
2017-05-19,19.15,19.15,18.7,18.8,117587,0
2017-05-22,18.8,19.5,18.5,19.3,130152,0
2017-05-23,19.4,19.65,19.05,19.45,92576,0
2017-05-24,19.5,20.65,19.425,20.45,187508,0
2017-05-25,20.65,20.8,19.74,20,165019,0
2017-05-26,19.95,20.1,19.6,19.8,89828,0
2017-05-30,19.7,19.85,19.4,19.55,120742,0
2017-05-31,19.7,19.7,19.3,19.7,55492,0
2017-06-01,19.8,20.15,19.8,19.95,89880,0
2017-06-02,20.05,20.35,19.9,20.15,66697,0
2017-06-05,20.1,20.3,19.8,20.15,75048,0
2017-06-06,20,20.15,19.35,19.65,101733,0
2017-06-07,19.8,19.9,19.5,19.85,47322,0
2017-06-08,19.75,20.5,19.6773,20.3,82191,0
2017-06-09,20.35,20.9347,19.9,20.1,73766,0
2017-06-12,20,20.5,19.005,19.3,133397,0
2017-06-13,19.3,19.5,18.155,18.8,157622,0
2017-06-14,18.65,18.975,18.4,18.9,125628,0
2017-06-15,18.8,18.925,18.55,18.7,90628,0
2017-06-16,18.7,18.925,17.8,18.2,189884,0
2017-06-19,18.35,18.75,18.1,18.45,120036,0
2017-06-20,18.15,18.6,18.1,18.5,94569,0
2017-06-21,18.5,18.725,17.35,17.6,126667,0
2017-06-22,17.5,18.05,17.25,18,120457,0
2017-06-23,17.95,18.5,17.75,18.4,1135804,0
2017-06-26,18.4,19.3,18.15,19.15,136499,0
2017-06-27,19.1,19.15,18.1,18.5,178798,0
2017-06-28,18.6,19.7,18.15,19.4,154730,0
2017-06-29,19.35,19.5,18.85,19.4,116910,0
2017-06-30,19.45,19.45,18.7,18.75,80520,0
2017-07-03,18.8,19,18.65,18.8,46024,0
2017-07-05,18.85,19.35,18.35,19.3,124037,0
2017-07-06,19,19.35,18.65,19.15,104247,0
2017-07-07,19.25,19.7,18.9,19.65,62682,0
2017-07-10,19.5,19.55,18.925,19.25,101171,0
2017-07-11,19.1,19.95,19.1,19.75,103866,0
2017-07-12,20,20.25,19.65,19.95,117831,0
2017-07-13,19.85,19.95,19.55,19.85,82251,0
2017-07-14,19.8,19.95,19.45,19.9,73035,0
2017-07-17,19.8,20.35,19.65,20.3,97380,0
2017-07-18,20.25,20.5,19.85,20.25,85260,0
2017-07-19,20.3,20.3,19.6,19.75,168136,0
2017-07-20,19.85,19.85,19.05,19.3,89916,0
2017-07-21,19.3,19.75,18.8,19.05,124693,0
2017-07-24,19.05,19.65,18.9,19.5,91973,0
2017-07-25,19.4,19.8,18.85,19.15,253139,0
2017-07-26,19.2,20.05,18.6,19.75,538862,0
2017-07-27,18,18,14.2,14.9,1058932,0
2017-07-28,15,15.1249,13.1,13.1,782901,0
2017-07-31,13.55,13.55,12.35,12.375,806260,0
2017-08-01,12.35,12.75,12.15,12.5,443675,0
2017-08-02,12.5,13.2,12.475,12.85,387662,0
2017-08-03,12.8,12.9,12.1,12.35,354486,0
2017-08-04,12.6,12.6,12.2,12.3,213001,0
2017-08-07,12.25,12.3,11.875,12.05,268189,0
2017-08-08,12,12.3,11.9,12.1,183663,0
2017-08-09,12,12.1,11.8,12,200507,0
2017-08-10,12.15,13.1,12.0721,12.6,358556,0
2017-08-11,12.6,13.1,12.4,12.7,239974,0
2017-08-14,12.75,13.55,12.75,13.4,352480,0
2017-08-15,13.4,13.4699,12.6,12.85,318363,0
2017-08-16,12.8,12.925,12.6,12.7,243704,0
2017-08-17,12.6,12.85,12.15,12.2,290765,0
2017-08-18,12.2,12.35,12,12.15,136832,0
2017-08-21,12.3,13.15,12.15,12.85,302456,0
2017-08-22,12.9,13.425,12.65,13.25,285270,0
2017-08-23,13.15,13.15,12.4,12.8,243765,0
2017-08-24,12.85,13.35,12.838,13.15,160425,0
2017-08-25,13.25,13.95,13.2,13.55,230007,0
2017-08-28,13.7,13.7,13.1,13.3,204158,0
2017-08-29,13.1,13.25,12.65,12.8,145550,0
2017-08-30,12.85,13.15,12.7,12.8,112023,0
2017-08-31,12.95,13.375,12.95,13.2,147764,0
2017-09-01,13.25,13.4,13.05,13.4,69593,0
2017-09-05,13.3,13.6,12.85,13,123015,0
2017-09-06,13.05,13.65,12.9,13.15,130275,0
2017-09-07,13.15,13.425,12.5,12.65,153102,0
2017-09-08,12.65,12.7,12.45,12.55,122111,0
2017-09-11,12.7,12.925,12.575,12.7,158715,0
2017-09-12,12.75,13.45,12.75,13.2,155021,0
2017-09-13,13.1,13.475,13.1,13.3,86168,0
2017-09-14,13.3,13.3,12.9,12.95,51866,0
2017-09-15,13,13.25,12.6,13.1,157494,0
2017-09-18,13.05,13.6,13.05,13.1,90173,0
2017-09-19,13.05,13.25,12.9,13,68745,0
2017-09-20,13.05,13.15,12.95,12.95,66103,0
2017-09-21,12.95,13.2,12.95,13,97800,0
2017-09-22,13,13.275,13,13.2,93222,0
2017-09-25,13.2,13.425,12.95,13.15,135729,0
2017-09-26,13.3,13.6837,13.25,13.5,141198,0
2017-09-27,13.7,14.25,13.6,13.85,185415,0
2017-09-28,13.95,14.3,13.85,14.15,87510,0
2017-09-29,14.1,14.375,14,14,79441,0
2017-10-02,14,14.4,13.86,14.4,56203,0
2017-10-03,14.35,14.475,14,14.25,134358,0
2017-10-04,14.3,14.45,14.1,14.2,102651,0
2017-10-05,14.3,14.35,14.05,14.25,72397,0
2017-10-06,14.3,14.45,14.05,14.15,122836,0
2017-10-09,14.25,14.5,13.75,13.75,91456,0
2017-10-10,13.9,14.025,13.6,13.75,90053,0
2017-10-11,13.7,13.9037,13.5,13.7,143014,0
2017-10-12,13.65,13.85,13.6,13.8,70658,0
2017-10-13,13.8,13.9,13.55,13.55,52966,0
2017-10-16,13.6,13.825,13.45,13.55,79216,0
2017-10-17,13.6,14.05,13.55,13.85,72447,0
2017-10-18,13.75,14.05,13.65,13.7,60533,0
2017-10-19,13.7,13.7,13.295,13.6,64431,0
2017-10-20,13.7,13.9,13.65,13.9,70590,0
2017-10-23,14,14,13.55,13.7,54062,0
2017-10-24,13.8,14.1,13.7,13.95,107323,0
2017-10-25,14,14.1,13.8,14,129920,0
2017-10-26,14.05,14.05,13.555,13.95,106575,0
2017-10-27,14,14.2,13.85,14.05,112983,0
2017-10-30,14.05,14.1,13.8,14,88932,0
2017-10-31,13.95,14.35,13.9,14.05,119794,0
2017-11-01,14.2,14.5,14,14.25,87457,0
2017-11-02,14.25,14.3,13.8,14.2,72394,0
2017-11-03,14.15,14.15,13.75,13.85,197605,0
2017-11-06,13.85,14.3,13.8,14.15,148409,0
2017-11-07,11.45,12,9.85,10,898769,0
2017-11-08,10.05,10.1,9.7,9.84,327538,0
2017-11-09,9.85,10.15,9.6,9.85,193033,0
2017-11-10,9.75,10.25,9.75,10,112326,0
