2016-01-04,3.3654,3.3896,3.2975,3.3557,2112548,0
2016-01-05,3.3557,3.4236,3.3363,3.3557,2008646,0
2016-01-06,3.3072,3.3557,3.2491,3.2878,2228258,0
2016-01-07,3.2102,3.2587,3.152,3.1714,2694539,0
2016-01-08,3.1714,3.2296,3.1569,3.1617,2208928,0
2016-01-11,3.152,3.1617,2.8562,3.0259,4253744,0
2016-01-12,3.0259,3.1133,2.9241,3.0744,2598217,0
2016-01-13,3.0648,3.1035,2.958,2.9872,2611500,0
2016-01-14,2.9872,3.0842,2.9387,3.0648,2039195,0
2016-01-15,2.9678,3.0065,2.9193,3.0065,1791240,0
2016-01-19,3.0065,3.055,2.8514,2.929,1986481,0
2016-01-20,2.861,2.958,2.7447,2.9387,2494606,0
2016-01-21,2.958,3.1035,2.8999,2.9872,2901341,0
2016-01-22,3.0259,3.1763,3.0163,3.1133,2740365,0
2016-01-25,3.0842,3.1327,3.0357,3.0357,1911347,0
2016-01-26,2.9969,3.1327,2.9678,3.1229,2102349,0
2016-01-27,3.1035,3.1617,2.9484,2.9678,1553107,0
2016-01-28,2.9969,2.9969,2.861,2.958,1558416,0
2016-01-29,2.958,3.0744,2.929,3.0405,1693609,0
2016-02-01,3.0065,3.0842,2.958,3.055,1984582,0
2016-02-02,2.7059,2.861,2.6283,2.6671,2972786,0
2016-02-03,2.6574,2.735,2.5022,2.7156,2659835,0
2016-02-04,2.7059,2.832,2.5216,2.7641,2541557,0
2016-02-05,2.7641,2.8708,2.7398,2.832,2683136,0
2016-02-08,2.7738,2.9193,2.7544,2.8708,2027238,0
2016-02-09,2.8029,2.9193,2.8029,2.8223,2302621,0
2016-02-10,2.832,2.958,2.8223,2.832,1501082,0
2016-02-11,2.735,2.9095,2.7059,2.7931,1417130,0
2016-02-12,2.7835,2.8708,2.7689,2.832,1093680,0
2016-02-16,2.8416,2.9678,2.7931,2.9678,1753799,0
2016-02-17,2.9678,3.0259,2.8999,2.929,1215213,0
2016-02-18,2.9095,2.9969,2.8853,2.958,1851901,0
2016-02-19,2.929,3.0163,2.8514,3.0163,1083321,0
2016-02-22,3.0357,3.0744,2.8901,2.9095,1659121,0
2016-02-23,3.1035,3.4624,2.8901,2.8901,4915707,0
2016-02-24,2.861,2.9387,2.7156,2.9387,3857054,0
2016-02-25,2.9193,2.9678,2.832,2.8999,3354191,0
2016-02-26,2.8901,2.929,2.8174,2.8416,4881743,0
2016-02-29,2.8223,2.9484,2.7738,2.9144,3703429,0
2016-03-01,2.929,3.0648,2.861,3.0453,2233005,0
2016-03-02,3.0158,3.1143,2.9862,3.0651,2981322,0
2016-03-03,3.0552,3.4396,3.0552,3.3706,5204586,0
2016-03-04,3.3607,3.4001,3.2622,3.3262,3294792,0
2016-03-07,3.2917,3.4199,3.2622,3.3804,1818318,0
2016-03-08,3.3509,3.4001,3.1045,3.1242,2287657,0
2016-03-09,3.1045,3.272,3.0749,3.2425,2118863,0
2016-03-10,3.2326,3.3016,3.1833,3.2523,2801013,0
2016-03-11,3.2622,3.3016,3.0848,3.1932,2842207,0
2016-03-14,3.1439,3.2326,3.0306,3.1932,3091307,0
2016-03-15,3.134,3.1759,2.8679,2.8778,2644561,0
2016-03-16,2.8778,2.9271,2.8679,2.8877,1733482,0
2016-03-17,2.8679,3.0355,2.8384,2.9369,2457553,0
2016-03-18,2.9566,3.1538,2.9369,3.1143,13263449,0
2016-03-21,3.1143,3.3706,3.1045,3.3312,2696039,0
2016-03-22,3.2819,3.3659,3.203,3.272,2152627,0
2016-03-23,3.2622,3.3016,3.1242,3.1439,1399045,0
2016-03-24,3.0848,3.134,3.0109,3.0651,1203689,0
2016-03-28,3.0651,3.1439,3.0355,3.0848,1107190,0
2016-03-29,3.0651,3.1439,2.9764,3.1242,1899404,0
2016-03-30,3.1143,3.2425,3.1045,3.1242,1596327,0
2016-03-31,3.1143,3.3607,3.1143,3.2819,2068950,0
2016-04-01,3.2425,3.3016,3.203,3.2622,1081061,0
2016-04-04,3.2523,3.3607,3.2227,3.272,1616876,0
2016-04-05,3.2129,3.2917,3.203,3.2622,1444750,0
2016-04-06,3.2425,3.3213,3.2129,3.3114,1525084,0
2016-04-07,3.3114,3.3459,3.1538,3.2326,2026295,0
2016-04-08,3.2326,3.2819,3.1735,3.2227,1523965,0
2016-04-11,3.2326,3.3607,3.2227,3.3016,1626953,0
2016-04-12,3.3016,3.4297,3.2622,3.4199,1582300,0
2016-04-13,3.4396,3.548,3.41,3.5283,1424768,0
2016-04-14,3.5283,3.5973,3.4987,3.5775,1481987,0
2016-04-15,3.5677,3.6465,3.4987,3.5775,1501420,0
2016-04-18,3.5775,3.686,3.5381,3.548,1335438,0
2016-04-19,3.5184,3.6662,3.5086,3.6268,1433308,0
2016-04-20,3.6367,3.7303,3.5973,3.686,1103532,0
2016-04-21,3.6761,3.7451,3.6268,3.686,1703670,0
2016-04-22,3.6564,3.7648,3.6564,3.7648,1370903,0
2016-04-25,3.7648,3.7845,3.6071,3.6761,1336566,0
2016-04-26,3.6662,3.7352,3.6268,3.7254,1457087,0
2016-04-27,3.6958,3.7648,3.6719,3.7254,1111532,0
2016-04-28,3.686,3.7599,3.681,3.7057,1303905,0
2016-04-29,3.686,3.7648,3.6465,3.7155,2123154,0
2016-05-02,3.7057,3.7254,3.479,3.5973,1398196,0
2016-05-03,3.5677,3.6071,3.5086,3.5086,942985,0
2016-05-04,3.4593,3.479,3.1735,3.2425,2922585,0
2016-05-05,3.134,3.2425,3.0453,3.1538,1837263,0
2016-05-06,3.1143,3.1784,3.0848,3.1242,1182338,0
2016-05-09,3.1143,3.2425,3.0749,3.1932,1211965,0
2016-05-10,3.1932,3.2425,3.134,3.203,856768,0
2016-05-11,3.203,3.2227,3.1045,3.1242,764019,0
2016-05-12,3.1143,3.134,2.9961,3.0059,1199576,0
2016-05-13,2.9961,3.0247,2.8975,2.9271,1557218,0
2016-05-16,2.9271,3.0946,2.9271,3.0749,1531523,0
2016-05-17,3.0453,3.1735,3.0453,3.1143,1268272,0
2016-05-18,3.0848,3.1636,3.0848,3.0946,996621,0
2016-05-19,3.0453,3.1242,3.0355,3.1045,834547,0
2016-05-20,3.0848,3.1538,3.0749,3.1242,652168,0
2016-05-23,3.1143,3.1833,3.1045,3.1045,758181,0
2016-05-24,3.134,3.1735,3.1094,3.1538,690439,0
2016-05-25,3.203,3.3016,3.1833,3.2819,1168418,0
2016-05-26,3.272,3.3114,3.203,3.2129,643981,0
2016-05-27,3.2129,3.3213,3.1685,3.2917,1099231,0
2016-05-31,3.272,3.543,3.2523,3.5381,2715050,0
2016-06-01,3.5086,3.5086,3.3016,3.41,2614270,0
2016-06-02,3.36,3.53,3.36,3.52,1729467,0
2016-06-03,3.48,3.51,3.38,3.48,1251097,0
2016-06-06,3.47,3.58,3.41,3.55,1013639,0
2016-06-07,3.52,3.55,3.365,3.41,1552133,0
2016-06-08,3.41,3.43,3.3,3.36,793414,0
2016-06-09,3.34,3.38,3.24,3.27,1179005,0
2016-06-10,3.25,3.25,3.15,3.155,896342,0
2016-06-13,3.13,3.16,3.06,3.06,1155640,0
2016-06-14,3.04,3.199,3.04,3.13,1160137,0
2016-06-15,3.11,3.18,3.08,3.15,831064,0
2016-06-16,3.1,3.14,3.05,3.13,673935,0
2016-06-17,3.11,3.18,3.07,3.08,1562836,0
2016-06-20,3.06,3.15,3.06,3.07,1090001,0
2016-06-21,3.1,3.1,2.97,3.045,1182541,0
2016-06-22,3.01,3.165,3.005,3.05,837592,0
2016-06-23,3.07,3.16,3.07,3.14,1069327,0
2016-06-24,2.99,3.08,2.99,3.04,1539538,0
2016-06-27,3.03,3.0699,2.94,2.95,2021859,0
2016-06-28,2.99,3.12,2.98,3.04,1300256,0
2016-06-29,3.09,3.15,3.07,3.12,1218607,0
2016-06-30,3.11,3.19,3.11,3.14,1000621,0
2016-07-01,3.12,3.23,3.12,3.22,1032582,0
2016-07-05,3.28,3.28,3.09,3.09,987539,0
2016-07-06,3.06,3.18,3.04,3.18,1308090,0
2016-07-07,3.18,3.21,3.08,3.18,1186505,0
2016-07-08,3.2,3.29,3.1972,3.28,1228264,0
2016-07-11,3.27,3.3,3.24,3.27,550847,0
2016-07-12,3.26,3.32,3.26,3.28,656822,0
2016-07-13,3.27,3.33,3.26,3.3,821788,0
2016-07-14,3.3,3.32,3.25,3.27,1272880,0
2016-07-15,3.29,3.35,3.26,3.35,868925,0
2016-07-18,3.33,3.42,3.32,3.42,1003851,0
2016-07-19,3.4,3.46,3.38,3.44,1228914,0
2016-07-20,3.48,3.485,3.41,3.47,798411,0
2016-07-21,3.49,3.55,3.47,3.51,991582,0
2016-07-22,3.49,3.565,3.48,3.52,611748,0
2016-07-25,3.52,3.5299,3.42,3.48,766902,0
2016-07-26,3.46,3.54,3.45,3.53,1087904,0
2016-07-27,3.52,3.59,3.51,3.57,551078,0
2016-07-28,3.53,3.59,3.52,3.56,476283,0
2016-07-29,3.55,3.56,3.47,3.51,585514,0
2016-08-01,3.51,3.62,3.51,3.55,842789,0
2016-08-02,3.53,3.62,3.47,3.54,1258797,0
2016-08-03,3.52,3.59,3.45,3.48,1385053,0
2016-08-04,3.47,3.6,3.45,3.54,952185,0
2016-08-05,3.2,3.24,2.87,3.02,5057551,0
2016-08-08,3,3.04,2.98,3.015,2421996,0
2016-08-09,3.02,3.07,2.98,3,3180934,0
2016-08-10,2.98,3,2.94,2.96,2055287,0
2016-08-11,3.02,3.04,2.92,2.94,1562844,0
2016-08-12,2.93,2.98,2.84,2.84,1401833,0
2016-08-15,2.81,2.85,2.79,2.82,2120437,0
2016-08-16,2.78,2.8,2.76,2.76,901248,0
2016-08-17,2.75,2.75,2.69,2.72,1203982,0
2016-08-18,2.72,2.79,2.6941,2.79,760995,0
2016-08-19,2.77,2.83,2.77,2.81,988778,0
2016-08-22,2.78,2.87,2.76,2.87,1165870,0
2016-08-23,2.85,2.895,2.83,2.86,731851,0
2016-08-24,2.85,2.9,2.76,2.76,979009,0
2016-08-25,2.76,2.78,2.685,2.74,982094,0
2016-08-26,2.73,2.88,2.71,2.86,1631917,0
2016-08-29,2.84,2.875,2.77,2.84,1415949,0
2016-08-30,2.87,2.94,2.82,2.94,1439461,0
2016-08-31,2.92,2.95,2.85,2.91,1501315,0
2016-09-01,2.88,2.98,2.855,2.965,1643796,0
2016-09-02,2.87,3.01,2.87,2.98,1801957,0
2016-09-06,2.95,3.25,2.95,3.24,2274777,0
2016-09-07,3.19,3.24,3.13,3.24,1916118,0
2016-09-08,3.2,3.3,3.195,3.3,1249518,0
2016-09-09,3.26,3.26,2.97,2.98,2179238,0
2016-09-12,2.81,3.02,2.79,2.98,1933666,0
2016-09-13,2.95,3,2.93,2.95,1074589,0
2016-09-14,2.95,3.1,2.93,3.08,726656,0
2016-09-15,3.06,3.16,3.02,3.12,902164,0
2016-09-16,3.12,3.24,3.09,3.17,3417394,0
2016-09-19,3.21,3.38,3.2,3.285,1657989,0
2016-09-20,3.29,3.35,3.2,3.23,1375669,0
2016-09-21,3.25,3.37,3.2,3.36,1782167,0
2016-09-22,3.36,3.3999,3.3,3.35,1415772,0
2016-09-23,3.32,3.45,3.32,3.43,1276100,0
2016-09-26,3.43,3.4399,3.3,3.3,1114920,0
2016-09-27,3.28,3.33,3.25,3.3,916201,0
2016-09-28,3.31,3.33,3.25,3.31,651617,0
2016-09-29,3.3,3.35,3.21,3.23,1020193,0
2016-09-30,3.23,3.37,3.21,3.345,1322551,0
2016-10-03,3.33,3.38,3.3,3.3,895378,0
2016-10-04,3.28,3.37,3.26,3.27,774561,0
2016-10-05,3.28,3.355,3.27,3.31,1135784,0
2016-10-06,3.29,3.3,3.22,3.25,1144585,0
2016-10-07,3.23,3.3,3.175,3.21,994790,0
2016-10-10,3.2,3.425,3.2,3.4,812759,0
2016-10-11,3.39,3.4001,3.26,3.29,501366,0
2016-10-12,3.29,3.32,3.21,3.24,685171,0
2016-10-13,3.18,3.26,3.14,3.22,1319883,0
2016-10-14,3.27,3.28,3.14,3.14,823264,0
2016-10-17,3.14,3.18,3.08,3.16,1171607,0
2016-10-18,3.19,3.25,3.19,3.195,633834,0
2016-10-19,3.18,3.22,3.11,3.13,568892,0
2016-10-20,3.11,3.15,3.11,3.13,825120,0
2016-10-21,3.1,3.2,3.085,3.15,917304,0
2016-10-24,3.16,3.19,3.12,3.17,890387,0
2016-10-25,3.15,3.21,3.15,3.21,850715,0
2016-10-26,3.18,3.33,3.18,3.33,1120928,0
2016-10-27,3.33,3.38,3.3,3.33,1369462,0
2016-10-28,3.31,3.36,3.24,3.29,1392460,0
2016-10-31,3.31,3.31,3.15,3.22,1489922,0
2016-11-01,3.21,3.285,3.18,3.24,1252905,0
2016-11-02,3.21,3.245,3.12,3.12,697212,0
2016-11-03,3.11,3.16,3.09,3.12,1252455,0
2016-11-04,3.19,3.19,3.02,3.14,1034896,0
2016-11-07,3.16,3.25,3.11,3.2,1009470,0
2016-11-08,3.2,3.25,3.14,3.18,1067854,0
2016-11-09,3.22,3.375,3.21,3.36,2531609,0
2016-11-10,3.33,3.5,3.33,3.46,2355116,0
2016-11-11,3.44,3.6,3.41,3.58,1871850,0
2016-11-14,3.6,3.69,3.53,3.67,1801636,0
2016-11-15,3.66,3.77,3.59,3.72,1714367,0
2016-11-16,3.11,3.24,2.85,3.05,21774903,0
2016-11-17,3.02,3.0922,2.97,3,3405531,0
2016-11-18,3,3.095,2.95,3.04,3968148,0
2016-11-21,3.18,3.18,3,3.03,1536610,0
2016-11-22,3.05,3.085,2.96,3.03,1792595,0
2016-11-23,2.6,2.7399,2.53,2.59,7279764,0
2016-11-25,2.6,2.69,2.51,2.54,1298470,0
2016-11-28,2.54,2.57,2.38,2.4,3244274,0
2016-11-29,2.41,2.43,2.255,2.29,5305812,0
2016-11-30,2.32,2.32,2.14,2.19,4608446,0
2016-12-01,2.3,2.3,2.18,2.21,2006206,0
2016-12-02,2.19,2.21,2.06,2.1,2928337,0
2016-12-05,2.11,2.15,2.06,2.06,2482428,0
2016-12-06,2.06,2.2,2.02,2.18,2543936,0
2016-12-07,2.17,2.19,2.06,2.08,2932973,0
2016-12-08,2.09,2.22,2.06,2.2,2083799,0
2016-12-09,2.22,2.32,2.21,2.24,2772591,0
2016-12-12,2.14,2.23,2.05,2.06,3967581,0
2016-12-13,2.06,2.1,2,2.02,2334988,0
2016-12-14,2.02,2.05,2,2.03,2084778,0
2016-12-15,2.04,2.08,2.02,2.03,1597410,0
2016-12-16,2.04,2.08,1.99,1.99,3145039,0
2016-12-19,2,2.01,1.93,2,2156044,0
2016-12-20,1.97,2.0279,1.93,1.98,1736213,0
2016-12-21,1.98,2.09,1.98,2.08,1849976,0
2016-12-22,2.12,2.29,2.04,2.04,3957538,0
2016-12-23,2.04,2.12,2.04,2.1,1578336,0
2016-12-27,2.11,2.18,2.1,2.11,1545627,0
2016-12-28,2.11,2.19,2.11,2.15,1489900,0
2016-12-29,2.17,2.19,2.1,2.12,1251826,0
2016-12-30,2.1,2.15,2.07,2.12,1441546,0
2017-01-03,2.12,2.23,2.09,2.23,2092924,0
2017-01-04,2.27,2.34,2.135,2.3,3525396,0
2017-01-05,2.33,2.34,2.29,2.325,1843626,0
2017-01-06,2.31,2.35,2.25,2.26,2105805,0
2017-01-09,2.26,2.315,2.24,2.27,2273552,0
2017-01-10,2.28,2.38,2.26,2.34,2451154,0
2017-01-11,2.38,2.39,2.27,2.32,3541068,0
2017-01-12,2.3,2.35,2.28,2.29,2612222,0
2017-01-13,2.29,2.345,2.24,2.27,3191053,0
2017-01-17,2.28,2.3,2.21,2.25,2446638,0
2017-01-18,2.27,2.37,2.23,2.35,2492736,0
2017-01-19,2.34,2.38,2.23,2.36,2845885,0
2017-01-20,2.36,2.37,2.25,2.32,1854766,0
2017-01-23,2.31,2.36,2.24,2.29,1890455,0
2017-01-24,2.29,2.34,2.25,2.32,1739370,0
2017-01-25,2.32,2.33,2.22,2.28,2830969,0
2017-01-26,2.29,2.305,2.24,2.27,699304,0
2017-01-27,2.26,2.3,2.23,2.25,1080052,0
2017-01-30,2.25,2.27,2.18,2.2,1259729,0
2017-01-31,2.18,2.24,2.14,2.2,1966888,0
2017-02-01,2.21,2.24,2.18,2.19,887107,0
2017-02-02,2.2,2.23,2.1601,2.2,1088539,0
2017-02-03,2.21,2.21,2.18,2.21,1134573,0
2017-02-06,2.17,2.27,2.17,2.25,1342966,0
2017-02-07,2.24,2.27,2.185,2.21,965978,0
2017-02-08,2.19,2.24,2.15,2.22,2458169,0
2017-02-09,2.22,2.27,2.21,2.23,1195311,0
2017-02-10,2.26,2.3,2.235,2.26,1391698,0
2017-02-13,2.26,2.295,2.23,2.25,1085821,0
2017-02-14,2.22,2.32,2.22,2.31,1549867,0
2017-02-15,2.28,2.315,2.24,2.29,1695894,0
2017-02-16,2.28,2.34,2.26,2.31,1821380,0
2017-02-17,2.31,2.32,2.25,2.27,1698684,0
2017-02-21,2.27,2.31,2.21,2.22,1397185,0
2017-02-22,2.22,2.28,2.22,2.28,851982,0
2017-02-23,2.27,2.28,2.22,2.24,752560,0
2017-02-24,2.22,2.26,2.18,2.22,903769,0
2017-02-27,2.2,2.26,2.16,2.19,2705285,0
2017-02-28,2.17,2.21,2.11,2.14,1883626,0
2017-03-01,2.21,2.25,2.09,2.12,3063528,0
2017-03-02,2.08,2.1,1.98,2.04,3013586,0
2017-03-03,2.05,2.2,2.0232,2.165,2436302,0
2017-03-06,2.2,2.25,2.12,2.13,2188831,0
2017-03-07,2.12,2.15,2.09,2.09,1583635,0
2017-03-08,2.1,2.18,2.08,2.14,1542444,0
2017-03-09,2.13,2.19,2.13,2.145,966072,0
2017-03-10,2.15,2.18,2.1,2.15,1229515,0
2017-03-13,2.165,2.205,2.15,2.15,1419409,0
2017-03-14,2.14,2.18,2.11,2.13,1311115,0
2017-03-15,2.12,2.19,2.12,2.16,1669642,0
2017-03-16,2.15,2.21,2.15,2.18,1945993,0
2017-03-17,2.16,2.24,2.15,2.21,2765500,0
2017-03-20,2.2,2.2,2.13,2.18,1795234,0
2017-03-21,2.18,2.19,2.12,2.16,1726917,0
2017-03-22,2.13,2.17,2.01,2.05,2675294,0
2017-03-23,2.05,2.07,2.02,2.03,1222447,0
2017-03-24,2.02,2.0399,1.96,1.98,1695651,0
2017-03-27,2,2.08,1.98,2.05,1391168,0
2017-03-28,2.12,2.14,2.09,2.1,1448502,0
2017-03-29,2.1,2.22,2.08,2.19,1611197,0
2017-03-30,2.18,2.21,2.12,2.16,2347491,0
2017-03-31,2.15,2.29,2.15,2.27,2719209,0
2017-04-03,2.25,2.32,2.225,2.3,2850458,0
2017-04-04,2.3,2.31,2.22,2.23,2948601,0
2017-04-05,2.23,2.24,2.11,2.13,2401204,0
2017-04-06,2.13,2.17,2.1,2.135,1893916,0
2017-04-07,2.12,2.14,2.04,2.06,2716605,0
2017-04-10,2.07,2.13,2.05,2.06,1582901,0
2017-04-11,2.05,2.1,2,2.03,1915564,0
2017-04-12,2.03,2.09,2.02,2.03,1894807,0
2017-04-13,2.03,2.09,2.03,2.04,1263359,0
2017-04-17,2.02,2.1,2.02,2.09,1877255,0
2017-04-18,2.08,2.11,2.04,2.06,2173517,0
2017-04-19,2.08,2.1,2.02,2.025,1276394,0
2017-04-20,2.02,2.11,2.02,2.05,1573766,0
2017-04-21,2.05,2.085,2.01,2.02,1730761,0
2017-04-24,2.06,2.17,2.045,2.16,2185163,0
2017-04-25,2.16,2.23,2.15,2.23,1762248,0
2017-04-26,2.21,2.33,2.21,2.31,2571533,0
2017-04-27,2.3,2.35,2.28,2.28,1829371,0
2017-04-28,2.3,2.33,2.23,2.25,1531007,0
2017-05-01,2.24,2.28,2.21,2.22,912440,0
2017-05-02,2.23,2.26,2.15,2.15,1624317,0
2017-05-03,2.14,2.21,2.11,2.16,1398561,0
2017-05-04,2.11,2.3,2.11,2.23,1475051,0
2017-05-05,2.25,2.29,2.22,2.27,1694410,0
2017-05-08,2.27,2.3,2.22,2.22,1798330,0
2017-05-09,2.24,2.28,2.22,2.27,2371683,0
2017-05-10,2.28,2.44,2.25,2.4,2092854,0
2017-05-11,2.39,2.4,2.27,2.27,1949051,0
2017-05-12,2.28,2.34,2.27,2.29,1300442,0
2017-05-15,2.29,2.33,2.28,2.31,1289037,0
2017-05-16,2.3,2.41,2.3,2.38,1892845,0
2017-05-17,2.34,2.38,2.28,2.33,1791696,0
2017-05-18,2.32,2.41,2.32,2.38,1915860,0
2017-05-19,2.38,2.41,2.33,2.33,1550729,0
2017-05-22,2.34,2.39,2.34,2.35,1493264,0
2017-05-23,2.36,2.425,2.34,2.35,1316286,0
2017-05-24,2.36,2.39,2.3,2.32,1539721,0
2017-05-25,2.33,2.37,2.28,2.34,1555356,0
2017-05-26,2.33,2.39,2.33,2.39,903999,0
2017-05-30,2.39,2.4,2.35,2.39,1066765,0
2017-05-31,2.39,2.4,2.32,2.39,3390742,0
2017-06-01,2.39,2.42,2.38,2.41,2110956,0
2017-06-02,2.4,2.51,2.4,2.45,3439066,0
2017-06-05,2.45,2.52,2.43,2.44,1876323,0
2017-06-06,2.43,2.49,2.43,2.48,1311611,0
2017-06-07,2.48,2.485,2.41,2.43,1408198,0
2017-06-08,2.43,2.48,2.41,2.47,1430052,0
2017-06-09,2.5,2.52,2.42,2.47,1128485,0
2017-06-12,2.45,2.5,2.42,2.43,1446051,0
2017-06-13,2.44,2.44,2.32,2.34,1544347,0
2017-06-14,2.35,2.4,2.32,2.34,1322509,0
2017-06-15,2.32,2.35,2.26,2.27,1278007,0
2017-06-16,2.21,2.3,2.21,2.29,2442367,0
2017-06-19,2.29,2.34,2.29,2.33,890691,0
2017-06-20,2.31,2.37,2.29,2.36,4142724,0
2017-06-21,2.37,2.47,2.37,2.46,1535351,0
2017-06-22,2.47,2.49,2.44,2.46,1537799,0
2017-06-23,2.48,2.6,2.4305,2.54,3665796,0
2017-06-26,2.56,2.62,2.54,2.57,1611074,0
2017-06-27,2.59,2.61,2.5,2.5,995023,0
2017-06-28,2.5,2.6,2.48,2.59,989570,0
2017-06-29,2.6,2.63,2.54,2.58,1034835,0
2017-06-30,2.57,2.61,2.47,2.47,854073,0
2017-07-03,2.48,2.48,2.42,2.48,606493,0
2017-07-05,2.47,2.49,2.45,2.485,1033434,0
2017-07-06,2.46,2.48,2.4,2.41,651134,0
2017-07-07,2.42,2.42,2.36,2.38,835851,0
2017-07-10,2.37,2.38,2.32,2.35,1149212,0
2017-07-11,2.33,2.36,2.32,2.32,741471,0
2017-07-12,2.33,2.4,2.33,2.39,728742,0
2017-07-13,2.38,2.45,2.37,2.44,535447,0
2017-07-14,2.42,2.46,2.42,2.44,432929,0
2017-07-17,2.42,2.47,2.39,2.39,1507522,0
2017-07-18,2.38,2.42,2.37,2.4,458398,0
2017-07-19,2.4,2.43,2.4,2.42,373836,0
2017-07-20,2.42,2.45,2.39,2.39,3874556,0
2017-07-21,2.41,2.41,2.36,2.37,1233687,0
2017-07-24,2.35,2.39,2.29,2.38,1657135,0
2017-07-25,2.38,2.49,2.38,2.46,959005,0
2017-07-26,2.45,2.49,2.435,2.48,380548,0
2017-07-27,2.48,2.48,2.43,2.44,621468,0
2017-07-28,2.41,2.43,2.31,2.32,842737,0
2017-07-31,2.31,2.33,2.26,2.27,728477,0
2017-08-01,2.25,2.26,2.22,2.24,1903594,0
2017-08-02,2.25,2.25,2.21,2.22,2110434,0
2017-08-03,2.2,2.208,2.15,2.15,1012595,0
2017-08-04,2.46,2.77,2.34,2.39,8625316,0
2017-08-07,2.42,2.68,2.39,2.59,3486278,0
2017-08-08,2.61,2.73,2.59,2.64,2274296,0
2017-08-09,2.65,2.73,2.63,2.64,1332672,0
2017-08-10,2.66,2.675,2.56,2.59,2315556,0
2017-08-11,2.62,2.755,2.6,2.67,2091147,0
2017-08-14,2.68,2.87,2.67,2.79,2487040,0
2017-08-15,2.79,2.83,2.76,2.79,1323679,0
2017-08-16,2.8,2.84,2.77,2.79,1477305,0
2017-08-17,2.82,2.83,2.72,2.72,1664209,0
2017-08-18,2.71,2.83,2.71,2.72,1911428,0
2017-08-21,2.75,2.83,2.74,2.8,2826550,0
2017-08-22,2.82,2.88,2.78,2.79,2106150,0
2017-08-23,2.81,2.84,2.77,2.78,867379,0
2017-08-24,2.8,2.85,2.8,2.85,2151720,0
2017-08-25,2.88,3.04,2.8774,3,2882498,0
2017-08-28,3,3.04,2.96,3.01,1582911,0
2017-08-29,3.05,3.06,2.915,2.94,1971088,0
2017-08-30,2.95,3.075,2.93,3.02,1314049,0
2017-08-31,3.02,3.19,3.02,3.12,1693703,0
2017-09-01,3.15,3.15,3.02,3.07,1155948,0
2017-09-05,3.09,3.135,2.92,3.05,3678756,0
2017-09-06,3.09,3.16,3.05,3.07,2419939,0
2017-09-07,3.06,3.15,3.06,3.13,1424738,0
2017-09-08,3.14,3.18,3.095,3.17,1363858,0
2017-09-11,3.18,3.235,3.13,3.205,1556516,0
2017-09-12,3.23,3.245,3.17,3.22,1131872,0
2017-09-13,3.22,3.28,3.19,3.21,1379477,0
2017-09-14,3.22,3.25,3.19,3.24,1277413,0
2017-09-15,3.24,3.32,3.22,3.28,6478259,0
2017-09-18,3.31,3.36,3.27,3.31,3762943,0
2017-09-19,3.37,3.37,3.28,3.29,1436131,0
2017-09-20,3.31,3.31,3.26,3.31,1521781,0
2017-09-21,3.32,3.32,3.24,3.27,855146,0
2017-09-22,3.28,3.28,3.11,3.17,1818165,0
2017-09-25,3.15,3.42,3.15,3.36,3776630,0
2017-09-26,3.37,3.43,3.34,3.36,1121109,0
2017-09-27,3.36,3.41,3.3175,3.39,1065525,0
2017-09-28,3.4,3.43,3.33,3.4,1604491,0
2017-09-29,3.42,3.4232,3.37,3.39,1125719,0
2017-10-02,3.4,3.41,3.341,3.4,2627167,0
2017-10-03,3.4,3.41,3.32,3.38,1376793,0
2017-10-04,3.39,3.48,3.3444,3.45,1965334,0
2017-10-05,3.47,3.49,3.4,3.41,903089,0
2017-10-06,3.4,3.455,3.395,3.42,718846,0
2017-10-09,3.42,3.47,3.36,3.4,1073701,0
2017-10-10,3.43,3.525,3.36,3.49,1420031,0
2017-10-11,3.51,3.52,3.415,3.46,3388902,0
2017-10-12,3.44,3.51,3.41,3.45,1752059,0
2017-10-13,3.47,3.49,3.44,3.47,942405,0
2017-10-16,3.44,3.53,3.43,3.51,2490396,0
2017-10-17,3.51,3.535,3.43,3.45,2119959,0
2017-10-18,3.45,3.535,3.44,3.47,1355736,0
2017-10-19,3.47,3.505,3.43,3.49,1252032,0
2017-10-20,3.5,3.53,3.46,3.5,1087370,0
2017-10-23,3.5,3.549,3.46,3.51,1772012,0
2017-10-24,3.51,3.515,3.171,3.3,3164429,0
2017-10-25,3.31,3.32,3.171,3.2,1644324,0
2017-10-26,3.19,3.26,2.87,2.96,4125060,0
2017-10-27,2.94,3.08,2.921,3.05,1864385,0
2017-10-30,3.09,3.14,2.92,2.96,2961818,0
2017-10-31,2.97,3.11,2.91,2.96,2754899,0
2017-11-01,2.97,3.04,2.96,2.99,2195670,0
2017-11-02,2.97,3.045,2.93,2.96,2127759,0
2017-11-03,2.93,3.12,2.92,3.08,2240288,0
2017-11-06,3.04,3.12,3.02,3.08,1996635,0
2017-11-07,3.11,3.11,3.05,3.08,1711816,0
2017-11-08,3.08,3.1,3.02,3.04,1225812,0
2017-11-09,3.02,3.08,3.01,3.03,1337536,0
2017-11-10,3.04,3.06,2.96,3.04,1403889,0
