2016-01-04,35.817,36.248,35.415,36.21,3883830,0
2016-01-05,36.238,36.48,35.591,36.426,2377561,0
2016-01-06,36.153,36.351,35.966,36.126,1980021,0
2016-01-07,35.704,36.416,35.574,36.313,3980002,0
2016-01-08,36.351,36.593,35.873,35.947,2876438,0
2016-01-11,35.956,36.363,35.849,36.116,2800310,0
2016-01-12,36.229,36.313,35.583,36.116,3199330,0
2016-01-13,36.145,36.779,35.93,36.284,3830682,0
2016-01-14,36.21,37.426,36.21,37.182,5161189,0
2016-01-15,36.696,37.117,36.426,37.052,5934016,0
2016-01-19,37.323,37.678,37.052,37.267,4779033,0
2016-01-20,37.098,37.323,35.686,36.461,3976332,0
2016-01-21,36.453,36.779,36.097,36.573,3976684,0
2016-01-22,36.931,37.585,36.583,37.304,5277414,0
2016-01-25,37.314,37.383,36.256,36.47,4127865,0
2016-01-26,36.547,37.146,36.435,36.848,2576752,0
2016-01-27,36.892,37.328,36.632,37.052,2376988,0
2016-01-28,37.155,38.062,36.828,37.772,2292841,0
2016-01-29,38.128,38.773,38.1,38.644,3744451,0
2016-02-01,38.511,38.903,38.259,38.717,3240972,0
2016-02-02,38.483,38.81,38.156,38.782,3580823,0
2016-02-03,39.006,39.691,38.885,39.438,4026375,0
2016-02-04,39.475,40.073,39.355,39.691,3379880,0
2016-02-05,39.382,40.289,39.09,40.149,4399790,0
2016-02-08,40.13,40.608,39.129,39.286,5647725,0
2016-02-09,39.119,39.915,38.903,39.654,4018134,0
2016-02-10,39.485,40.171,39.119,39.897,3611425,0
2016-02-11,39.727,40.06,39.09,39.193,3695552,0
2016-02-12,39.232,39.364,38.749,39.193,2589146,0
2016-02-16,39.373,39.409,38.894,39.364,3332335,0
2016-02-17,39.39,39.485,38.849,39.184,3635655,0
2016-02-18,39.242,40.279,38.979,40.083,3624076,0
2016-02-19,40.139,40.457,39.654,40.205,3817187,0
2016-02-22,40.345,41.113,40.251,41.019,4763379,0
2016-02-23,40.813,40.963,40.402,40.784,3651057,0
2016-02-24,40.701,41.206,40.186,40.608,3855775,0
2016-02-25,40.701,40.935,40.495,40.926,2142141,0
2016-02-26,40.813,40.981,39.7,39.812,4093188,0
2016-02-29,39.812,40.373,39.663,39.915,2600018,0
2016-03-01,40.186,40.447,39.708,39.877,3129394,0
2016-03-02,39.784,40.345,38.773,40.308,3469630,0
2016-03-03,40.382,41.122,39.86,41.038,4361265,0
2016-03-04,40.869,41.832,40.617,41.729,4010163,0
2016-03-07,41.655,41.988,41.43,41.749,3908505,0
2016-03-08,41.805,42.363,41.522,42.344,3846472,0
2016-03-09,42.211,42.656,42.07,42.448,3812723,0
2016-03-10,42.4,42.593,41.966,42.514,2512845,0
2016-03-11,42.776,42.93,41.796,41.862,4207717,0
2016-03-14,41.899,42.211,41.881,42.127,2392022,0
2016-03-15,41.937,42.325,41.857,42.249,3029784,0
2016-03-16,42.164,42.702,41.749,42.637,4142851,0
2016-03-17,42.91,43.58,42.692,43.486,3983485,0
2016-03-18,43.675,43.684,43.089,43.108,5630345,0
2016-03-21,42.91,43.43,42.741,43.165,2225374,0
2016-03-22,43.306,43.524,43.014,43.278,2155461,0
2016-03-23,43.175,43.86,43.043,43.638,3008193,0
2016-03-24,43.505,43.703,43.251,43.477,2244459,0
2016-03-28,43.675,43.939,43.363,43.514,1511237,0
2016-03-29,43.59,43.986,43.242,43.986,2348053,0
2016-03-30,43.986,44.242,43.647,43.949,1636795,0
2016-03-31,44.072,44.591,43.944,44.515,4717651,0
2016-04-01,44.298,44.772,44.148,44.685,2678410,0
2016-04-04,44.685,44.732,44.048,44.327,3754359,0
2016-04-05,44.307,44.421,43.472,43.628,3190168,0
2016-04-06,43.553,43.703,43.297,43.544,2756589,0
2016-04-07,43.44,43.797,43.247,43.346,2739416,0
2016-04-08,43.391,43.807,43.287,43.42,1739040,0
2016-04-11,43.401,43.732,43.014,43.089,1962955,0
2016-04-12,43.165,43.751,42.968,43.684,2313966,0
2016-04-13,43.76,43.76,43.024,43.222,2146882,0
2016-04-14,43.202,43.45,43.004,43.306,2116858,0
2016-04-15,43.269,43.892,43.138,43.817,2774981,0
2016-04-18,43.778,44.148,43.42,44.138,2321598,0
2016-04-19,44.109,44.564,43.986,44.497,3693091,0
2016-04-20,44.601,44.648,43.41,43.44,4283292,0
2016-04-21,43.269,43.41,42.14,42.39,3859435,0
2016-04-22,42.598,42.88,42.405,42.692,2414400,0
2016-04-25,42.674,42.835,42.523,42.722,2789692,0
2016-04-26,42.741,43.089,42.646,42.93,3181432,0
2016-04-27,43.052,43.713,42.844,43.495,3216615,0
2016-04-28,43.147,43.703,43.034,43.703,2741171,0
2016-04-29,42.816,43.845,41.853,43.561,4304890,0
2016-05-02,43.684,44.09,43.401,43.599,3906988,0
2016-05-03,43.675,44.166,43.251,43.524,3699373,0
2016-05-04,43.457,44.445,43.354,44.043,3670597,0
2016-05-05,44.1,44.487,43.665,43.864,2202444,0
2016-05-06,43.836,43.836,42.796,43.165,3893496,0
2016-05-09,43.297,43.751,43.089,43.628,3410289,0
2016-05-10,43.684,43.896,43.534,43.675,1906299,0
2016-05-11,43.684,43.901,43.297,43.788,2740504,0
2016-05-12,43.751,44.015,43.524,43.778,2967935,0
2016-05-13,43.778,43.778,43.202,43.316,2461387,0
2016-05-16,43.259,43.44,42.994,43.382,3124909,0
2016-05-17,43.222,43.406,42.353,42.656,3010865,0
2016-05-18,42.429,42.627,41.693,41.862,3712653,0
2016-05-19,41.654,42.306,41.38,42.296,2427418,0
2016-05-20,42.429,42.57,42.013,42.467,6814231,0
2016-05-23,42.467,42.588,42.013,42.041,2425242,0
2016-05-24,42.07,42.603,42.003,42.494,2572608,0
2016-05-25,41.474,41.687,40.389,41.352,9763676,0
2016-05-26,41.333,41.99,41.333,41.796,2829587,0
2016-05-27,41.833,42.098,41.81,42.061,2423702,0
2016-05-31,42.032,42.4,41.843,42.259,5676418,0
2016-06-01,42.249,42.618,42.061,42.533,3051624,0
2016-06-02,42.4,42.618,42.013,42.353,3237024,0
2016-06-03,42.646,43.123,42.646,42.835,3237326,0
2016-06-06,42.89,43.128,42.666,42.776,2534864,0
2016-06-07,42.206,42.731,41.977,42.101,3531924,0
2016-06-08,42.072,42.287,41.872,42.206,2615096,0
2016-06-09,42.196,42.636,42.196,42.521,2739016,0
2016-06-10,42.455,42.731,42.096,42.273,2852556,0
2016-06-13,42.301,42.681,42.273,42.426,2963841,0
2016-06-14,42.473,42.531,42.044,42.396,3335969,0
2016-06-15,42.491,42.511,42.101,42.226,3090801,0
2016-06-16,42.235,42.606,42.144,42.481,2357373,0
2016-06-17,42.386,42.716,42.063,42.701,3897560,0
2016-06-20,42.691,42.881,42.063,42.282,3231747,0
2016-06-21,42.301,42.55,42.054,42.187,2448154,0
2016-06-22,42.254,42.321,41.968,42.016,1972891,0
2016-06-23,42.026,42.226,41.758,42.216,3107222,0
2016-06-24,41.702,42.55,41.702,42.016,4546498,0
2016-06-27,42.044,42.568,41.968,42.331,4545513,0
2016-06-28,42.445,42.521,41.816,42.445,4556017,0
2016-06-29,42.616,43.187,42.455,43.16,4070252,0
2016-06-30,43.292,44.417,43.111,44.417,5051879,0
2016-07-01,44.608,44.608,43.969,44.312,2976185,0
2016-07-05,44.283,44.531,44.045,44.483,3432888,0
2016-07-06,44.388,44.588,44.102,44.551,2872941,0
2016-07-07,44.331,44.407,43.297,43.407,2705532,0
2016-07-08,43.331,43.978,42.931,43.969,2995486,0
2016-07-11,43.778,43.827,43.274,43.788,2235706,0
2016-07-12,43.559,43.769,43.141,43.302,2570808,0
2016-07-13,43.741,43.836,43.407,43.807,3159103,0
2016-07-14,43.588,43.788,43.264,43.569,2911089,0
2016-07-15,43.617,43.912,43.541,43.712,2217032,0
2016-07-18,43.807,43.932,43.597,43.741,1745226,0
2016-07-19,43.741,43.855,43.292,43.693,1989135,0
2016-07-20,43.693,43.822,43.196,43.274,2298355,0
2016-07-21,43.169,43.836,43.006,43.807,2148095,0
2016-07-22,43.683,44.479,43.683,44.407,2314706,0
2016-07-25,44.322,44.426,43.94,44.198,1904252,0
2016-07-26,44.207,44.303,43.502,43.617,2353303,0
2016-07-27,43.55,43.597,42.673,43.026,2599400,0
2016-07-28,42.95,43.178,42.874,42.96,2693178,0
2016-07-29,43.091,43.969,42.965,43.845,4711504,0
2016-08-01,43.741,43.932,43.201,43.255,3583858,0
2016-08-02,43.036,43.082,42.473,43.036,4702078,0
2016-08-03,43.036,43.081,42.531,42.701,2210463,0
2016-08-04,42.673,42.921,42.35,42.511,1879794,0
2016-08-05,42.386,42.436,41.806,41.892,3553152,0
2016-08-08,41.921,42.273,41.787,41.968,2080191,0
2016-08-09,41.968,42.111,41.702,41.787,3150781,0
2016-08-10,41.816,41.892,41.453,41.729,3004361,0
2016-08-11,41.729,41.854,41.472,41.854,2907465,0
2016-08-12,41.968,42.34,41.854,41.901,2890059,0
2016-08-15,41.834,42.016,41.368,41.377,2462734,0
2016-08-16,41.263,41.597,41.043,41.282,3683260,0
2016-08-17,41.177,41.806,40.991,41.72,2731770,0
2016-08-18,41.663,42.131,41.658,42.131,2522302,0
2016-08-19,42.034,42.121,41.368,41.597,2554203,0
2016-08-22,41.682,41.863,41.492,41.739,1816649,0
2016-08-23,41.882,42.034,41.739,41.749,1835286,0
2016-08-24,41.653,41.711,41.292,41.558,2295349,0
2016-08-25,41.597,41.739,41.453,41.511,1412678,0
2016-08-26,41.663,41.863,40.434,40.471,2822440,0
2016-08-29,40.539,40.871,40.376,40.843,3477046,0
2016-08-30,40.891,41.043,40.262,40.643,4049914,0
2016-08-31,40.576,40.786,40.362,40.748,3805306,0
2016-09-01,40.73,40.786,40.452,40.586,4242140,0
2016-09-02,40.548,40.996,40.462,40.958,3296366,0
2016-09-06,41.148,41.453,40.929,41.12,3154992,0
2016-09-07,41.12,41.197,40.726,40.773,3207928,0
2016-09-08,40.658,41.552,40.638,41.486,2993982,0
2016-09-09,41.178,41.217,39.557,39.571,3255874,0
2016-09-12,39.571,40.447,39.512,40.322,3554770,0
2016-09-13,40.187,40.235,39.562,39.658,2858736,0
2016-09-14,39.82,40.258,39.6,39.898,3282147,0
2016-09-15,39.869,40.379,39.763,40.359,2984835,0
2016-09-16,40.12,40.754,40.014,40.697,5016774,0
2016-09-19,40.822,41.072,40.648,41.042,1852811,0
2016-09-20,41.158,41.341,40.976,40.985,2156325,0
2016-09-21,40.966,41.976,40.966,41.976,3118838,0
2016-09-22,42.101,42.342,41.745,42.015,3284852,0
2016-09-23,41.822,42.293,41.803,42.139,2511160,0
2016-09-26,42.121,42.183,41.769,41.851,2731731,0
2016-09-27,42.033,42.274,41.091,41.178,1943464,0
2016-09-28,41.313,41.409,40.793,41.129,1661759,0
2016-09-29,40.889,40.909,40.253,40.514,2061721,0
2016-09-30,40.87,40.909,40.061,40.283,3730997,0
2016-10-03,40.138,40.177,39.416,39.734,2736313,0
2016-10-04,39.82,39.82,38.85,39.138,3375500,0
2016-10-05,39.34,39.633,38.899,39.224,4138588,0
2016-10-06,39.052,39.325,38.905,39.205,3316562,0
2016-10-07,39.503,39.936,39.158,39.178,3398288,0
2016-10-10,39.234,39.456,39.042,39.31,2151103,0
2016-10-11,39.234,39.389,38.916,39.052,2588229,0
2016-10-12,39.081,39.37,39.012,39.274,3053972,0
2016-10-13,39.274,39.812,39.108,39.416,6368342,0
2016-10-14,39.36,39.85,39.224,39.35,3397304,0
2016-10-17,39.734,40.177,39.667,39.995,4431155,0
2016-10-18,40.263,40.399,39.715,40.226,2495984,0
2016-10-19,40.226,40.239,39.754,39.85,2127055,0
2016-10-20,39.86,40.124,39.648,39.715,3242747,0
2016-10-21,39.522,39.658,39.264,39.397,2020269,0
2016-10-24,39.562,39.706,39.205,39.31,2093706,0
2016-10-25,39.234,39.609,39.195,39.609,2526928,0
2016-10-26,39.6,39.763,39.291,39.658,2000719,0
2016-10-27,39.552,39.835,39.379,39.648,2960130,0
2016-10-28,39.715,39.889,39.274,39.475,2418296,0
2016-10-31,39.84,40.648,39.475,40.485,3569745,0
2016-11-01,40.514,40.514,39.692,39.783,4163501,0
2016-11-02,39.744,39.744,38.86,39.254,3563603,0
2016-11-03,39.224,39.623,38.966,39.416,2433253,0
2016-11-04,39.609,39.985,39.32,39.35,2140836,0
2016-11-07,39.591,40.303,39.264,40.293,2752396,0
2016-11-08,40.349,40.677,40.211,40.455,2544828,0
2016-11-09,39.82,39.985,38.998,39.089,3283087,0
2016-11-10,39.072,39.173,37.897,38.522,3834698,0
2016-11-11,38.484,38.773,37.878,38.07,2882351,0
2016-11-14,37.925,38.556,37.791,38.455,4592610,0
2016-11-15,38.58,39.773,38.561,39.763,4463892,0
2016-11-16,39.793,39.898,38.869,39.138,4075730,0
2016-11-17,38.966,39.37,38.946,39.178,2537288,0
2016-11-18,39.138,39.34,38.59,38.81,2877463,0
2016-11-21,38.916,39.512,38.916,39.446,1894137,0
2016-11-22,39.494,39.812,39.36,39.687,2589891,0
2016-11-23,39.178,39.6,39.108,39.195,1783598,0
2016-11-25,39.32,40.014,39.32,39.879,1022018,0
2016-11-28,40.061,41.274,40.023,41.178,3299551,0
2016-11-29,40.966,41.476,40.937,41.217,2599495,0
2016-11-30,40.773,40.836,39.744,39.744,3365756,0
2016-12-01,39.466,39.816,39.291,39.485,3277194,0
2016-12-02,39.802,40.235,39.542,39.687,2355333,0
2016-12-05,39.6,40.177,39.178,40.157,3665621,0
2016-12-06,40.331,40.408,39.729,39.812,3526918,0
2016-12-07,39.977,40.521,39.977,40.492,2841018,0
2016-12-08,40.161,41.114,39.977,41.055,2936188,0
2016-12-09,41.075,41.541,41.065,41.493,2284368,0
2016-12-12,41.376,41.814,41.337,41.755,2454360,0
2016-12-13,41.814,42.202,41.707,42.115,2405168,0
2016-12-14,42.319,42.727,41.415,41.503,3288413,0
2016-12-15,41.308,41.784,41.191,41.735,4102171,0
2016-12-16,41.861,43.038,41.861,42.746,6133335,0
2016-12-19,42.95,42.95,42.153,42.436,3016943,0
2016-12-20,42.697,42.814,42.406,42.533,2202951,0
2016-12-21,42.562,42.814,42.357,42.357,1347893,0
2016-12-22,42.367,42.528,42.105,42.445,1453979,0
2016-12-23,42.483,42.533,42.289,42.445,804298,0
2016-12-27,42.445,42.677,42.279,42.562,1796458,0
2016-12-28,42.542,42.668,42.095,42.182,2100420,0
2016-12-29,42.338,42.96,42.25,42.804,2188676,0
2016-12-30,42.873,42.941,42.493,42.64,2058675,0
2017-01-03,42.766,42.766,41.939,42.163,3062966,0
2017-01-04,42.299,42.727,42.279,42.455,2218326,0
2017-01-05,42.406,42.6,42.075,42.523,2273190,0
2017-01-06,42.376,42.988,42.25,42.95,2391697,0
2017-01-09,42.96,43.057,42.232,42.289,2109665,0
2017-01-10,42.134,42.367,41.978,42.232,2374907,0
2017-01-11,42.299,42.97,42.299,42.794,3080183,0
2017-01-12,42.756,42.891,42.547,42.824,2031530,0
2017-01-13,42.707,42.853,42.518,42.784,1625125,0
2017-01-17,42.97,43.431,42.873,43.154,1645536,0
2017-01-18,42.998,43.193,42.848,42.931,1159525,0
2017-01-19,42.717,42.911,42.309,42.445,1583114,0
2017-01-20,42.57,42.756,42.279,42.503,1541515,0
2017-01-23,42.533,42.681,41.978,42.046,1531703,0
2017-01-24,42.046,42.468,42.018,42.222,1862993,0
2017-01-25,42.105,42.269,42.032,42.163,1616285,0
2017-01-26,42.163,42.44,41.921,42.105,1485746,0
2017-01-27,42.182,42.26,41.672,41.842,1727979,0
2017-01-30,41.921,42.07,41.648,41.988,1923658,0
2017-01-31,42.095,43.077,42.056,42.998,3598344,0
2017-02-01,42.727,42.784,42.018,42.143,3316525,0
2017-02-02,42.134,42.357,41.823,42.289,3685897,0
2017-02-03,42.386,42.64,42.284,42.473,1941520,0
2017-02-06,42.58,42.61,42.192,42.222,1940981,0
2017-02-07,42.232,42.299,42.105,42.212,2345779,0
2017-02-08,42.269,42.59,42.163,42.309,2597478,0
2017-02-09,42.309,42.406,41.842,41.968,2663962,0
2017-02-10,41.842,42.212,41.764,42.163,2174763,0
2017-02-13,42.202,42.542,42.153,42.523,1914424,0
2017-02-14,42.396,42.473,41.911,42.202,1964456,0
2017-02-15,41.832,42.153,41.56,41.988,3706025,0
2017-02-16,42.018,42.426,42.018,42.426,2009055,0
2017-02-17,42.455,42.6,42.095,42.26,6009975,0
2017-02-21,42.26,43.174,42.036,43.077,2742726,0
2017-02-22,43.135,43.174,42.794,43.018,2341731,0
2017-02-23,43.222,43.349,42.916,42.998,3375558,0
2017-02-24,43.212,44.34,42.863,44.32,3174414,0
2017-02-27,44.126,44.368,43.669,44.32,3755669,0
2017-02-28,44.213,44.832,44.155,44.679,3615649,0
2017-03-01,44.174,44.437,43.815,44.039,2684095,0
2017-03-02,43.815,44.777,43.679,44.495,2990534,0
2017-03-03,44.544,44.582,43.742,44.243,2802287,0
2017-03-06,44.213,44.346,43.781,43.834,2775725,0
2017-03-07,43.854,44.039,43.436,43.708,3628493,0
2017-03-08,43.433,43.541,43.051,43.129,3501595,0
2017-03-09,43.149,43.531,43.051,43.061,1951236,0
2017-03-10,43.197,43.669,43.149,43.591,2666347,0
2017-03-13,43.571,43.727,43.453,43.639,1897055,0
2017-03-14,43.502,43.835,43.433,43.649,2014012,0
2017-03-15,43.777,44.63,43.718,44.277,2592084,0
2017-03-16,44.091,44.159,43.463,43.571,2607771,0
2017-03-17,43.737,44.189,43.698,43.885,4016405,0
2017-03-20,43.973,44.042,43.154,43.296,3542399,0
2017-03-21,43.345,44.022,43.036,43.816,3953263,0
2017-03-22,43.953,44.483,43.943,44.248,3983048,0
2017-03-23,44.228,44.542,44.076,44.218,2910681,0
2017-03-24,44.13,44.532,44.081,44.297,1917455,0
2017-03-27,44.581,44.709,43.747,43.895,1766662,0
2017-03-28,43.777,43.875,43.375,43.669,4839174,0
2017-03-29,43.512,43.512,43.129,43.315,3436023,0
2017-03-30,43.197,43.286,42.943,43.081,2198312,0
2017-03-31,43.129,43.708,43.099,43.512,3182653,0
2017-04-03,43.473,43.492,43.099,43.423,2526011,0
2017-04-04,43.375,43.581,43.119,43.433,2689218,0
2017-04-05,43.404,43.689,43.247,43.581,3427339,0
2017-04-06,43.443,44.051,43.325,44.042,3937121,0
2017-04-07,44.12,44.336,43.821,43.875,4182966,0
2017-04-10,43.835,43.988,43.404,43.816,2962363,0
2017-04-11,43.806,44.591,43.561,44.434,4493100,0
2017-04-12,44.336,44.787,44.13,44.748,3819039,0
2017-04-13,44.826,45.072,44.483,44.787,3943293,0
2017-04-17,44.826,44.944,44.562,44.816,2047992,0
2017-04-18,44.63,44.846,44.287,44.483,4188040,0
2017-04-19,44.414,44.522,43.473,43.757,4660994,0
2017-04-20,43.679,43.708,43.267,43.531,2717608,0
2017-04-21,43.463,43.845,43.463,43.669,3539568,0
2017-04-24,43.727,44.238,43.512,44.149,2455611,0
2017-04-25,43.993,44.149,43.767,43.875,1869917,0
2017-04-26,43.787,44.1,43.591,43.649,2928762,0
2017-04-27,43.689,44.037,43.497,43.571,3193610,0
2017-04-28,43.551,43.708,43.09,43.217,2490373,0
2017-05-01,43.267,43.305,42.795,42.883,2193183,0
2017-05-02,42.923,43.159,42.815,43.041,2580883,0
2017-05-03,42.991,43.071,42.707,42.835,2245649,0
2017-05-04,42.767,42.991,42.443,42.659,2145484,0
2017-05-05,42.805,43.066,42.805,42.982,2213510,0
2017-05-08,43.071,43.071,42.644,42.795,2195131,0
2017-05-09,42.747,42.785,42.119,42.139,2281773,0
2017-05-10,42.187,42.256,41.662,41.893,4343579,0
2017-05-11,41.805,41.991,41.687,41.961,4764589,0
2017-05-12,42.148,42.315,41.834,41.961,2698111,0
2017-05-15,42.031,42.325,41.952,42.227,4158749,0
2017-05-16,42.295,42.462,42.119,42.285,3672416,0
2017-05-17,42.413,43.071,42.256,42.815,4394581,0
2017-05-18,42.923,43.325,42.594,42.963,3573655,0
2017-05-19,42.953,43.237,42.609,43.188,2886224,0
2017-05-22,42.973,43.502,42.599,43.404,3376238,0
2017-05-23,43.365,43.581,43.076,43.237,3626723,0
2017-05-24,43.394,43.737,43.335,43.581,2101427,0
2017-05-25,43.591,43.855,43.492,43.698,2384954,0
2017-05-26,43.689,43.727,43.247,43.591,2624776,0
2017-05-30,43.531,43.826,43.473,43.718,2642425,0
2017-05-31,43.727,44.414,43.659,44.061,5033578,0
2017-06-01,44.081,44.723,43.875,44.679,2739306,0
2017-06-02,44.886,44.934,44.159,44.316,2510774,0
2017-06-05,44.199,44.385,44.071,44.14,1441577,0
2017-06-06,44.218,44.228,43.787,43.845,2284878,0
2017-06-07,43.974,44.271,43.821,44.162,1904303,0
2017-06-08,44.034,44.034,43.261,43.568,2902604,0
2017-06-09,43.39,44.034,43.34,43.915,1977004,0
2017-06-12,43.964,44.331,43.588,43.865,2769015,0
2017-06-13,43.776,43.786,43.251,43.627,2736338,0
2017-06-14,43.935,44.083,43.667,43.855,1520171,0
2017-06-15,43.766,43.964,43.573,43.905,1508288,0
2017-06-16,44.034,44.301,43.905,44.034,5098921,0
2017-06-19,44.053,44.212,43.736,43.845,2689828,0
2017-06-20,43.885,44.014,43.717,43.895,1688453,0
2017-06-21,43.726,43.885,43.35,43.548,2175234,0
2017-06-22,43.568,43.618,43.241,43.261,2478673,0
2017-06-23,43.281,43.499,43.112,43.162,2473560,0
2017-06-26,43.162,43.905,43.142,43.766,5209195,0
2017-06-27,43.568,43.677,43.078,43.211,5392546,0
2017-06-28,43.439,43.469,42.835,42.855,2399896,0
2017-06-29,42.607,42.815,42.389,42.518,2461975,0
2017-06-30,42.617,42.865,42.389,42.607,3512561,0
2017-07-03,42.696,42.756,42.191,42.3,1526009,0
2017-07-05,42.29,42.29,41.507,41.924,3114613,0
2017-07-06,41.854,41.889,41.507,41.616,2952268,0
2017-07-07,41.646,41.933,41.607,41.706,1785322,0
2017-07-10,41.696,41.8,41.537,41.577,2939702,0
2017-07-11,41.626,41.696,41.28,41.458,2700417,0
2017-07-12,41.824,42.082,41.765,41.874,2074327,0
2017-07-13,41.884,42.052,41.676,41.834,2856137,0
2017-07-14,42.161,42.26,41.914,41.963,1683035,0
2017-07-17,42.092,42.847,42.082,42.825,3780566,0
2017-07-18,42.914,43.266,42.741,43.152,4091012,0
2017-07-19,43.231,43.895,43.023,43.796,5253386,0
2017-07-20,43.954,44.237,43.796,44.053,3165955,0
2017-07-21,44.024,44.331,43.957,44.301,2310414,0
2017-07-24,44.331,44.331,43.598,43.618,3085486,0
2017-07-25,43.707,43.796,43.261,43.449,3600469,0
2017-07-26,43.459,43.885,43.429,43.875,2079904,0
2017-07-27,43.826,44.024,43.632,43.925,4655198,0
2017-07-28,43.221,44.539,43.221,44.539,2781743,0
2017-07-31,44.489,44.935,44.123,44.549,3642293,0
2017-08-01,44.668,44.985,44.578,44.836,3191720,0
2017-08-02,44.648,45.014,44.311,44.905,2068585,0
2017-08-03,44.866,45.351,44.786,45.341,1829753,0
2017-08-04,45.163,45.361,44.989,45.272,1590893,0
2017-08-07,45.252,45.361,45.133,45.262,1497829,0
2017-08-08,45.232,45.411,45.143,45.341,1844660,0
2017-08-09,45.49,45.52,44.94,45.014,2007390,0
2017-08-10,45.044,45.331,44.846,45.183,2614178,0
2017-08-11,45.539,45.569,44.994,45.103,2552586,0
2017-08-14,45.212,45.52,45.084,45.49,1775883,0
2017-08-15,45.242,45.916,45.212,45.856,2060114,0
2017-08-16,45.906,46.297,45.807,46.203,2018031,0
2017-08-17,46.183,46.272,45.846,45.866,1972646,0
2017-08-18,45.817,46.51,45.688,46.243,2047610,0
2017-08-21,46.312,46.441,46.183,46.411,1514761,0
2017-08-22,46.411,46.58,46.263,46.56,1904594,0
2017-08-23,46.599,46.837,46.431,46.797,1934198,0
2017-08-24,46.768,46.936,46.599,46.778,1277977,0
2017-08-25,46.926,47.025,46.688,46.847,1178921,0
2017-08-28,46.916,46.996,46.599,46.857,2914001,0
2017-08-29,46.887,46.991,46.659,46.669,1301118,0
2017-08-30,46.659,46.659,46.352,46.391,1342874,0
2017-08-31,46.421,46.609,46.352,46.401,2709613,0
2017-09-01,46.51,46.57,45.708,46.084,2869186,0
2017-09-05,46.134,46.134,45.643,45.936,3256221,0
2017-09-06,46.074,46.074,45.45,45.47,2203586,0
2017-09-07,45.68,46.06,45.53,46.04,2008931,0
2017-09-08,46.02,46.54,45.94,46.45,2043428,0
2017-09-11,46.44,46.84,46.31,46.74,1794708,0
2017-09-12,46.63,46.65,45.595,45.84,1782466,0
2017-09-13,45.74,45.84,45.46,45.48,3114419,0
2017-09-14,45.42,45.82,45.34,45.8,2384981,0
2017-09-15,45.8,46.26,45.63,45.82,3490057,0
2017-09-18,45.81,45.96,45.305,45.6,1768485,0
2017-09-19,45.7,45.865,45.49,45.59,1694204,0
2017-09-20,45.68,45.845,45.05,45.23,2788762,0
2017-09-21,45.47,46.47,45.44,46.22,4246389,0
2017-09-22,46.6,46.63,46.11,46.19,4037711,0
2017-09-25,46.47,46.695,46.12,46.5,3290721,0
2017-09-26,46.45,46.62,46.21,46.51,2042016,0
2017-09-27,46.16,46.4,45.85,46.15,3340864,0
2017-09-28,45.98,46.36,45.73,46.08,2142025,0
2017-09-29,46.19,46.77,46.14,46.25,3635645,0
2017-10-02,46.44,46.66,46.05,46.6,2324293,0
2017-10-03,46.54,46.54,46.1,46.25,2081840,0
2017-10-04,46.28,47,46.21,46.99,1888527,0
2017-10-05,46.93,47.46,46.73,47.45,4099815,0
2017-10-06,47.19,47.65,46.97,47.6,4711416,0
2017-10-09,47.64,47.71,47.5,47.61,2321602,0
2017-10-10,47.65,48.3,47.54,48.21,3365711,0
2017-10-11,48.12,48.4,47.985,48.39,3759290,0
2017-10-12,48.37,49.03,48.2936,49.02,2841141,0
2017-10-13,49.16,49.33,48.49,48.64,5255777,0
2017-10-16,48.49,48.75,48.07,48.6,2683698,0
2017-10-17,48.54,48.71,48.205,48.6,3599259,0
2017-10-18,48.49,48.775,48.37,48.66,2416263,0
2017-10-19,48.74,48.96,48.61,48.94,2321894,0
2017-10-20,48.94,49.02,48.72,49,4128142,0
2017-10-23,49.11,49.11,48.69,48.98,2541680,0
2017-10-24,48.94,49.12,48.71,49.08,2749536,0
2017-10-25,48.85,49.27,48.31,49.16,3152361,0
2017-10-26,49.44,49.45,49.03,49.36,2468320,0
2017-10-27,49.23,49.64,49.01,49.49,2402904,0
2017-10-30,49.42,49.6,49.21,49.55,3226510,0
2017-10-31,48.66,49.699,48.33,49.2,3308532,0
2017-11-01,49.94,50.19,49.29,49.51,4266173,0
2017-11-02,49.59,49.91,49.17,49.79,2976395,0
2017-11-03,49.69,50.555,49.62,50.31,2412932,0
2017-11-06,50.29,50.41,49.535,49.65,3154244,0
2017-11-07,49.76,50.05,49.55,49.95,2563058,0
2017-11-08,49.84,50.28,49.69,50.2,2503570,0
2017-11-09,50.05,50.495,49.92,50.27,1991876,0
2017-11-10,49.94,50.54,49.94,50.38,3589997,0
