2016-01-04,41.413,41.66,40.912,41.63,1921309,0
2016-01-05,41.394,41.877,41.206,41.725,1573129,0
2016-01-06,40.838,40.96,39.74,40.006,2232546,0
2016-01-07,39.04,39.371,37.908,38.031,3106098,0
2016-01-08,38.492,38.872,37.849,37.944,3500947,0
2016-01-11,38.124,39.069,36.801,37.35,2315551,0
2016-01-12,37.991,37.991,36.924,37.51,1467364,0
2016-01-13,37.991,38.255,35.827,36.204,2502365,0
2016-01-14,36.65,37.236,35.63,36.856,2068042,0
2016-01-15,35.675,36.178,35.003,35.837,2656122,0
2016-01-19,36.583,36.724,35.145,35.478,2086010,0
2016-01-20,34.562,34.807,33.293,34.473,2720951,0
2016-01-21,34.588,35.675,34.39,34.825,1818884,0
2016-01-22,35.703,36.272,35.478,35.978,2097753,0
2016-01-25,35.797,35.94,35.117,35.194,2287667,0
2016-01-26,35.326,35.94,35.287,35.866,1676744,0
2016-01-27,35.685,36.611,35.222,35.543,1973447,0
2016-01-28,35.96,36.583,34.966,35.41,1936821,0
2016-01-29,35.846,36.178,35.345,35.921,4995100,0
2016-02-01,35.779,36.105,35.174,35.874,4089932,0
2016-02-02,32.614,33.898,31.28,33.152,5042259,0
2016-02-03,33.322,33.596,32.423,33.596,3739653,0
2016-02-04,33.567,34.768,33.284,34.352,2922705,0
2016-02-05,34.352,34.972,34.064,34.797,3408244,0
2016-02-08,34.059,34.201,33.332,33.822,3176853,0
2016-02-09,33.039,34.267,33.039,34.013,3306933,0
2016-02-10,34.39,34.948,33.521,34.039,2292169,0
2016-02-11,32.878,33.076,31.874,32.462,3368535,0
2016-02-12,33.246,33.547,32.708,33.444,3738893,0
2016-02-16,34.144,34.522,33.606,34.465,3338216,0
2016-02-17,35.032,35.651,35.032,35.505,2992437,0
2016-02-18,35.6,35.63,34.909,35.145,2212887,0
2016-02-19,34.825,35.012,34.428,34.797,1994618,0
2016-02-22,35.675,35.675,34.963,35.335,1687647,0
2016-02-23,35.25,35.41,34.816,34.909,1559538,0
2016-02-24,34.542,35.458,33.775,35.101,1644311,0
2016-02-25,35.174,35.723,35.037,35.675,1681228,0
2016-02-26,35.62,36.848,35.468,36.366,2654437,0
2016-02-29,36.3,36.422,35.713,35.743,2041127,0
2016-03-01,36.119,37.36,36.073,37.36,2236249,0
2016-03-02,37.394,37.66,37.028,37.311,2083877,0
2016-03-03,37.311,37.425,36.772,37.321,2193787,0
2016-03-04,37.484,37.77,37.101,37.559,1712291,0
2016-03-07,37.196,37.721,36.967,37.712,1998004,0
2016-03-08,37.054,37.549,36.156,36.443,1691582,0
2016-03-09,36.824,37.015,36.06,36.576,1602884,0
2016-03-10,37.158,37.254,35.976,36.71,1220010,0
2016-03-11,37.607,38.562,37.101,38.523,1693285,0
2016-03-14,38.236,38.323,37.645,37.988,1239482,0
2016-03-15,37.529,37.69,37.044,37.559,1241291,0
2016-03-16,37.493,38.265,37.386,38.093,1700189,0
2016-03-17,38.083,39.082,37.807,38.809,1668037,0
2016-03-18,38.992,39.783,38.982,39.545,2838531,0
2016-03-21,39.439,39.726,38.923,39.344,1456751,0
2016-03-22,38.704,39.057,38.58,38.829,1721216,0
2016-03-23,38.78,38.78,37.76,37.95,1853444,0
2016-03-24,37.484,37.484,36.614,37.129,2452223,0
2016-03-28,37.272,37.688,37.072,37.511,1202483,0
2016-03-29,37.177,37.688,36.757,37.607,1598407,0
2016-03-30,37.998,38.637,37.788,37.959,1165150,0
2016-03-31,37.854,38.102,37.425,37.654,1652965,0
2016-04-01,37.415,38.112,37.139,38.065,1666602,0
2016-04-04,37.978,37.988,37.321,37.464,1581793,0
2016-04-05,37.158,37.276,36.757,36.843,1772032,0
2016-04-06,37.015,38.065,36.643,37.693,2228604,0
2016-04-07,37.216,37.35,36.633,36.93,2143403,0
2016-04-08,37.425,37.864,37.092,37.254,1366800,0
2016-04-11,37.598,38.275,37.579,37.826,1271095,0
2016-04-12,38.028,38.6,37.673,38.484,1771331,0
2016-04-13,39.009,39.763,38.972,39.726,1389597,0
2016-04-14,39.697,39.945,39.393,39.573,1758178,0
2016-04-15,39.659,39.678,39.143,39.458,1452926,0
2016-04-18,39.268,39.84,39.177,39.84,1223798,0
2016-04-19,40.003,40.518,39.82,40.298,1482278,0
2016-04-20,40.518,41.435,40.271,41.349,2012142,0
2016-04-21,41.339,41.758,41.186,41.33,1730922,0
2016-04-22,41.53,42.322,41.53,42.094,1873616,0
2016-04-25,41.758,41.94,41.082,41.453,1715997,0
2016-04-26,41.73,41.912,41.434,41.912,1287995,0
2016-04-27,41.854,42.168,41.624,42.026,1626763,0
2016-04-28,41.434,41.634,40.843,40.919,2394292,0
2016-04-29,40.566,41.014,40.261,40.737,3051712,0
2016-05-02,41.043,41.358,40.547,41.339,1475743,0
2016-05-03,40.681,40.681,39.458,39.87,2596688,0
2016-05-04,39.201,40.087,39.181,40.069,2189187,0
2016-05-05,40.251,40.628,39.86,40.326,2250649,0
2016-05-06,40.031,40.556,39.793,40.281,1602986,0
2016-05-09,40.281,40.423,39.86,40.003,1345040,0
2016-05-10,40.212,41.014,40.212,40.994,1516514,0
2016-05-11,40.765,41.216,40.566,40.584,1026168,0
2016-05-12,40.87,41.109,40.231,40.518,1289979,0
2016-05-13,40.45,41.014,39.85,39.964,1004603,0
2016-05-16,39.964,40.441,39.964,40.241,1332554,0
2016-05-17,40.221,40.718,40.003,40.165,1315659,0
2016-05-18,40.165,41.597,40.087,41.492,1969791,0
2016-05-19,41.138,41.425,40.097,40.432,2093980,0
2016-05-20,40.71,41.406,40.48,41.224,1789484,0
2016-05-23,41.053,41.386,40.88,41.167,1581058,0
2016-05-24,41.568,42.322,41.51,42.122,1623708,0
2016-05-25,42.208,42.856,41.679,42.388,1265354,0
2016-05-26,42.407,42.446,41.95,42.034,1111616,0
2016-05-27,42.168,42.393,41.998,42.388,1130172,0
2016-05-31,42.513,42.703,42.178,42.532,2641146,0
2016-06-01,41.969,42.347,41.52,42.198,1444419,0
2016-06-02,42.093,42.303,41.889,42.303,1081568,0
2016-06-03,41.669,41.669,40.966,41.234,1456393,0
2016-06-06,41.389,42.103,41.273,41.851,991538,0
2016-06-07,41.958,42.168,41.679,41.918,1011952,0
2016-06-08,41.832,42.283,41.773,42.148,1024383,0
2016-06-09,41.851,42.011,41.408,41.544,1037284,0
2016-06-10,41.023,41.167,40.637,40.907,1451641,0
2016-06-13,40.503,40.966,40.19,40.194,1543389,0
2016-06-14,40.079,40.435,39.584,39.887,1447033,0
2016-06-15,40.079,40.589,39.819,40.088,1625911,0
2016-06-16,39.549,40.619,39.406,40.571,2162698,0
2016-06-17,40.637,40.975,40.417,40.772,2027179,0
2016-06-20,41.302,41.967,41.278,41.302,1501777,0
2016-06-21,41.581,41.871,41.225,41.649,1624392,0
2016-06-22,41.629,42.333,41.629,42.083,2082052,0
2016-06-23,42.418,43.162,42.418,42.872,2961013,0
2016-06-24,39.906,40.493,38.442,38.481,4416795,0
2016-06-27,37.652,37.729,36.627,36.727,2213712,0
2016-06-28,37.556,37.671,37.094,37.614,2186635,0
2016-06-29,37.691,38.828,37.691,38.808,1858405,0
2016-06-30,38.963,39.607,38.499,39.588,1546707,0
2016-07-01,39.299,40.031,39.299,39.607,1551804,0
2016-07-05,38.982,38.982,37.585,38.019,3000891,0
2016-07-06,37.605,38.442,37.401,38.414,1374250,0
2016-07-07,38.634,39.328,38.327,38.693,1209306,0
2016-07-08,39.463,40.138,39.424,40.051,1549269,0
2016-07-11,40.398,40.772,40.162,40.552,1485863,0
2016-07-12,41.109,41.746,41.109,41.581,1377990,0
2016-07-13,41.504,41.779,41.119,41.553,1366902,0
2016-07-14,42.516,42.708,42.063,42.448,1609994,0
2016-07-15,42.737,42.948,42.319,42.622,1452552,0
2016-07-18,42.525,42.852,42.238,42.573,1306048,0
2016-07-19,42.256,42.757,42.228,42.593,987322,0
2016-07-20,42.852,42.862,42.381,42.804,1114854,0
2016-07-21,42.823,42.948,42.478,42.642,915854,0
2016-07-22,42.767,43.316,42.612,43.017,758106,0
2016-07-25,42.93,43.199,42.852,43.047,707597,0
2016-07-26,42.977,43.217,42.767,43.182,632321,0
2016-07-27,43.132,43.307,42.786,43.007,1129472,0
2016-07-28,42.872,43.122,42.588,43.056,1031254,0
2016-07-29,43.316,45.404,43.316,44.904,2442560,0
2016-08-01,45.001,45.136,44.287,44.519,1693418,0
2016-08-02,44.462,44.711,43.441,43.603,1849559,0
2016-08-03,43.701,44.239,43.642,44.132,1668932,0
2016-08-04,44.017,44.239,43.671,44.182,1422141,0
2016-08-05,44.711,45.444,44.644,45.434,1593665,0
2016-08-08,45.645,46.001,45.327,45.934,1490661,0
2016-08-09,45.964,46.059,45.751,45.934,949914,0
2016-08-10,45.876,46.011,45.101,45.241,1003820,0
2016-08-11,45.327,45.569,45.068,45.414,869255,0
2016-08-12,45.011,45.216,44.682,45.049,1013034,0
2016-08-15,45.337,45.496,45.241,45.366,1131102,0
2016-08-16,45.183,45.404,45.049,45.221,943638,0
2016-08-17,45.308,45.714,45.168,45.704,1126528,0
2016-08-18,45.616,45.849,45.386,45.645,810216,0
2016-08-19,45.501,45.626,45.086,45.376,1167008,0
2016-08-22,45.271,45.472,45.096,45.424,860982,0
2016-08-23,45.79,46.175,45.77,45.915,968511,0
2016-08-24,45.974,46.194,45.742,45.895,797507,0
2016-08-25,45.866,46.214,45.746,46.214,904698,0
2016-08-26,46.262,46.878,46.079,46.473,1473800,0
2016-08-29,46.512,47.388,46.498,47.311,1649467,0
2016-08-30,47.369,47.668,47.272,47.668,1039193,0
2016-08-31,47.58,47.881,47.212,47.648,1618507,0
2016-09-01,47.794,47.988,46.814,47.464,1037783,0
2016-09-02,47.726,47.842,47.348,47.629,806138,0
2016-09-06,47.697,47.706,47.017,47.58,1213633,0
2016-09-07,47.338,47.687,47.056,47.677,1006872,0
2016-09-08,47.658,47.862,47.386,47.541,953442,0
2016-09-09,47.192,47.716,46.968,46.968,1417057,0
2016-09-12,46.532,47.658,46.182,47.522,1448771,0
2016-09-13,46.755,47.328,46.327,47.046,1883241,0
2016-09-14,47.037,47.259,46.651,46.987,1581833,0
2016-09-15,46.959,47.716,46.804,47.541,1477642,0
2016-09-16,47.192,47.212,46.483,46.968,2619925,0
2016-09-19,47.25,47.94,47.172,47.405,1403077,0
2016-09-20,47.736,47.862,47.391,47.61,1457559,0
2016-09-21,47.891,48.4,47.795,48.328,1413682,0
2016-09-22,48.551,48.716,48.308,48.435,1131997,0
2016-09-23,48.24,49.144,48.182,48.358,1440014,0
2016-09-26,47.872,48.435,47.619,47.988,1873751,0
2016-09-27,47.755,49.008,47.619,48.959,1857671,0
2016-09-28,49.231,49.95,49.056,49.93,1985211,0
2016-09-29,49.794,49.963,48.726,49.037,1810838,0
2016-09-30,49.309,50.22,49.201,50.018,2527724,0
2016-10-03,49.775,50.367,49.765,49.921,1472709,0
2016-10-04,50.192,50.396,49.483,49.687,1822433,0
2016-10-05,50.028,51.27,49.882,51.106,1668837,0
2016-10-06,51.242,51.298,50.688,51.026,1242106,0
2016-10-07,50.658,50.95,50.28,50.744,1312429,0
2016-10-10,51.016,51.397,50.92,51.298,1673479,0
2016-10-11,51.086,51.27,50.552,50.98,1909849,0
2016-10-12,51.116,51.57,50.95,51.182,1114808,0
2016-10-13,50.474,50.774,49.765,50.502,2042580,0
2016-10-14,51.016,51.464,50.754,50.814,987643,0
2016-10-17,50.92,51.131,50.668,50.744,752608,0
2016-10-18,51.464,51.464,50.89,51.106,1543177,0
2016-10-19,51.494,51.494,50.872,51.222,1797392,0
2016-10-20,51.143,51.397,50.9,51.27,1358366,0
2016-10-21,50.754,51.252,50.572,51.096,1186034,0
2016-10-24,51.514,51.659,51.222,51.464,1036050,0
2016-10-25,51.397,51.533,51.016,51.425,1675038,0
2016-10-26,51.046,51.63,50.97,51.474,1672825,0
2016-10-27,51.716,52.202,51.318,52.008,1953986,0
2016-10-28,52.008,54.688,51.756,53.668,3305708,0
2016-10-31,54.115,54.115,53.008,53.018,2259596,0
2016-11-01,53.387,53.411,52.038,52.581,2490228,0
2016-11-02,52.329,52.688,51.756,51.912,1782757,0
2016-11-03,52.241,52.357,51.65,51.785,2184495,0
2016-11-04,51.833,52.124,51.143,51.59,1860073,0
2016-11-07,52.736,52.931,52.581,52.746,2402050,0
2016-11-08,52.717,53.105,52.3,52.911,2637381,0
2016-11-09,53.552,54.572,53.087,54.475,4956861,0
2016-11-10,55.212,56.407,54.979,56.203,3407164,0
2016-11-11,55.737,56.222,54.649,55.64,2702064,0
2016-11-14,56.232,57.144,55.464,55.649,2440632,0
2016-11-15,55.31,56.067,54.999,56.037,1836336,0
2016-11-16,55.446,55.96,55.212,55.464,1263191,0
2016-11-17,55.98,56.222,55.61,56.116,1687778,0
2016-11-18,56.173,56.242,55.417,55.989,1255952,0
2016-11-21,56.173,56.368,55.708,56.125,1227545,0
2016-11-22,56.436,56.436,55.61,56.009,2011507,0
2016-11-23,56.203,56.736,56.067,56.717,1485638,0
2016-11-25,56.766,56.82,56.339,56.64,413528,0
2016-11-28,56.037,56.465,55.348,55.407,1282802,0
2016-11-29,55.63,55.805,55.212,55.533,1412509,0
2016-11-30,56.203,57.038,55.892,56.019,2205661,0
2016-12-01,56.498,57.231,56.438,57.046,1658348,0
2016-12-02,56.869,56.889,56.148,56.527,1284457,0
2016-12-05,57.212,58.19,56.537,58.18,3053374,0
2016-12-06,58.307,58.571,57.721,58.132,2555824,0
2016-12-07,58.132,59.373,58.023,59.373,2110837,0
2016-12-08,59.677,60.01,58.895,59.54,1621562,0
2016-12-09,59.393,59.393,58.738,58.992,1578763,0
2016-12-12,58.982,59.081,57.701,58.151,1402812,0
2016-12-13,58.484,58.641,57.799,58.23,1384029,0
2016-12-14,57.868,58.611,57.183,57.447,2028222,0
2016-12-15,57.682,58.278,57.486,57.799,2030352,0
2016-12-16,57.819,57.985,56.488,56.547,2755670,0
2016-12-19,56.655,56.948,56.156,56.585,1821819,0
2016-12-20,57.163,57.603,56.752,57.476,1526503,0
2016-12-21,57.574,57.995,57.193,57.829,1335336,0
2016-12-22,57.877,57.877,56.84,57.153,974351,0
2016-12-23,57.065,57.202,56.782,57.143,485182,0
2016-12-27,57.173,57.652,57.173,57.457,536804,0
2016-12-28,57.427,57.652,56.732,56.742,732875,0
2016-12-29,56.684,57.134,56.381,56.595,660505,0
2016-12-30,56.713,56.938,56.371,56.605,824316,0
2017-01-03,57.339,58.005,56.772,57.31,1304410,0
2017-01-04,57.564,57.906,57.417,57.829,1017281,0
2017-01-05,57.858,58.023,56.703,57.241,1337304,0
2017-01-06,57.584,57.868,57.3,57.584,1386286,0
2017-01-09,57.183,57.868,56.929,56.929,1203644,0
2017-01-10,57.095,57.956,56.792,57.378,870408,0
2017-01-11,57.31,58.023,57.212,57.701,965685,0
2017-01-12,57.33,57.759,56.752,57.594,1587211,0
2017-01-13,57.916,58.337,57.584,57.75,725477,0
2017-01-17,57.095,57.632,56.742,57.006,1520150,0
2017-01-18,57.271,58.249,56.831,58.19,1009322,0
2017-01-19,58.24,58.377,56.792,57.036,1551405,0
2017-01-20,57.163,57.662,56.694,56.977,1266138,0
2017-01-23,56.84,57.153,56.311,56.488,1112540,0
2017-01-24,56.703,57.613,56.488,57.31,1631507,0
2017-01-25,57.887,58.474,57.789,58.357,1036717,0
2017-01-26,58.2,58.249,56.371,57.3,1811568,0
2017-01-27,57.3,57.447,56.028,56.742,2385776,0
2017-01-30,56.605,56.605,55.442,56.488,1796070,0
2017-01-31,56.987,56.987,55.118,55.852,3065385,0
2017-02-01,56.4,57.3,55.735,55.96,1983446,0
2017-02-02,55.519,56.605,54.904,56.263,1684976,0
2017-02-03,57.417,58.151,57.359,58.132,1626091,0
2017-02-06,57.594,58.524,57.594,58.18,1231780,0
2017-02-07,58.434,58.571,58.16,58.424,1313656,0
2017-02-08,58.043,58.611,57.662,58.543,1426943,0
2017-02-09,58.738,59.473,58.504,59.266,1359305,0
2017-02-10,59.55,59.727,59.226,59.54,1209294,0
2017-02-13,59.804,60.969,59.746,60.744,1737061,0
2017-02-14,60.666,61.233,60.607,60.714,1305552,0
2017-02-15,60.92,61.424,60.548,61.37,1298675,0
2017-02-16,61.203,61.521,60.978,61.242,1204780,0
2017-02-17,60.499,60.793,60.098,60.773,1012180,0
2017-02-21,60.891,61.34,60.802,61.066,903531,0
2017-02-22,60.783,61.751,60.646,61.467,2086676,0
2017-02-23,61.536,61.604,61.086,61.507,1038026,0
2017-02-24,60.695,61.477,60.695,61.389,1372667,0
2017-02-27,61.321,61.634,60.93,61.419,1128336,0
2017-02-28,61.125,61.33,60.636,61.184,1252437,0
2017-03-01,62.152,62.916,62.114,62.632,1804087,0
2017-03-02,62.494,62.681,61.726,61.784,1483575,0
2017-03-03,61.952,62.77,61.952,62.632,1703249,0
2017-03-06,62.188,62.671,62.1,62.435,1007406,0
2017-03-07,62.228,62.312,61.854,62.11,1051939,0
2017-03-08,62.77,62.947,62.07,62.139,870651,0
2017-03-09,62.188,62.681,61.883,62.139,975617,0
2017-03-10,62.169,62.977,61.972,62.602,927745,0
2017-03-13,62.583,62.804,62.425,62.642,959800,0
2017-03-14,62.317,62.415,61.814,62.08,918501,0
2017-03-15,62.208,62.947,62.129,62.888,1275160,0
2017-03-16,63.055,63.696,63.026,63.253,1164479,0
2017-03-17,63.321,63.341,62.445,62.504,1486595,0
2017-03-20,62.405,62.533,61.942,62.179,583469,0
2017-03-21,62.622,62.721,60.268,60.356,1456998,0
2017-03-22,60.011,61.134,59.38,60.986,1175448,0
2017-03-23,60.976,61.913,60.73,61.262,758167,0
2017-03-24,61.262,61.932,60.908,61.252,984068,0
2017-03-27,59.706,61.292,59.292,61.194,882685,0
2017-03-28,61.164,62.474,61.036,62.08,981006,0
2017-03-29,61.952,61.952,61.233,61.548,677635,0
2017-03-30,61.568,62.671,61.322,62.179,1097222,0
2017-03-31,61.804,62.553,61.649,62.179,1169847,0
2017-04-03,62.366,62.533,61.114,62.159,1050350,0
2017-04-04,61.824,62.208,61.716,61.922,938965,0
2017-04-05,62.395,62.76,61.184,61.242,1150050,0
2017-04-06,61.203,62.218,60.838,61.804,1045160,0
2017-04-07,61.282,61.982,61.144,61.646,849653,0
2017-04-10,61.716,62.09,61.351,61.745,721907,0
2017-04-11,61.518,62.139,61.252,61.972,723051,0
2017-04-12,61.972,62.031,60.76,61.016,931942,0
2017-04-13,60.819,61.45,60.474,60.602,713813,0
2017-04-17,60.908,61.765,60.572,61.706,622181,0
2017-04-18,61.124,61.686,61.075,61.469,844904,0
2017-04-19,62.001,62.031,61.095,61.164,959791,0
2017-04-20,61.568,62.297,61.351,61.992,1186533,0
2017-04-21,61.972,62.257,61.676,61.883,747059,0
2017-04-24,63.4,63.469,62.74,62.977,1263512,0
2017-04-25,63.548,63.853,63.341,63.4,1179770,0
2017-04-26,63.371,63.775,63.292,63.361,1025517,0
2017-04-27,63.538,64.287,63.509,64.218,1485169,0
2017-04-28,63.459,64.593,62.78,64.169,1463565,0
2017-05-01,64.701,64.701,63.657,64.011,1474630,0
2017-05-02,64.061,64.139,63.44,63.952,863560,0
2017-05-03,63.814,64.159,63.677,63.942,1377459,0
2017-05-04,64.287,64.484,63.41,63.479,1447316,0
2017-05-05,63.706,63.8,63.183,63.391,895489,0
2017-05-08,63.42,63.587,62.809,63.006,1108607,0
2017-05-09,63.125,63.381,62.307,62.523,1068420,0
2017-05-10,62.405,62.977,62.208,62.918,1246483,0
2017-05-11,62.721,62.957,61.922,62.602,1094886,0
2017-05-12,62.218,62.681,61.913,62.07,853010,0
2017-05-15,62.317,62.918,62.149,62.77,1366604,0
2017-05-16,62.908,63.144,62.494,63.036,1030552,0
2017-05-17,61.932,62.277,60.425,60.494,1317335,0
2017-05-18,60.09,60.287,59.46,59.656,2032926,0
2017-05-19,59.784,60.188,59.656,59.932,2928871,0
2017-05-22,60.326,61.016,60.011,60.524,1343653,0
2017-05-23,60.582,61.065,60.178,60.8,1430758,0
2017-05-24,60.878,61.07,60.538,61.046,1069454,0
2017-05-25,61.233,61.834,61.085,61.735,1343977,0
2017-05-26,61.558,62.188,61.558,61.824,1061091,0
2017-05-30,61.627,61.784,61.194,61.597,682382,0
2017-05-31,61.726,62.021,61.085,61.982,1560010,0
2017-06-01,62.279,63.599,61.962,63.599,1010423,0
2017-06-02,63.232,63.709,62.924,63.48,893334,0
2017-06-05,63.431,63.579,62.736,62.815,906151,0
2017-06-06,62.309,62.458,61.555,61.604,1154227,0
2017-06-07,61.773,62.21,61.485,61.942,913392,0
2017-06-08,62.081,63.699,61.932,63.153,1576254,0
2017-06-09,63.47,64.503,63.47,64.423,1033245,0
2017-06-12,64.235,64.949,64.235,64.483,1254568,0
2017-06-13,64.632,65.366,64.493,65.048,1066219,0
2017-06-14,64.562,64.989,63.947,64.87,1131695,0
2017-06-15,64.254,64.731,64.155,64.711,1243858,0
2017-06-16,64.83,65.029,64.572,64.86,1661803,0
2017-06-19,65.287,65.624,65.009,65.386,844334,0
2017-06-20,65.148,65.242,64.493,64.532,872807,0
2017-06-21,64.651,64.651,63.312,63.381,1008267,0
2017-06-22,63.004,63.004,61.843,62.22,1408224,0
2017-06-23,62.438,62.602,61.932,62.111,1774834,0
2017-06-26,62.379,63.014,62.14,62.587,869625,0
2017-06-27,62.845,63.57,62.627,62.924,977435,0
2017-06-28,63.51,64.334,63.46,64.205,935490,0
2017-06-29,65.048,65.138,63.669,64.046,1393658,0
2017-06-30,64.373,64.512,63.579,63.589,1386627,0
2017-07-03,64.086,64.845,63.905,64.274,758379,0
2017-07-05,64.314,64.364,63.689,63.768,1602602,0
2017-07-06,63.798,64.334,63.45,63.639,1636743,0
2017-07-07,63.897,64.413,63.689,64.125,1255768,0
2017-07-10,64.086,65.078,63.976,64.87,1109993,0
2017-07-11,64.929,65.187,64.443,64.671,749514,0
2017-07-12,64.78,65.048,64.612,65.019,724181,0
2017-07-13,65.088,65.555,64.939,65.455,801073,0
2017-07-14,64.87,65.813,64.706,65.604,813077,0
2017-07-17,65.495,65.971,65.114,65.842,1105696,0
2017-07-18,65.455,66.071,65.386,65.912,524885,0
2017-07-19,65.991,66.448,65.733,66.2,865909,0
2017-07-20,66.309,66.368,65.366,65.396,1026170,0
2017-07-21,65.297,65.961,65.297,65.922,686870,0
2017-07-24,65.783,66.12,65.634,65.882,682023,0
2017-07-25,66.497,66.994,66.17,66.656,887573,0
2017-07-26,66.755,66.775,65.952,66.16,653208,0
2017-07-27,66.418,66.865,65.733,66.13,816732,0
2017-07-28,66.607,67.073,64.969,66.865,1103246,0
2017-07-31,67.222,67.222,66.234,66.249,1255244,0
2017-08-01,66.617,66.617,65.694,66.22,1250545,0
2017-08-02,66.12,66.366,65.495,66.16,748697,0
2017-08-03,65.922,66.249,65.773,66.051,794153,0
2017-08-04,66.497,66.686,66.12,66.537,775581,0
2017-08-07,66.527,66.592,65.991,66.011,592867,0
2017-08-08,65.952,66.731,65.654,65.733,961842,0
2017-08-09,65.297,65.684,65.068,65.495,931896,0
2017-08-10,65.068,65.118,63.937,63.947,1030909,0
2017-08-11,63.857,64.602,63.733,63.838,858104,0
2017-08-14,64.453,64.88,64.393,64.522,683728,0
2017-08-15,65.108,65.197,64.498,64.512,952961,0
2017-08-16,64.84,65.048,64.582,64.671,1011413,0
2017-08-17,64.423,64.622,62.349,62.458,1252288,0
2017-08-18,62.23,62.795,61.922,62.458,1213814,0
2017-08-21,62.527,62.592,62.011,62.259,707176,0
2017-08-22,62.488,62.666,62.2,62.398,1109464,0
2017-08-23,61.853,62.607,61.714,62.498,895187,0
2017-08-24,62.915,63.029,62.557,62.597,684477,0
2017-08-25,62.875,63.113,62.805,62.855,863740,0
2017-08-28,62.895,63.014,62.577,62.845,612043,0
2017-08-29,62.17,62.334,61.416,62.19,978012,0
2017-08-30,62.33,62.72,62.31,62.56,772338,0
2017-08-31,62.83,62.88,62.11,62.52,1056820,0
2017-09-01,62.65,63.51,62.56,63.31,793950,0
2017-09-05,62.82,62.94,61.55,61.82,1070619,0
2017-09-06,62.11,62.43,61.28,61.29,1943640,0
2017-09-07,61.32,61.38,59.69,59.92,1304685,0
2017-09-08,59.92,60.85,59.62,60.67,1084742,0
2017-09-11,61.49,62.02,61.17,61.88,1096794,0
2017-09-12,62.26,62.67,62.12,62.47,667856,0
2017-09-13,62.27,62.41,62.04,62.25,726539,0
2017-09-14,62.26,62.45,61.75,62.01,1056302,0
2017-09-15,61.82,62.56,61.81,62.51,1321080,0
2017-09-18,62.78,62.92,62.32,62.42,989893,0
2017-09-19,62.38,63.01,62.35,62.9,912765,0
2017-09-20,63.11,63.28,62.4,63.12,630754,0
2017-09-21,63.13,63.41,62.9,62.93,917006,0
2017-09-22,62.85,63.41,62.6766,63.12,867570,0
2017-09-25,62.96,63.41,62.71,63.38,644464,0
2017-09-26,63.4,63.47,63.01,63.36,651362,0
2017-09-27,64.14,64.75,63.93,64.52,1075685,0
2017-09-28,64.53,64.58,63.72,64,793431,0
2017-09-29,63.81,64.49,63.81,64.34,1021262,0
2017-10-02,64.62,65.11,64.46,64.92,1150067,0
2017-10-03,64.93,65.355,64.52,65.34,1342623,0
2017-10-04,65.43,65.99,65.275,65.82,905622,0
2017-10-05,65.84,66.89,65.63,66.57,940583,0
2017-10-06,66.8,66.98,66.13,66.65,724565,0
2017-10-09,66.58,66.71,66.34,66.59,479456,0
2017-10-10,66.66,67.52,66.61,67.5,806329,0
2017-10-11,67.31,67.31,66.95,67.3,663664,0
2017-10-12,67.1,67.59,66.96,67.33,893396,0
2017-10-13,67.44,67.95,67.15,67.21,723470,0
2017-10-16,67.37,67.54,67.19,67.32,629358,0
2017-10-17,67.43,67.61,67.08,67.57,882386,0
2017-10-18,67.8,68.005,67.57,67.9,860698,0
2017-10-19,67.56,68.18,67.39,68.17,667475,0
2017-10-20,68.9,68.9,67.71,67.75,1063984,0
2017-10-23,68.05,68.32,67.51,68.27,893913,0
2017-10-24,68.4,68.66,67.86,68.57,1027451,0
2017-10-25,68.75,68.77,67.25,67.68,1049038,0
2017-10-26,68.22,68.3,67.65,68.2,1005781,0
2017-10-27,67.59,69.2,66.6259,68.1,1270064,0
2017-10-30,67.74,67.835,66.44,66.52,993499,0
2017-10-31,66.62,67.13,65.8,65.85,1404520,0
2017-11-01,66.21,67.205,65.98,67.13,1694200,0
2017-11-02,67.27,69.4,66.95,68.89,2275821,0
2017-11-03,68.67,68.82,68.185,68.32,1262025,0
2017-11-06,68.03,69.455,68,69.22,1026746,0
2017-11-07,69.25,69.9524,68.86,69.11,1460006,0
2017-11-08,68.9,68.99,67.7,68.49,1429860,0
2017-11-09,68.02,68.605,67.31,68.42,1677380,0
2017-11-10,68.35,68.53,67.61,68.06,840177,0
