2016-01-04,81.023,81.21,80.007,81.164,5041125,0
2016-01-05,81.193,82.311,81.023,81.976,4205504,0
2016-01-06,81.193,82.292,81.193,81.956,5210945,0
2016-01-07,80.865,82.526,80.865,81.397,6573409,0
2016-01-08,81.704,81.771,80.677,80.893,5803952,0
2016-01-11,81.574,83.338,81.537,83.189,8597710,0
2016-01-12,83.599,83.851,82.247,83.113,5074568,0
2016-01-13,83.03,83.215,82.153,82.386,6548588,0
2016-01-14,82.46,83.086,81.112,81.985,8783901,0
2016-01-15,80.278,81.109,79.401,80.501,7763713,0
2016-01-19,80.643,81.938,80.643,81.603,5463715,0
2016-01-20,80.865,81.071,78.793,80.1,6134400,0
2016-01-21,79.69,80.418,79.008,80.045,5827004,0
2016-01-22,80.929,81.322,80.045,81.041,3941390,0
2016-01-25,81.21,81.724,80.706,80.865,3493080,0
2016-01-26,80.939,82.395,80.939,81.453,4870688,0
2016-01-27,81.771,83.384,81.359,82.181,5233990,0
2016-01-28,82.834,83.702,81.733,83.086,4134246,0
2016-01-29,82.899,84.186,82.405,83.973,8985902,0
2016-02-01,83.767,84.251,83.338,83.412,6414429,0
2016-02-02,82.572,83.45,82.376,83.357,5705701,0
2016-02-03,83.813,84.226,82.544,83.767,6455141,0
2016-02-04,81.798,84.289,81.798,83.123,6452606,0
2016-02-05,83.206,83.599,81.557,83.544,4884916,0
2016-02-08,83.292,84.233,82.704,83.702,5679480,0
2016-02-09,83.299,84.484,82.965,83.982,5481700,0
2016-02-10,84.196,84.327,83.064,83.245,3998477,0
2016-02-11,82.237,82.796,81.63,82.413,4481763,0
2016-02-12,83.058,83.496,82.33,83.086,5284725,0
2016-02-16,83.496,84.279,82.656,84.075,4805089,0
2016-02-17,84.018,86.006,83.738,85.109,6739273,0
2016-02-18,85.026,85.661,84.962,85.502,6309305,0
2016-02-19,85.437,86.006,84.691,85.772,4417817,0
2016-02-22,86.146,86.621,85.846,86.333,4069822,0
2016-02-23,86.221,86.566,85.637,85.875,3848103,0
2016-02-24,85.689,85.744,84.616,85.325,4860038,0
2016-02-25,85.39,86.276,85.232,86.249,3372525,0
2016-02-26,86.333,86.641,84.997,85.315,4314534,0
2016-02-29,84.896,85.614,84.411,84.923,5034974,0
2016-03-01,85.455,85.577,84.914,85.398,4812643,0
2016-03-02,85.167,85.726,84.7,85.417,3492277,0
2016-03-03,85.398,87.032,85.184,87.004,4441850,0
2016-03-04,87.032,88.541,86.995,88.152,6141258,0
2016-03-07,87.711,87.872,86.856,87.602,5240337,0
2016-03-08,87.76,88.432,87.47,88.115,5847437,0
2016-03-09,88.505,89.626,88.31,89.569,7014743,0
2016-03-10,89.552,90.382,89.326,90.343,5819003,0
2016-03-11,90.485,90.633,89.611,90.017,7714710,0
2016-03-14,90.102,90.614,89.56,89.971,4957684,0
2016-03-15,89.476,90.215,89.375,89.971,5402003,0
2016-03-16,89.943,90.829,89.233,90.661,4219774,0
2016-03-17,90.763,92.666,90.763,92.266,7908741,0
2016-03-18,92.387,92.583,91.352,91.585,10153600,0
2016-03-21,91.501,92.192,91.202,91.977,4056131,0
2016-03-22,91.759,92.09,90.902,91.193,3877333,0
2016-03-23,91.193,91.714,90.76,91.504,3213100,0
2016-03-24,91.477,92.005,91.119,91.977,3897320,0
2016-03-28,92.25,92.58,91.835,92.25,3401811,0
2016-03-29,92.401,93.221,91.788,93.193,5309671,0
2016-03-30,93.353,93.824,92.985,93.032,3612384,0
2016-03-31,92.881,93.33,92.392,92.486,4644519,0
2016-04-01,92.166,94.107,91.958,94.032,4435153,0
2016-04-04,94.229,94.72,93.768,94.607,4427358,0
2016-04-05,94.268,94.653,94.154,94.512,3738511,0
2016-04-06,94.578,95.5,94.466,95.366,5053029,0
2016-04-07,95.291,95.347,94.442,94.814,3904879,0
2016-04-08,95.034,95.166,94.682,95.1,3935886,0
2016-04-11,95.471,95.969,94.353,94.578,5244280,0
2016-04-12,94.711,95.988,94.653,95.805,4686162,0
2016-04-13,96.056,96.161,93.674,94.578,5732780,0
2016-04-14,94.644,95.661,93.855,94.04,4563653,0
2016-04-15,94.145,94.72,93.494,94.371,6646730,0
2016-04-18,94.107,95.575,94.059,94.833,5384909,0
2016-04-19,92.995,94.013,91.514,93.588,7844105,0
2016-04-20,93.221,93.541,92.382,92.505,4465454,0
2016-04-21,92.211,92.42,90.412,90.893,5399946,0
2016-04-22,91.061,91.411,90.619,91.365,3883233,0
2016-04-25,91.053,91.948,90.694,91.938,3448737,0
2016-04-26,92.315,92.466,91.373,91.666,3932919,0
2016-04-27,91.788,92.599,90.883,91.693,3933996,0
2016-04-28,91.071,92.325,90.967,91.769,3402781,0
2016-04-29,91.835,92.929,91.826,92.495,4522703,0
2016-05-02,92.776,93.211,92.278,92.91,3072040,0
2016-05-03,92.835,93.184,92.353,92.871,2835588,0
2016-05-04,92.307,93.265,91.917,93.116,3351549,0
2016-05-05,93.616,94.258,93.08,93.494,6101186,0
2016-05-06,93.541,94.644,93.513,94.569,4312612,0
2016-05-09,94.597,94.881,94.286,94.634,4764853,0
2016-05-10,94.738,96.093,94.644,96.056,3303198,0
2016-05-11,96.046,96.506,95.834,95.969,3585569,0
2016-05-12,96.074,96.671,95.785,96.315,5215051,0
2016-05-13,95.901,96.516,94.909,95.109,3253197,0
2016-05-16,95.061,96.103,94.556,95.882,3173278,0
2016-05-17,95.376,95.661,93.494,94.117,4610523,0
2016-05-18,94.079,94.187,92.776,93.278,3615518,0
2016-05-19,92.89,92.942,91.627,92.722,3670548,0
2016-05-20,93.013,93.032,92.221,92.42,3574331,0
2016-05-23,92.438,92.776,92.126,92.646,2509399,0
2016-05-24,93.051,93.674,92.939,93.174,3256848,0
2016-05-25,93.013,93.796,92.995,93.371,2697797,0
2016-05-26,93.371,93.479,92.816,93.335,2493496,0
2016-05-27,93.419,93.655,93.051,93.494,2184977,0
2016-05-31,93.625,93.89,92.543,93.023,6053211,0
2016-06-01,92.835,93.833,92.776,93.702,3683777,0
2016-06-02,93.457,93.669,93.211,93.57,2676642,0
2016-06-03,93.852,95.415,93.805,95.319,5083940,0
2016-06-06,95.415,95.863,94.286,94.569,5432514,0
2016-06-07,94.701,95.129,94.474,94.701,5888926,0
2016-06-08,94.502,95.891,94.466,95.891,4375247,0
2016-06-09,95.471,96.171,94.975,95.95,4487152,0
2016-06-10,95.328,95.767,95.004,95.49,3827345,0
2016-06-13,95.1,95.767,94.747,94.804,3782802,0
2016-06-14,94.399,94.427,93.494,94.163,5474333,0
2016-06-15,94.408,94.55,93.561,93.937,4009994,0
2016-06-16,93.909,94.512,93.295,94.408,4600115,0
2016-06-17,94.607,95.214,93.919,94.958,6774335,0
2016-06-20,95.49,96.074,95.376,95.729,5349841,0
2016-06-21,96.066,96.305,95.661,96.036,5685373,0
2016-06-22,96.18,96.908,96.046,96.209,3679013,0
2016-06-23,96.815,97.042,96.199,97.033,2853753,0
2016-06-24,94.413,95.301,92.481,93.043,15475149,0
2016-06-27,92.69,93.957,92.263,93.509,8607883,0
2016-06-28,94.186,94.271,92.442,93.833,6454877,0
2016-06-29,94.091,94.463,93.462,93.91,4713576,0
2016-06-30,94.358,97.033,94.205,96.868,7923784,0
2016-07-01,97.413,97.413,96.296,96.44,5006923,0
2016-07-05,96.46,98.221,96.43,97.354,6225770,0
2016-07-06,97.413,97.917,96.363,97.471,4452584,0
2016-07-07,97.685,97.995,96.806,96.918,3300612,0
2016-07-08,97.452,98.231,96.888,98.163,3574554,0
2016-07-11,98.065,98.708,97.219,98.447,4204504,0
2016-07-12,98.398,98.857,97.839,97.985,3853909,0
2016-07-13,97.789,98.408,97.52,98.309,4215083,0
2016-07-14,98.447,98.699,97.829,98.261,3212583,0
2016-07-15,98.477,99.224,98.251,98.679,3702497,0
2016-07-18,98.555,98.768,97.985,98.075,4665310,0
2016-07-19,95.7,95.7,93.986,95.119,10519271,0
2016-07-20,95.585,96.267,94.767,94.89,5904958,0
2016-07-21,95.004,95.004,93.672,94.672,6987092,0
2016-07-22,94.576,95.139,94.5,95.071,4036342,0
2016-07-25,95.053,95.356,94.662,94.948,3106072,0
2016-07-26,95.08,95.224,94.005,94.233,4333103,0
2016-07-27,94.253,94.271,92.501,92.681,7412778,0
2016-07-28,92.71,94.509,92.319,94.367,6680025,0
2016-07-29,94.548,95.605,93.91,95.471,5862016,0
2016-08-01,94.975,95.585,94.538,95.366,4560206,0
2016-08-02,95.337,95.48,94.737,95.195,4119201,0
2016-08-03,94.862,95.146,93.929,94.3,3914004,0
2016-08-04,94.615,94.795,94.176,94.271,4067376,0
2016-08-05,94.271,94.737,93.929,94.205,5296738,0
2016-08-08,94.061,94.766,93.548,93.843,4083145,0
2016-08-09,93.957,94.491,93.691,93.7,3636442,0
2016-08-10,94.176,95.1,93.986,94.433,3478966,0
2016-08-11,94.737,95.146,94.11,94.138,3149607,0
2016-08-12,94.776,95.195,94.253,94.271,3214044,0
2016-08-15,94.404,94.443,93.833,93.9,5520289,0
2016-08-16,93.719,94.894,93.7,94.72,3543756,0
2016-08-17,94.938,95.585,94.7,95.5,4089717,0
2016-08-18,95.291,95.557,95.053,95.547,3416711,0
2016-08-19,95.261,95.337,94.786,95.156,3055429,0
2016-08-22,95.186,95.405,94.938,95.337,2499845,0
2016-08-23,95.461,95.775,95.366,95.595,2206784,0
2016-08-24,95.347,95.575,94.647,95.347,2975762,0
2016-08-25,95.415,95.415,94.69,95.071,2515964,0
2016-08-26,95.186,95.68,94.138,94.367,2917617,0
2016-08-29,94.348,95.529,94.328,95.471,3176186,0
2016-08-30,95.281,95.461,94.795,95.195,2387324,0
2016-08-31,95.146,95.242,94.576,95.156,3300916,0
2016-09-01,95.034,95.863,94.852,95.815,3480696,0
2016-09-02,96.142,97.219,96.056,96.908,3708491,0
2016-09-06,96.806,97.491,96.594,97.471,3545512,0
2016-09-07,97.132,97.364,96.691,97.209,3107472,0
2016-09-08,97.219,97.316,96.066,96.479,3902947,0
2016-09-09,95.834,96.161,92.881,92.881,7543217,0
2016-09-12,93.339,96.171,93.233,95.834,6628356,0
2016-09-13,95.205,95.68,93.814,94.205,4580558,0
2016-09-14,94.433,94.728,93.585,93.91,4335378,0
2016-09-15,93.672,95.224,93.672,94.985,4112913,0
2016-09-16,94.481,94.623,93.786,94.12,6145877,0
2016-09-19,94.358,94.871,94.051,94.1,2657060,0
2016-09-20,94.463,95.186,94.12,94.471,2897850,0
2016-09-21,94.72,96.132,94.328,95.844,4716738,0
2016-09-22,96.257,97.209,96.18,96.868,4570251,0
2016-09-23,96.748,97.072,96.199,96.681,3952032,0
2016-09-26,96.622,96.622,95.301,95.382,4708277,0
2016-09-27,95.651,95.738,94.9,95.564,3470222,0
2016-09-28,95.785,95.93,95.15,95.642,4130695,0
2016-09-29,95.757,95.775,93.977,94.073,5665333,0
2016-09-30,94.506,94.959,93.439,93.535,7319153,0
2016-10-03,93.66,94.295,93.429,93.726,5073559,0
2016-10-04,93.525,93.924,92.419,92.456,5767078,0
2016-10-05,92.65,92.803,91.755,92.053,4827211,0
2016-10-06,91.619,92.4,91.398,92.013,3298914,0
2016-10-07,92.255,92.899,92.073,92.38,4146944,0
2016-10-10,92.783,92.967,92.446,92.602,2292328,0
2016-10-11,92.552,92.602,91.543,91.899,4785481,0
2016-10-12,91.918,92.773,91.784,92.446,4165519,0
2016-10-13,92.294,93.015,91.822,92.552,4956961,0
2016-10-14,92.678,93.073,92.188,92.197,3277028,0
2016-10-17,92.197,92.341,91.649,91.89,4253044,0
2016-10-18,93.294,93.419,92.279,92.899,6500009,0
2016-10-19,92.582,93.102,92.063,92.341,5760436,0
2016-10-20,92.322,92.64,91.817,91.947,4017473,0
2016-10-21,92.284,93.602,92.169,92.658,5470679,0
2016-10-24,93.12,93.333,92.756,93.236,4260903,0
2016-10-25,93.466,93.466,92.592,92.919,3583831,0
2016-10-26,92.919,93.294,92.202,92.41,3443483,0
2016-10-27,92.668,93.217,92.053,92.149,3755261,0
2016-10-28,92.466,93.063,92.149,92.658,4297029,0
2016-10-31,92.823,92.842,92.4,92.783,3458261,0
2016-11-01,92.967,93.073,92.12,92.437,4135294,0
2016-11-02,92.496,92.861,92.265,92.41,3971473,0
2016-11-03,92.64,92.919,92.245,92.582,2668385,0
2016-11-04,92.506,92.929,91.716,91.87,3262491,0
2016-11-07,92.717,93.66,92.65,93.64,4968709,0
2016-11-08,93.515,94.487,93.515,94.15,3343386,0
2016-11-09,92.4,92.428,89.57,90.773,9285350,0
2016-11-10,89.195,89.465,86.607,87.07,15524581,0
2016-11-11,87.03,87.32,85.337,85.579,8251747,0
2016-11-14,85.819,86.021,83.606,84.019,12497069,0
2016-11-15,84.183,84.933,83.923,84.183,9059200,0
2016-11-16,84.462,85.357,84.067,84.586,8521976,0
2016-11-17,84.712,86.338,84.606,85.886,9087418,0
2016-11-18,85.992,86.416,84.924,85.713,6495188,0
2016-11-21,85.992,86.28,85.588,86.223,5612321,0
2016-11-22,86.492,86.819,85.819,86.588,5027906,0
2016-11-23,86.347,86.347,85.185,85.519,5163604,0
2016-11-25,85.549,86.117,85.549,85.906,4002170,0
2016-11-28,85.982,86.925,85.906,86.819,5184115,0
2016-11-29,86.713,87.185,86.588,87.166,4293440,0
2016-11-30,86.762,87.175,84.905,84.933,8758085,0
2016-12-01,84.52,84.76,83.49,84.443,6411982,0
2016-12-02,84.818,85.337,84.318,84.741,5008292,0
2016-12-05,84.586,84.973,84.249,84.443,5408093,0
2016-12-06,84.404,85.111,84.346,84.837,3681051,0
2016-12-07,84.963,86.482,84.567,86.463,5156028,0
2016-12-08,85.972,86.396,85.347,86.002,4414412,0
2016-12-09,86.127,87.099,86.011,86.819,4456647,0
2016-12-12,86.993,87.598,86.915,87.377,3947789,0
2016-12-13,87.656,88.666,87.56,88.541,4964494,0
2016-12-14,88.762,89.119,86.789,87.28,6913895,0
2016-12-15,86.867,87.329,86.347,86.492,5757728,0
2016-12-16,86.665,87.963,86.223,87.849,8006446,0
2016-12-19,88.079,88.079,87.252,87.993,4504635,0
2016-12-20,87.769,88.294,86.514,88.266,4713282,0
2016-12-21,88.324,89.229,88.207,88.858,4404326,0
2016-12-22,88.567,89.209,88.324,89.151,3783735,0
2016-12-23,89.268,89.277,88.83,89.122,2618111,0
2016-12-27,89.073,89.321,88.644,88.878,2045673,0
2016-12-28,88.587,88.868,88.177,88.499,2291560,0
2016-12-29,88.508,89.531,88.309,89.268,3193305,0
2016-12-30,89.326,89.676,88.85,89.034,3405861,0
2017-01-03,89.326,89.531,88.48,88.781,5159354,0
2017-01-04,88.1,88.674,87.7,87.993,6863539,0
2017-01-05,88.256,89.292,88.149,88.684,4973635,0
2017-01-06,88.937,89.491,88.294,89.375,3917239,0
2017-01-09,88.644,88.985,88.391,88.858,3626507,0
2017-01-10,89.199,89.199,87.886,88.09,4317198,0
2017-01-11,88.217,88.518,87.906,88.013,3702939,0
2017-01-12,88.022,88.421,87.827,88.08,3083479,0
2017-01-13,87.993,88.266,87.555,87.973,3085896,0
2017-01-17,88.197,90.076,87.73,89.881,6538083,0
2017-01-18,90.114,91.01,90.056,90.98,5381274,0
2017-01-19,90.853,91.45,90.728,91.331,5716604,0
2017-01-20,91.603,92.138,91.545,92.031,5628458,0
2017-01-23,92.071,92.265,91.788,92.216,3442667,0
2017-01-24,92.372,93.364,92.333,93.209,5081239,0
2017-01-25,93.102,94.367,92.927,93.803,5500589,0
2017-01-26,93.968,94.289,93.676,93.774,3621819,0
2017-01-27,93.988,94.241,93.257,93.734,3139586,0
2017-01-30,93.92,93.929,93.06,93.384,3495673,0
2017-01-31,93.53,93.803,93.18,93.55,4288165,0
2017-02-01,93.044,94.396,92.645,93.374,5409542,0
2017-02-02,95.302,96.654,94.64,96.187,6339752,0
2017-02-03,96.517,98.699,96.44,98.398,6838243,0
2017-02-06,98.123,98.133,97.239,97.316,6068600,0
2017-02-07,97.316,99.045,97.257,98.897,5600437,0
2017-02-08,98.718,100.22,98.669,99.87,5014535,0
2017-02-09,99.59,100.14,98.996,100.01,3211983,0
2017-02-10,99.58,100.08,99.055,99.87,3180954,0
2017-02-13,100.05,100.36,99.461,99.97,2966138,0
2017-02-14,99.91,100.12,99.055,99.82,3403102,0
2017-02-15,99.55,100.27,99.035,100.16,3489644,0
2017-02-16,100.13,100.36,99.57,100.22,5023301,0
2017-02-17,100.16,100.94,100.01,100.88,5233461,0
2017-02-21,100.6,101.94,100.28,101.76,4696296,0
2017-02-22,101.69,102.06,101.01,101.73,3761448,0
2017-02-23,102.13,103.81,101.95,103.66,4404364,0
2017-02-24,103.58,104.87,102.96,104.83,5702811,0
2017-02-27,104.64,105.98,104.35,105.78,5710324,0
2017-02-28,105.4,107.04,105.39,106.41,7539009,0
2017-03-01,106.08,107.34,105.76,107.26,5282481,0
2017-03-02,107.05,107.34,106.58,106.85,4538897,0
2017-03-03,106.66,107.29,106.34,107.25,3827661,0
2017-03-06,106.86,107.22,106.52,106.78,7390431,0
2017-03-07,106.58,107.67,106.56,107.58,4037514,0
2017-03-08,107.23,107.53,106.45,106.77,3783336,0
2017-03-09,106.99,107.53,106.76,107.32,3561460,0
2017-03-10,107.53,107.74,107.15,107.57,4809126,0
2017-03-13,107.7,108.12,107.43,108.04,3160413,0
2017-03-14,107.75,108.39,107.46,107.8,3615693,0
2017-03-15,108.02,109.73,107.98,109.4,3766604,0
2017-03-16,109.77,109.91,109.02,109.67,4112439,0
2017-03-17,110.16,111.39,109.71,109.97,9074545,0
2017-03-20,110.01,111.05,109.97,110.95,5839262,0
2017-03-21,111.28,112.6,111.17,111.46,7073706,0
2017-03-22,111.86,112.06,110.83,110.98,5440393,0
2017-03-23,110.8,111.77,110.66,110.93,4604419,0
2017-03-24,110.31,110.31,108.04,109.79,6721171,0
2017-03-27,109.24,110.56,108.82,110.37,4603979,0
2017-03-28,110.13,110.93,109.59,110.78,4073721,0
2017-03-29,110.72,111.5,110.46,111.37,3678955,0
2017-03-30,111.14,112.02,110.85,111.49,3022163,0
2017-03-31,111.51,111.68,110.85,110.88,3859746,0
2017-04-03,110.89,111.37,110.54,110.89,3394133,0
2017-04-04,111.15,111.64,111.02,111.42,7470378,0
2017-04-05,111.47,112.02,111.04,111.17,4146954,0
2017-04-06,111.35,111.73,110.37,110.58,4438248,0
2017-04-07,110.84,111.98,110.81,111.57,5739585,0
2017-04-10,111.57,111.93,110.81,111.03,5063943,0
2017-04-11,111.45,111.65,110.98,111.39,3652442,0
2017-04-12,111.66,111.91,111.22,111.74,4217173,0
2017-04-13,111.45,111.74,110.92,111.04,3154431,0
2017-04-17,111.12,112.81,111.12,112.69,4180179,0
2017-04-18,112.64,113.57,112.53,113.15,5371103,0
2017-04-19,113.02,113.09,111.67,111.87,3754952,0
2017-04-20,107.2,108.75,106.62,108.01,9883561,0
2017-04-21,107.82,108.3,107.53,107.66,4781106,0
2017-04-24,108.51,110.72,108.37,110.38,4445817,0
2017-04-25,110.37,111.43,110,111.07,3896112,0
2017-04-26,110.84,110.98,109.1,109.16,3847182,0
2017-04-27,109.21,109.45,108.03,108.22,5609883,0
2017-04-28,108.16,108.92,107.77,108.86,3761622,0
2017-05-01,109.01,109.09,108.55,108.57,2392959,0
2017-05-02,108.62,108.85,108.28,108.5,2980017,0
2017-05-03,108.43,108.89,107.98,108.63,2968617,0
2017-05-04,108.91,109.74,108.57,109.21,3559670,0
2017-05-05,109.52,110.29,109.34,110.24,2935685,0
2017-05-08,110.09,110.63,109.89,110.61,3755359,0
2017-05-09,110.92,110.92,108.96,109.93,4573356,0
2017-05-10,109.7,110.11,108.65,108.85,3689796,0
2017-05-11,108.75,109.42,108.12,109.2,3646867,0
2017-05-12,108.97,109.8,108.81,109.71,2451336,0
2017-05-15,109.89,110.46,109.65,110.35,2373585,0
2017-05-16,110.93,112.32,110.6,111.49,3921235,0
2017-05-17,111.31,112.68,111.08,111.71,4645865,0
2017-05-18,111.74,112.25,111.27,111.55,3411705,0
2017-05-19,111.95,113.21,111.47,112.69,4312484,0
2017-05-22,112.97,114.29,112.81,114.14,3754830,0
2017-05-23,114.1,115.49,114.02,114.38,3865133,0
2017-05-24,114.77,115.42,114.17,115.33,2713412,0
2017-05-25,115.69,117.64,115.54,117.34,3128619,0
2017-05-26,117.11,117.74,116.84,117.69,2282695,0
2017-05-30,117.11,118.04,116.87,117.81,2910956,0
2017-05-31,118.32,118.95,117.63,117.66,4814414,0
2017-06-01,117.86,118.77,117.14,118.74,4816079,0
2017-06-02,119.18,119.64,118.37,119.61,3189508,0
2017-06-05,119.33,119.82,118.65,119.79,2673287,0
2017-06-06,119.59,120.7,119.27,119.82,3648317,0
2017-06-07,119.78,120.67,119.39,120.11,3294742,0
2017-06-08,119.67,119.82,118.36,118.95,4138474,0
2017-06-09,118.81,119.33,117.65,117.97,4235775,0
2017-06-12,117.9,118.16,116.13,117.04,4873873,0
2017-06-13,116.75,116.89,115.92,116.57,4414969,0
2017-06-14,116.88,118.08,116.79,117.61,3849114,0
2017-06-15,117.09,118.7,116.9,118.35,3920793,0
2017-06-16,117.74,119.79,117.74,119.66,7206432,0
2017-06-19,119.88,120.78,119.54,120.7,2917610,0
2017-06-20,120.53,121.34,119.83,119.93,3106643,0
2017-06-21,119.96,120.69,119,119.05,3210901,0
2017-06-22,119.01,119.07,118.52,118.58,2230962,0
2017-06-23,118.72,119.01,118.32,118.43,3423789,0
2017-06-26,118.56,118.98,118.3,118.38,1806437,0
2017-06-27,118.47,119.06,116.73,117.02,4010205,0
2017-06-28,117.58,118.4,117.28,117.81,1865601,0
2017-06-29,117.28,117.32,115.63,115.97,3257413,0
2017-06-30,116.12,117.28,115.98,116.34,3253591,0
2017-07-03,116.75,116.82,115.56,115.8,1648290,0
2017-07-05,115.07,117.6,115.07,117.42,3697725,0
2017-07-06,117.09,117.5,116.76,117.23,3867537,0
2017-07-07,117.44,117.53,116.3,116.79,2599471,0
2017-07-10,116.87,117.85,116.75,117.04,2463652,0
2017-07-11,117.23,117.23,115.88,116.1,3498624,0
2017-07-12,117.03,117.47,116.46,117.11,2977308,0
2017-07-13,117.2,117.33,116.33,116.4,3806145,0
2017-07-14,116.9,118.36,116.89,118,3863190,0
2017-07-17,118.31,118.52,117.68,117.88,2868354,0
2017-07-18,117.88,118.87,117.54,118.51,3248513,0
2017-07-19,118.38,120.54,118.29,120.47,5050645,0
2017-07-20,117.54,120.02,116.44,118.73,6622817,0
2017-07-21,118.44,118.71,117.6,118.45,3577369,0
2017-07-24,118.3,118.86,117.72,117.77,3970357,0
2017-07-25,118.4,118.61,116.65,116.71,5719166,0
2017-07-26,116.82,117.47,116.39,116.54,4150089,0
2017-07-27,116.54,117.64,116.36,117.07,4481695,0
2017-07-28,117.09,117.8,108.28,117.39,16145291,0
2017-07-31,116.02,117.13,115.51,115.61,6482970,0
2017-08-01,115.9,116.27,114.58,114.79,5761162,0
2017-08-02,114.72,114.72,112.8,113.38,5755936,0
2017-08-03,113.71,114.43,113.09,113.41,4306187,0
2017-08-04,114.34,114.36,112.83,113.68,4501917,0
2017-08-07,113.67,114.79,113.6,114.77,3882275,0
2017-08-08,114.4,114.46,113.47,113.59,2815363,0
2017-08-09,113.9,114.71,113.49,114.32,2536347,0
2017-08-10,113.94,114.41,112.99,113.14,3474769,0
2017-08-11,113.96,114.33,112.94,113.79,2679091,0
2017-08-14,113.8,114.02,113.39,113.68,3275983,0
2017-08-15,113.8,116.02,113.7,115.72,4044033,0
2017-08-16,115.67,116.87,115.29,116.62,3135769,0
2017-08-17,116.64,117.17,114.58,114.83,3188792,0
2017-08-18,114.66,114.85,113.59,114.24,4218014,0
2017-08-21,114.2,115.39,113.99,115.15,2465645,0
2017-08-22,115.24,115.89,114.67,115.13,1900087,0
2017-08-23,114.91,115.36,113.93,114.37,2210927,0
2017-08-24,114.57,115.01,113.02,113.44,2832793,0
2017-08-25,114.1,114.32,113.4,113.72,3133328,0
2017-08-28,114.13,114.62,113.66,114.45,2762577,0
2017-08-29,114.07,115.74,113.78,115.45,2767240,0
2017-08-30,114.9,115.89,114.47,115.33,2931334,0
2017-08-31,115.63,116.1,115.16,115.83,4323838,0
2017-09-01,116.06,116.83,115.78,116.72,3065709,0
2017-09-05,116.31,116.64,115.53,116.56,3090808,0
2017-09-06,116.89,117.97,116.38,117.5,3653616,0
2017-09-07,117.12,118.3,116.03,117.8,3611366,0
2017-09-08,117.94,118.06,115.62,115.95,3694402,0
2017-09-11,116.47,117.32,116.46,116.82,2928547,0
2017-09-12,116.95,117.05,115.17,115.94,2486941,0
2017-09-13,115.64,116.37,115.63,115.76,2706844,0
2017-09-14,115.76,115.95,115.11,115.63,3630374,0
2017-09-15,115.48,115.62,113.96,114.7,6028225,0
2017-09-18,114.6,115.09,114.03,114.98,3027383,0
2017-09-19,114.89,114.97,113.85,114.27,3135195,0
2017-09-20,114.35,114.53,111.71,112.36,3858747,0
2017-09-21,112.23,112.6,111.68,111.85,2888881,0
2017-09-22,111.99,112.14,111.22,111.45,2845904,0
2017-09-25,111.7,112.61,111.31,112.18,4598536,0
2017-09-26,112.28,113.333,112.1,112.21,3537446,0
2017-09-27,111.99,112.19,111.15,111.61,3656770,0
2017-09-28,112.17,112.38,111.55,111.8,3479142,0
2017-09-29,111.78,112.29,110.94,111.01,3906230,0
2017-10-02,111.23,111.73,110.61,110.87,3403313,0
2017-10-03,110.66,110.685,110.05,110.19,2902963,0
2017-10-04,110.48,111.9,110.16,111.42,4157908,0
2017-10-05,111.46,112.02,111.28,111.54,4904308,0
2017-10-06,111.48,111.735,110.71,111.27,5418023,0
2017-10-09,112.93,114.58,112.92,113.37,3292304,0
2017-10-10,114.12,115.28,113.93,115.17,3930545,0
2017-10-11,114.87,115.15,113.8,114.26,3373905,0
2017-10-12,114.66,114.75,113.5,114.53,3074663,0
2017-10-13,114.96,115.15,113.9,113.99,2658074,0
2017-10-16,114.05,114.4,113.44,113.52,2559576,0
2017-10-17,113.12,113.41,112.43,112.65,3483968,0
2017-10-18,112.62,112.89,112.24,112.51,3441530,0
2017-10-19,109.04,111.86,107.01,108.15,9542583,0
2017-10-20,108.56,109.52,108,109.52,6112661,0
2017-10-23,109.45,110.27,109.12,109.36,3762062,0
2017-10-24,109.17,109.67,108.16,108.57,4087200,0
2017-10-25,108.41,108.85,106.75,107,4060430,0
2017-10-26,107.5,107.85,106.86,106.93,3467867,0
2017-10-27,106.66,107.02,105.75,105.94,5067389,0
2017-10-30,105.54,105.77,104.56,104.7,5021389,0
2017-10-31,104.75,105.201,104.26,104.64,5419166,0
2017-11-01,104.78,105,103.64,103.75,4102155,0
2017-11-02,103.71,103.85,102.45,102.8,4601532,0
2017-11-03,103,103.05,102.48,102.66,3064301,0
2017-11-06,102.62,103.09,101.58,102.14,4166932,0
2017-11-07,103.02,103.16,103.02,103.02,3901931,0
2017-11-08,103.02,103.39,102.66,103.09,4882205,0
2017-11-09,102.91,103.1,102.18,102.46,3427655,0
2017-11-10,102.09,103.28,102.05,103.02,4935208,0
