2016-01-04,9.0559,9.4853,9.0559,9.0843,11868,0
2016-01-05,9.57,9.57,9.1112,9.2342,7995,0
2016-01-06,9.187,9.551,9.1112,9.3264,9752,0
2016-01-07,9.3264,9.4387,9.2662,9.3361,8268,0
2016-01-08,9.3165,9.3922,8.8969,9.0369,26408,0
2016-01-11,9.0001,9.14,8.7754,8.8941,11866,0
2016-01-12,9.1028,9.1028,8.467,8.4764,6484,0
2016-01-13,8.4296,8.5044,8.3895,8.4764,22877,0
2016-01-14,8.523,8.738,8.3082,8.4671,8093,0
2016-01-15,8.3848,8.5324,8.1772,8.4202,14702,0
2016-01-19,8.7193,8.738,8.0184,8.0184,19476,0
2016-01-20,7.9998,8.0372,7.2521,7.5697,21033,0
2016-01-21,7.6072,7.9435,7.4587,7.8129,7182,0
2016-01-22,8.4574,8.4574,7.7848,8.1214,5134,0
2016-01-25,8.1214,8.1214,7.7193,7.8409,4275,0
2016-01-26,7.6447,7.7099,7.5326,7.5326,11770,0
2016-01-27,7.5606,7.7472,7.4765,7.4765,8308,0
2016-01-28,7.4765,7.8409,7.4671,7.4671,2418,0
2016-01-29,7.7099,9.0796,7.6726,8.8501,44145,0
2016-02-01,9.0559,10.282,8.7848,10.009,44778,0
2016-02-02,10.243,10.243,9.57,9.878,72331,0
2016-02-03,10.158,11.243,9.0653,9.159,107957,0
2016-02-04,9.3459,10.037,9.2981,9.995,28230,0
2016-02-05,9.814,10.037,9.668,9.828,46724,0
2016-02-08,9.814,9.973,9.3922,9.611,26419,0
2016-02-09,9.542,10.017,9.3922,10.017,39482,0
2016-02-10,10.107,10.272,10,10.103,16774,0
2016-02-11,10,10.017,9.4585,9.746,8687,0
2016-02-12,10.056,10.505,9.524,10.365,16844,0
2016-02-16,10.4,10.728,10.336,10.645,45973,0
2016-02-17,10.542,11.731,10.421,11.308,49640,0
2016-02-18,11.402,11.484,11.166,11.27,6005,0
2016-02-19,11.298,12.008,11.023,11.752,24268,0
2016-02-22,11.545,12.075,11.374,11.63,26338,0
2016-02-23,11.523,11.59,11.375,11.451,7043,0
2016-02-24,11.383,11.612,11.365,11.507,3701,0
2016-02-25,11.497,12.018,11.497,11.96,26739,0
2016-02-26,11.875,12.161,11.875,12.141,16180,0
2016-02-29,12.151,12.303,11.979,11.989,13427,0
2016-03-01,12.111,12.197,11.989,12.151,7472,0
2016-03-02,12.018,12.197,12.018,12.197,18693,0
2016-03-03,12.197,12.426,12.187,12.303,20226,0
2016-03-04,12.453,12.705,12.264,12.481,15149,0
2016-03-07,12.52,12.765,12.49,12.699,11632,0
2016-03-08,12.709,12.794,12.662,12.729,7544,0
2016-03-09,12.772,13.012,12.729,12.812,4923,0
2016-03-10,12.841,13.456,12.841,13.456,22364,0
2016-03-11,13.389,13.48,13.18,13.389,6681,0
2016-03-14,13.437,13.589,13.437,13.559,13047,0
2016-03-15,13.456,13.485,13.135,13.409,7133,0
2016-03-16,13.343,13.589,13.343,13.399,4479,0
2016-03-17,13.505,13.541,13.381,13.418,4225,0
2016-03-18,13.475,13.599,13.437,13.559,11671,0
2016-03-21,13.475,13.475,13.313,13.363,5544,0
2016-03-22,13.502,13.505,12.87,12.888,8498,0
2016-03-23,13.012,13.012,12.462,12.462,24032,0
2016-03-24,12.595,12.729,11.875,12.576,28391,0
2016-03-28,12.539,12.707,12.206,12.314,13617,0
2016-03-29,12.293,13.304,12.084,13.18,27554,0
2016-03-30,13.268,13.485,13.17,13.313,10273,0
2016-03-31,13.21,13.21,12.595,13.012,9813,0
2016-04-01,13.012,13.239,12.633,13.012,5985,0
2016-04-04,13.012,13.363,12.669,13.249,7482,0
2016-04-05,12.994,13.343,12.994,13.229,7155,0
2016-04-06,13.135,13.249,12.935,13.249,13290,0
2016-04-07,13.239,13.418,13.051,13.263,7556,0
2016-04-08,13.153,13.264,13.116,13.249,5284,0
2016-04-11,13.19,13.343,13.068,13.268,15052,0
2016-04-12,13.187,13.404,13.153,13.21,15190,0
2016-04-13,13.22,13.399,13.153,13.343,5510,0
2016-04-14,13.229,13.343,13.116,13.18,20929,0
2016-04-15,13.106,13.409,12.679,13.116,16931,0
2016-04-18,13.184,13.865,13.167,13.559,17962,0
2016-04-19,13.618,13.618,13.437,13.559,7728,0
2016-04-20,13.62,13.864,13.599,13.834,8598,0
2016-04-21,13.731,13.996,13.63,13.854,30097,0
2016-04-22,13.864,14.166,13.579,13.854,12719,0
2016-04-25,13.854,13.854,13.589,13.673,10437,0
2016-04-26,13.654,13.823,13.343,13.663,17033,0
2016-04-27,13.721,13.873,13.645,13.693,9366,0
2016-04-28,13.48,13.948,13.418,13.854,11976,0
2016-04-29,13.805,13.805,13.457,13.636,8300,0
2016-05-02,13.796,13.892,13.68,13.768,28634,0
2016-05-03,13.768,13.772,13.485,13.589,11682,0
2016-05-04,13.618,13.913,13.33,13.559,13710,0
2016-05-05,13.484,13.674,13.397,13.504,8097,0
2016-05-06,13.416,13.662,13.245,13.407,6867,0
2016-05-09,13.36,13.672,13.291,13.397,4300,0
2016-05-10,13.425,13.507,13.149,13.37,40935,0
2016-05-11,13.291,13.483,13.149,13.388,10116,0
2016-05-12,13.425,13.713,13.158,13.216,5021,0
2016-05-13,13.504,13.504,12.928,13.121,6207,0
2016-05-16,13.033,13.033,12.432,12.432,10561,0
2016-05-17,12.518,12.781,10.337,12.059,20186,0
2016-05-18,12.23,13.264,12.23,12.729,7352,0
2016-05-19,13.176,13.176,12.488,12.555,15578,0
2016-05-20,12.742,13.091,12.537,12.699,13033,0
2016-05-23,13.082,13.121,12.335,12.679,5039,0
2016-05-24,12.719,13.14,12.239,12.9,14828,0
2016-05-25,12.776,13.082,12.709,12.997,5130,0
2016-05-26,12.947,13.111,12.441,13.062,5152,0
2016-05-27,12.967,13.25,12.794,13.033,4991,0
2016-05-31,13.033,13.35,13.015,13.33,6150,0
2016-06-01,13.072,13.494,12.518,12.833,8741,0
2016-06-02,13.298,13.654,13.121,13.425,4351,0
2016-06-03,13.54,13.646,13.13,13.511,3492,0
2016-06-06,13.301,13.723,12.928,13.425,8879,0
2016-06-07,13.618,13.618,12.919,13.379,4801,0
2016-06-08,12.997,13.637,12.997,13.599,3475,0
2016-06-09,13.006,13.703,13.006,13.55,8728,0
2016-06-10,13.579,13.618,13.235,13.579,1372,0
2016-06-13,13.579,13.684,13.186,13.397,4674,0
2016-06-14,13.444,13.723,13.025,13.54,19683,0
2016-06-15,13.54,13.608,13.54,13.608,27718,0
2016-06-16,13.579,13.623,13.33,13.425,27881,0
2016-06-17,13.416,13.755,12.928,12.928,29844,0
2016-06-20,13.149,13.149,12.508,12.671,9071,0
2016-06-21,13.167,13.167,12.432,12.547,15114,0
2016-06-22,12.671,13.254,12.671,12.739,6282,0
2016-06-23,12.803,13.34,12.803,12.823,6767,0
2016-06-24,12.573,13.216,12.573,12.719,10450,0
2016-06-27,12.729,13.474,12.432,12.441,10427,0
2016-06-28,12.518,13.513,12.518,13.015,7353,0
2016-06-29,12.947,13.379,12.679,13.206,6913,0
2016-06-30,13.197,13.407,12.766,13.14,11679,0
2016-07-01,13.121,13.379,12.901,13.34,8322,0
2016-07-05,13.273,13.603,13.206,13.283,6357,0
2016-07-06,13.569,13.589,13.3,13.589,6295,0
2016-07-07,13.627,13.627,13.37,13.474,5542,0
2016-07-08,13.913,13.913,13.743,13.903,15042,0
2016-07-11,14.086,14.086,13.703,13.962,10186,0
2016-07-12,13.933,14.104,13.439,13.942,5964,0
2016-07-13,14.004,14.045,13.866,13.903,3022,0
2016-07-14,13.818,13.818,13.455,13.68,12125,0
2016-07-15,13.637,14.003,13.484,13.608,15056,0
2016-07-18,13.608,13.77,13.37,13.559,7190,0
2016-07-19,13.445,14.025,13.445,13.54,6166,0
2016-07-20,13.511,13.627,13.435,13.435,2754,0
2016-07-21,13.531,13.865,13.531,13.723,5365,0
2016-07-22,13.723,13.789,13.245,13.641,5336,0
2016-07-25,13.55,13.775,13.35,13.445,7685,0
2016-07-26,13.388,13.798,13.283,13.283,7899,0
2016-07-27,14.919,18.388,14.632,17.309,278299,0
2016-07-28,17.106,18.169,16.982,17.72,83894,0
2016-07-29,18.017,18.165,17.14,17.672,76252,0
2016-08-01,17.834,18.418,17.7,18.418,50943,0
2016-08-02,18.428,18.522,18.17,18.37,34629,0
2016-08-03,18.621,18.793,18.408,18.698,60424,0
2016-08-04,18.793,20.374,18.709,19.796,44644,0
2016-08-05,19.999,20.009,19.305,20.009,21958,0
2016-08-08,19.854,19.854,17.925,18.843,50912,0
2016-08-09,18.533,19.59,18.533,19.242,12187,0
2016-08-10,19.257,19.555,18.698,19.025,28095,0
2016-08-11,19.112,19.209,18.504,18.803,7371,0
2016-08-12,18.938,19.025,18.313,18.948,14482,0
2016-08-15,18.958,21.165,18.958,20.741,82987,0
2016-08-16,20.722,21.087,19.799,20.548,35129,0
2016-08-17,20.567,20.722,20.144,20.461,62512,0
2016-08-18,20.304,20.481,20.239,20.481,28254,0
2016-08-19,20.481,20.653,20.191,20.506,29494,0
2016-08-22,20.481,20.962,20.181,20.481,23271,0
2016-08-23,20.211,21.203,20.211,20.586,19976,0
2016-08-24,20.528,21.117,20.528,20.586,39524,0
2016-08-25,20.673,21.117,20.259,20.519,8437,0
2016-08-26,20.461,20.654,20.028,20.221,19171,0
2016-08-29,20.239,20.567,20.047,20.239,14592,0
2016-08-30,20.279,20.321,19.922,19.932,25374,0
2016-08-31,19.96,20.076,19.536,19.536,33498,0
2016-09-01,19.517,19.655,19.044,19.42,32862,0
2016-09-02,19.517,19.517,19.093,19.362,16510,0
2016-09-06,19.392,19.719,19.034,19.276,23606,0
2016-09-07,19.122,19.932,19.093,19.397,18182,0
2016-09-08,19.295,19.815,19.044,19.285,13674,0
2016-09-09,19.199,19.66,18.938,19.034,9798,0
2016-09-12,18.853,19.276,18.398,19.054,11965,0
2016-09-13,19.034,19.267,18.862,18.938,11658,0
2016-09-14,18.96,19.267,18.899,19.054,13696,0
2016-09-15,19.169,19.825,18.948,18.948,4558,0
2016-09-16,18.958,19.372,18.958,19.189,14727,0
2016-09-19,19.227,19.276,19.122,19.169,11324,0
2016-09-20,19.362,19.507,18.938,19.214,13456,0
2016-09-21,19.257,19.457,19.044,19.179,18812,0
2016-09-22,19.199,19.633,18.928,18.928,12488,0
2016-09-23,18.928,19.132,18.889,19.015,12430,0
2016-09-26,18.823,19.179,18.794,19.179,20506,0
2016-09-27,19.237,19.778,18.997,19.044,21941,0
2016-09-28,19.584,19.584,18.978,19.209,7365,0
2016-09-29,19.285,19.758,19.107,19.411,7349,0
2016-09-30,19.276,19.334,19.093,19.093,7004,0
2016-10-03,19.169,19.285,19.169,19.203,1654,0
2016-10-04,19.189,19.276,18.408,18.881,11829,0
2016-10-05,18.793,19.276,18.793,19.267,9289,0
2016-10-06,19.247,19.276,18.843,19.179,62713,0
2016-10-07,19.093,19.237,18.987,18.997,38993,0
2016-10-10,18.968,19.189,18.889,18.948,14202,0
2016-10-11,19.078,19.257,18.678,18.688,32584,0
2016-10-12,18.678,19.248,18.678,18.997,21027,0
2016-10-13,19.015,19.132,18.794,18.853,12205,0
2016-10-14,18.889,19.237,18.648,18.688,7539,0
2016-10-17,18.737,18.926,18.495,18.909,51495,0
2016-10-18,18.909,19.276,18.889,19.112,40012,0
2016-10-19,19.218,19.699,19.132,19.372,17358,0
2016-10-20,19.517,19.719,18.997,18.997,9186,0
2016-10-21,19.227,19.372,18.73,18.889,10767,0
2016-10-24,19.073,19.231,18.313,18.476,80618,0
2016-10-25,18.303,19.237,17.6,18.148,56250,0
2016-10-26,18.139,19.102,17.406,18.958,23190,0
2016-10-27,22.581,23.806,21.937,22.109,216692,0
2016-10-28,22.331,22.87,22.202,22.65,32241,0
2016-10-31,22.755,24.578,22.216,22.63,141317,0
2016-11-01,22.456,22.456,21.338,22.032,37331,0
2016-11-02,21.839,22.842,21.223,21.589,31756,0
2016-11-03,21.579,23.248,20.587,21.249,42499,0
2016-11-04,21.2,22.123,20.686,21.617,43876,0
2016-11-07,22.035,22.995,21.935,22.531,40292,0
2016-11-08,22.511,22.578,21.935,22.551,20419,0
2016-11-09,22.627,23.15,21.687,22.783,49207,0
2016-11-10,22.869,23.094,21.589,22.297,19209,0
2016-11-11,22.219,23.239,21.706,23.239,48466,0
2016-11-14,23.044,23.22,22.607,22.714,36700,0
2016-11-15,22.928,23.18,21.919,23.064,43873,0
2016-11-16,23.19,23.958,22.869,23.462,101380,0
2016-11-17,23.326,24.258,23.326,24.199,169374,0
2016-11-18,24.258,25.228,23.37,24.034,82838,0
2016-11-21,24.296,24.746,23.645,23.655,27487,0
2016-11-22,23.995,24.281,22.872,23.346,42196,0
2016-11-23,23.21,24.115,23.187,23.442,11521,0
2016-11-25,23.501,24.966,23.492,23.86,18802,0
2016-11-28,24.034,24.394,23.801,24.266,21740,0
2016-11-29,24.316,24.94,23.979,24.432,25235,0
2016-11-30,24.258,24.258,23.917,24.248,19533,0
2016-12-01,24.258,24.258,22.103,22.724,61781,0
2016-12-02,22.462,22.753,21.879,22.065,48827,0
2016-12-05,22.219,22.375,21.967,22.065,27292,0
2016-12-06,22.151,22.958,21.598,22.879,22191,0
2016-12-07,22.928,23.113,22.045,22.551,14996,0
2016-12-08,22.743,23.41,21.909,22.239,22777,0
2016-12-09,22.432,23.239,21.958,22.316,28442,0
2016-12-12,22.219,22.841,21.9,22.501,17931,0
2016-12-13,22.531,22.97,21.899,21.987,21801,0
2016-12-14,22.171,22.491,21.879,22.307,18339,0
2016-12-15,22.133,23.529,21.395,21.571,63231,0
2016-12-16,21.561,22.995,21.531,22.481,28309,0
2016-12-19,22.695,23.029,21.879,21.879,64527,0
2016-12-20,22.113,22.869,22.113,22.783,29434,0
2016-12-21,22.967,23.156,22.141,22.269,40359,0
2016-12-22,22.705,23.212,21.841,22.316,15966,0
2016-12-23,22.414,22.758,21.803,22.743,33359,0
2016-12-27,22.743,24.454,22.743,24.102,68366,0
2016-12-28,24.286,24.95,23.772,24.014,35919,0
2016-12-29,23.888,24.696,23.15,23.316,20879,0
2016-12-30,23.403,24.258,23.323,23.947,11342,0
2017-01-03,23.947,24.927,23.286,23.286,34839,0
2017-01-04,23.306,24.49,23.286,23.675,24749,0
2017-01-05,23.879,24.258,23.325,24.248,18536,0
2017-01-06,24.248,24.568,23.462,23.539,11884,0
2017-01-09,23.529,24.053,23.529,23.695,12795,0
2017-01-10,23.743,23.869,23.356,23.821,12272,0
2017-01-11,23.821,24.18,23.452,24.024,10985,0
2017-01-12,24.16,24.17,23.636,23.729,18437,0
2017-01-13,23.704,23.888,23.384,23.482,11008,0
2017-01-17,23.588,23.618,23.306,23.452,14123,0
2017-01-18,23.588,23.588,23.286,23.346,7163,0
2017-01-19,23.462,23.85,23.141,23.85,32637,0
2017-01-20,23.695,24.189,23.695,24.044,14113,0
2017-01-23,24.18,24.212,23.831,23.967,16139,0
2017-01-24,24.17,24.636,24.014,24.48,18271,0
2017-01-25,24.48,25.712,24.48,25.567,36920,0
2017-01-26,25.858,26.431,25.576,25.665,31701,0
2017-01-27,25.692,26.639,25.47,25.674,28248,0
2017-01-30,25.344,25.413,24.596,24.859,21667,0
2017-01-31,24.51,25.099,13.399,18.31,1236802,0
2017-02-01,18.32,20.755,18.31,20.696,310358,0
2017-02-02,20.871,21.561,19.755,20.134,89690,0
2017-02-03,20.114,20.885,20.114,20.812,60399,0
2017-02-06,20.862,21.275,19.939,20.793,97545,0
2017-02-07,21.453,21.833,19.096,20.134,106874,0
2017-02-08,20.037,20.996,19.513,20.735,52795,0
2017-02-09,20.463,21.879,20.319,21.879,36330,0
2017-02-10,21.724,21.879,21.133,21.385,83891,0
2017-02-13,21.326,21.677,20.958,21.22,65775,0
2017-02-14,21.123,21.406,20.184,20.273,52779,0
2017-02-15,20.273,20.438,19.492,19.725,50810,0
2017-02-16,19.648,20.009,19.648,19.715,28376,0
2017-02-17,19.54,20.224,19.452,19.735,63242,0
2017-02-21,19.55,20.302,19.54,20.057,49375,0
2017-02-22,20.048,20.663,19.785,20.565,28707,0
2017-02-23,20.595,20.702,19.54,20.702,32233,0
2017-02-24,20.39,20.615,20.097,20.615,25279,0
2017-02-27,20.615,21.483,20.595,21.386,27852,0
2017-02-28,21.386,21.396,20.673,20.762,14960,0
2017-03-01,20.8,22.071,20.615,21.582,62284,0
2017-03-02,21.67,21.69,20.507,20.595,22467,0
2017-03-03,20.653,21.777,20.458,20.742,18926,0
2017-03-06,20.468,20.78,20.321,20.37,35802,0
2017-03-07,20.428,20.595,20.063,20.565,19830,0
2017-03-08,20.644,20.838,20.194,20.555,20050,0
2017-03-09,20.541,20.644,19.583,19.832,43679,0
2017-03-10,20.009,20.965,19.82,20.048,15666,0
2017-03-13,20.048,20.458,20.048,20.077,14121,0
2017-03-14,20.39,20.448,19.794,20.057,19691,0
2017-03-15,20.253,20.253,19.608,19.912,19532,0
2017-03-16,19.912,20.438,19.755,20.438,10139,0
2017-03-17,20.097,20.477,19.54,19.715,23895,0
2017-03-20,19.695,19.989,19.569,19.578,10095,0
2017-03-21,19.882,20.029,19.218,19.315,23317,0
2017-03-22,19.384,19.384,18.64,19.031,30239,0
2017-03-23,19.315,19.364,18.71,19.11,37255,0
2017-03-24,18.747,19.081,18.593,18.622,26514,0
2017-03-27,18.631,19.178,17.83,19.13,36000,0
2017-03-28,19.148,19.54,18.607,19.257,14592,0
2017-03-29,19.344,19.804,19.322,19.638,13835,0
2017-03-30,19.491,19.814,18.846,19.422,12605,0
2017-03-31,19.394,19.628,19.354,19.588,10384,0
2017-04-03,19.481,19.979,19.13,19.745,18362,0
2017-04-04,19.882,20.253,19.212,19.902,35452,0
2017-04-05,19.804,20.067,18.954,19.081,31145,0
2017-04-06,19.198,19.969,18.894,19.648,27110,0
2017-04-07,19.148,20.019,19.148,20.019,17044,0
2017-04-10,19.745,20.166,18.958,19.11,38088,0
2017-04-11,18.673,19.814,18.673,19.354,23973,0
2017-04-12,19.394,19.481,18.612,19.158,42370,0
2017-04-13,19.394,19.491,18.787,19.442,13602,0
2017-04-17,19.413,19.638,18.827,19.295,18348,0
2017-04-18,19.422,19.784,18.837,19.394,14124,0
2017-04-19,19.384,19.413,18.904,19.413,23993,0
2017-04-20,19.081,19.573,18.671,19.374,14960,0
2017-04-21,19.148,19.95,19.148,19.687,14348,0
2017-04-24,20.019,20.019,19.354,19.638,13076,0
2017-04-25,19.804,20.398,19.618,20.243,17298,0
2017-04-26,20.507,20.669,18.65,19.021,71296,0
2017-04-27,18.904,18.959,18.426,18.533,24433,0
2017-04-28,18.809,18.809,18.348,18.631,10117,0
2017-05-01,18.631,18.794,18.026,18.133,27933,0
2017-05-02,18.016,18.847,18.016,18.847,18916,0
2017-05-03,18.758,19.208,18.279,19.208,29746,0
2017-05-04,19.119,19.119,18.361,18.578,12572,0
2017-05-05,18.636,19.994,18.499,19.719,26708,0
2017-05-08,19.295,20.517,19.198,20.281,39511,0
2017-05-09,20.281,20.488,19.789,20.035,28398,0
2017-05-10,20.084,20.822,19.7,20.458,33727,0
2017-05-11,20.379,20.536,19.789,20.227,14764,0
2017-05-12,20.133,20.448,20.133,20.192,19731,0
2017-05-15,20.438,20.821,20.438,20.636,16501,0
2017-05-16,20.674,22.9,20.674,21.481,33913,0
2017-05-17,21.511,21.639,20.374,20.399,24220,0
2017-05-18,20.616,21.578,20.381,20.418,11473,0
2017-05-19,20.654,21.659,20.654,21.305,26174,0
2017-05-22,21.659,21.925,21.058,21.108,14472,0
2017-05-23,21.363,21.679,20.389,20.714,13320,0
2017-05-24,20.724,20.754,20.222,20.556,35441,0
2017-05-25,20.243,20.535,20.192,20.281,13985,0
2017-05-26,20.33,20.415,19.543,20.074,30859,0
2017-05-30,20.192,20.192,19.666,19.887,10785,0
2017-05-31,19.911,20.389,19.772,20.37,21890,0
2017-06-01,20.3,20.754,20.3,20.684,18820,0
2017-06-02,20.773,21.403,20.674,21.098,29724,0
2017-06-05,21.315,21.885,21.275,21.659,15094,0
2017-06-06,21.462,22.151,21.462,22.151,23149,0
2017-06-07,22.151,22.398,21.413,21.423,16783,0
2017-06-08,21.433,21.537,21.147,21.4,4437,0
2017-06-09,21.255,21.994,20.998,21.699,17244,0
2017-06-12,21.649,22.053,21.118,22.004,18790,0
2017-06-13,21.974,22.112,21.021,21.531,6991,0
2017-06-14,21.787,22.013,21.453,21.689,28044,0
2017-06-15,21.689,21.885,20.674,21.767,15648,0
2017-06-16,21.659,21.659,21.147,21.443,28187,0
2017-06-19,21.393,21.689,21.311,21.609,34806,0
2017-06-20,21.541,21.777,21.443,21.747,16015,0
2017-06-21,21.757,22.907,21.543,22.151,49018,0
2017-06-22,22.289,22.328,21.875,22.328,30946,0
2017-06-23,22.338,22.791,21.699,22.594,66731,0
2017-06-26,22.644,23.604,22.496,23.411,23885,0
2017-06-27,23.195,23.604,23.141,23.323,9411,0
2017-06-28,23.481,24.096,22.993,24.022,47549,0
2017-06-29,23.973,24.612,23.321,24.554,57473,0
2017-06-30,24.612,24.612,24.218,24.564,18069,0
2017-07-03,24.564,25.105,24.564,24.75,10723,0
2017-07-05,24.987,25.193,24.16,24.721,36389,0
2017-07-06,24.672,24.898,24.228,24.228,11358,0
2017-07-07,24.436,25.105,23.727,24.997,38379,0
2017-07-10,24.829,25.213,24.76,25.095,42645,0
2017-07-11,25.193,26.769,25.193,26.729,59825,0
2017-07-12,26.769,27.556,26.266,26.306,35619,0
2017-07-13,25.823,26.582,25.699,26.562,43128,0
2017-07-14,26.542,26.542,25.41,25.489,69010,0
2017-07-17,25.755,26.285,25.197,26.128,41107,0
2017-07-18,26.119,26.138,25.193,25.685,46410,0
2017-07-19,25.666,25.882,25.263,25.587,29684,0
2017-07-20,25.282,25.586,25.282,25.479,7919,0
2017-07-21,25.429,25.942,24.967,25.932,48372,0
2017-07-24,25.784,26.316,25.291,25.745,44679,0
2017-07-25,26.02,26.454,25.848,26.128,23969,0
2017-07-26,26.592,26.986,25.798,25.981,29808,0
2017-07-27,26.02,26.936,25.173,25.685,38668,0
2017-07-28,25.666,26.326,24.612,26.286,53146,0
2017-07-31,26.326,26.356,24.977,25.164,24696,0
2017-08-01,25.291,25.646,24.486,25.528,37501,0
2017-08-02,25.419,25.538,25.085,25.439,27445,0
2017-08-03,21.275,23.677,19.789,20.911,130546,0
2017-08-04,20.913,21.287,19.345,20.606,80634,0
2017-08-07,20.074,20.546,19.911,20.527,70542,0
2017-08-08,20.015,21.699,19.975,20.901,65245,0
2017-08-09,20.911,21.607,20.232,20.438,25512,0
2017-08-10,20.528,21.033,20.081,20.607,50673,0
2017-08-11,20.617,20.885,20.24,20.24,26062,0
2017-08-14,20.458,20.815,19.933,20.775,61338,0
2017-08-15,20.825,20.825,20.081,20.25,47722,0
2017-08-16,20.448,20.664,20.101,20.428,36082,0
2017-08-17,20.22,20.518,19.992,20.032,24773,0
2017-08-18,19.923,20.458,19.635,20.26,60023,0
2017-08-21,20.22,20.22,19.05,19.407,88865,0
2017-08-22,19.417,20.309,19.318,19.883,122672,0
2017-08-23,19.982,21.965,19.883,21.331,104219,0
2017-08-24,21.569,21.618,20.141,20.607,53422,0
2017-08-25,20.607,20.766,20.162,20.438,26558,0
2017-08-28,20.418,21.39,20.194,20.795,25608,0
2017-08-29,20.498,21.42,20.111,20.488,66539,0
2017-08-30,20.617,21.023,20.379,20.775,45222,0
2017-08-31,20.825,21.361,20.736,20.964,70948,0
2017-09-01,20.964,21.351,20.409,20.418,17040,0
2017-09-05,20.577,20.587,19.823,20.399,49034,0
2017-09-06,19.972,20.518,19.655,19.704,32318,0
2017-09-07,19.695,19.695,18.752,19.1,33207,0
2017-09-08,19.109,19.754,18.346,18.584,60581,0
2017-09-11,18.425,18.862,18.413,18.643,49375,0
2017-09-12,18.743,19.704,18.443,19.328,34339,0
2017-09-13,19.318,19.774,18.802,19.318,12416,0
2017-09-14,19.278,19.301,18.762,19.199,9920,0
2017-09-15,19.189,19.367,18.881,19.08,8815,0
2017-09-18,19.08,19.209,18.841,19.179,25081,0
2017-09-19,18.862,18.968,18.346,18.703,57243,0
2017-09-20,18.643,19.07,17.999,18.068,52593,0
2017-09-21,18.048,18.792,17.513,18.663,98450,0
2017-09-22,18.415,18.663,18.068,18.108,47673,0
2017-09-25,17.969,18.407,17.255,17.285,32208,0
2017-09-26,17.344,18.237,17.344,18.009,37173,0
2017-09-27,18.029,18.475,18.029,18.435,6757,0
2017-09-28,18.423,18.423,18.177,18.187,12612,0
2017-09-29,18.197,18.356,17.919,18.276,33764,0
2017-10-02,18.267,18.475,17.897,18.029,45039,0
2017-10-03,18.138,18.425,17.85,18.088,31183,0
2017-10-04,18.138,18.296,17.775,17.939,20387,0
2017-10-05,17.949,18.306,17.553,17.761,35444,0
2017-10-06,17.83,18.356,17.786,18.167,32464,0
2017-10-09,18.058,18.267,17.706,18.177,7515,0
2017-10-10,18.177,18.465,17.691,17.741,26015,0
2017-10-11,17.88,18.197,17.751,17.8,17475,0
2017-10-12,17.76,18.177,17.602,17.672,14127,0
2017-10-13,17.602,17.89,16.858,17.225,31468,0
2017-10-16,17.106,17.354,16.868,17.007,17905,0
2017-10-17,17.007,17.275,16.868,16.888,14248,0
2017-10-18,16.898,17.057,16.749,16.749,18823,0
2017-10-19,16.878,16.958,16.453,16.7,8351,0
2017-10-20,16.66,16.66,16.372,16.606,10906,0
2017-10-23,16.62,17.126,16.511,16.511,6437,0
2017-10-24,16.482,16.567,16.154,16.491,13267,0
2017-10-25,16.501,17.096,15.857,17.086,6452,0
2017-10-26,16.868,16.868,16.363,16.581,25371,0
2017-10-27,16.699,17.578,16.63,17.572,17292,0
2017-10-30,17.533,17.582,17.007,17.215,11817,0
2017-10-31,17.225,17.592,16.985,17.354,13318,0
2017-11-01,17.215,17.711,17.215,17.602,12653,0
2017-11-02,17.513,18.148,17.16,17.85,23285,0
2017-11-03,18.01,18.29,18.01,18.02,16267,0
2017-11-06,18.22,18.27,17.66,18.05,18527,0
2017-11-07,18.06,18.14,17.89,18.14,19418,0
2017-11-08,18.05,18.0653,17.78,17.81,13244,0
2017-11-09,17.96,18.24,17.9,18.2,18144,0
2017-11-10,18.07,18.21,17.81,18.07,11018,0
