2016-01-04,29.048,29.048,28.451,28.621,1017720,0
2016-01-05,28.753,29.03,28.232,29,609191,0
2016-01-06,28.831,29.172,28.688,29.115,548378,0
2016-01-07,28.783,29.229,28.753,29.172,847263,0
2016-01-08,29.219,29.541,29.134,29.209,976439,0
2016-01-11,29.276,29.495,29.105,29.343,652794,0
2016-01-12,29.447,29.447,28.499,28.869,886240,0
2016-01-13,28.878,29.058,28.383,28.508,892930,0
2016-01-14,28.516,29.257,28.347,29.086,911722,0
2016-01-15,28.668,28.983,28.176,28.65,790531,0
2016-01-19,28.753,29.229,28.688,28.983,864151,0
2016-01-20,28.888,29.071,27.816,28.546,1026796,0
2016-01-21,28.555,28.684,27.924,28.048,911921,0
2016-01-22,28.125,28.808,27.992,28.785,606966,0
2016-01-25,28.775,28.861,28.283,28.326,461208,0
2016-01-26,28.479,29.004,28.467,28.718,395190,0
2016-01-27,28.584,29.09,28.497,28.804,444823,0
2016-01-28,28.861,29.54,28.737,29.416,478643,0
2016-01-29,29.635,30.017,29.583,30.017,851328,0
2016-02-01,29.98,30.573,29.854,30.16,1129019,0
2016-02-02,30.151,30.534,30.007,30.381,742858,0
2016-02-03,30.504,30.876,30.304,30.543,925918,0
2016-02-04,30.494,30.609,29.951,30.381,900050,0
2016-02-05,30.218,31.011,29.883,30.716,1039337,0
2016-02-08,30.696,31.049,30.456,30.802,1044892,0
2016-02-09,30.667,31.068,30.494,30.868,1751339,0
2016-02-10,30.725,30.935,29.912,30.734,1095873,0
2016-02-11,30.752,30.792,30.188,30.494,759165,0
2016-02-12,30.391,30.752,30.022,30.304,743912,0
2016-02-16,30.448,30.563,30.218,30.448,454160,0
2016-02-17,30.485,30.504,30.017,30.151,1029757,0
2016-02-18,30.218,30.997,30.075,30.925,699621,0
2016-02-19,30.876,31.093,30.677,30.812,593350,0
2016-02-22,30.915,31.211,30.686,31.182,481092,0
2016-02-23,31.029,31.393,30.868,31.231,378788,0
2016-02-24,31.182,31.585,31.182,31.47,583290,0
2016-02-25,31.423,31.862,31.384,31.786,387935,0
2016-02-26,31.147,31.48,30.285,30.41,614917,0
2016-02-29,30.876,30.915,30.313,30.504,721704,0
2016-03-01,30.667,30.839,30.356,30.639,638907,0
2016-03-02,30.494,30.672,29.912,30.648,592836,0
2016-03-03,30.677,31.007,30.341,30.993,767529,0
2016-03-04,30.782,31.518,30.667,31.432,661796,0
2016-03-07,31.326,31.717,31.231,31.546,479150,0
2016-03-08,31.594,32.052,31.442,31.833,923271,0
2016-03-09,31.815,32.177,31.685,31.986,695955,0
2016-03-10,31.986,32.167,31.241,31.823,608641,0
2016-03-11,31.948,32.082,31.643,31.737,442399,0
2016-03-14,31.756,31.87,31.526,31.766,659572,0
2016-03-15,31.643,32.044,31.594,31.89,708104,0
2016-03-16,31.88,32.177,31.432,31.995,512276,0
2016-03-17,32.044,32.311,31.87,32.254,607416,0
2016-03-18,32.254,32.254,31.815,31.995,1139191,0
2016-03-21,31.986,32.024,31.546,31.87,474234,0
2016-03-22,31.87,32.024,31.575,31.653,715802,0
2016-03-23,31.653,32.014,31.432,31.786,398157,0
2016-03-24,31.403,31.919,31.403,31.823,731043,0
2016-03-28,31.852,32.044,31.623,31.815,576244,0
2016-03-29,31.806,32.369,31.742,32.359,535952,0
2016-03-30,32.444,32.56,32.101,32.216,321902,0
2016-03-31,32.263,32.369,32.077,32.225,464875,0
2016-04-01,32.082,32.426,31.87,32.273,395150,0
2016-04-04,32.359,32.388,31.89,32.072,444473,0
2016-04-05,31.986,32.072,31.221,31.231,597014,0
2016-04-06,31.172,31.289,30.987,31.172,413232,0
2016-04-07,31.067,31.433,31.005,31.221,684385,0
2016-04-08,31.385,31.721,31.332,31.548,686217,0
2016-04-11,31.558,31.77,31.221,31.289,368267,0
2016-04-12,31.27,31.548,31.211,31.385,399245,0
2016-04-13,31.491,31.538,30.869,31.126,515051,0
2016-04-14,31.067,31.26,30.884,31.087,554818,0
2016-04-15,31.106,31.365,30.953,31.299,409006,0
2016-04-18,31.155,31.453,30.769,31.433,330459,0
2016-04-19,31.433,31.515,31.018,31.25,411292,0
2016-04-20,31.27,31.27,30.48,30.539,532399,0
2016-04-21,30.414,30.414,29.461,29.471,791398,0
2016-04-22,29.566,29.74,29.499,29.682,630400,0
2016-04-25,29.586,29.798,29.547,29.788,460568,0
2016-04-26,29.769,29.981,29.644,29.74,479587,0
2016-04-27,29.808,30.326,29.691,30.201,517000,0
2016-04-28,29.923,30.265,29.74,30.172,658991,0
2016-04-29,29.818,30.519,29.72,30.48,839129,0
2016-05-02,30.529,31.275,30.395,31.057,856938,0
2016-05-03,31.087,31.25,30.933,31.172,560043,0
2016-05-04,31.057,31.856,31.038,31.636,692899,0
2016-05-05,31.606,32,31.289,31.433,534916,0
2016-05-06,31.346,31.524,30.894,31.424,610917,0
2016-05-09,31.453,31.751,31.327,31.616,430459,0
2016-05-10,31.78,31.837,31.538,31.665,349022,0
2016-05-11,31.731,31.914,31.52,31.809,482337,0
2016-05-12,31.731,32.222,31.636,32.01,520855,0
2016-05-13,31.953,32.068,31.626,31.76,465206,0
2016-05-16,31.693,31.848,31.462,31.693,421030,0
2016-05-17,31.52,31.636,30.673,30.846,563891,0
2016-05-18,30.673,31.116,30.148,30.27,672020,0
2016-05-19,30.097,30.774,30.018,30.721,537379,0
2016-05-20,30.789,30.789,30.424,30.692,705568,0
2016-05-23,30.712,30.759,30.375,30.385,407392,0
2016-05-24,30.395,31.866,30.395,31.018,606674,0
2016-05-25,30.809,30.996,30.558,30.663,374379,0
2016-05-26,30.635,31.072,30.62,31.028,264189,0
2016-05-27,31.048,31.241,31,31.202,272677,0
2016-05-31,31.211,31.646,31.009,31.597,654798,0
2016-06-01,31.587,31.856,31.553,31.751,347892,0
2016-06-02,31.636,31.981,31.548,31.981,567606,0
2016-06-03,32.319,32.673,32.289,32.568,412255,0
2016-06-06,32.559,32.733,32.386,32.568,390359,0
2016-06-07,32.559,32.693,32.473,32.51,287585,0
2016-06-08,32.491,33.001,32.381,32.972,801428,0
2016-06-09,32.925,33.339,32.916,33.261,326564,0
2016-06-10,33.251,33.502,33.106,33.136,586678,0
2016-06-13,33.155,33.519,32.933,32.991,445378,0
2016-06-14,32.991,33.185,32.781,33.126,441594,0
2016-06-15,33.155,33.175,32.617,32.703,498692,0
2016-06-16,32.664,32.867,32.52,32.627,886389,0
2016-06-17,32.483,32.544,32.164,32.395,1671578,0
2016-06-20,32.473,32.597,32.058,32.347,513281,0
2016-06-21,32.395,32.588,32.117,32.424,415868,0
2016-06-22,32.424,32.491,32.083,32.097,395477,0
2016-06-23,32.26,32.357,32.097,32.357,566953,0
2016-06-24,31.924,32.713,31.924,32.453,854765,0
2016-06-27,32.434,33.011,32.299,32.887,566775,0
2016-06-28,32.952,33.096,32.501,32.925,659288,0
2016-06-29,33.146,33.28,32.982,33.106,459213,0
2016-06-30,33.195,34.118,33.126,34.099,825183,0
2016-07-01,34.253,34.387,33.539,33.907,526524,0
2016-07-05,34.001,34.551,33.867,34.541,780221,0
2016-07-06,34.56,34.781,34.272,34.685,694291,0
2016-07-07,34.656,34.656,33.827,33.837,637113,0
2016-07-08,33.723,33.968,33.484,33.945,693584,0
2016-07-11,33.837,33.837,33.349,33.773,878451,0
2016-07-12,33.539,33.698,33.2,33.223,875256,0
2016-07-13,33.519,33.609,33.366,33.385,632355,0
2016-07-14,33.126,33.395,32.809,32.837,655519,0
2016-07-15,32.925,33.126,32.837,32.962,635837,0
2016-07-18,32.962,33.096,32.742,32.781,447277,0
2016-07-19,32.857,32.867,32.693,32.818,351326,0
2016-07-20,32.781,32.867,32.491,32.501,314309,0
2016-07-21,32.501,32.733,32.338,32.713,446050,0
2016-07-22,32.636,33.195,32.636,33.096,286833,0
2016-07-25,33.078,33.155,32.799,33.07,320384,0
2016-07-26,33.146,33.223,32.79,33.031,503257,0
2016-07-27,32.867,32.991,32.376,32.597,632627,0
2016-07-28,32.568,32.79,32.546,32.713,453922,0
2016-07-29,32.693,33.131,32.636,33.06,587169,0
2016-08-01,32.933,33.2,32.827,33.165,406118,0
2016-08-02,33.031,33.07,32.627,32.799,383612,0
2016-08-03,32.771,32.79,32.214,32.414,518694,0
2016-08-04,32.473,32.657,32.367,32.404,452523,0
2016-08-05,32.143,32.308,31.542,31.601,783868,0
2016-08-08,30.953,32.124,30.953,31.852,1155444,0
2016-08-09,31.766,32.409,31.766,32.133,806447,0
2016-08-10,32.23,32.367,32.086,32.347,455587,0
2016-08-11,32.327,32.473,32.182,32.395,514923,0
2016-08-12,32.598,32.763,32.54,32.589,348053,0
2016-08-15,32.579,32.628,31.726,31.726,731951,0
2016-08-16,31.641,31.641,30.992,31.137,712543,0
2016-08-17,31.029,31.621,30.652,31.601,701341,0
2016-08-18,31.523,32.327,31.495,32.318,571542,0
2016-08-19,32.25,32.288,31.746,31.95,562418,0
2016-08-22,32.017,32.298,31.941,32.212,244486,0
2016-08-23,32.337,32.453,32.056,32.066,389386,0
2016-08-24,32.046,32.056,31.736,31.891,717600,0
2016-08-25,31.979,32.086,31.656,31.796,703477,0
2016-08-26,31.823,32.027,30.778,30.884,619912,0
2016-08-29,30.943,31.223,30.865,31.194,449011,0
2016-08-30,31.107,31.282,30.652,30.69,286820,0
2016-08-31,30.72,30.818,30.565,30.788,355501,0
2016-09-01,30.748,30.869,30.477,30.565,392444,0
2016-09-02,30.585,31.117,30.585,31.088,441332,0
2016-09-06,31.233,31.495,31.156,31.397,351203,0
2016-09-07,31.368,31.766,31.194,31.523,504018,0
2016-09-08,31.446,31.706,31.436,31.688,247838,0
2016-09-09,31.358,31.387,30.487,30.496,563219,0
2016-09-12,30.341,30.943,30.322,30.913,481928,0
2016-09-13,30.825,30.845,30.284,30.526,566818,0
2016-09-14,30.71,30.884,30.236,30.322,431901,0
2016-09-15,30.322,30.943,30.216,30.913,566176,0
2016-09-16,30.884,31.436,30.565,31.407,840320,0
2016-09-19,31.486,31.97,31.466,31.97,426034,0
2016-09-20,32.483,32.816,32.24,32.443,743210,0
2016-09-21,32.483,33.16,32.404,33.131,435071,0
2016-09-22,33.325,33.692,33.141,33.616,604074,0
2016-09-23,33.471,33.79,33.335,33.422,467144,0
2016-09-26,33.422,33.732,33.247,33.471,304398,0
2016-09-27,33.567,33.809,32.865,32.909,389104,0
2016-09-28,33.025,33.064,32.492,32.628,609055,0
2016-09-29,32.502,32.569,31.833,32.192,687983,0
2016-09-30,31.911,32.357,31.476,31.688,849728,0
2016-10-03,31.532,31.571,30.963,31.262,674711,0
2016-10-04,31.842,31.842,30.294,30.603,647225,0
2016-10-05,30.652,30.943,30.444,30.458,573728,0
2016-10-06,30.206,30.506,30.002,30.439,537473,0
2016-10-07,30.671,30.903,30.167,30.176,569258,0
2016-10-10,30.265,30.748,30.18,30.72,650712,0
2016-10-11,30.681,30.681,30.041,30.246,376614,0
2016-10-12,30.284,30.633,30.284,30.555,295462,0
2016-10-13,30.585,31.291,30.555,30.982,445833,0
2016-10-14,30.835,31.147,30.7,30.808,284577,0
2016-10-17,30.894,31.16,30.894,31.088,219277,0
2016-10-18,31.233,31.476,30.869,31.282,318572,0
2016-10-19,31.184,31.476,30.992,31.426,374204,0
2016-10-20,31.476,31.523,31.184,31.184,417062,0
2016-10-21,30.943,31.208,30.748,30.894,517244,0
2016-10-24,31.184,31.233,30.603,30.943,503849,0
2016-10-25,30.894,30.992,30.603,30.894,887652,0
2016-10-26,30.845,30.918,30.458,30.894,795489,0
2016-10-27,30.817,31.059,30.621,30.913,958798,0
2016-10-28,31.596,31.938,30.77,31.158,1138031,0
2016-10-31,31.304,32.425,31.109,32.035,1173209,0
2016-11-01,31.986,32.132,31.352,31.596,664855,0
2016-11-02,31.547,31.646,30.963,31.158,572983,0
2016-11-03,31.01,31.499,30.913,31.255,316642,0
2016-11-04,31.255,31.742,31.109,31.109,477783,0
2016-11-07,31.45,31.938,30.913,31.938,657750,0
2016-11-08,32.035,32.62,31.979,32.377,569755,0
2016-11-09,31.694,32.035,31.304,31.596,695669,0
2016-11-10,31.499,31.596,30.181,31.059,761777,0
2016-11-11,31.109,31.694,31.059,31.45,1259518,0
2016-11-14,31.352,31.499,30.573,30.817,1313463,0
2016-11-15,30.865,31.547,30.767,31.547,531023,0
2016-11-16,31.646,31.888,30.913,31.352,703647,0
2016-11-17,31.255,31.596,31.255,31.45,439267,0
2016-11-18,31.401,31.742,31.255,31.401,560762,0
2016-11-21,31.547,31.792,31.352,31.596,616025,0
2016-11-22,31.646,31.888,31.45,31.742,534632,0
2016-11-23,31.352,31.888,31.352,31.646,498868,0
2016-11-25,31.792,32.181,31.792,32.132,247232,0
2016-11-28,32.327,32.62,32.23,32.474,667548,0
2016-11-29,32.425,32.62,32.109,32.279,739701,0
2016-11-30,31.792,31.84,30.767,30.817,787052,0
2016-12-01,30.621,30.767,30.231,30.474,760922,0
2016-12-02,30.427,31.01,30.327,30.669,874952,0
2016-12-05,30.669,30.865,30.281,30.817,513828,0
2016-12-06,30.767,31.01,30.377,30.817,684580,0
2016-12-07,31.059,31.44,30.865,31.255,778631,0
2016-12-08,31.01,31.792,30.767,31.792,654298,0
2016-12-09,31.742,32.327,31.694,32.181,808637,0
2016-12-12,32.035,32.547,32.035,32.377,694743,0
2016-12-13,32.815,33.01,32.377,32.523,887645,0
2016-12-14,32.766,33.01,31.646,31.742,929519,0
2016-12-15,31.742,32.181,31.45,31.986,847037,0
2016-12-16,32.23,32.913,32.181,32.718,1176152,0
2016-12-19,32.864,33.107,32.669,33.01,473616,0
2016-12-20,32.864,33.107,32.669,32.766,714908,0
2016-12-21,32.766,33.206,32.766,32.913,591947,0
2016-12-22,32.864,33.303,32.815,33.254,513566,0
2016-12-23,33.254,33.362,33.107,33.206,232502,0
2016-12-27,33.206,33.498,33.01,33.4,280383,0
2016-12-28,33.449,33.449,32.864,32.961,384854,0
2016-12-29,33.01,33.498,32.961,33.4,222796,0
2016-12-30,33.352,33.668,33.254,33.449,668533,0
2017-01-03,33.498,33.498,33.059,33.147,686466,0
2017-01-04,33.254,33.692,33.254,33.546,721785,0
2017-01-05,33.107,33.644,32.913,33.352,724186,0
2017-01-06,33.254,33.767,33.206,33.596,483406,0
2017-01-09,33.644,33.692,33.01,33.206,759170,0
2017-01-10,33.107,33.498,32.815,33.498,843708,0
2017-01-11,33.449,33.888,33.352,33.79,562297,0
2017-01-12,33.742,33.888,33.254,33.546,426633,0
2017-01-13,33.498,33.742,33.156,33.4,481077,0
2017-01-17,33.546,33.838,33.4,33.644,408612,0
2017-01-18,33.546,33.838,33.425,33.644,454033,0
2017-01-19,33.588,33.685,32.802,32.851,686162,0
2017-01-20,32.949,33.391,32.949,33.293,594797,0
2017-01-23,33.244,33.489,32.9,33.048,256142,0
2017-01-24,32.998,33.244,32.851,32.998,453038,0
2017-01-25,33.048,33.048,32.777,32.9,334239,0
2017-01-26,32.802,33.096,32.752,32.998,365738,0
2017-01-27,33.096,33.441,32.9,33.244,839581,0
2017-01-30,33.293,33.342,32.851,32.998,540745,0
2017-01-31,32.949,33.882,32.949,33.785,897551,0
2017-02-01,33.538,33.832,33.141,33.441,530174,0
2017-02-02,33.588,34.129,33.391,34.129,610848,0
2017-02-03,34.226,34.423,33.98,34.423,713456,0
2017-02-06,34.373,34.57,34.129,34.276,651779,0
2017-02-07,34.373,34.545,34.226,34.423,589082,0
2017-02-08,34.52,34.963,34.276,34.52,712009,0
2017-02-09,34.423,34.667,34.029,34.129,591044,0
2017-02-10,34.079,34.472,34.079,34.373,535328,0
2017-02-13,34.423,34.57,34.226,34.373,374934,0
2017-02-14,34.276,34.373,33.932,34.276,319363,0
2017-02-15,33.932,34.079,33.685,33.98,477031,0
2017-02-16,33.98,34.52,33.98,34.52,511275,0
2017-02-17,34.619,34.717,34.276,34.472,567223,0
2017-02-21,34.52,34.766,34.323,34.717,673559,0
2017-02-22,34.619,34.717,34.276,34.472,626096,0
2017-02-23,34.52,34.864,34.373,34.667,684377,0
2017-02-24,34.766,35.06,34.619,35.012,540432,0
2017-02-27,34.766,35.404,34.57,35.404,740912,0
2017-02-28,35.208,35.945,35.06,35.65,901866,0
2017-03-01,35.159,35.798,35.012,35.601,993496,0
2017-03-02,35.503,36.092,35.404,35.65,507698,0
2017-03-03,35.503,35.798,35.356,35.65,824442,0
2017-03-06,35.601,35.993,35.454,35.846,543699,0
2017-03-07,35.846,35.993,35.699,35.748,492919,0
2017-03-08,35.356,35.601,35.159,35.208,615285,0
2017-03-09,35.307,35.551,35.11,35.11,444220,0
2017-03-10,35.159,35.551,35.11,35.454,446796,0
2017-03-13,35.454,35.748,35.356,35.601,311015,0
2017-03-14,35.601,35.798,35.404,35.551,370343,0
2017-03-15,35.551,36.337,35.551,36.043,696378,0
2017-03-16,35.993,35.993,35.454,35.65,470762,0
2017-03-17,35.895,36.804,35.65,36.632,1422142,0
2017-03-20,36.584,36.779,36.043,36.092,553762,0
2017-03-21,36.239,36.878,36.043,36.584,546728,0
2017-03-22,36.779,37.123,36.534,36.632,369650,0
2017-03-23,36.584,37.123,36.534,36.632,377414,0
2017-03-24,36.681,37.123,36.632,36.927,284066,0
2017-03-27,36.927,37.221,36.681,36.878,293387,0
2017-03-28,36.779,37.025,36.584,36.878,400347,0
2017-03-29,36.731,36.927,36.337,36.484,638874,0
2017-03-30,36.436,36.436,35.993,36.337,401670,0
2017-03-31,36.239,36.632,36.141,36.337,588726,0
2017-04-03,36.289,36.436,36.043,36.436,888105,0
2017-04-04,36.289,36.779,36.289,36.632,504907,0
2017-04-05,36.632,36.927,36.387,36.878,681239,0
2017-04-06,36.731,37.172,36.484,37.074,933019,0
2017-04-07,37.123,37.319,36.779,36.878,735955,0
2017-04-10,36.779,37.074,36.681,36.975,594570,0
2017-04-11,36.878,37.172,36.828,37.074,513046,0
2017-04-12,37.025,37.516,36.828,37.418,442107,0
2017-04-13,37.467,37.467,36.731,36.731,773029,0
2017-04-17,36.681,37.319,36.681,37.319,378212,0
2017-04-18,37.368,37.467,37.074,37.368,388633,0
2017-04-19,37.221,37.271,36.731,36.828,651943,0
2017-04-20,36.878,37.025,36.484,36.878,560959,0
2017-04-21,36.632,37.221,36.632,37.074,800216,0
2017-04-24,37.074,37.516,36.975,37.368,520713,0
2017-04-25,37.271,37.467,37.197,37.319,445612,0
2017-04-26,37.271,37.615,37.123,37.368,445053,0
2017-04-27,37.46,37.609,37.213,37.311,608421,0
2017-04-28,36.966,37.941,36.768,36.817,619325,0
2017-05-01,36.867,37.015,36.249,36.571,892317,0
2017-05-02,36.62,36.867,36.249,36.422,957538,0
2017-05-03,36.422,36.472,36.076,36.373,731729,0
2017-05-04,36.323,36.496,36.076,36.472,535177,0
2017-05-05,36.571,37.263,36.571,37.213,945067,0
2017-05-08,37.114,37.311,36.62,37.015,649286,0
2017-05-09,36.966,37.015,36.126,36.323,954247,0
2017-05-10,36.323,36.521,36.126,36.323,592164,0
2017-05-11,36.225,36.373,36.027,36.373,429428,0
2017-05-12,36.373,36.668,36.323,36.521,355514,0
2017-05-15,36.521,36.669,36.274,36.422,665563,0
2017-05-16,36.521,36.62,36.225,36.274,646346,0
2017-05-17,36.274,36.373,36.027,36.076,616644,0
2017-05-18,36.076,36.422,35.805,36.027,829539,0
2017-05-19,36.126,36.126,35.632,35.879,799444,0
2017-05-22,35.879,36.323,35.582,36.323,589230,0
2017-05-23,36.966,37.065,36.966,36.966,707384,0
2017-05-24,37.114,37.336,36.867,37.114,486595,0
2017-05-25,37.163,37.46,36.917,37.311,547161,0
2017-05-26,37.311,37.509,37.213,37.263,299587,0
2017-05-30,37.263,37.657,37.163,37.609,608614,0
2017-05-31,37.657,38.053,37.509,38.053,553766,0
2017-06-01,38.053,38.349,37.657,38.301,606029,0
2017-06-02,38.597,39.091,38.201,38.893,590049,0
2017-06-05,38.893,38.992,38.301,38.449,593923,0
2017-06-06,38.399,38.597,38.201,38.399,550264,0
2017-06-07,38.498,39.041,38.399,38.943,569953,0
2017-06-08,38.943,38.943,38.449,38.695,694718,0
2017-06-09,38.695,38.943,38.449,38.844,559916,0
2017-06-12,38.943,39.041,38.251,38.695,562666,0
2017-06-13,38.597,38.795,38.399,38.745,428550,0
2017-06-14,38.992,39.19,38.646,38.943,474121,0
2017-06-15,38.695,39.041,38.695,38.943,499649,0
2017-06-16,38.597,39.486,38.409,39.387,1310374,0
2017-06-19,39.387,39.536,39.19,39.486,681312,0
2017-06-20,39.486,39.634,39.338,39.536,428131,0
2017-06-21,39.437,39.585,39.239,39.338,597197,0
2017-06-22,39.289,39.486,39.202,39.338,546578,0
2017-06-23,39.19,39.387,38.992,38.992,797537,0
2017-06-26,39.19,39.387,38.943,39.091,394316,0
2017-06-27,38.943,39.19,38.695,38.795,517368,0
2017-06-28,38.893,38.943,38.695,38.844,965761,0
2017-06-29,38.646,38.844,37.855,38.053,618942,0
2017-06-30,37.955,38.152,37.682,37.806,605836,0
2017-07-03,37.955,37.955,37.361,37.411,216934,0
2017-07-05,37.361,37.509,36.867,37.114,513582,0
2017-07-06,36.917,37.163,36.793,36.966,541670,0
2017-07-07,36.917,37.361,36.867,37.163,306761,0
2017-07-10,37.213,37.411,36.966,37.015,819447,0
2017-07-11,37.065,37.311,36.817,37.263,444135,0
2017-07-12,37.509,37.559,37.213,37.361,409473,0
2017-07-13,37.361,37.411,36.817,36.917,542760,0
2017-07-14,37.213,37.411,36.966,36.966,367063,0
2017-07-17,36.917,37.114,36.817,36.966,456987,0
2017-07-18,36.917,37.263,36.917,37.114,683664,0
2017-07-19,37.311,37.609,37.238,37.361,504612,0
2017-07-20,37.46,38.276,37.46,38.053,404236,0
2017-07-21,38.498,38.795,38.152,38.745,417961,0
2017-07-24,38.695,38.844,38.301,38.399,303626,0
2017-07-25,38.349,38.547,38.288,38.301,585948,0
2017-07-26,38.201,38.795,38.152,38.646,461611,0
2017-07-27,38.646,39.14,38.547,38.992,734402,0
2017-07-28,38.745,39.14,38.498,38.795,635689,0
2017-07-31,38.893,39.437,38.597,39.387,699955,0
2017-08-01,39.387,39.98,39.387,39.931,570478,0
2017-08-02,39.832,40.228,39.684,39.882,643105,0
2017-08-03,39.872,40.767,39.772,40.717,571958,0
2017-08-04,40.518,41.065,40.518,40.965,540136,0
2017-08-07,40.965,41.413,40.767,41.363,436765,0
2017-08-08,41.214,41.96,41.164,41.582,610118,0
2017-08-09,41.512,41.512,40.965,41.164,475004,0
2017-08-10,41.115,41.388,40.717,41.164,651048,0
2017-08-11,40.965,41.164,40.667,40.965,341565,0
2017-08-14,41.115,41.388,41.065,41.264,372224,0
2017-08-15,41.065,41.512,41.065,41.413,470674,0
2017-08-16,41.562,41.761,41.264,41.761,363518,0
2017-08-17,41.612,41.91,41.413,41.463,468603,0
2017-08-18,40.518,41.612,40.021,41.264,745771,0
2017-08-21,41.264,41.661,41.115,41.562,286830,0
2017-08-22,41.612,42.407,41.388,42.308,656814,0
2017-08-23,42.109,42.357,41.811,42.258,520854,0
2017-08-24,42.258,42.258,41.811,42.159,491315,0
2017-08-25,42.208,42.606,42.059,42.556,369221,0
2017-08-28,42.556,42.705,42.208,42.407,394694,0
2017-08-29,42.457,42.606,42.109,42.258,385778,0
2017-08-30,42.109,42.258,41.96,42.059,331698,0
2017-08-31,42.059,42.333,41.86,42.159,666261,0
2017-09-01,42.308,42.457,42.009,42.308,315539,0
2017-09-05,42.308,42.457,42.059,42.159,437539,0
2017-09-06,42.258,42.308,41.96,42.059,346393,0
2017-09-07,42.059,42.357,41.96,42.308,305008,0
2017-09-08,42.258,42.457,42.084,42.308,910376,0
2017-09-11,42.357,42.805,42.109,42.705,1281624,0
2017-09-12,42.556,42.556,41.612,41.761,402736,0
2017-09-13,41.661,41.711,41.413,41.562,419661,0
2017-09-14,41.562,42.084,41.363,42.059,275024,0
2017-09-15,42.159,42.308,41.811,42.258,738440,0
2017-09-18,41.86,42.009,41.214,41.343,684876,0
2017-09-19,41.413,41.711,41.313,41.463,560823,0
2017-09-20,41.562,41.91,41.338,41.363,731785,0
2017-09-21,41.413,41.711,41.264,41.363,332774,0
2017-09-22,41.413,41.463,40.965,41.065,456197,0
2017-09-25,40.916,41.512,40.767,41.413,365838,0
2017-09-26,40.667,41.363,40.12,40.965,561190,0
2017-09-27,40.717,41.04,40.593,40.965,636144,0
2017-09-28,40.816,40.866,40.468,40.767,828052,0
2017-09-29,40.816,40.916,40.071,40.071,780081,0
2017-10-02,40.319,40.717,40.22,40.568,656479,0
2017-10-03,40.717,40.767,39.822,39.971,977211,0
2017-10-04,40.071,40.667,39.921,40.419,822855,0
2017-10-05,40.468,40.617,39.921,40.518,822030,0
2017-10-06,40.369,40.717,40.22,40.468,879462,0
2017-10-09,40.369,40.419,40.12,40.22,562420,0
2017-10-10,40.419,40.965,40.22,40.568,1056217,0
2017-10-11,40.518,41.214,40.518,41.065,518496,0
2017-10-12,41.164,41.413,40.916,41.115,551910,0
2017-10-13,41.164,41.661,41.015,41.115,479617,0
2017-10-16,41.164,41.313,40.568,40.717,573442,0
2017-10-17,40.617,41.313,40.617,41.115,628216,0
2017-10-18,41.115,41.438,40.965,41.313,360608,0
2017-10-19,41.313,41.736,41.313,41.661,378566,0
2017-10-20,41.711,42.109,41.612,41.91,874730,0
2017-10-23,42.009,42.109,41.736,41.96,536814,0
2017-10-24,41.562,42.208,41.562,42.009,886515,0
2017-10-25,41.91,42.382,41.512,42.059,654212,0
2017-10-26,42.208,42.482,41.811,41.91,822247,0
2017-10-27,41.3,43.4,41.2,43.25,963921,0
2017-10-30,43.3,43.375,42.6,42.9,1270520,0
2017-10-31,43.05,43.8,43.05,43.4,1422252,0
2017-11-01,43.7,43.7,42.45,42.5,1030270,0
2017-11-02,42.45,42.925,42.25,42.75,1316531,0
2017-11-03,42.6,42.75,42.2,42.4,756090,0
2017-11-06,42.5,42.9,42.2,42.4,620553,0
2017-11-07,42.5,43.475,42.35,43.3,576080,0
2017-11-08,43.05,43.45,42.9,43.4,434763,0
2017-11-09,43.3,43.7,43.15,43.5,451829,0
2017-11-10,43.5,43.625,43.15,43.4,415747,0
