2016-01-04,66.92,67.32,61.601,62.22,361213,0
2016-01-05,62.46,64.43,58.34,58.99,322547,0
2016-01-06,56.86,56.86,52.72,54.61,569461,0
2016-01-07,53,57.31,52.39,56.26,1608654,0
2016-01-08,56.26,56.98,52.875,53.87,557908,0
2016-01-11,54.35,54.97,47.62,48.43,672089,0
2016-01-12,49.28,53.98,48.58,51.56,843285,0
2016-01-13,51.78,52.33,45.97,46.12,516401,0
2016-01-14,46.12,47.5517,42.2601,46.51,782962,0
2016-01-15,45.01,46.35,43.39,45.82,662494,0
2016-01-19,46.53,46.89,41.62,43.35,961400,0
2016-01-20,42.42,44.63,39.37,43.09,550618,0
2016-01-21,43.96,43.96,40,40.1,453169,0
2016-01-22,41.19,42.15,39.74,41.57,492309,0
2016-01-25,40.91,43.0754,40.245,40.98,382507,0
2016-01-26,41.33,41.5,37.5,38.51,958313,0
2016-01-27,38.38,40,37.085,37.66,1036023,0
2016-01-28,38.17,38.79,35.48,37.07,498213,0
2016-01-29,36.82,39.35,36.45,38.95,838281,0
2016-02-01,38.76,39.96,37.25,39.45,543297,0
2016-02-02,38.64,38.7,35.2803,37.14,535702,0
2016-02-03,37.52,38.16,35.01,36.75,786086,0
2016-02-04,36.58,39.07,35.64,36.77,427395,0
2016-02-05,36.71,38.2,33.7,34.27,1270141,0
2016-02-08,33.89,34.92,31.54,31.71,945817,0
2016-02-09,30.15,32.6,28.2,30.94,438673,0
2016-02-10,31.23,34.36,29.86,31.97,692296,0
2016-02-11,31.21,31.71,29.34,30.12,479356,0
2016-02-12,31.02,31.95,29.49,31.51,528740,0
2016-02-16,32.1,33.14,30.5,31.96,361090,0
2016-02-17,32.29,34.95,31.53,34.25,547137,0
2016-02-18,34.22,34.83,30.82,31.89,808598,0
2016-02-19,29.86,35.25,28.29,34.72,1208497,0
2016-02-22,35.18,35.8,34.35,34.91,383825,0
2016-02-23,34.65,35.16,32.68,32.81,403555,0
2016-02-24,32.04,34.7,31.5,34.61,421055,0
2016-02-25,34.43,36.5,33.16,33.64,653864,0
2016-02-26,34.07,35.16,31.73,34.76,614051,0
2016-02-29,34.62,35.16,31.67,31.84,504146,0
2016-03-01,32.24,34.49,30.37,34.44,596950,0
2016-03-02,34.2,36.63,34.14,35.9,608948,0
2016-03-03,35.78,36.24,34.1,36,476955,0
2016-03-04,36,36.73,34.12,36.06,382928,0
2016-03-07,35.94,39.18,34.57,37.9,438261,0
2016-03-08,37.59,37.68,34.5,34.69,341374,0
2016-03-09,34.81,36.16,33.4,36.04,504413,0
2016-03-10,36.16,37.94,33.03,33.66,438150,0
2016-03-11,34.18,35.15,33.5314,35.01,351213,0
2016-03-14,34.95,37.98,34.11,37.83,464372,0
2016-03-15,37.5,37.5,35.2,35.58,498549,0
2016-03-16,35.3,36.215,34.12,35.2,484240,0
2016-03-17,35.28,35.775,32.69,34.13,597962,0
2016-03-18,34.35,37.69,33.01,37.32,1531819,0
2016-03-21,37.25,42.295,35.8861,40.62,823953,0
2016-03-22,40.34,42.48,40.34,41.16,584171,0
2016-03-23,41.23,42.38,39.43,39.64,668529,0
2016-03-24,39.27,41.6099,38.56,40.31,382595,0
2016-03-28,40.77,41.97,39.3401,40.46,370822,0
2016-03-29,39.96,42.34,39,42.21,385340,0
2016-03-30,42.89,44.43,39.74,40.27,369703,0
2016-03-31,40.67,42.45,40.36,41.16,516225,0
2016-04-01,40.83,43.82,40.42,43.08,388331,0
2016-04-04,43.21,45.61,43.21,44.17,290345,0
2016-04-05,43.61,45.92,42.705,43.48,260848,0
2016-04-06,43.97,47.07,43.7501,46.88,375071,0
2016-04-07,46.62,48.48,45.95,46.59,379649,0
2016-04-08,47.31,47.727,44.01,44.71,239671,0
2016-04-11,45.04,45.66,43.61,44.09,323102,0
2016-04-12,44.23,46.1,43.64,45.37,302899,0
2016-04-13,45.59,46.82,44.415,46.67,276387,0
2016-04-14,46.65,47.7899,45.59,47.16,183247,0
2016-04-15,47.1,48.32,46.12,47.33,264822,0
2016-04-18,46.96,47.74,45.59,47.64,291158,0
2016-04-19,47.79,47.79,44.63,45.62,223302,0
2016-04-20,45.85,46.36,43.655,45.07,296746,0
2016-04-21,44.75,47.63,44.12,47.47,253517,0
2016-04-22,47.7,48.73,46.59,48.1,306255,0
2016-04-25,47.84,48.45,46.48,47.09,279721,0
2016-04-26,46.92,47.51,44.33,44.6,276081,0
2016-04-27,44.35,45.49,43.18,44.1,266698,0
2016-04-28,44.02,45.31,42.49,43.09,189249,0
2016-04-29,42.86,43.89,42.135,43.19,361432,0
2016-05-02,43.37,44.3399,42.5,43.87,262348,0
2016-05-03,43.55,43.71,41.15,41.56,286742,0
2016-05-04,40.71,41.42,38.34,38.59,612489,0
2016-05-05,38.89,39.3,36.6,38.76,400099,0
2016-05-06,38.34,39.3553,36.14,38.3399,316718,0
2016-05-09,38.63,40.05,38.22,39.04,292056,0
2016-05-10,39.36,41.49,38.7201,40.74,362397,0
2016-05-11,40.45,41.44,39.215,39.55,360477,0
2016-05-12,39.9,40.225,37.51,38.46,393147,0
2016-05-13,38.7,42.22,38.51,40.68,433734,0
2016-05-16,41.14,44.93,41.14,42.99,531205,0
2016-05-17,42.48,43.31,40.84,41.1,268844,0
2016-05-18,40.88,42.92,40.4401,41.77,266149,0
2016-05-19,41.45,43.18,39.9801,40.73,205490,0
2016-05-20,40.96,42.86,40.3,42.5,372150,0
2016-05-23,43.08,45,42.16,44.19,469986,0
2016-05-24,44.72,46.34,43.73,45.98,247133,0
2016-05-25,46.52,48.09,45.025,47.55,440801,0
2016-05-26,48.03,48.03,43.93,46.06,318614,0
2016-05-27,46.4,47.47,45.745,46.56,257157,0
2016-05-31,47.09,48.71,46.6,48.54,319398,0
2016-06-01,48.66,49.35,47.73,47.89,305581,0
2016-06-02,47.64,51.45,47.41,50.32,583852,0
2016-06-03,49.87,50.31,47.51,48.41,423673,0
2016-06-06,48.64,50.5,47.2111,50.42,255169,0
2016-06-07,50.12,50.12,48.39,48.8,266104,0
2016-06-08,48.79,49.43,47.58,49.01,298961,0
2016-06-09,48.53,49.41,47.37,47.41,278428,0
2016-06-10,47,49.38,46.15,46.52,379930,0
2016-06-13,46.34,47.66,44.39,45.76,367555,0
2016-06-14,45.56,47.138,43.54,44.85,394830,0
2016-06-15,45.35,46.13,43.95,45.44,459093,0
2016-06-16,45.04,45.2567,42.5978,43.84,411054,0
2016-06-17,43.88,44.14,39.72,39.85,611015,0
2016-06-20,40.27,41.53,39.27,40.99,484941,0
2016-06-21,41.35,41.35,37.52,39.2,416157,0
2016-06-22,39.32,39.36,36.52,38.18,788540,0
2016-06-23,38.9,40.72,37.98,40.55,568495,0
2016-06-24,37.3,39.4,35.47,35.48,766003,0
2016-06-27,34.88,35.49,33.53,33.81,431578,0
2016-06-28,34.85,37.19,34.3,36.19,542150,0
2016-06-29,36.71,37.11,35.22,36.73,381957,0
2016-06-30,37,37,34.47,34.96,627972,0
2016-07-01,35.25,38.52,35.04,38.45,394290,0
2016-07-05,38.2,39.92,37.298,39.56,630972,0
2016-07-06,38.82,40.87,38.57,40.55,384718,0
2016-07-07,40.89,41.86,40.68,41.73,286409,0
2016-07-08,41.73,44.28,41.73,44.01,296933,0
2016-07-11,44.36,45.03,43.44,44.37,207784,0
2016-07-12,44.87,48.15,44.79,47.65,639790,0
2016-07-13,48.38,48.54,43.38,43.46,398308,0
2016-07-14,44.66,45.74,43.31,45.64,569562,0
2016-07-15,45.89,50.25,45.74,48.76,665382,0
2016-07-18,48.83,49.96,48.17,49.92,381025,0
2016-07-19,49.88,50.17,48.401,48.74,328893,0
2016-07-20,49.11,53.06,48.61,52.95,577537,0
2016-07-21,52.7,54.709,52.03,53.35,344857,0
2016-07-22,53.74,55.5,53.02,53.17,399807,0
2016-07-25,53.36,53.65,51.24,52.22,212281,0
2016-07-26,51.85,53.46,51.011,51.61,359621,0
2016-07-27,52.1,55.94,51.36,55.46,462556,0
2016-07-28,55.46,56.21,53.6,55.41,275568,0
2016-07-29,54.55,55.39,53.851,55.05,211399,0
2016-08-01,54.76,57.29,54.76,56.66,276261,0
2016-08-02,56.38,56.5441,54,55.61,203041,0
2016-08-03,54.99,58.37,53.02,58.27,364379,0
2016-08-04,58.27,59.75,57.78,58.42,285711,0
2016-08-05,58.18,59.99,57.58,57.98,297614,0
2016-08-08,57.98,58.64,56.01,56.68,244361,0
2016-08-09,56.94,57.49,56.23,57.1,153115,0
2016-08-10,57.07,57.07,54.17,55,206961,0
2016-08-11,55.58,56.89,53.43,56.72,545470,0
2016-08-12,56.87,57.89,56.046,57.79,228261,0
2016-08-15,58.04,59.68,57.62,58.2,176012,0
2016-08-16,57.64,58.67,55.79,55.89,198713,0
2016-08-17,55.91,56.49,54.91,55.51,174108,0
2016-08-18,55.43,55.61,54.45,55.33,181017,0
2016-08-19,55.13,55.62,54.3,54.94,161862,0
2016-08-22,55.47,55.98,53.715,54.34,297111,0
2016-08-23,55,55.43,53.02,54.19,426169,0
2016-08-24,54.25,56.55,48.5,50.02,577035,0
2016-08-25,50.24,51.2025,47.89,49.42,414714,0
2016-08-26,49.53,50.92,49.18,50.03,283807,0
2016-08-29,50.46,52.16,49.64,50.07,251046,0
2016-08-30,49.95,51.08,49.54,50.52,136822,0
2016-08-31,50.47,51.25,49.28,49.98,290066,0
2016-09-01,50.04,52.9265,49.77,52.21,537603,0
2016-09-02,52.43,54,51.54,52.19,242950,0
2016-09-06,52.72,54.99,52.2,54.51,317442,0
2016-09-07,54.79,57,54.02,55.33,355441,0
2016-09-08,54.98,56.66,53.4857,55.35,217959,0
2016-09-09,54.35,55.08,51.86,51.96,438650,0
2016-09-12,51.14,55.04,51.03,54.96,196949,0
2016-09-13,54.25,54.595,52.09,53.2,242204,0
2016-09-14,53.71,54.72,52.86,53.86,336994,0
2016-09-15,54.01,55.85,53.01,55.8,207072,0
2016-09-16,55.39,58.78,54.55,58.43,373144,0
2016-09-19,58.6,62.46,58.42,61.11,445685,0
2016-09-20,62.19,62.91,60.95,61.43,252407,0
2016-09-21,61.64,62.45,59.71,62.07,236064,0
2016-09-22,62.7,63.86,60.36,63.6,239834,0
2016-09-23,62.82,64.5,62.08,62.56,164161,0
2016-09-26,62.07,62.61,61.43,62,237029,0
2016-09-27,61.6,63.11,60.825,63.01,183704,0
2016-09-28,63,63.81,59.87,61.37,193526,0
2016-09-29,61.12,61.81,57.96,58.18,189096,0
2016-09-30,58.4,60.48,57.24,59.97,267048,0
2016-10-03,60.11,61.13,58.03,59.76,241896,0
2016-10-04,59.59,62.2,58.93,61.81,297426,0
2016-10-05,62.23,64.849,61.7801,62.92,434474,0
2016-10-06,60.88,63.31,59.58,61.29,258911,0
2016-10-07,61.51,61.7,60.02,61.02,161620,0
2016-10-10,61.93,63.39,60.99,62.64,221691,0
2016-10-11,61.58,62.45,58.28,58.65,283013,0
2016-10-12,58.75,59.3428,54.34,54.36,292710,0
2016-10-13,53.26,56.2,53.26,54.85,314104,0
2016-10-14,55.64,55.87,52.3,53.55,323491,0
2016-10-17,53.62,53.68,50.92,51.8,410946,0
2016-10-18,53,53.86,52.09,53.69,298770,0
2016-10-19,53.84,54.11,51.41,53.2,190723,0
2016-10-20,53.06,55.375,51.83,55.22,261392,0
2016-10-21,55,55.69,54.09,54.47,133208,0
2016-10-24,54.75,54.75,52.94,53.27,238642,0
2016-10-25,53.19,53.91,52.03,52.43,200425,0
2016-10-26,52.46,53.4,50.46,51.43,320695,0
2016-10-27,52.31,53.0395,50.92,51.29,558247,0
2016-10-28,50.98,53.63,50,51.55,263981,0
2016-10-31,51.71,51.71,47.03,47.82,521110,0
2016-11-01,48.28,48.75,46.63,47.93,385930,0
2016-11-02,47.14,50.54,45.05,45.13,530470,0
2016-11-03,45.51,46.04,40.58,40.72,530759,0
2016-11-04,40.59,44.3899,40.59,43.86,457318,0
2016-11-07,45.47,47.25,43.74,46.85,605969,0
2016-11-08,46.15,48.32,45.5,47.55,336712,0
2016-11-09,50,56.63,49.94,56.1,719387,0
2016-11-10,56.45,60.29,56.2,59.79,924204,0
2016-11-11,59.3,63.9,58.2,63.6,519827,0
2016-11-14,64.39,67.69,62.06,67.64,545682,0
2016-11-15,66.8,67.62,64.7351,66.35,520989,0
2016-11-16,65.65,68.18,64.15,64.36,441932,0
2016-11-17,64,65.67,62.723,64.82,391816,0
2016-11-18,64.99,65.15,63.04,64.56,238739,0
2016-11-21,64.44,65.55,63.61,65.48,269398,0
2016-11-22,65.86,66.16,59.06,59.91,440801,0
2016-11-23,56.74,63.3,55.76,63.24,566559,0
2016-11-25,63.53,64.48,61.63,64.26,155609,0
2016-11-28,63.68,63.68,59.35,60.49,523048,0
2016-11-29,60.04,61.247,59.46,60.19,299137,0
2016-11-30,60.61,61.335,58.21,59.02,294017,0
2016-12-01,59.54,59.93,54.48,54.64,483837,0
2016-12-02,54.64,56.487,53.55,53.88,425498,0
2016-12-05,55.01,55.9,53.48,54.75,491860,0
2016-12-06,54.63,56.6,50.965,56.02,597187,0
2016-12-07,54.04,54.63,51.05,53.19,444003,0
2016-12-08,52.98,54.91,52.04,54.84,328865,0
2016-12-09,55.89,57.3,54.26,54.69,434813,0
2016-12-12,53.74,55.3,52.51,53.91,163205,0
2016-12-13,54.3,54.82,52.51,52.77,184180,0
2016-12-14,52.75,54.16,51.531,52.78,270530,0
2016-12-15,52.94,53.4299,51.67,52.46,263554,0
2016-12-16,52.62,55.56,52.43,53.28,395809,0
2016-12-19,52.99,53.975,51,51.17,289119,0
2016-12-20,51.7,52.57,50.78,51.84,292120,0
2016-12-21,52.41,52.45,50.05,50.27,394789,0
2016-12-22,50.54,50.58,47.75,48.16,340735,0
2016-12-23,48,50.79,48,50.42,292388,0
2016-12-27,50.76,52.07,50.3001,50.52,207108,0
2016-12-28,50.7,51.5268,48.63,49.01,240094,0
2016-12-29,49.18,49.86,48.76,49.59,239141,0
2016-12-30,49.74,50.279,48.5,49.19,184380,0
2017-01-03,50.07,52.2208,49.22,49.79,286830,0
2017-01-04,50.11,52.639,50,52.53,257705,0
2017-01-05,52.91,53.66,52.01,53.28,170095,0
2017-01-06,53.21,56.94,53.125,55.38,373111,0
2017-01-09,56.15,56.15,53.4,54.32,384019,0
2017-01-10,54.82,55.235,51.225,53,333006,0
2017-01-11,52.96,53.52,48.84,49.81,320145,0
2017-01-12,49.18,51.64,48.86,50.52,168218,0
2017-01-13,50.62,51.84,49.76,50.51,200491,0
2017-01-17,49.76,49.76,46.75,47.39,379933,0
2017-01-18,47.67,47.96,46,47.81,334681,0
2017-01-19,48,49.53,46.85,48.88,269173,0
2017-01-20,48.98,50,48.18,49.78,365418,0
2017-01-23,49.78,50.3,48.31,49.74,244229,0
2017-01-24,49.83,50.764,48.35,49.34,303670,0
2017-01-25,50.04,50.99,49.01,49.47,150549,0
2017-01-26,49.6,49.82,47.38,47.39,171718,0
2017-01-27,47.39,49.42,47.05,48.55,257942,0
2017-01-30,48.09,48.355,45.31,46.37,224346,0
2017-01-31,45.8,49.34,45.13,48.96,250582,0
2017-02-01,49.3,50.72,46.8597,49.58,273925,0
2017-02-02,49.45,50.46,48.465,49.88,289997,0
2017-02-03,50.25,51.63,49.55,50.91,298557,0
2017-02-06,50.86,51.41,50.14,50.97,109831,0
2017-02-07,51.07,51.41,49.56,50.05,146068,0
2017-02-08,49.61,49.86,48.3,49.5,192288,0
2017-02-09,49.48,51.69,49.4502,51.19,323299,0
2017-02-10,51.3,52.98,50.6,52.01,159107,0
2017-02-13,52.06,52.44,51.39,52.15,181113,0
2017-02-14,51.9,52.48,51.12,52.04,308720,0
2017-02-15,48.97,53.38,46.6,52.87,731692,0
2017-02-16,53.16,54.49,52.26,54.05,252613,0
2017-02-17,53.93,57.4,52.7533,55.22,381036,0
2017-02-21,55.59,55.66,54.17,55,277100,0
2017-02-22,54.95,55.85,54.22,55,223257,0
2017-02-23,55.16,55.4748,53.03,54.36,318981,0
2017-02-24,53.79,54.96,52.225,53.4,147097,0
2017-02-27,53.25,58.17,53.25,58.01,295621,0
2017-02-28,58.2,60,56.68,58.65,462763,0
2017-03-01,59.53,61.66,58.66,60.33,589493,0
2017-03-02,60,63.14,59.38,60.07,416068,0
2017-03-03,57.58,57.9899,55.27,55.81,717262,0
2017-03-06,55.64,55.96,53.56,54.86,340010,0
2017-03-07,53.86,54.99,51.74,51.85,564850,0
2017-03-08,52.11,53.17,50.48,50.89,294780,0
2017-03-09,50.95,52.01,50.37,50.63,230170,0
2017-03-10,51.48,55,51.41,54.95,451910,0
2017-03-13,55.21,56.34,54.26,55.4,441218,0
2017-03-14,54.9,55.065,52.53,53.6,389371,0
2017-03-15,53.82,55.97,53.81,55.24,340076,0
2017-03-16,55.04,55.79,54,54.19,224064,0
2017-03-17,53.3,55.66,53.21,53.89,450708,0
2017-03-20,53.88,54.7,53.19,54.34,117904,0
2017-03-21,54.69,55.84,50.72,50.79,405503,0
2017-03-22,50.78,51.75,49.71,51.73,285713,0
2017-03-23,51.69,52.76,51.01,51.76,169923,0
2017-03-24,52,53.035,51.71,52.5,172473,0
2017-03-27,51.35,54.71,51.35,54.61,227475,0
2017-03-28,54.65,55.11,53.855,55.01,223898,0
2017-03-29,55.23,56.7,54.61,55.99,241785,0
2017-03-30,55.97,56.64,54.48,55.43,190173,0
2017-03-31,55.38,56.39,55.07,55.79,326269,0
2017-04-03,56,57,54.39,54.63,464844,0
2017-04-04,54.49,56.43,53.41,53.7,307879,0
2017-04-05,53.97,54.485,50.37,50.7,323356,0
2017-04-06,50.68,50.84,49.27,49.86,323494,0
2017-04-07,49.61,50.62,49.01,49.42,230886,0
2017-04-10,49.4,50.85,48.88,49.34,218647,0
2017-04-11,49.08,49.92,48.232,49.89,264083,0
2017-04-12,50.3,51.97,49.87,50.61,275452,0
2017-04-13,49.69,53.5,49.69,52.54,364770,0
2017-04-17,52.52,53.07,51.57,52.51,153044,0
2017-04-18,52.22,52.69,50.85,51.31,166260,0
2017-04-19,51.56,53.48,51.09,52.45,190239,0
2017-04-20,52.71,53.96,51.85,53.91,200938,0
2017-04-21,53.87,54.6,52.73,52.95,216795,0
2017-04-24,53.83,54.58,53.22,54.08,253006,0
2017-04-25,54.57,55.31,54,54.89,269426,0
2017-04-26,54.8,54.87,53.9,53.94,294042,0
2017-04-27,53.99,54.67,53.6322,54.01,173569,0
2017-04-28,54,54.61,52.82,54.13,589133,0
2017-05-01,54.23,56.95,54.14,55.15,356924,0
2017-05-02,55.43,55.6653,53.41,53.84,226796,0
2017-05-03,53.59,53.855,52.695,53.28,174293,0
2017-05-04,53.5,53.5,52.25,52.26,205296,0
2017-05-05,52.45,52.45,50.85,51.25,177799,0
2017-05-08,51.13,51.38,48.87,49,268565,0
2017-05-09,48.82,50.94,48.27,50.77,291449,0
2017-05-10,51.43,55.6,51.43,54.47,437334,0
2017-05-11,54.33,54.4,51.23,51.8,219543,0
2017-05-12,51.59,55.88,50.9,54.96,310433,0
2017-05-15,54.92,56.715,53.43,55.24,249483,0
2017-05-16,55.43,56.41,54.47,56.37,193216,0
2017-05-17,55.34,56.225,53.568,54.2,249408,0
2017-05-18,53.3,56.72,52.87,56.23,312374,0
2017-05-19,56.95,58.45,56.48,57.42,354627,0
2017-05-22,57.73,57.7783,54.905,56.1,236574,0
2017-05-23,56.54,57.69,55.25,55.69,198729,0
2017-05-24,55.8,57.09,54.94,56.23,147275,0
2017-05-25,56.75,56.75,54.79,54.85,130946,0
2017-05-26,54.67,55.335,51.61,51.88,255681,0
2017-05-30,51.82,52.63,49.4,50.3,261447,0
2017-05-31,50.56,51.42,48.5,51.01,298135,0
2017-06-01,51.19,51.9,49.705,50.72,304111,0
2017-06-02,51.04,52.68,50.775,52.425,244795,0
2017-06-05,52.79,53.12,50.35,51.68,159016,0
2017-06-06,51.41,52.945,50.97,50.99,124734,0
2017-06-07,51.13,51.92,50.26,51.31,198383,0
2017-06-08,51.37,51.49,49.76,50.56,166053,0
2017-06-09,50.73,52.55,50.49,51.32,235834,0
2017-06-12,51.24,52.47,49.6253,52.19,242838,0
2017-06-13,52.37,53.51,51.77,53.27,168580,0
2017-06-14,53.3,54.76,52.9,54.55,221426,0
2017-06-15,54.03,54.99,53.5,54.24,166652,0
2017-06-16,53.3,54.19,52.21,52.52,267668,0
2017-06-19,52.71,54.81,52.078,54.19,247065,0
2017-06-20,54.21,55.69,52.91,53.24,368243,0
2017-06-21,53.69,56.64,53.17,56.61,384730,0
2017-06-22,56.97,58.36,55.05,56.99,355917,0
2017-06-23,56.5,59,55.635,58.73,675414,0
2017-06-26,59.1,59.1,56.42,57.5,288992,0
2017-06-27,57.14,57.21,52.89,53.03,253302,0
2017-06-28,53.84,55.15,51.5,55.15,348668,0
2017-06-29,54.66,55.11,49.71,54.45,1882448,0
2017-06-30,54.4,54.56,53.29,54.12,339767,0
2017-07-03,54.03,55.83,53.56,55.55,168259,0
2017-07-05,55.41,57.59,54.5,57.58,249365,0
2017-07-06,57,59.18,56.4,57.51,549609,0
2017-07-07,58.02,58.93,57.4501,58.89,146557,0
2017-07-10,58.8,58.9,57.67,58.31,224254,0
2017-07-11,59.1,61,58.53,59.51,414706,0
2017-07-12,60.08,61.82,58.61,60.85,391656,0
2017-07-13,61.23,62.91,60.08,62.29,250049,0
2017-07-14,62.56,65.32,61.62,63.66,292557,0
2017-07-17,63.86,66.4,63.65,64.65,374105,0
2017-07-18,64.47,65.7735,64.44,64.47,361509,0
2017-07-19,65.05,66.85,65,66.76,430594,0
2017-07-20,67.09,68.14,66.4,67.54,291290,0
2017-07-21,68.09,69.525,67.02,67.24,469364,0
2017-07-24,67.24,68.16,65.911,67.24,272354,0
2017-07-25,67.75,68.18,64.48,65.66,410109,0
2017-07-26,65.71,66.1,65.04,65.6,157372,0
2017-07-27,66.13,66.3,62,62.57,270635,0
2017-07-28,62.32,63.789,61.23,63.46,240752,0
2017-07-31,63.5,65.17,61.64,61.76,116450,0
2017-08-01,62.36,64.43,59.94,60.45,174350,0
2017-08-02,60.4,60.65,58.665,60.11,225079,0
2017-08-03,60.24,60.34,58.84,58.89,202646,0
2017-08-04,59.485,60.39,58.5139,59.87,160696,0
2017-08-07,59.88,61.65,58.91,61.54,184497,0
2017-08-08,61.81,64.39,61.21,61.69,265807,0
2017-08-09,64.26,64.26,57.79,58.96,306661,0
2017-08-10,58.59,58.59,54.87,55.64,385278,0
2017-08-11,55.76,58.06,55.49,57.16,267063,0
2017-08-14,57.81,58.63,56.34,58.38,233391,0
2017-08-15,58.57,59.44,57.94,58.12,163339,0
2017-08-16,58.32,59.09,57.52,57.69,136975,0
2017-08-17,57.76,58.959,55.2,55.23,209887,0
2017-08-18,54.5,55.885,54.005,54.59,343389,0
2017-08-21,54.32,54.56,53,53.83,353763,0
2017-08-22,54.12,56.42,52.915,56.24,246707,0
2017-08-23,56,57.15,55.9,56.81,155211,0
2017-08-24,57.06,57.57,55.785,56.16,264138,0
2017-08-25,56.11,56.6545,55.33,55.74,88135,0
2017-08-28,56.3,58.25,56.12,58.01,230347,0
2017-08-29,57.11,58.68,56.815,57.7,130698,0
2017-08-30,57.58,59.585,57.551,58.92,208654,0
2017-08-31,59.31,61.54,59.27,61.44,276354,0
2017-09-01,61.43,62.12,60.47,62.1,227365,0
2017-09-05,62.02,62.98,59.8607,62.72,223723,0
2017-09-06,63.17,63.22,60.77,61.51,183718,0
2017-09-07,61.39,61.39,59.5,60.76,191202,0
2017-09-08,60.5,62.39,60.41,61.24,186944,0
2017-09-11,62.09,62.675,58.1,62.44,305784,0
2017-09-12,61.55,63.49,61.55,62.38,147402,0
2017-09-13,62.29,63.22,61.42,61.71,135321,0
2017-09-14,61.6,63.73,60.51,62.73,150498,0
2017-09-15,62.99,66,62.93,64.75,363095,0
2017-09-18,64.72,65.59,63.65,64.63,121335,0
2017-09-19,65.02,65.45,63.58,64.62,111079,0
2017-09-20,64.47,66.5194,64.375,65.26,171945,0
2017-09-21,65,65.77,64.01,65.05,124241,0
2017-09-22,64.68,65.7,63.77,64.76,159840,0
2017-09-25,64.6,65.98,62.9,64.37,198392,0
2017-09-26,64.3,64.5,62.89,63.73,140016,0
2017-09-27,63.74,69.47,63.74,67.62,493158,0
2017-09-28,67.6,70,67.04,67.75,500902,0
2017-09-29,65,66.91,62.71,64.77,645417,0
2017-10-02,64.77,64.96,62.515,63.27,338528,0
2017-10-03,63.29,63.88,62.34,63.76,150583,0
2017-10-04,63.55,64.47,62.82,63.73,174576,0
2017-10-05,63.88,64.005,62.12,62.6,172148,0
2017-10-06,62.19,63,61.76,61.99,158421,0
2017-10-09,61.99,62.99,61.05,61.44,177450,0
2017-10-10,61.63,63.01,61,61.8,125285,0
2017-10-11,61.78,62.69,60.79,61.06,307711,0
2017-10-12,60.78,61.58,59.92,60.06,230282,0
2017-10-13,60.15,60.98,59.66,60.75,161453,0
2017-10-16,61.18,61.96,59.44,60.32,130735,0
2017-10-17,60.34,61.72,59.5756,60.3,125541,0
2017-10-18,61.105,61.105,59.36,60.36,187957,0
2017-10-19,59.94,60.509,58.45,58.53,220176,0
2017-10-20,59.12,59.12,57.77,57.91,171437,0
2017-10-23,58.2,59.02,57.56,57.95,175612,0
2017-10-24,58.09,59.04,56.12,56.58,315794,0
2017-10-25,56.33,56.73,54.66,56.3,248292,0
2017-10-26,56.19,57.09,55.2,56.45,214182,0
2017-10-27,56.58,59.13,56.085,58.44,267053,0
2017-10-30,58.77,59.78,57.19,57.89,204849,0
2017-10-31,58.32,58.94,57.21,58.05,189409,0
2017-11-01,58.73,59.12,56.04,57.29,396254,0
2017-11-02,57.29,61.34,56.21,61.22,587120,0
2017-11-03,61.38,62.44,60.0301,62.3,510203,0
2017-11-06,62.52,62.99,61.441,61.95,221417,0
2017-11-07,61.84,62.62,59.67,60.96,253516,0
2017-11-08,57,59.5,54.3,56.235,1694285,0
2017-11-09,56.21,56.232,54.3142,55.49,480757,0
2017-11-10,55.14,56.69,54.37,56.63,371045,0
