2016-01-04,25.27,25.5,25,25.5,37025,0
2016-01-05,25.48,25.5,25.42,25.49,25507,0
2016-01-06,25.28,25.5,25.28,25.41,33053,0
2016-01-07,25.21,25.4299,25.21,25.33,24442,0
2016-01-08,25.3315,25.5,25.3301,25.5,12130,0
2016-01-11,25.45,25.48,25.3101,25.36,30595,0
2016-01-12,25.35,25.35,25.09,25.09,107801,0
2016-01-13,25.16,25.16,25.05,25.1299,25753,0
2016-01-14,25.22,25.22,25.0701,25.14,34472,0
2016-01-15,25.09,25.09,24.89,24.95,44279,0
2016-01-19,25.3,25.3,25.3,25.3,0,0
2016-01-20,25.23,25.27,25.0201,25.23,45363,0
2016-01-21,25.18,25.3888,25.1501,25.22,24870,0
2016-01-22,25.23,25.44,25.23,25.27,29823,0
2016-01-25,25.31,25.31,25.1,25.1,21740,0
2016-01-26,25.11,25.22,25.09,25.09,28086,0
2016-01-27,25.04,25.15,25.04,25.1,14929,0
2016-01-28,25.12,25.36,25.08,25.35,23942,0
2016-01-29,25.35,25.43,25.21,25.21,71065,0
2016-02-01,25.3,25.39,25.21,25.35,36484,0
2016-02-02,25.3299,25.47,25.3299,25.45,15120,0
2016-02-03,25.44,25.46,25.36,25.4,17196,0
2016-02-04,25.4,25.45,25.344,25.4175,50816,0
2016-02-05,25.43,25.48,25.35,25.4,17906,0
2016-02-08,25.26,25.297,25.04,25.15,22215,0
2016-02-09,25.1,25.29,24.87,25.05,41339,0
2016-02-10,25.21,25.26,25.13,25.15,32953,0
2016-02-11,25.01,25.04,24.62,24.79,66842,0
2016-02-12,25.22,25.22,24.78,24.85,34118,0
2016-02-16,24.93,25.158,24.93,25.01,29092,0
2016-02-17,25.19,25.34,25.172,25.19,28789,0
2016-02-18,25.2142,25.44,25.2142,25.44,20569,0
2016-02-19,25.43,25.55,25.39,25.55,26850,0
2016-02-22,25.51,25.68,25.45,25.52,32511,0
2016-02-23,25.52,25.54,25.45,25.51,19395,0
2016-02-24,25.5,25.73,25.36,25.6,38255,0
2016-02-25,25.58,25.75,25.5613,25.75,20412,0
2016-02-26,25.64,25.96,25.64,25.86,28611,0
2016-02-29,25.93,25.95,25.73,25.85,103584,0
2016-03-01,25.82,25.8207,25.58,25.61,240913,0
2016-03-02,25.57,25.62,25.42,25.53,38217,0
2016-03-03,25.44,25.4899,25.38,25.38,22258,0
2016-03-04,25.48,25.48,25.38,25.41,15749,0
2016-03-07,25.35,25.4149,25.29,25.3278,17158,0
2016-03-08,25.33,25.38,25.27,25.36,56264,0
2016-03-09,25.3414,25.4,25.3414,25.39,42347,0
2016-03-10,25.39,25.48,25.37,25.38,38268,0
2016-03-11,25.4,25.52,25.39,25.47,60217,0
2016-03-14,25.24,25.24,25.11,25.15,35775,0
2016-03-15,25.21,25.22,25.12,25.17,24389,0
2016-03-16,25.11,25.34,25.105,25.3206,29736,0
2016-03-17,25.32,25.4804,25.25,25.45,37641,0
2016-03-18,25.51,25.55,25.4423,25.54,30085,0
2016-03-21,25.52,25.61,25.44,25.6,28587,0
2016-03-22,25.55,25.69,25.5,25.68,18998,0
2016-03-23,25.64,25.64,25.59,25.6399,24231,0
2016-03-24,25.44,25.64,25.44,25.555,15292,0
2016-03-28,25.64,25.7,25.55,25.68,27946,0
2016-03-29,25.61,25.82,25.61,25.74,31167,0
2016-03-30,25.79,25.84,25.6601,25.74,19605,0
2016-03-31,25.78,25.78,25.64,25.64,19727,0
2016-04-01,25.67,25.7,25.5638,25.5638,39297,0
2016-04-04,25.54,25.54,25.36,25.39,16905,0
2016-04-05,25.36,25.59,25.36,25.57,13661,0
2016-04-06,25.64,25.7,25.56,25.62,24491,0
2016-04-07,25.66,25.66,25.39,25.4001,18412,0
2016-04-08,25.43,25.58,25.43,25.52,8900,0
2016-04-11,25.55,25.69,25.55,25.66,12072,0
2016-04-12,25.62,25.72,25.62,25.72,16389,0
2016-04-13,25.7,25.84,25.7,25.75,27461,0
2016-04-14,25.74,25.81,25.74,25.81,15487,0
2016-04-15,25.73,25.83,25.55,25.55,86464,0
2016-04-18,25.59,25.69,25.59,25.69,24216,0
2016-04-19,25.69,25.9299,25.64,25.92,61667,0
2016-04-20,25.8401,25.92,25.8401,25.8834,17531,0
2016-04-21,25.8,25.97,25.8,25.91,19215,0
2016-04-22,25.85,25.99,25.85,25.95,19954,0
2016-04-25,25.91,25.9622,25.85,25.94,19102,0
2016-04-26,25.87,25.99,25.86,25.98,16191,0
2016-04-27,25.9,26.08,25.9,26.0062,21629,0
2016-04-28,26.0299,26.03,25.9401,26.03,43492,0
2016-04-29,26,26.29,25.95,26.27,25779,0
2016-05-02,26.24,26.24,26.15,26.1959,15564,0
2016-05-03,26.11,26.1899,26.06,26.1,15026,0
2016-05-04,26.1,26.164,26.03,26.1,16276,0
2016-05-05,26.06,26.139,25.99,25.99,41017,0
2016-05-06,25.98,26.1199,25.98,26.09,21711,0
2016-05-09,25.95,26.1,25.95,26.02,19148,0
2016-05-10,25.95,25.99,25.84,25.94,54060,0
2016-05-11,25.87,25.94,25.8,25.9,26367,0
2016-05-12,25.85,26,25.85,26,15386,0
2016-05-13,26.02,26.1,25.98,25.98,27819,0
2016-05-16,26.043,26.15,26,26.1,17749,0
2016-05-17,26.08,26.13,26.08,26.08,15775,0
2016-05-18,26.081,27.25,25.94,25.94,38826,0
2016-05-19,25.94,25.96,25.69,25.81,20951,0
2016-05-20,25.76,25.869,25.72,25.73,22081,0
2016-05-23,25.72,25.88,25.7,25.82,22556,0
2016-05-24,25.86,25.97,25.77,25.88,29903,0
2016-05-25,25.78,25.8799,25.7604,25.77,15242,0
2016-05-26,25.75,25.852,25.7401,25.75,26303,0
2016-05-27,25.74,25.8337,25.74,25.77,23499,0
2016-05-31,25.77,25.97,25.77,25.97,20732,0
2016-06-01,25.9,25.95,25.86,25.93,13966,0
2016-06-02,25.8949,25.92,25.8501,25.92,7243,0
2016-06-03,25.92,26.16,25.92,26.15,24959,0
2016-06-06,26.16,26.21,26.02,26.151,27590,0
2016-06-07,26.13,26.19,26.05,26.05,15312,0
2016-06-08,26.05,26.18,26.01,26.02,31746,0
2016-06-09,26.02,26.08,25.96,25.99,23803,0
2016-06-10,25.95,26,25.95,25.95,9479,0
2016-06-13,25.75,25.75,25.62,25.64,11225,0
2016-06-14,25.63,25.68,25.51,25.53,21738,0
2016-06-15,25.48,25.7,25.48,25.61,26945,0
2016-06-16,25.7,25.7,25.5901,25.68,23168,0
2016-06-17,25.61,25.75,25.56,25.66,67672,0
2016-06-20,25.66,25.8277,25.66,25.82,17355,0
2016-06-21,25.83,25.89,25.79,25.86,17480,0
2016-06-22,25.83,25.94,25.77,25.778,23924,0
2016-06-23,25.77,25.9,25.77,25.9,11950,0
2016-06-24,25.3,25.8199,25.3,25.81,8283,0
2016-06-27,25.84,25.84,25.72,25.76,14733,0
2016-06-28,25.67,26.07,25.67,26.05,23353,0
2016-06-29,25.96,26.07,25.92,25.92,20004,0
2016-06-30,26.09,26.33,25.92,26.08,42094,0
2016-07-01,26.23,26.23,26,26.02,22796,0
2016-07-05,25.96,26.06,25.825,25.89,13985,0
2016-07-06,25.85,25.94,25.85,25.88,17094,0
2016-07-07,25.82,26,25.815,25.97,20253,0
2016-07-08,25.93,26.02,25.91,26.01,17205,0
2016-07-11,26.02,26.11,25.99,25.99,17784,0
2016-07-12,26.07,26.0869,25.94,25.95,41694,0
2016-07-13,25.93,25.97,25.8406,25.9399,20378,0
2016-07-14,25.92,26.08,25.9,26.065,18011,0
2016-07-15,25.97,26.28,25.97,26.09,56650,0
2016-07-18,26.28,26.28,26.09,26.1499,13427,0
2016-07-19,26.11,26.2,26.11,26.1999,14578,0
2016-07-20,26.14,26.19,26,26.1316,17896,0
2016-07-21,26.19,26.21,26.1,26.21,19003,0
2016-07-22,26.14,26.25,26.14,26.2,17239,0
2016-07-25,26.15,26.24,26.13,26.24,25770,0
2016-07-26,26.14,26.24,26.14,26.1999,32063,0
2016-07-27,26.15,26.2,26.14,26.1799,11604,0
2016-07-28,26.19,26.3,26.19,26.24,15500,0
2016-07-29,26.21,26.53,26.21,26.28,31722,0
2016-08-01,26.27,26.36,26.2699,26.35,18112,0
2016-08-02,26.3,26.44,26.29,26.44,13170,0
2016-08-03,26.33,26.45,26.33,26.4,14537,0
2016-08-04,26.4,26.4,26.3735,26.4,22042,0
2016-08-05,26.37,26.47,26.325,26.47,29662,0
2016-08-08,26.47,26.54,26.3852,26.47,28084,0
2016-08-09,26.47,26.61,26.46,26.56,24320,0
2016-08-10,26.48,26.62,26.3501,26.44,27837,0
2016-08-11,26.4,26.45,26.3,26.31,10807,0
2016-08-12,26.31,26.31,26.05,26.15,23135,0
2016-08-15,26.14,26.15,26.05,26.08,165081,0
2016-08-16,26.07,26.12,26.07,26.1,8763,0
2016-08-17,26.07,26.16,26.05,26.16,20787,0
2016-08-18,26.11,26.17,26.08,26.08,22770,0
2016-08-19,26.08,26.105,25.86,25.87,27673,0
2016-08-22,25.87,26,25.87,25.91,172980,0
2016-08-23,25.96,25.9972,25.91,25.97,15695,0
2016-08-24,25.99,25.99,25.96,25.96,9713,0
2016-08-25,25.99,26.05,25.96,26.01,11611,0
2016-08-26,25.97,26.0215,25.92,26,14044,0
2016-08-29,25.97,26.0232,25.93,25.98,21639,0
2016-08-30,25.97,26.1,25.97,26.0701,20732,0
2016-08-31,26.06,26.09,26.01,26.01,23569,0
2016-09-01,26.02,26.04,26.01,26.02,14516,0
2016-09-02,26.02,26.06,26.02,26.05,7055,0
2016-09-06,26.08,26.1,26.03,26.09,11000,0
2016-09-07,26.07,26.12,26.05,26.07,13229,0
2016-09-08,26.07,26.13,26.07,26.09,8786,0
2016-09-09,26.06,26.08,25.75,25.87,21124,0
2016-09-12,25.58,25.58,25.45,25.53,18981,0
2016-09-13,25.53,25.59,25.35,25.37,35316,0
2016-09-14,25.35,25.45,25.35,25.45,15452,0
2016-09-15,25.43,25.45,25.35,25.39,30826,0
2016-09-16,25.4,25.41,25.345,25.35,20694,0
2016-09-19,25.35,25.48,25.35,25.47,9287,0
2016-09-20,25.43,25.59,25.43,25.54,16725,0
2016-09-21,25.52,25.67,25.48,25.61,12588,0
2016-09-22,25.73,25.77,25.707,25.75,8334,0
2016-09-23,25.71,25.76,25.71,25.76,5802,0
2016-09-26,25.77,25.77,25.6701,25.73,12776,0
2016-09-27,25.63,25.7884,25.63,25.69,19339,0
2016-09-28,25.69,25.785,25.55,25.67,33167,0
2016-09-29,25.67,25.71,25.54,25.55,15957,0
2016-09-30,25.6,25.6,25.45,25.45,24355,0
2016-10-03,25.45,25.6351,25.45,25.6101,10298,0
2016-10-04,25.6,25.72,25.5667,25.6579,21766,0
2016-10-05,25.61,25.66,25.53,25.54,9268,0
2016-10-06,25.53,25.5921,25.44,25.56,8237,0
2016-10-07,25.5,25.5399,25.4436,25.4436,13844,0
2016-10-10,25.41,25.48,25.38,25.43,22855,0
2016-10-11,25.45,25.4562,25.11,25.24,54904,0
2016-10-12,25.2,25.29,25.2,25.29,15822,0
2016-10-13,25.21,25.25,25.1,25.208,17794,0
2016-10-14,25.3,25.34,25.23,25.3,19576,0
2016-10-17,25.27,25.4,25.25,25.39,23109,0
2016-10-18,25.37,25.78,25.35,25.7,27164,0
2016-10-19,25.71,25.82,25.58,25.594,19755,0
2016-10-20,25.58,25.65,25.43,25.615,13917,0
2016-10-21,25.63,25.92,25.57,25.92,39245,0
2016-10-24,25.88,25.92,25.62,25.67,28188,0
2016-10-25,25.61,25.83,25.61,25.78,22389,0
2016-10-26,25.67,25.75,25.67,25.75,4485,0
2016-10-27,25.63,25.675,25.46,25.52,13694,0
2016-10-28,25.52,25.5493,25.38,25.4,20658,0
2016-10-31,25.5,25.5637,25.3,25.3,20534,0
2016-11-01,25.3,25.3084,25.22,25.28,18393,0
2016-11-02,25.21,25.29,25.21,25.25,5875,0
2016-11-03,25.25,25.263,24.96,24.98,20021,0
2016-11-04,24.98,25.07,24.98,25.0228,31246,0
2016-11-07,25.1,25.318,24.9845,25.06,12124,0
2016-11-08,24.98,25.08,24.95,25.03,15344,0
2016-11-09,24.94,24.94,24.6,24.66,44137,0
2016-11-10,24.81,24.81,23.6,23.77,92979,0
2016-11-11,23.89,23.89,23.44,23.65,97379,0
2016-11-14,23.54,23.54,22.76,22.96,94018,0
2016-11-15,23.06,23.72,23.06,23.72,45033,0
2016-11-16,23.55,24.21,23.55,23.95,58192,0
2016-11-17,24,24,23.7643,23.9,37248,0
2016-11-18,23.9,23.9899,23.535,23.55,45989,0
2016-11-21,23.58,23.77,23.56,23.56,24600,0
2016-11-22,23.76,23.79,23.588,23.73,26736,0
2016-11-23,23.56,23.6799,23.55,23.57,29739,0
2016-11-25,23.59,23.77,23.59,23.7358,13717,0
2016-11-28,23.76,23.7825,23.4,23.45,64780,0
2016-11-29,23.45,23.559,23.35,23.41,53296,0
2016-11-30,23.27,23.45,23.17,23.24,56267,0
2016-12-01,23.1,23.22,22.88,23.08,52537,0
2016-12-02,23.14,23.2,23,23,185307,0
2016-12-05,22.88,23.07,22.82,23.05,35698,0
2016-12-06,22.92,23.1116,22.91,23.1116,41350,0
2016-12-07,23.06,23.22,23.06,23.14,35428,0
2016-12-08,23.18,23.22,23.0758,23.19,30386,0
2016-12-09,23.11,23.23,23,23.03,41097,0
2016-12-12,22.57,22.78,22.35,22.35,53878,0
2016-12-13,22.4,22.48,21.91,22.21,83322,0
2016-12-14,22.12,22.37,22.12,22.14,56826,0
2016-12-15,22.1,22.3,21.9401,22.15,92829,0
2016-12-16,22.18,22.2539,22.15,22.23,52184,0
2016-12-19,22.19,22.47,22.19,22.43,48792,0
2016-12-20,22.43,22.5958,22.3059,22.53,59790,0
2016-12-21,22.54,22.69,22.54,22.6576,61058,0
2016-12-22,22.63,23,22.63,22.89,60289,0
2016-12-23,22.96,23.08,22.8482,22.98,39145,0
2016-12-27,23,23.1254,22.62,22.69,49765,0
2016-12-28,22.66,22.74,22.52,22.57,37241,0
2016-12-29,22.7,22.76,22.57,22.57,48578,0
2016-12-30,22.59,22.67,22.58,22.6,42483,0
2017-01-03,22.64,22.9,22.64,22.89,31287,0
2017-01-04,22.95,23.47,22.95,23.43,59458,0
2017-01-05,23.5,23.68,23.1807,23.52,59164,0
2017-01-06,23.65,23.65,23.5,23.62,30964,0
2017-01-09,23.56,23.73,23.5147,23.6,42038,0
2017-01-10,23.7,23.7,23.52,23.63,47190,0
2017-01-11,23.67,23.9,23.62,23.9,37327,0
2017-01-12,23.85,23.9,23.81,23.85,24765,0
2017-01-13,23.86,23.98,23.8,23.98,27276,0
2017-01-17,23.98,24.08,23.9501,24.02,30565,0
2017-01-18,23.92,24.09,23.92,24.07,19887,0
2017-01-19,23.99,23.99,23.42,23.53,57102,0
2017-01-20,23.53,23.8,23.21,23.21,123492,0
2017-01-23,23.33,23.91,23.3239,23.61,48820,0
2017-01-24,23.57,23.81,23.57,23.7133,25736,0
2017-01-25,23.7,23.8,23.38,23.6,53605,0
2017-01-26,23.38,23.83,23.38,23.83,18422,0
2017-01-27,23.75,23.84,23.73,23.75,16191,0
2017-01-30,23.72,23.88,23.655,23.81,36999,0
2017-01-31,23.74,23.88,23.73,23.88,15529,0
2017-02-01,23.76,23.9,23.72,23.87,22695,0
2017-02-02,23.81,23.99,23.79,23.9396,33132,0
2017-02-03,23.94,24.0887,23.9339,24.0394,29182,0
2017-02-06,23.96,24.17,23.96,24.14,34209,0
2017-02-07,24.15,24.2402,24.15,24.16,28710,0
2017-02-08,24.13,24.3599,24.13,24.25,16972,0
2017-02-09,24.22,24.3097,24.1,24.14,26782,0
2017-02-10,24.05,24.25,24.05,24.18,37577,0
2017-02-13,24.2,24.265,24.18,24.23,31507,0
2017-02-14,24.2,24.47,24.2,24.3699,74638,0
2017-02-15,24.26,24.43,24.26,24.34,30280,0
2017-02-16,24.32,24.4,24.32,24.4,20648,0
2017-02-17,24.37,24.419,24.33,24.34,19411,0
2017-02-21,24.31,24.4,24.2981,24.36,22463,0
2017-02-22,24.36,24.43,24.35,24.43,17426,0
2017-02-23,24.47,24.59,24.37,24.58,47509,0
2017-02-24,24.52,24.69,24.52,24.63,27412,0
2017-02-27,24.61,24.6902,24.57,24.57,20034,0
2017-02-28,24.58,24.7099,24.58,24.69,17418,0
2017-03-01,24.59,24.59,24.49,24.55,19611,0
2017-03-02,24.49,24.62,24.49,24.55,14643,0
2017-03-03,24.55,24.65,24.51,24.65,13045,0
2017-03-06,24.56,24.6269,24.5301,24.61,12423,0
2017-03-07,24.6,24.6122,24.5,24.5001,22152,0
2017-03-08,24.45,24.47,24.26,24.26,30477,0
2017-03-09,24.12,24.3092,23.85,23.91,40114,0
2017-03-10,23.89,24.06,23.89,24.03,22990,0
2017-03-13,23.87,23.87,23.64,23.7,32771,0
2017-03-14,23.67,23.89,23.67,23.89,23367,0
2017-03-15,23.87,24.24,23.83,24.23,43015,0
2017-03-16,24.25,24.33,24.182,24.25,31961,0
2017-03-17,24.34,24.42,24.2,24.42,29361,0
2017-03-20,24.31,24.46,24.31,24.46,21038,0
2017-03-21,24.41,24.48,24.26,24.35,37808,0
2017-03-22,24.27,24.47,24.27,24.3601,22362,0
2017-03-23,24.34,24.519,24.34,24.4443,14709,0
2017-03-24,24.39,24.61,24.39,24.42,17553,0
2017-03-27,24.42,24.4793,24.348,24.4498,18500,0
2017-03-28,24.39,24.46,24.3815,24.3928,12805,0
2017-03-29,24.4,24.63,24.36,24.61,37230,0
2017-03-30,24.75,24.75,24.51,24.59,35364,0
2017-03-31,24.62,24.62,24.51,24.61,29527,0
2017-04-03,24.51,24.839,24.51,24.75,31295,0
2017-04-04,24.7509,24.824,24.75,24.8222,18876,0
2017-04-05,24.72,24.9,24.72,24.8701,19307,0
2017-04-06,24.72,24.8752,24.72,24.86,22563,0
2017-04-07,24.75,24.95,24.75,24.88,22612,0
2017-04-10,24.85,24.991,24.85,24.95,35058,0
2017-04-11,24.9,25,24.89,24.9899,18517,0
2017-04-12,25,25,24.9,24.9956,19042,0
2017-04-13,24.92,25.09,24.92,25.09,22770,0
2017-04-17,25.1,25.1,24.85,24.86,58408,0
2017-04-18,24.99,25.05,24.93,25,40109,0
2017-04-19,24.99,25.05,24.99,25,26699,0
2017-04-20,24.99,25.0499,24.99,25,20720,0
2017-04-21,24.99,25.21,24.99,25.21,22755,0
2017-04-24,25.13,25.24,25.13,25.16,12458,0
2017-04-25,25.13,25.3,25.09,25.3,38790,0
2017-04-26,25.12,25.22,25.1,25.1367,20948,0
2017-04-27,25.08,25.2013,25.04,25.08,29959,0
2017-04-28,25.08,25.14,25.02,25.04,15417,0
2017-05-01,25.03,25.0508,24.96,24.96,28740,0
2017-05-02,24.96,25.04,24.96,25.02,15448,0
2017-05-03,25.02,25.14,24.96,25.14,18824,0
2017-05-04,25.07,25.1199,24.97,24.9819,21083,0
2017-05-05,24.99,25.08,24.96,25.02,12328,0
2017-05-08,25.0565,25.145,25.0101,25.145,14303,0
2017-05-09,25,25.1315,24.97,24.99,14964,0
2017-05-10,25,25.11,25,25.04,11579,0
2017-05-11,25.06,25.08,25.02,25.04,7039,0
2017-05-12,25.1,25.13,25.04,25.04,8886,0
2017-05-15,25.05,25.13,25.04,25.1272,11057,0
2017-05-16,25.06,25.14,25.05,25.14,8189,0
2017-05-17,25.14,25.17,25.06,25.07,11966,0
2017-05-18,25.12,25.25,25.1,25.24,9740,0
2017-05-19,25.1653,25.24,25.08,25.08,7596,0
2017-05-22,25.08,25.1615,25.08,25.13,21027,0
2017-05-23,25.13,25.28,25.1,25.25,13922,0
2017-05-24,25.18,25.2299,25.15,25.2299,8951,0
2017-05-25,25.2,25.2299,25.18,25.2299,6019,0
2017-05-26,25.12,25.3,25.12,25.26,21120,0
2017-05-30,25.2,25.31,25.2,25.3,18889,0
2017-05-31,25.23,25.324,25.21,25.21,17317,0
2017-06-01,25.23,25.34,25.2267,25.34,12051,0
2017-06-02,25.34,25.4099,25.32,25.4,8998,0
2017-06-05,25.33,25.39,25.33,25.38,3964,0
2017-06-06,25.342,25.3658,25.3,25.32,13880,0
2017-06-07,25.3,25.33,25.2395,25.32,24689,0
2017-06-08,25.3,25.34,25.23,25.34,10747,0
2017-06-09,25.26,25.3042,25.25,25.3,16360,0
2017-06-12,25.06,25.06,24.98,25.0235,32977,0
2017-06-13,25.02,25.0627,24.98,25.04,14610,0
2017-06-14,25.02,25.13,25.02,25.03,47800,0
2017-06-15,25,25.12,25,25.07,9976,0
2017-06-16,25.02,25.08,25.02,25.05,5209,0
2017-06-19,25.0687,25.1292,25.03,25.1199,12962,0
2017-06-20,25.07,25.1299,25.05,25.0899,16965,0
2017-06-21,25.13,25.13,25.08,25.12,14697,0
2017-06-22,25.1,25.1615,25.085,25.1599,7856,0
2017-06-23,25.14,25.18,25.11,25.14,6838,0
2017-06-26,25.18,25.22,25.141,25.22,18743,0
2017-06-27,25.16,25.25,25.16,25.24,20248,0
2017-06-28,25.12,25.211,25.09,25.14,23971,0
2017-06-29,25.18,25.22,25.09,25.1,19208,0
2017-06-30,25.19,25.25,25.01,25.25,29623,0
2017-07-03,25.07,25.165,25.07,25.1,7072,0
2017-07-05,25.1086,25.19,25.05,25.13,15608,0
2017-07-06,25.1,25.133,24.98,25.03,27267,0
2017-07-07,25.05,25.09,25.015,25.07,12309,0
2017-07-10,25.08,25.26,25.08,25.2,36946,0
2017-07-11,25.18,25.26,25.11,25.11,13552,0
2017-07-12,25.13,25.179,25.09,25.09,24390,0
2017-07-13,25.097,25.26,25.0834,25.1,15756,0
2017-07-14,25.12,25.16,25.08,25.08,11641,0
2017-07-17,25.11,25.14,25.07,25.07,18204,0
2017-07-18,25.11,25.23,25.07,25.23,20832,0
2017-07-19,25.21,25.25,25.14,25.14,15861,0
2017-07-20,25.18,25.21,25.13,25.2,22390,0
2017-07-21,25.18,25.41,25.16,25.41,40549,0
2017-07-24,25.35,25.47,25.3466,25.43,12400,0
2017-07-25,25.2775,25.3339,25.2392,25.26,8182,0
2017-07-26,25.21,25.37,25.21,25.32,11493,0
2017-07-27,25.2896,25.35,25.245,25.35,15591,0
2017-07-28,25.409,25.41,25.29,25.41,2728,0
2017-07-31,25.41,25.41,25.3,25.41,20763,0
2017-08-01,25.4,25.4,25.32,25.4,18560,0
2017-08-02,25.37,25.4,25.26,25.26,84797,0
2017-08-03,25.26,25.3201,25.26,25.3,23477,0
2017-08-04,25.27,25.31,25.26,25.2936,30331,0
2017-08-07,25.32,25.32,25.2593,25.29,10384,0
2017-08-08,25.26,25.29,25.26,25.28,11906,0
2017-08-09,25.25,25.28,25.17,25.18,19575,0
2017-08-10,25.17,25.17,24.94,25.07,26726,0
2017-08-11,25.09,25.28,25.01,25.2,83005,0
2017-08-14,25.17,25.24,25.17,25.24,12209,0
2017-08-15,25.18,25.25,25.18,25.23,3871,0
2017-08-16,25.22,25.26,25.22,25.231,6335,0
2017-08-17,25.2,25.24,25.2,25.218,7616,0
2017-08-18,25.21,25.24,25.21,25.24,9070,0
2017-08-21,25.22,25.26,25.2,25.25,13301,0
2017-08-22,25.25,25.26,25.17,25.24,9722,0
2017-08-23,25.16,25.26,25.16,25.2306,106129,0
2017-08-24,25.24,25.32,25.18,25.25,19992,0
2017-08-25,25.23,25.2946,25.22,25.24,21183,0
2017-08-28,25.25,25.3086,25.2401,25.3,19083,0
2017-08-29,25.21,25.34,25.21,25.3,18520,0
2017-08-30,25.28,25.34,25.25,25.315,19258,0
2017-08-31,25.33,25.39,25.28,25.39,13580,0
2017-09-01,25.27,25.35,25.27,25.33,9990,0
2017-09-05,25.35,25.38,25.3156,25.37,10512,0
2017-09-06,25.35,25.37,25.34,25.37,13043,0
2017-09-07,25.36,25.3661,25.36,25.36,3338,0
2017-09-08,25.34,25.37,25.34,25.36,5716,0
2017-09-11,25.31,25.38,25.31,25.38,33268,0
2017-09-12,25.1,25.16,25.0943,25.135,23984,0
2017-09-13,25.15,25.15,25.07,25.15,10724,0
2017-09-14,25.12,25.1484,25.1062,25.14,21903,0
2017-09-15,25.132,25.2,25.13,25.2,11024,0
2017-09-18,25.17,25.2034,25.065,25.17,24282,0
2017-09-19,25.14,25.14,25.08,25.08,9680,0
2017-09-20,25.08,25.1235,25.04,25.07,23822,0
2017-09-21,25.13,25.13,25.0801,25.09,6269,0
2017-09-22,25.13,25.15,25.0684,25.14,18621,0
2017-09-25,25.09,25.22,25.09,25.2,50958,0
2017-09-26,25.23,25.33,25.1639,25.26,97792,0
2017-09-27,25.28,25.28,25.06,25.09,32614,0
2017-09-28,25.15,25.15,25.08,25.1001,43302,0
2017-09-29,25.15,25.3,25.1173,25.3,44194,0
2017-10-02,25.19,25.3,25.12,25.12,32573,0
2017-10-03,25.15,25.177,25.09,25.1,11140,0
2017-10-04,25.1,25.1331,25.08,25.09,29383,0
2017-10-05,25.09,25.25,25.09,25.12,23965,0
2017-10-06,25.06,25.0954,24.831,25,28637,0
2017-10-09,24.9658,25.07,24.9516,25.01,14620,0
2017-10-10,25.02,25.09,25.01,25.03,18310,0
2017-10-11,25.0625,25.0659,25.02,25.03,8595,0
2017-10-12,25.02,25.115,25.02,25.04,25682,0
2017-10-13,25.07,25.1584,25.07,25.14,6434,0
2017-10-16,25.12,25.1272,25.0726,25.1,10942,0
2017-10-17,25.08,25.16,25.07,25.07,21553,0
2017-10-18,25.07,25.1597,25.07,25.14,26889,0
2017-10-19,25.07,25.19,25.07,25.15,14191,0
2017-10-20,25.14,25.37,25.08,25.37,29216,0
2017-10-23,25.34,25.36,25.17,25.245,26070,0
2017-10-24,25.23,25.3,25.16,25.2,32091,0
2017-10-25,25.14,25.147,25.06,25.08,29359,0
2017-10-26,25.1716,25.23,25.0491,25.23,22449,0
2017-10-27,25.22,25.22,25.11,25.15,8886,0
2017-10-30,25.1401,25.22,25.13,25.22,11144,0
2017-10-31,25.2085,25.23,25.11,25.22,18278,0
2017-11-01,25.14,25.18,25.08,25.14,20276,0
2017-11-02,25.09,25.16,25.09,25.13,9212,0
2017-11-03,25.17,25.22,25.11,25.18,16004,0
2017-11-06,25.209,25.209,25.15,25.1607,13948,0
2017-11-07,25.14,25.22,25.14,25.22,17727,0
2017-11-08,25.17,25.21,25.13,25.21,11307,0
2017-11-09,25.21,25.21,25.15,25.2,5964,0
2017-11-10,25.15,25.2,25.126,25.1433,12668,0
