2016-01-04,21.18,21.382,21.147,21.327,34385,0
2016-01-05,21.382,21.382,21.274,21.324,27134,0
2016-01-06,21.062,21.73,21.062,21.702,80755,0
2016-01-07,21.495,21.701,21.447,21.538,30407,0
2016-01-08,21.509,21.625,21.503,21.567,16332,0
2016-01-11,21.557,21.754,21.392,21.619,40348,0
2016-01-12,21.702,21.702,21.455,21.548,29973,0
2016-01-13,21.602,21.611,21.009,21.052,44187,0
2016-01-14,20.898,21.187,20.898,20.984,45632,0
2016-01-15,20.763,21.111,20.666,21.076,67347,0
2016-01-19,21.268,21.524,21.093,21.268,60249,0
2016-01-20,21.054,21.183,20.244,20.571,72593,0
2016-01-21,20.608,20.803,20.507,20.728,37796,0
2016-01-22,20.793,21.362,20.629,21.287,36900,0
2016-01-25,21.242,21.242,20.819,20.956,27139,0
2016-01-26,21.028,21.278,20.918,21.183,34502,0
2016-01-27,21.07,21.183,20.811,21.054,42878,0
2016-01-28,21.086,21.451,20.923,21.415,31896,0
2016-01-29,21.544,21.926,21.131,21.911,124372,0
2016-02-01,21.956,21.956,21.671,21.881,44604,0
2016-02-02,21.623,21.894,21.47,21.709,44281,0
2016-02-03,21.855,21.942,21.608,21.662,29186,0
2016-02-04,21.734,21.874,21.734,21.769,28204,0
2016-02-05,21.744,21.744,20.899,20.985,75596,0
2016-02-08,20.985,21.02,20.755,20.891,56416,0
2016-02-09,20.811,21.103,20.58,21.01,57586,0
2016-02-10,20.899,21.191,20.846,20.965,44716,0
2016-02-11,20.846,20.939,20.459,20.459,77382,0
2016-02-12,20.855,20.855,20.459,20.483,46189,0
2016-02-16,20.746,20.785,20.51,20.59,59324,0
2016-02-17,20.66,21.042,20.641,21.034,39638,0
2016-02-18,21.074,21.248,20.878,21.006,40599,0
2016-02-19,20.98,21.248,20.98,21.127,27217,0
2016-02-22,21.256,21.477,21.256,21.266,43025,0
2016-02-23,21.328,21.563,21.266,21.345,36731,0
2016-02-24,21.414,21.438,21.215,21.345,19445,0
2016-02-25,21.424,21.469,21.392,21.442,25538,0
2016-02-26,21.469,21.477,21.43,21.458,15523,0
2016-02-29,21.477,21.503,21.256,21.396,28146,0
2016-03-01,21.64,21.681,21.313,21.337,41788,0
2016-03-02,21.319,21.406,21.305,21.319,35850,0
2016-03-03,21.285,21.396,21.215,21.266,95349,0
2016-03-04,21.328,21.469,21.313,21.459,23860,0
2016-03-07,21.508,21.508,21.287,21.386,75018,0
2016-03-08,21.491,21.509,21.386,21.451,27710,0
2016-03-09,21.544,21.589,21.468,21.589,25063,0
2016-03-10,21.672,21.928,21.482,21.624,38280,0
2016-03-11,21.71,21.951,21.71,21.787,30887,0
2016-03-14,21.858,21.892,21.743,21.848,28729,0
2016-03-15,21.9,21.928,21.749,21.78,34169,0
2016-03-16,21.795,21.967,21.736,21.944,87954,0
2016-03-17,21.996,22.05,21.867,21.875,45698,0
2016-03-18,21.999,22.06,21.84,22.014,35034,0
2016-03-21,22.007,22.216,21.911,22.014,43959,0
2016-03-22,21.953,22.102,21.921,21.989,28487,0
2016-03-23,21.946,22.037,21.877,21.938,37824,0
2016-03-24,21.902,21.953,21.754,21.763,35451,0
2016-03-28,21.754,21.885,21.73,21.796,36837,0
2016-03-29,21.902,22.095,21.79,22.095,42993,0
2016-03-30,22.162,22.216,22.102,22.153,31248,0
2016-03-31,22.162,22.192,22.043,22.086,45451,0
2016-04-01,22.172,22.201,22.076,22.095,22782,0
2016-04-04,22.06,22.192,22.05,22.076,36999,0
2016-04-05,22.06,22.261,22.007,22.192,32585,0
2016-04-06,22.144,22.268,22.144,22.261,18821,0
2016-04-07,22.376,22.376,22.201,22.252,34352,0
2016-04-08,22.367,22.367,22.261,22.268,29249,0
2016-04-11,22.33,22.367,22.294,22.33,25984,0
2016-04-12,22.321,22.367,22.305,22.321,33765,0
2016-04-13,22.367,22.469,22.33,22.46,56780,0
2016-04-14,22.526,22.647,22.454,22.526,53221,0
2016-04-15,22.526,22.55,22.471,22.498,47236,0
2016-04-18,22.542,22.734,22.51,22.676,47037,0
2016-04-19,22.734,22.788,22.671,22.734,43769,0
2016-04-20,22.734,22.857,22.734,22.734,39695,0
2016-04-21,22.866,22.902,22.744,22.754,31284,0
2016-04-22,22.825,22.857,22.629,22.849,27104,0
2016-04-25,22.84,22.866,22.7,22.716,40073,0
2016-04-26,22.833,22.911,22.716,22.78,36524,0
2016-04-27,22.833,22.956,22.7,22.911,49402,0
2016-04-28,22.911,23.255,22.908,23.079,62517,0
2016-04-29,23.209,23.28,22.973,23.274,52394,0
2016-05-02,23.348,23.348,23.024,23.051,53979,0
2016-05-03,22.93,22.956,22.797,22.833,67946,0
2016-05-04,22.78,22.866,22.707,22.754,42632,0
2016-05-05,22.707,23.176,22.7,22.788,61472,0
2016-05-06,22.866,22.93,22.816,22.93,34548,0
2016-05-09,23.017,23.017,22.807,22.807,37959,0
2016-05-10,22.825,22.93,22.771,22.893,39202,0
2016-05-11,23.008,23.008,22.833,22.875,26709,0
2016-05-12,23.073,23.102,22.922,22.942,34462,0
2016-05-13,23.001,23.054,22.951,23.054,36434,0
2016-05-16,23.054,23.151,23.019,23.151,44734,0
2016-05-17,23.134,23.204,23.054,23.102,46658,0
2016-05-18,23.063,23.063,22.685,22.7,64822,0
2016-05-19,22.789,22.789,22.47,22.685,49233,0
2016-05-20,22.745,22.907,22.667,22.841,33216,0
2016-05-23,23.001,23.045,22.835,22.886,32850,0
2016-05-24,22.968,23.102,22.968,23.102,35344,0
2016-05-25,23.262,23.346,23.111,23.346,68887,0
2016-05-26,23.233,23.393,23.233,23.354,37956,0
2016-05-27,23.32,23.542,23.32,23.401,53650,0
2016-05-31,23.498,23.57,23.32,23.444,49198,0
2016-06-01,23.444,23.658,23.444,23.57,73081,0
2016-06-02,23.401,23.621,23.33,23.621,88234,0
2016-06-03,23.639,23.852,23.533,23.852,39904,0
2016-06-06,23.818,23.906,23.57,23.621,94311,0
2016-06-07,23.78,23.833,23.596,23.665,67565,0
2016-06-08,23.629,23.902,23.57,23.72,42772,0
2016-06-09,23.579,24.012,23.579,23.959,102571,0
2016-06-10,23.897,23.897,23.683,23.72,52802,0
2016-06-13,23.683,23.884,23.683,23.861,44569,0
2016-06-14,23.93,23.95,23.741,23.861,54335,0
2016-06-15,23.906,23.915,23.764,23.816,55777,0
2016-06-16,23.878,24.153,23.756,24.056,82752,0
2016-06-17,24.179,24.419,23.959,24.029,72092,0
2016-06-20,24.236,24.368,23.738,23.898,86281,0
2016-06-21,23.798,24.048,23.764,23.986,62453,0
2016-06-22,24.039,24.039,23.774,23.879,50842,0
2016-06-23,24.066,24.359,23.772,23.78,107867,0
2016-06-24,23.569,24.005,23.344,23.702,150967,0
2016-06-27,23.746,23.897,23.107,23.131,130748,0
2016-06-28,23.351,24.022,23.229,23.764,81998,0
2016-06-29,24.102,24.102,23.573,23.638,124452,0
2016-06-30,23.738,24.121,23.612,23.915,88792,0
2016-07-01,24.102,24.34,24.013,24.246,49361,0
2016-07-05,24.324,24.474,24.172,24.359,40664,0
2016-07-06,24.415,24.491,24.307,24.388,41821,0
2016-07-07,24.482,24.576,24.332,24.491,48579,0
2016-07-08,24.62,24.728,24.467,24.643,57293,0
2016-07-11,24.787,24.787,24.498,24.529,35116,0
2016-07-12,24.643,24.763,24.273,24.594,40832,0
2016-07-13,24.529,24.67,24.476,24.548,33654,0
2016-07-14,24.739,24.854,24.389,24.782,80081,0
2016-07-15,24.703,24.79,24.275,24.731,100510,0
2016-07-18,24.703,24.747,24.493,24.587,48063,0
2016-07-19,24.656,24.809,24.578,24.673,43575,0
2016-07-20,24.703,24.892,24.669,24.79,36126,0
2016-07-21,24.901,24.916,24.799,24.854,22759,0
2016-07-22,24.836,24.909,24.756,24.909,38752,0
2016-07-25,24.739,24.877,24.674,24.846,27666,0
2016-07-26,24.836,25.087,24.747,25.016,43910,0
2016-07-27,24.952,25.464,24.855,25.275,56469,0
2016-07-28,25.33,25.384,25.104,25.238,72360,0
2016-07-29,25.358,25.537,25.231,25.528,63346,0
2016-08-01,25.552,25.552,25.37,25.426,50747,0
2016-08-02,25.418,25.519,25.114,25.231,50675,0
2016-08-03,25.292,25.292,24.799,24.925,52000,0
2016-08-04,24.943,25.095,24.782,24.997,40258,0
2016-08-05,25.006,25.087,24.79,24.925,51542,0
2016-08-08,24.935,25.146,24.79,24.836,50445,0
2016-08-09,24.807,24.925,24.799,24.816,38367,0
2016-08-10,24.873,25.139,24.816,24.836,69224,0
2016-08-11,24.873,25.168,24.836,25.168,36125,0
2016-08-12,25.078,25.248,25.078,25.223,39174,0
2016-08-15,25.187,25.275,25.111,25.206,34392,0
2016-08-16,25.231,25.265,25.01,25.215,29989,0
2016-08-17,25.231,25.436,25.104,25.426,64339,0
2016-08-18,25.394,25.433,25.261,25.331,51015,0
2016-08-19,25.302,25.385,25.259,25.369,26086,0
2016-08-22,25.35,25.573,25.321,25.428,36627,0
2016-08-23,25.512,25.592,25.104,25.159,61803,0
2016-08-24,25.139,25.224,24.977,24.996,57938,0
2016-08-25,24.996,25.087,24.866,25.015,52953,0
2016-08-26,24.951,25.249,24.951,24.968,43068,0
2016-08-29,24.987,25.011,24.89,24.915,26293,0
2016-08-30,24.996,24.996,24.844,24.852,35407,0
2016-08-31,24.881,25.015,24.844,25.015,41872,0
2016-09-01,25.052,25.052,24.872,25.005,25591,0
2016-09-02,25.061,25.231,25.035,25.061,27471,0
2016-09-06,25.13,25.196,24.96,25.052,38890,0
2016-09-07,25.123,25.204,25.096,25.178,24525,0
2016-09-08,25.239,25.547,25.164,25.531,73767,0
2016-09-09,25.419,25.419,24.862,24.89,72427,0
2016-09-12,25.052,25.216,24.844,24.852,41449,0
2016-09-13,24.844,25.115,24.355,24.412,72180,0
2016-09-14,24.384,24.499,24.077,24.267,62605,0
2016-09-15,24.365,24.518,24.267,24.267,34001,0
2016-09-16,24.301,24.403,24.294,24.365,22174,0
2016-09-19,24.447,24.457,24.22,24.412,40976,0
2016-09-20,24.474,24.474,24.241,24.258,51793,0
2016-09-21,24.241,24.586,24.193,24.492,66672,0
2016-09-22,24.732,24.848,24.629,24.694,57305,0
2016-09-23,24.757,24.757,24.466,24.474,41864,0
2016-09-26,24.474,24.502,24.221,24.268,78545,0
2016-09-27,24.221,24.549,24.123,24.432,82469,0
2016-09-28,24.432,24.458,24.221,24.347,61528,0
2016-09-29,24.405,24.405,23.859,24.004,69616,0
2016-09-30,24.104,24.413,24.058,24.347,51926,0
2016-10-03,24.422,24.466,24.352,24.449,27020,0
2016-10-04,24.413,24.484,24.231,24.278,35101,0
2016-10-05,24.422,24.422,24.221,24.295,59641,0
2016-10-06,24.413,24.413,24.054,24.193,53377,0
2016-10-07,24.087,24.338,24.087,24.278,24644,0
2016-10-10,24.395,24.395,24.231,24.357,37518,0
2016-10-11,24.422,24.422,24.077,24.15,42241,0
2016-10-12,24.058,24.104,23.95,24.058,33149,0
2016-10-13,23.959,24.25,23.822,24.241,30261,0
2016-10-14,24.258,24.366,24.123,24.123,28223,0
2016-10-17,24.287,24.385,24.039,24.039,37783,0
2016-10-18,24.216,24.333,23.987,24.282,22389,0
2016-10-19,24.4,24.4,24.125,24.361,31726,0
2016-10-20,24.361,24.599,24.244,24.244,30178,0
2016-10-21,24.333,24.351,24.234,24.262,19462,0
2016-10-24,24.253,24.39,24.224,24.224,28092,0
2016-10-25,24.196,24.324,24.143,24.306,33746,0
2016-10-26,24.306,24.635,24.253,24.618,44504,0
2016-10-27,24.681,24.741,24.445,24.681,49201,0
2016-10-28,24.625,24.956,24.608,24.928,51751,0
2016-10-31,25.03,25.204,24.865,24.937,46321,0
2016-11-01,25.001,25.001,24.618,24.799,45991,0
2016-11-02,24.737,24.745,24.462,24.565,45030,0
2016-11-03,24.555,24.555,24.333,24.351,34031,0
2016-11-04,24.351,24.763,24.187,24.38,24677,0
2016-11-07,24.755,24.76,24.516,24.526,36032,0
2016-11-08,24.582,24.782,24.582,24.772,33936,0
2016-11-09,24.262,24.618,24.216,24.497,72533,0
2016-11-10,24.487,24.487,23.695,23.695,72781,0
2016-11-11,23.602,23.602,22.938,23.127,108027,0
2016-11-14,22.948,23.145,22.682,22.862,161023,0
2016-11-15,22.899,23.465,22.881,23.311,62182,0
2016-11-16,23.276,23.599,23.276,23.357,46385,0
2016-11-17,23.497,23.514,23.192,23.192,60588,0
2016-11-18,23.146,23.21,22.99,23.064,70042,0
2016-11-21,23.201,23.795,23.153,23.563,72488,0
2016-11-22,23.737,23.818,23.525,23.616,55399,0
2016-11-23,23.505,23.624,23.387,23.451,42849,0
2016-11-25,23.424,23.533,23.424,23.497,12012,0
2016-11-28,23.533,23.891,23.46,23.68,57093,0
2016-11-29,23.533,23.745,23.533,23.589,43362,0
2016-11-30,23.543,23.581,23.414,23.487,45336,0
2016-12-01,23.434,23.818,23.34,23.634,32702,0
2016-12-02,23.487,23.705,23.487,23.581,33415,0
2016-12-05,23.514,23.873,23.514,23.764,25542,0
2016-12-06,23.781,23.902,23.606,23.892,51852,0
2016-12-07,23.92,24.067,23.755,24.058,25606,0
2016-12-08,23.837,23.957,23.644,23.948,44241,0
2016-12-09,23.968,24.117,23.773,23.885,45154,0
2016-12-12,23.847,23.894,23.606,23.606,48255,0
2016-12-13,23.644,23.813,23.624,23.624,15869,0
2016-12-14,23.598,23.801,23.598,23.67,19626,0
2016-12-15,23.598,23.773,23.598,23.68,29128,0
2016-12-16,23.68,23.816,23.67,23.801,21038,0
2016-12-19,23.838,23.875,23.782,23.819,17364,0
2016-12-20,23.746,23.892,23.746,23.773,37518,0
2016-12-21,23.922,23.94,23.829,23.857,31382,0
2016-12-22,23.986,24.199,23.924,24.097,33503,0
2016-12-23,24.144,24.375,24.144,24.247,19793,0
2016-12-27,24.31,24.346,24.005,24.126,61030,0
2016-12-28,24.231,24.598,24.042,24.297,43821,0
2016-12-29,24.342,24.617,24.297,24.483,44583,0
2016-12-30,24.607,24.691,24.474,24.58,55352,0
2017-01-03,24.662,25.076,24.531,24.908,40284,0
2017-01-04,25.021,25.255,24.831,24.962,59006,0
2017-01-05,24.962,25.076,24.861,25.031,17077,0
2017-01-06,25.086,25.2,24.908,25.05,38757,0
2017-01-09,25.104,25.48,25.104,25.301,65722,0
2017-01-10,25.283,25.64,25.227,25.49,15981,0
2017-01-11,25.452,25.621,25.379,25.583,35025,0
2017-01-12,25.452,25.492,25.345,25.423,45381,0
2017-01-13,25.593,25.988,25.529,25.791,44990,0
2017-01-17,25.869,26.095,25.68,25.821,78417,0
2017-01-18,25.821,25.85,25.631,25.68,63997,0
2017-01-19,25.765,25.773,25.519,25.641,23086,0
2017-01-20,25.67,25.67,25.262,25.48,73012,0
2017-01-23,25.537,25.698,25.484,25.641,33230,0
2017-01-24,25.547,25.698,25.51,25.519,23299,0
2017-01-25,25.49,25.533,25.073,25.126,159834,0
2017-01-26,25.092,25.198,25.083,25.129,64817,0
2017-01-27,25.129,25.198,25.047,25.066,64051,0
2017-01-30,25.037,25.073,24.922,25.073,46530,0
2017-01-31,25.083,25.198,25.02,25.149,43337,0
2017-02-01,25.208,25.208,25.073,25.159,51316,0
2017-02-02,25.208,25.3,25.083,25.295,38670,0
2017-02-03,25.234,25.433,25.218,25.3,35117,0
2017-02-06,25.32,25.381,25.3,25.31,23586,0
2017-02-07,25.329,25.378,25.225,25.291,43692,0
2017-02-08,25.32,25.378,25.234,25.295,39857,0
2017-02-09,25.329,25.448,25.31,25.385,102631,0
2017-02-10,25.349,25.414,25.272,25.291,50482,0
2017-02-13,25.395,25.404,25.188,25.253,69256,0
2017-02-14,25.21,25.312,25.093,25.14,57775,0
2017-02-15,25.122,25.245,25.074,25.084,49128,0
2017-02-16,25.093,25.17,25.038,25.038,49219,0
2017-02-17,25.17,25.227,25.084,25.17,31568,0
2017-02-21,25.16,25.224,25.084,25.17,20566,0
2017-02-22,25.13,25.274,25.13,25.203,40750,0
2017-02-23,25.235,25.339,25.227,25.312,43240,0
2017-02-24,25.312,25.312,25.245,25.296,25670,0
2017-02-27,25.292,25.388,25.245,25.292,23153,0
2017-02-28,25.362,25.381,25.235,25.312,35858,0
2017-03-01,25.255,25.322,25.244,25.284,35713,0
2017-03-02,25.245,25.569,25.245,25.284,30256,0
2017-03-03,25.245,25.371,25.245,25.264,17955,0
2017-03-06,25.274,25.362,25.196,25.322,26917,0
2017-03-07,25.274,25.292,25.2,25.227,15324,0
2017-03-08,25.2,25.238,24.978,24.978,56496,0
2017-03-09,24.905,24.988,24.492,24.522,54162,0
2017-03-10,24.572,24.826,24.522,24.826,40637,0
2017-03-13,24.714,24.816,24.619,24.636,41727,0
2017-03-14,24.581,24.77,24.581,24.664,15374,0
2017-03-15,24.761,25.028,24.705,24.988,32031,0
2017-03-16,25.093,25.245,24.959,25.245,31124,0
2017-03-17,25.274,25.523,25.245,25.514,32055,0
2017-03-20,25.608,25.76,25.523,25.76,57403,0
2017-03-21,25.695,25.743,25.37,25.417,24776,0
2017-03-22,25.417,25.551,25.381,25.474,49640,0
2017-03-23,25.504,25.589,25.464,25.561,34911,0
2017-03-24,25.589,25.589,25.388,25.407,27341,0
2017-03-27,25.388,25.388,25.188,25.301,33802,0
2017-03-28,25.321,25.38,25.283,25.292,39532,0
2017-03-29,25.361,25.361,25.254,25.292,36535,0
2017-03-30,25.301,25.366,25.263,25.341,31938,0
2017-03-31,25.341,25.48,25.341,25.417,33515,0
2017-04-03,25.589,25.887,25.494,25.657,26832,0
2017-04-04,25.676,25.819,25.661,25.81,37911,0
2017-04-05,25.829,25.829,25.676,25.733,16230,0
2017-04-06,25.733,25.839,25.676,25.752,16687,0
2017-04-07,25.8,25.915,25.713,25.915,19846,0
2017-04-10,25.887,25.963,25.849,25.925,28617,0
2017-04-11,25.877,26.059,25.877,26.002,35927,0
2017-04-12,26.011,26.059,25.8,25.849,56499,0
2017-04-13,25.81,25.963,25.698,25.705,22359,0
2017-04-17,25.724,25.848,25.676,25.743,27407,0
2017-04-18,25.754,25.947,25.754,25.928,14076,0
2017-04-19,25.889,25.956,25.802,25.812,29370,0
2017-04-20,25.802,25.947,25.773,25.878,12380,0
2017-04-21,25.716,25.827,25.6,25.802,50487,0
2017-04-24,25.899,25.976,25.832,25.976,32542,0
2017-04-25,25.986,26.034,25.908,25.908,28240,0
2017-04-26,25.918,25.977,25.899,25.937,16478,0
2017-04-27,25.899,26.092,25.88,26.015,42539,0
2017-04-28,26.15,26.217,26.101,26.13,47804,0
2017-05-01,26.41,26.41,26.189,26.208,25035,0
2017-05-02,26.304,26.419,26.255,26.255,39298,0
2017-05-03,26.4,26.564,26.349,26.439,34193,0
2017-05-04,26.564,26.631,26.401,26.631,24647,0
2017-05-05,26.671,26.821,26.613,26.74,16652,0
2017-05-08,26.69,26.989,26.526,26.921,15880,0
2017-05-09,26.979,26.979,26.872,26.931,25101,0
2017-05-10,26.835,26.969,26.835,26.916,22329,0
2017-05-11,26.892,26.91,26.372,26.468,48956,0
2017-05-12,26.593,26.604,26.517,26.526,13041,0
2017-05-15,26.536,26.892,26.499,26.864,35541,0
2017-05-16,26.758,26.923,26.691,26.894,22135,0
2017-05-17,26.719,26.874,26.719,26.79,11589,0
2017-05-18,26.632,26.815,26.632,26.75,15777,0
2017-05-19,26.709,26.866,26.709,26.814,11315,0
2017-05-22,26.962,27.049,26.884,27.03,34223,0
2017-05-23,27.068,27.068,26.958,26.967,17626,0
2017-05-24,27.011,27.057,26.972,27.011,22793,0
2017-05-25,27.002,27.059,26.992,27.021,7584,0
2017-05-26,27.137,27.137,27.049,27.128,10838,0
2017-05-30,27.078,27.243,27.078,27.176,18468,0
2017-05-31,27.253,27.263,27.039,27.128,31990,0
2017-06-01,27.253,27.388,27.225,27.346,21877,0
2017-06-02,27.312,27.374,27.186,27.239,13552,0
2017-06-05,27.312,27.369,27.176,27.283,28801,0
2017-06-06,27.233,27.273,27.147,27.167,22675,0
2017-06-07,27.137,27.176,27.108,27.133,18559,0
2017-06-08,27.098,27.147,27.053,27.118,23105,0
2017-06-09,27.118,27.167,27.086,27.157,24332,0
2017-06-12,27.118,27.147,27.059,27.125,15683,0
2017-06-13,27.03,27.369,27.03,27.369,22920,0
2017-06-14,27.398,27.398,27.278,27.379,17848,0
2017-06-15,27.379,27.383,27.312,27.343,10254,0
2017-06-16,27.359,27.428,27.331,27.428,44702,0
2017-06-19,27.408,27.623,27.341,27.588,18713,0
2017-06-20,27.654,27.839,27.546,27.692,19333,0
2017-06-21,27.741,27.741,27.429,27.449,25704,0
2017-06-22,27.654,27.654,27.322,27.478,20249,0
2017-06-23,27.517,27.517,27.319,27.478,14253,0
2017-06-26,27.478,27.546,27.478,27.478,25163,0
2017-06-27,27.536,27.604,27.488,27.536,29369,0
2017-06-28,27.575,27.663,27.472,27.478,22246,0
2017-06-29,27.459,27.526,27.389,27.488,24886,0
2017-06-30,27.555,27.741,27.447,27.721,35028,0
2017-07-03,27.741,27.741,27.668,27.741,11430,0
2017-07-05,27.721,27.721,27.595,27.683,24330,0
2017-07-06,27.517,27.731,27.517,27.721,22134,0
2017-07-07,27.555,27.654,27.517,27.555,25309,0
2017-07-10,27.741,27.761,27.644,27.761,49976,0
2017-07-11,27.761,27.761,27.634,27.761,17412,0
2017-07-12,27.761,27.819,27.711,27.781,16774,0
2017-07-13,27.781,27.791,27.536,27.585,22490,0
2017-07-14,27.625,27.8,27.625,27.751,16808,0
2017-07-17,27.771,27.8,27.69,27.766,18394,0
2017-07-18,27.986,27.996,27.791,27.996,37514,0
2017-07-19,27.977,27.986,27.909,27.977,12154,0
2017-07-20,27.986,27.996,27.918,27.986,14817,0
2017-07-21,28.095,28.095,27.888,27.96,29641,0
2017-07-24,27.986,27.986,27.8,27.888,17519,0
2017-07-25,27.948,28.043,27.859,28.006,23363,0
2017-07-26,27.938,28.026,27.938,28.026,13372,0
2017-07-27,27.986,28.085,27.891,28.045,16950,0
2017-07-28,28.085,28.359,27.967,28.359,24507,0
2017-07-31,28.369,28.389,28.075,28.192,44412,0
2017-08-01,28.389,28.389,28.192,28.262,34774,0
2017-08-02,28.242,28.626,28.242,28.626,28660,0
2017-08-03,28.586,28.634,28.399,28.459,26055,0
2017-08-04,28.434,28.457,28.232,28.232,21678,0
2017-08-07,28.232,28.415,28.232,28.262,14528,0
2017-08-08,28.272,28.434,27.81,27.898,72473,0
2017-08-09,27.839,27.928,27.75,27.791,18986,0
2017-08-10,27.741,27.741,26.749,26.975,46453,0
2017-08-11,26.759,27.358,26.541,27.242,48231,0
2017-08-14,27.171,27.825,27.171,27.574,34712,0
2017-08-15,27.624,27.87,27.545,27.801,21074,0
2017-08-16,27.821,27.85,27.742,27.821,28776,0
2017-08-17,27.663,27.792,27.485,27.515,23611,0
2017-08-18,27.515,27.663,27.465,27.564,29432,0
2017-08-21,27.515,27.554,27.416,27.446,17676,0
2017-08-22,27.446,27.604,27.436,27.574,20440,0
2017-08-23,27.574,27.574,27.446,27.485,10495,0
2017-08-24,27.485,27.495,27.436,27.446,9805,0
2017-08-25,27.436,27.505,27.386,27.505,13123,0
2017-08-28,27.495,27.574,27.406,27.445,18531,0
2017-08-29,27.406,27.481,27.395,27.396,14536,0
2017-08-30,27.367,27.525,27.367,27.485,10954,0
2017-08-31,27.584,27.614,27.474,27.614,20192,0
2017-09-01,27.663,27.821,27.574,27.703,12759,0
2017-09-05,27.703,27.759,27.446,27.505,17168,0
2017-09-06,27.446,27.614,27.446,27.535,18791,0
2017-09-07,27.505,27.643,27.377,27.377,23393,0
2017-09-08,27.377,27.445,27.219,27.219,24977,0
2017-09-11,27.475,27.48,27.288,27.386,29786,0
2017-09-12,27.347,27.475,27.344,27.436,18185,0
2017-09-13,27.465,27.515,27.396,27.426,18615,0
2017-09-14,27.367,27.515,27.327,27.446,36798,0
2017-09-15,27.347,27.535,27.347,27.465,23845,0
2017-09-18,27.485,27.571,27.446,27.465,34064,0
2017-09-19,27.475,27.585,27.436,27.585,23817,0
2017-09-20,27.505,27.634,27.505,27.625,24957,0
2017-09-21,27.624,27.634,27.539,27.625,11877,0
2017-09-22,27.634,27.714,27.545,27.673,25980,0
2017-09-25,27.684,27.684,27.599,27.644,17137,0
2017-09-26,27.605,27.794,27.585,27.794,19651,0
2017-09-27,27.654,27.812,27.654,27.794,15084,0
2017-09-28,27.794,27.893,27.684,27.893,12591,0
2017-09-29,28.122,28.122,27.95,28.082,30590,0
2017-10-02,28.261,28.261,28.078,28.191,16514,0
2017-10-03,28.042,28.201,28.042,28.191,19734,0
2017-10-04,28.181,28.261,28.161,28.221,18811,0
2017-10-05,28.151,28.261,28.151,28.161,15558,0
2017-10-06,28.131,28.131,28.022,28.032,9648,0
2017-10-09,28.062,28.192,28.026,28.181,10032,0
2017-10-10,28.072,28.44,28.072,28.35,24360,0
2017-10-11,28.728,28.728,28.454,28.509,15922,0
2017-10-12,28.519,28.658,28.519,28.529,28904,0
2017-10-13,28.629,28.684,28.44,28.44,101020,0
2017-10-16,28.479,28.552,28.38,28.38,17971,0
2017-10-17,28.49,28.49,28.3194,28.35,17923,0
2017-10-18,28.33,28.33,28.21,28.21,14343,0
2017-10-19,28.22,28.237,28.02,28.03,14708,0
2017-10-20,28,28.0999,27.97,28,22530,0
2017-10-23,28,28.0663,27.97,27.99,24809,0
2017-10-24,28.02,28.09,27.98,28,17966,0
2017-10-25,27.96,27.9759,27.64,27.68,24801,0
2017-10-26,27.72,27.8096,27.72,27.75,24801,0
2017-10-27,27.79,27.82,27.69,27.72,42654,0
2017-10-30,27.73,27.98,27.73,27.94,37237,0
2017-10-31,28.017,28.29,28.017,28.29,22853,0
2017-11-01,28.45,28.45,28.2111,28.27,31796,0
2017-11-02,28.23,28.35,28.23,28.33,11196,0
2017-11-03,28.23,28.3,28.2,28.2,19915,0
2017-11-06,28.17,28.19,28.1,28.1,18378,0
2017-11-07,28.12,28.1544,28.1,28.1544,18062,0
2017-11-08,28.16,28.26,28.16,28.23,7702,0
2017-11-09,28.19,28.34,28.15,28.25,26477,0
2017-11-10,28.35,28.35,28.1899,28.26,10041,0
