2016-01-04,50.05,51.19,47,47.93,907488,0
2016-01-05,47.97,49.7899,46.595,48.16,322381,0
2016-01-06,47.12,48.5,45.6,45.71,329029,0
2016-01-07,44.68,45.249,43.17,43.57,655761,0
2016-01-08,43.75,44.4154,42.31,42.42,235097,0
2016-01-11,42.55,42.912,37.44,38.62,1024774,0
2016-01-12,39.08,40.82,39.0601,40.53,1053604,0
2016-01-13,40.77,41.13,37.18,37.47,984174,0
2016-01-14,37.61,38.66,36.214,38.03,715095,0
2016-01-15,36.39,37.47,35.99,37.26,521197,0
2016-01-19,37.78,38.32,33.92,34.9,680900,0
2016-01-20,34.2,36.28,32.33,35.32,651567,0
2016-01-21,35.42,37.36,34.65,35.49,621027,0
2016-01-22,36.42,37.88,35.63,36.93,615081,0
2016-01-25,36.72,38.04,36.245,36.51,611874,0
2016-01-26,36.77,36.77,34.79,35.64,491663,0
2016-01-27,35.53,36.21,33.42,33.49,552390,0
2016-01-28,34.14,34.2999,31.96,32.33,535964,0
2016-01-29,32.76,33.67,31.325,33.03,1119925,0
2016-02-01,33.5,34.88,32.795,33.81,1332253,0
2016-02-02,33.24,34.33,32.62,33.78,475437,0
2016-02-03,33.97,34.35,32.01,33.53,418212,0
2016-02-04,33.28,35.32,32.96,33.52,406109,0
2016-02-05,33.33,34.28,30.73,30.97,516011,0
2016-02-08,30.3,30.3,28.17,29.09,885696,0
2016-02-09,28.55,30.17,28.03,29.05,598633,0
2016-02-10,29.36,30.92,29.27,30.07,575130,0
2016-02-11,29.31,29.84,28.265,28.93,852874,0
2016-02-12,29.9,30.22,28.9005,29.84,712175,0
2016-02-16,30.19,31.19,30.13,31,466860,0
2016-02-17,31.58,32.1,30.85,31.42,881597,0
2016-02-18,31.25,32.2699,29.05,29.2,1094287,0
2016-02-19,29,29.78,28.34,29.7,755999,0
2016-02-22,30.3,31.23,29.44,30.04,572848,0
2016-02-23,29.64,30.45,27.7,28,1151109,0
2016-02-24,27.79,29.59,27.03,28.85,1072346,0
2016-02-25,29.09,29.73,27.85,28.23,719081,0
2016-02-26,28.51,29.49,26.1,27.79,1035722,0
2016-02-29,27.75,29.115,27.75,28.17,866649,0
2016-03-01,28.45,30.26,28.17,30.2,576835,0
2016-03-02,30.27,33.28,30.03,31.64,932337,0
2016-03-03,31.79,32.13,30.5,30.75,449224,0
2016-03-04,30.67,31.0655,29.64,29.71,470089,0
2016-03-07,29.48,30.79,28.8,30.51,447757,0
2016-03-08,30.52,30.89,28.77,28.95,454651,0
2016-03-09,29.24,29.59,27.67,28.99,889119,0
2016-03-10,29.21,29.29,27.51,28.2,579131,0
2016-03-11,28.67,29.63,28.19,29.44,504098,0
2016-03-14,29.29,31.1,29.29,30.51,717694,0
2016-03-15,30.24,30.67,27.94,28.01,627784,0
2016-03-16,27.79,28.89,27.0001,27.66,522648,0
2016-03-17,27.69,28.13,26.2,27.43,818292,0
2016-03-18,27.56,28.64,26.68,28.5,1251580,0
2016-03-21,28.46,29.68,28.165,28.84,832048,0
2016-03-22,28.63,29.825,28.59,29.39,665782,0
2016-03-23,29.69,29.95,28.35,28.62,904068,0
2016-03-24,21.04,23.15,20,20.27,14702730,0
2016-03-28,20.08,20.49,18.2,19.01,4999161,0
2016-03-29,19.01,20.4189,18.6501,19.71,1416660,0
2016-03-30,19.8,21.19,19.6,20.2,1478886,0
2016-03-31,20.22,20.81,20.02,20.4,1195300,0
2016-04-01,20.22,21.58,20.17,21.29,1513654,0
2016-04-04,21.55,22.75,21.215,22.19,1243175,0
2016-04-05,22,22.94,21.852,22.48,805148,0
2016-04-06,22.56,24.389,22.56,24.17,892047,0
2016-04-07,24.2,24.24,22.79,23.3,988398,0
2016-04-08,23.64,24.05,23.14,23.66,745239,0
2016-04-11,23.74,23.96,23.22,23.27,717012,0
2016-04-12,23.63,23.997,22.17,23.67,757706,0
2016-04-13,23.86,24.35,23.57,24.08,597537,0
2016-04-14,24.15,24.3,23.6,23.92,426074,0
2016-04-15,23.78,24.07,23.26,23.98,355335,0
2016-04-18,24.22,24.3,23.5752,24.27,366692,0
2016-04-19,24.26,24.555,23.6,24.19,633735,0
2016-04-20,24.24,25.08,24.13,24.91,596230,0
2016-04-21,24.76,25.41,24.305,25.06,555666,0
2016-04-22,24.94,25.59,24.65,25.51,381278,0
2016-04-25,25.34,25.6,24.75,25.53,375207,0
2016-04-26,25.41,25.64,24.49,25.12,624730,0
2016-04-27,25.03,25.34,24.05,24.68,494365,0
2016-04-28,24.45,25.38,24.27,24.56,445108,0
2016-04-29,24.41,24.94,23.43,23.76,524015,0
2016-05-02,23.86,24.5,23.1,24.45,518572,0
2016-05-03,24.26,24.855,23.17,23.34,475661,0
2016-05-04,22.98,23.57,21.65,22.29,673142,0
2016-05-05,22.17,22.49,21.35,21.9,442349,0
2016-05-06,21.05,21.94,20.35,21.8,753986,0
2016-05-09,21.8,25.18,21.75,23.47,884410,0
2016-05-10,23.48,23.94,22.89,23.78,347759,0
2016-05-11,23.63,24.34,23.35,23.4,319778,0
2016-05-12,23.55,23.55,22.15,22.44,662353,0
2016-05-13,22.45,23.73,22.11,23.73,736697,0
2016-05-16,23.94,25.24,23.51,25.16,768541,0
2016-05-17,24.97,25.7,24.39,24.59,645429,0
2016-05-18,24.63,26.45,24.185,25.91,668536,0
2016-05-19,25.76,26.66,24.59,25.72,600256,0
2016-05-20,25.83,26.22,25.22,26.09,326403,0
2016-05-23,25.97,26.97,25.86,26.62,462229,0
2016-05-24,26.98,27.44,26.39,26.96,481191,0
2016-05-25,27.18,27.48,26.2411,26.59,563058,0
2016-05-26,26.54,26.93,26.02,26.29,500823,0
2016-05-27,27.93,27.98,24.65,27.5,1432800,0
2016-05-31,26.67,27.84,26.62,27.48,940430,0
2016-06-01,27.55,27.61,26.68,27.16,732628,0
2016-06-02,27.23,28.74,26.9,28.05,546148,0
2016-06-03,27.87,27.9475,26.94,27,865030,0
2016-06-06,26.89,28.21,26.7,28.19,448312,0
2016-06-07,27.95,28,27,27.02,307867,0
2016-06-08,27.08,27.566,26.91,27.12,373164,0
2016-06-09,26.92,27.48,26.57,26.84,464285,0
2016-06-10,26.44,26.71,26.1,26.37,254745,0
2016-06-13,26.14,26.8,25.97,26.09,369061,0
2016-06-14,26.02,26.39,24.98,25.37,677332,0
2016-06-15,25.5,25.945,25.33,25.36,494433,0
2016-06-16,25.19,25.45,24.71,25.07,320723,0
2016-06-17,25.15,25.69,24.1,24.19,573770,0
2016-06-20,24.64,24.95,24.08,24.12,333492,0
2016-06-21,24.3,24.35,23.22,23.83,446248,0
2016-06-22,23.87,24.59,23.59,23.85,404646,0
2016-06-23,24.28,24.46,23.9169,24.41,452687,0
2016-06-24,23.28,23.72,22.7,23.16,519152,0
2016-06-27,23.07,23.29,22.2,22.5,404877,0
2016-06-28,22.91,23.94,22.84,23.84,429384,0
2016-06-29,24.23,24.46,23.76,23.91,453710,0
2016-06-30,23.93,24.35,23.51,23.6,437849,0
2016-07-01,23.75,24.3,23.16,23.81,452700,0
2016-07-05,23.74,23.89,23.32,23.66,350837,0
2016-07-06,23.6,24.29,23.45,24.22,371355,0
2016-07-07,24.33,24.7269,23.68,23.95,318103,0
2016-07-08,23.97,24.28,23.56,24.27,415232,0
2016-07-11,24.45,24.48,23.81,23.82,302404,0
2016-07-12,24.04,24.21,23.8,23.83,411319,0
2016-07-13,24.05,24.24,22.63,22.65,355431,0
2016-07-14,23,23.01,22.34,22.5,344305,0
2016-07-15,22.57,22.9,22.44,22.51,674011,0
2016-07-18,22.5,22.881,22.01,22.77,402777,0
2016-07-19,22.85,23.15,22.07,22.45,492158,0
2016-07-20,22.91,23.73,22.46,23.61,582612,0
2016-07-21,23.83,24.72,23.715,23.93,596644,0
2016-07-22,24.11,24.4,23.61,24.2,386845,0
2016-07-25,24.65,24.97,24.22,24.74,701799,0
2016-07-26,24.68,25.34,24.48,25.15,452684,0
2016-07-27,25.25,25.98,25.19,25.93,558217,0
2016-07-28,26.41,26.47,25.75,25.92,523604,0
2016-07-29,25.92,26.079,25.7,25.96,685571,0
2016-08-01,26.25,27.56,26.2,26.71,756523,0
2016-08-02,27.02,27.25,25.96,26.92,614800,0
2016-08-03,27,27.34,26.74,27.26,781034,0
2016-08-04,27.53,28.51,27.41,27.77,842656,0
2016-08-05,27.82,28.18,27.41,27.6,721671,0
2016-08-08,27.65,27.9,26.56,26.75,670531,0
2016-08-09,27.67,27.67,25.6,26.5,664966,0
2016-08-10,27.4,27.478,25.34,25.37,947494,0
2016-08-11,25.48,27.07,24.631,26.53,1796781,0
2016-08-12,26.69,27.89,26.43,27.61,864239,0
2016-08-15,28.25,28.6,27.26,27.69,1122612,0
2016-08-16,27.78,27.9399,26.6,26.61,1367056,0
2016-08-17,27.09,27.1599,20.86,23.69,3434501,0
2016-08-18,19.11,21.5,18.3,20.12,10548310,0
2016-08-19,20.21,20.44,19.31,19.59,2726759,0
2016-08-22,19.62,19.85,18.67,19.22,1978982,0
2016-08-23,19.23,20.19,19.22,20.05,1336384,0
2016-08-24,20.04,21.55,20.03,20.41,2576343,0
2016-08-25,20.41,20.87,19.32,19.8,1339697,0
2016-08-26,19.63,20.64,19.63,20.16,870082,0
2016-08-29,20.56,20.6195,20.011,20.38,779111,0
2016-08-30,20.43,21.14,20.25,20.59,1808272,0
2016-08-31,20.75,20.75,20.12,20.36,990377,0
2016-09-01,20.72,20.99,20.495,20.86,792552,0
2016-09-02,20.86,21.4,20.58,21.03,832782,0
2016-09-06,21.15,21.47,20.95,21.34,782135,0
2016-09-07,21.38,22.7,21.34,22.56,1145813,0
2016-09-08,22.44,22.83,21.92,22.645,501018,0
2016-09-09,22.31,22.78,21.48,21.49,680271,0
2016-09-12,21.26,21.97,20.92,21.95,670631,0
2016-09-13,21.71,21.9299,21,21.62,602491,0
2016-09-14,21.76,22.56,21.7277,22.5,640908,0
2016-09-15,22.49,23.08,22.28,23.03,479822,0
2016-09-16,23.29,24.36,23.29,23.6,1424127,0
2016-09-19,23.67,23.92,22.679,23.09,911911,0
2016-09-20,23.3,23.84,23.06,23.48,534686,0
2016-09-21,23.5,24.12,23.03,23.8,594227,0
2016-09-22,23.92,24,23.42,23.72,620249,0
2016-09-23,23.57,23.9,23.18,23.2,473864,0
2016-09-26,23,23.2,22.76,22.88,416649,0
2016-09-27,22.81,23.4,22.605,23.26,503045,0
2016-09-28,23.25,23.445,22.71,23.28,325234,0
2016-09-29,23.19,23.385,22.57,22.69,419164,0
2016-09-30,22.71,23.04,22.48,22.72,466222,0
2016-10-03,22.67,23.08,22.28,22.69,629490,0
2016-10-04,22.72,22.84,22.33,22.54,311787,0
2016-10-05,22.48,23.16,22.43,22.88,586625,0
2016-10-06,22.6,22.6422,21.32,21.68,1348346,0
2016-10-07,22.45,22.45,21.06,21.32,614816,0
2016-10-10,21.5,22.219,21.39,21.94,617936,0
2016-10-11,21.7,22.1,20.85,21.06,527275,0
2016-10-12,20.95,21.14,20.26,20.46,601436,0
2016-10-13,20.1,21.35,20.1,20.97,514919,0
2016-10-14,21.13,21.68,20.65,20.69,432275,0
2016-10-17,20.73,21.17,20.37,20.47,496788,0
2016-10-18,20.71,21.06,20.29,20.34,492904,0
2016-10-19,20.24,20.25,19.17,19.19,1016217,0
2016-10-20,19,19.8,18.75,19.62,992926,0
2016-10-21,19.4,19.61,19.13,19.23,483721,0
2016-10-24,19.25,19.63,19.19,19.5,621431,0
2016-10-25,20.01,20.2255,19.54,19.76,548707,0
2016-10-26,19.77,20.09,19.5,19.96,675863,0
2016-10-27,20.01,20.2499,19.83,20.01,588803,0
2016-10-28,19.91,20.185,19.51,20.03,1255019,0
2016-10-31,19.92,19.9702,18.16,18.18,1056664,0
2016-11-01,18.36,19.17,17.83,18.32,783216,0
2016-11-02,18.3,18.418,17.622,17.73,725790,0
2016-11-03,17.7,17.85,16.8,17.04,1110242,0
2016-11-04,17.01,17.87,16.91,17.65,665045,0
2016-11-07,17.94,18.7,17.655,18.65,992814,0
2016-11-08,17.9,17.98,15.68,16.25,2028633,0
2016-11-09,16.81,19.06,16.8,18.37,2224710,0
2016-11-10,18.92,19.43,17.55,17.98,1594341,0
2016-11-11,17.98,18.53,17.41,18.24,917212,0
2016-11-14,18.32,18.89,17.83,18.83,872777,0
2016-11-15,19,19.14,18.14,18.59,627697,0
2016-11-16,18.51,19.48,18.324,18.75,1100685,0
2016-11-17,18.83,19.17,18.48,19.03,543125,0
2016-11-18,19.14,19.425,18.86,19.32,539443,0
2016-11-21,19.22,19.22,18.4997,18.8,542767,0
2016-11-22,18.79,18.97,18.07,18.24,716747,0
2016-11-23,17.99,18.96,17.58,18.93,508588,0
2016-11-25,19.03,19.23,18.54,19.2,196414,0
2016-11-28,18.91,19.155,18.25,18.34,518329,0
2016-11-29,18.44,18.98,18.34,18.77,539906,0
2016-11-30,18.84,18.96,17.85,17.99,516211,0
2016-12-01,17.81,18.12,17.21,17.32,677589,0
2016-12-02,17.33,18.16,17.15,17.94,620668,0
2016-12-05,18.12,18.72,17.915,18.58,621961,0
2016-12-06,18.69,18.995,18.18,18.98,545913,0
2016-12-07,18.69,18.88,17.7087,18.12,689175,0
2016-12-08,18.01,18.28,17.48,18.22,647062,0
2016-12-09,18.38,18.83,18.36,18.62,473810,0
2016-12-12,18.49,18.57,18.13,18.3,365574,0
2016-12-13,18.41,18.6,18.168,18.48,958785,0
2016-12-14,18.5,18.76,17.94,18.21,610964,0
2016-12-15,18.21,18.48,17.74,18.34,765928,0
2016-12-16,18.37,18.91,18.295,18.82,1515277,0
2016-12-19,18.87,21.2,18.87,20.24,1369001,0
2016-12-20,20,20.27,19.25,19.62,915953,0
2016-12-21,19.67,19.69,19.16,19.18,477551,0
2016-12-22,19.3,19.51,18.628,18.73,619700,0
2016-12-23,18.71,26.36,18.71,25.06,8310258,0
2016-12-27,25.1,25.24,22.71,22.79,4269242,0
2016-12-28,22.9,23.53,22.8,22.93,1635167,0
2016-12-29,23,23.5,22.17,22.29,1395164,0
2016-12-30,22.29,22.92,22.1995,22.44,917241,0
2017-01-03,22.89,23.4188,22.53,22.82,1072936,0
2017-01-04,22.96,24.99,22.71,24.69,1279689,0
2017-01-05,24.82,25.45,24.56,24.97,1374014,0
2017-01-06,25,25.935,25,25.46,929877,0
2017-01-09,26.14,26.1493,24.99,25.63,1201444,0
2017-01-10,25.73,25.76,24.8,25.34,1033176,0
2017-01-11,25.38,25.7,23.6971,24.25,968033,0
2017-01-12,24.5,25.43,23.85,24.95,1087052,0
2017-01-13,25.17,26.47,24.98,25.14,1612030,0
2017-01-17,25.04,25.13,24.15,24.9,718732,0
2017-01-18,25.04,25.62,24.6,25.59,902167,0
2017-01-19,25.44,26.02,25.22,25.42,651630,0
2017-01-20,25.48,25.59,24.55,24.81,980072,0
2017-01-23,24.93,25.39,24.53,25.08,575742,0
2017-01-24,25.13,25.305,24.6,25.23,562907,0
2017-01-25,25.48,25.59,24.87,25.4,478262,0
2017-01-26,25.35,25.71,25.1501,25.24,510759,0
2017-01-27,25.12,25.65,24.71,25.57,473745,0
2017-01-30,25.57,25.64,24.7,25.54,697950,0
2017-01-31,25.22,27.8,24.911,27.25,1249218,0
2017-02-01,27.5,27.79,26.74,27.58,662907,0
2017-02-02,27.41,28.61,27.26,28.5,933615,0
2017-02-03,29.65,29.8,28.05,29.28,1182818,0
2017-02-06,29.16,29.28,27.92,28.36,813233,0
2017-02-07,28.35,28.59,27.93,28.28,450770,0
2017-02-08,29.65,29.81,26.9,27.35,3605736,0
2017-02-09,27.35,27.8,26.94,27.17,1566131,0
2017-02-10,27.25,29.334,27.12,29.06,2228174,0
2017-02-13,29.14,30.41,28.43,30.15,2187872,0
2017-02-14,30.06,30.78,29.62,30.29,1336062,0
2017-02-15,30.2,30.96,30.08,30.76,1587732,0
2017-02-16,30.85,30.96,29.64,30.28,1323794,0
2017-02-17,30.27,31.98,30.2,31.68,1428976,0
2017-02-21,31.8,32.93,31.24,32.66,1556058,0
2017-02-22,32.6,32.66,31.86,32.14,1028946,0
2017-02-23,32.05,32.31,31.09,32.16,975604,0
2017-02-24,32.74,33.68,32.335,33.5,1026862,0
2017-02-27,33.5,35.135,33.18,34.99,1244478,0
2017-02-28,35,35.9,34.52,34.68,1589503,0
2017-03-01,32,38.74,29.5,37.81,2575219,0
2017-03-02,37.57,39.97,37.13,37.54,2114552,0
2017-03-03,37.5,39.11,37.01,38.55,1026457,0
2017-03-06,38.26,38.95,37.64,38.75,898612,0
2017-03-07,38.3,39.44,37.95,37.96,1006652,0
2017-03-08,37.85,39.182,37.55,37.95,1383613,0
2017-03-09,38.02,38.97,37.761,38.02,1319715,0
2017-03-10,38.16,38.65,37.84,38.23,1279099,0
2017-03-13,38.2997,38.7,37.658,38.38,1050191,0
2017-03-14,38.71,39.96,38.39,39.57,1095014,0
2017-03-15,39.59,40.92,39.58,40.86,1076034,0
2017-03-16,40.88,41.27,40.01,40.2,905372,0
2017-03-17,39.94,40.168,39.14,39.44,1442733,0
2017-03-20,39.67,40.53,39.28,40.42,918105,0
2017-03-21,40.46,40.97,37.85,37.98,1448272,0
2017-03-22,37.95,38.87,37.82,38.51,951506,0
2017-03-23,38.41,38.83,37.77,38.23,984209,0
2017-03-24,38.09,38.89,38.04,38.44,500778,0
2017-03-27,38.1,39.3,37.608,39.12,1024300,0
2017-03-28,39.1,39.63,38.66,39.23,502674,0
2017-03-29,39.27,39.69,38.86,39.18,676946,0
2017-03-30,38.88,39.33,38.72,38.9,510013,0
2017-03-31,38.8,39.7,38.8,39.19,554640,0
2017-04-03,39.18,40,38.885,38.96,759146,0
2017-04-04,38.95,40.63,38.8,39.09,847769,0
2017-04-05,39.22,39.72,37.9328,38.1,614691,0
2017-04-06,38.17,38.2,36.38,36.62,1114042,0
2017-04-07,36.52,36.6499,35.58,36.51,1344897,0
2017-04-10,36.51,37.3042,36.17,36.4,481449,0
2017-04-11,36.06,36.7,35.22,36.44,655912,0
2017-04-12,36.25,37.895,35.56,36.97,1233455,0
2017-04-13,36.87,38.21,36.805,38.01,973512,0
2017-04-17,38,38.65,37.81,38.19,394485,0
2017-04-18,38.11,38.44,37.68,37.89,507273,0
2017-04-19,38.21,38.92,37.92,38.06,542816,0
2017-04-20,38.18,38.85,38.02,38.22,424624,0
2017-04-21,38.21,38.53,37.96,38.2,351328,0
2017-04-24,38.67,39,38.36,38.98,397214,0
2017-04-25,39.1,40.14,39.1,39.63,650107,0
2017-04-26,39.64,39.889,38.74,38.77,572620,0
2017-04-27,38.86,40.14,38.86,39.64,724624,0
2017-04-28,39.64,40.14,39.11,39.99,601528,0
2017-05-01,40.09,40.99,39.85,40.66,398534,0
2017-05-02,40.86,40.86,39.2,40.41,592098,0
2017-05-03,39.51,40.48,39.02,40.05,318111,0
2017-05-04,40.04,40.125,39.2401,39.41,458317,0
2017-05-05,39.43,39.65,38.06,38.24,599339,0
2017-05-08,38.35,38.749,37.17,37.31,801917,0
2017-05-09,38.58,42.42,38.23,42.08,1935912,0
2017-05-10,42.04,42.74,41.05,41.57,755078,0
2017-05-11,41.26,41.86,40.83,41.61,550929,0
2017-05-12,41.47,42.19,41.2723,41.5,437330,0
2017-05-15,41.5,42.02,41.056,41.6,542410,0
2017-05-16,41.59,41.89,40.77,41.17,510641,0
2017-05-17,40.5,41.02,39.29,39.41,668288,0
2017-05-18,39.42,40.5,39.11,39.68,594230,0
2017-05-19,39.67,40.1,38.76,38.88,535059,0
2017-05-22,38.85,39.55,38.24,38.43,423233,0
2017-05-23,38.52,38.8807,38.24,38.45,454810,0
2017-05-24,38.42,39.27,38.14,38.65,419659,0
2017-05-25,38.9,39.4599,37.66,37.93,606463,0
2017-05-26,37.9,38.06,36.63,36.72,563723,0
2017-05-30,36.7,37.49,35.32,36.01,725596,0
2017-05-31,36.4,37.05,35.62,36.85,575382,0
2017-06-01,37.06,37.513,36.33,36.41,982475,0
2017-06-02,36.55,37.69,36.5,37.38,664705,0
2017-06-05,37.5,37.89,36.5,37.55,516168,0
2017-06-06,37.47,38.4,37.22,37.33,402606,0
2017-06-07,37.34,37.94,36.8,37.45,419263,0
2017-06-08,37.5,38.5,37.0853,37.85,526142,0
2017-06-09,38,39.08,37.15,37.64,853951,0
2017-06-12,37.74,38,36.9574,37.19,624204,0
2017-06-13,37.2,37.62,36.7,37.07,615348,0
2017-06-14,37.17,37.4043,36.46,36.9,599542,0
2017-06-15,36.03,37.87,35.3,35.46,741456,0
2017-06-16,34.4,35.99,33.86,35.06,1402632,0
2017-06-19,33.37,37.2,32.5656,36.5,1911094,0
2017-06-20,36.5,39.12,36,39,1407841,0
2017-06-21,39.25,40.47,38.46,39.49,1378095,0
2017-06-22,39.57,40.78,37.9307,38.25,1379801,0
2017-06-23,38.2,57.9,37.6174,56.06,9221343,0
2017-06-26,58.25,60,54.76,56.91,5587696,0
2017-06-27,56.99,57,54.4,54.42,2238725,0
2017-06-28,55.3,55.8,53.87,55.42,1288258,0
2017-06-29,55.39,57.43,55.02,56.42,1307272,0
2017-06-30,56.25,57.1,55.8,56.17,822155,0
2017-07-03,56.4,56.9,55.4,56.52,424882,0
2017-07-05,56.4,57.5,55.75,56.79,997447,0
2017-07-06,56.41,58.261,55.84,57.63,969377,0
2017-07-07,58,58.64,56.635,58.48,1018516,0
2017-07-10,58.59,59.8,58.48,59.63,1007842,0
2017-07-11,60,63,59.52,61.7,1183847,0
2017-07-12,61.97,62.25,60.33,62.16,518278,0
2017-07-13,62.43,63.93,61.5616,63.15,752448,0
2017-07-14,63.24,63.87,62.06,62.42,645402,0
2017-07-17,62.86,64.15,62.59,63.24,657660,0
2017-07-18,63.5,65.34,63.5,64.93,715784,0
2017-07-19,65.29,67.1,64.7,64.98,612148,0
2017-07-20,66.06,66.0626,64.06,65.29,857341,0
2017-07-21,65.58,66.75,65.0051,66.04,1024717,0
2017-07-24,66.57,66.94,65.01,65.98,639026,0
2017-07-25,66.06,66.77,65.05,65.97,636800,0
2017-07-26,65.87,66.63,65.2,65.58,632913,0
2017-07-27,65.8,66.38,62.63,63.54,823458,0
2017-07-28,63.38,65.84,63,64.77,701401,0
2017-07-31,64.97,65.4,61.4077,61.7,972848,0
2017-08-01,61.84,63.35,59.55,61.11,1083274,0
2017-08-02,61.33,63.135,60.81,62.51,692275,0
2017-08-03,62.9,63.102,60.44,61.26,627141,0
2017-08-04,61.59,61.93,60.56,61.5,349975,0
2017-08-07,61.66,61.68,60.735,60.92,380150,0
2017-08-08,60.63,61.74,59.79,60.34,478927,0
2017-08-09,59.97,60.99,59.5567,60.39,578220,0
2017-08-10,56,57.74,54.32,56.05,2171095,0
2017-08-11,56.38,58.7182,55.37,55.68,1448262,0
2017-08-14,56.26,56.88,54.8202,55.08,1087802,0
2017-08-15,55.07,56.4,54.79,55.01,628715,0
2017-08-16,55,55.65,54.07,54.7,650552,0
2017-08-17,54.69,55.395,53.18,53.22,557257,0
2017-08-18,52.82,54.9225,52.64,53.99,694390,0
2017-08-21,53.94,55.68,53.5,55.56,679010,0
2017-08-22,55.5,56.04,54.875,55.93,331981,0
2017-08-23,55.35,56.86,55.35,56.28,384505,0
2017-08-24,57.27,59.65,56.89,59.19,749957,0
2017-08-25,59.81,60.97,56.61,56.84,783752,0
2017-08-28,57.1,59.91,57.06,59.74,719419,0
2017-08-29,58.9,60.5,58.48,60.38,623180,0
2017-08-30,60.32,61.81,59.59,60.67,638972,0
2017-08-31,61.08,63.565,60.6619,63.46,740957,0
2017-09-01,63.46,64.555,62.15,62.93,599298,0
2017-09-05,62.5,62.5,57.74,59.49,1131665,0
2017-09-06,59,59.94,55.66,58.38,1434878,0
2017-09-07,56.86,59.32,56.85,57.03,849499,0
2017-09-08,56.68,57.7599,56.2073,57.31,628020,0
2017-09-11,57.39,58.3645,55.44,55.71,784915,0
2017-09-12,54.2,57.7,54.2,56.96,1380664,0
2017-09-13,55.32,55.55,54.32,55,4570332,0
2017-09-14,55.23,55.37,54.75,54.84,1238355,0
2017-09-15,54.94,55.24,54.43,54.95,1974778,0
2017-09-18,55,56.91,54.7142,56.57,1310390,0
2017-09-19,53.5,53.89,49.45,52.09,4510208,0
2017-09-20,52.52,53.85,52.171,52.67,1547715,0
2017-09-21,52.76,53.28,52.03,52.78,944057,0
2017-09-22,52.8,54.51,52.57,54.12,1211916,0
2017-09-25,53.89,54.73,52.8316,53.89,1117640,0
2017-09-26,54,54.1929,52.01,52.03,708082,0
2017-09-27,52.13,54.47,52.06,53.75,686219,0
2017-09-28,53.89,55.25,53.1689,53.82,675579,0
2017-09-29,54,54.41,53.1384,54.03,829850,0
2017-10-02,53.68,55.86,53.485,54.39,979177,0
2017-10-03,54.71,54.98,52.7,54.17,1257755,0
2017-10-04,54.23,54.85,53.26,53.93,777586,0
2017-10-05,54.23,54.32,53.15,53.82,610254,0
2017-10-06,54.01,55.83,53.4,55.53,1078964,0
2017-10-09,55.54,55.87,54.76,54.97,410824,0
2017-10-10,54.75,55.41,53.73,54.75,478158,0
2017-10-11,54.63,54.79,53.82,54.38,598328,0
2017-10-12,54.5,54.81,53.08,53.29,776333,0
2017-10-13,53.53,53.53,51.31,51.42,735146,0
2017-10-16,51.27,52.66,50.68,50.87,599820,0
2017-10-17,51.06,51.84,50,50.5,849994,0
2017-10-18,50.5,51.088,50.11,50.29,533972,0
2017-10-19,50.12,50.48,49.361,50.47,669280,0
2017-10-20,50.76,50.88,50.16,50.65,559153,0
2017-10-23,50.65,50.97,49.54,49.58,456830,0
2017-10-24,49.6,50.56,49.14,50.2,977702,0
2017-10-25,50.1,50.21,48.79,48.84,631913,0
2017-10-26,48.71,49.002,47.28,47.5,764448,0
2017-10-27,47.29,49.48,47.29,49.31,724502,0
2017-10-30,49.2,50.09,48.185,48.69,452372,0
2017-10-31,49.12,49.66,48.48,49.41,576175,0
2017-11-01,49.91,50.53,48.51,48.58,465866,0
2017-11-02,48.44,50.22,48.22,49.69,466991,0
2017-11-03,49.3,51.6,49.3,51.57,756590,0
2017-11-06,52.12,52.33,48.99,49.08,1035412,0
2017-11-07,50.94,53.03,48.52,49.62,1558703,0
2017-11-08,49.52,49.718,47.43,47.75,990615,0
2017-11-09,47.35,48.11,46.72,47.56,455198,0
2017-11-10,47.89,48.98,46.5,48.96,518006,0
