2016-01-04,96.596,97.302,96.113,97.215,1938563,0
2016-01-05,98.015,98.035,95.576,96.877,1662126,0
2016-01-06,95.449,96.945,95.263,95.901,1971768,0
2016-01-07,94.503,95.679,93.318,93.5,2094605,0
2016-01-08,93.739,94.867,93.061,93.557,2657594,0
2016-01-11,94.054,94.742,93.347,94.12,2498830,0
2016-01-12,95.134,95.621,93.987,95.508,1816196,0
2016-01-13,96.181,97.828,93.269,93.71,2774552,0
2016-01-14,93.928,95.939,93.232,95.413,2017042,0
2016-01-15,95.048,95.413,92.276,93.117,1657402,0
2016-01-19,94.16,94.273,92.39,93.872,1905608,0
2016-01-20,92.332,94.474,91.788,93.528,2975145,0
2016-01-21,93.938,94.456,92.926,93.662,1728282,0
2016-01-22,95.039,95.316,93.356,93.786,1826937,0
2016-01-25,93.318,93.844,91.788,91.913,1464260,0
2016-01-26,92.286,94.063,91.731,93.834,1412107,0
2016-01-27,93.519,95.258,93.451,93.795,2230013,0
2016-01-28,94.313,94.848,93.614,93.892,1898265,0
2016-01-29,92.523,95.631,91.406,95.612,3592794,0
2016-02-01,95.449,96.547,94.054,96.123,2513323,0
2016-02-02,93.537,94.905,93.49,93.844,2575362,0
2016-02-03,94.972,98.768,94.608,98.758,2681294,0
2016-02-04,98.808,102.29,98.808,100.9,2268689,0
2016-02-05,100.34,100.89,99.122,100.47,2113966,0
2016-02-08,99.95,100.21,96.065,97.459,3060497,0
2016-02-09,97.302,99.64,97.042,99.261,1665892,0
2016-02-10,99.75,100.66,98.482,98.828,1158139,0
2016-02-11,97.274,98.64,96.818,97.576,1667273,0
2016-02-12,98.25,99.391,97.721,99.271,1023006,0
2016-02-16,100.41,100.41,98.903,99.44,1964885,0
2016-02-17,100.27,100.77,99.75,99.93,1515729,0
2016-02-18,99.75,100.26,99.52,99.93,1041803,0
2016-02-19,99.84,99.98,98.462,98.768,1416398,0
2016-02-22,99.331,100.42,99.013,99.66,1331927,0
2016-02-23,98.973,99.251,97.146,97.731,1354026,0
2016-02-24,96.488,97.654,96.373,97.42,1562361,0
2016-02-25,97.721,98.402,96.606,98.113,1839730,0
2016-02-26,98.768,99.66,97.947,98.709,1654704,0
2016-02-29,98.828,99.371,97.284,97.322,1386305,0
2016-03-01,98.343,100.9,97.898,100.71,1664541,0
2016-03-02,100.12,100.63,98.788,99.58,1655354,0
2016-03-03,99.75,102.05,98.913,101.93,1345346,0
2016-03-04,102.13,106.02,102,104.77,2235591,0
2016-03-07,105.15,105.68,103.65,104.57,1922756,0
2016-03-08,103.56,104.67,102.7,104.15,1365409,0
2016-03-09,104.41,105.31,103.86,105.03,1470314,0
2016-03-10,105.71,107.2,105.27,106.57,2691893,0
2016-03-11,106.98,108.06,106.52,107.01,2213859,0
2016-03-14,106.61,106.95,105.54,105.84,1328170,0
2016-03-15,104.93,105.59,104.55,105.4,1097819,0
2016-03-16,105.23,106.57,104.8,106.06,1382075,0
2016-03-17,106.57,109.35,106.51,108.93,2376948,0
2016-03-18,109.32,109.45,108.64,108.71,2374623,0
2016-03-21,108.71,109.21,108.6,108.79,1165693,0
2016-03-22,108.48,108.69,107.69,108.43,1294546,0
2016-03-23,108.24,109.17,107.54,108.63,1276651,0
2016-03-24,107.74,107.9,106.91,107.61,1148847,0
2016-03-28,107.92,108.57,107.81,108.3,885546,0
2016-03-29,107.81,108.64,107.46,108.31,997577,0
2016-03-30,108.99,110.96,108.75,110.75,1773763,0
2016-03-31,110.68,111.06,110.14,110.23,1818689,0
2016-04-01,109.74,111.22,108.57,110.98,1215995,0
2016-04-04,110.27,111.33,110.08,110.47,1015005,0
2016-04-05,109.62,110.23,108.23,108.82,1335236,0
2016-04-06,108.91,109.14,107.6,109.09,1014172,0
2016-04-07,108.38,108.6,107.18,107.54,912097,0
2016-04-08,108.32,109.09,107.82,108.15,872385,0
2016-04-11,108.61,109.26,108.56,108.59,955226,0
2016-04-12,108.81,110.2,108.21,109.85,804162,0
2016-04-13,110.42,111.35,109.64,111.3,943511,0
2016-04-14,111.51,111.63,110.62,111.26,776806,0
2016-04-15,111.05,112.25,110.84,112.02,1025574,0
2016-04-18,111.33,111.91,111.09,111.83,922657,0
2016-04-19,112.23,114.46,111.85,114.42,1273190,0
2016-04-20,114.6,115.29,114.19,114.88,1120732,0
2016-04-21,114.82,115.62,114.34,114.45,595544,0
2016-04-22,115.01,115.37,114,115.21,683571,0
2016-04-25,114.61,115.3,114.45,114.78,679345,0
2016-04-26,114.79,115.17,113.96,115.01,938306,0
2016-04-27,115.08,115.12,113.28,114.08,1550946,0
2016-04-28,113.26,114.97,112.93,113.9,1239146,0
2016-04-29,109.47,113.99,108,113.12,2037912,0
2016-05-02,113.23,114.34,112.73,113.06,1340421,0
2016-05-03,112.17,112.3,110,110.84,1533952,0
2016-05-04,110.44,110.68,109.52,109.73,1296064,0
2016-05-05,110.41,110.6,109.09,109.28,1125648,0
2016-05-06,109.27,110.31,108.9,110.08,880957,0
2016-05-09,110.08,110.08,108.37,108.85,1176365,0
2016-05-10,109.57,110.02,109.15,109.81,1017147,0
2016-05-11,109.91,110.4,109.12,109.24,1090002,0
2016-05-12,109.98,110.93,109.3,109.4,1200819,0
2016-05-13,109.37,109.92,107.43,107.82,829840,0
2016-05-16,107.98,109.19,107.51,108.78,763934,0
2016-05-17,108.6,108.91,108.01,108.13,1112156,0
2016-05-18,107.75,107.83,106.4,106.69,970820,0
2016-05-19,106.55,107.78,105.46,105.99,1484228,0
2016-05-20,106.7,106.95,105.84,106.01,1253038,0
2016-05-23,106.01,107,105.94,106.41,1135486,0
2016-05-24,106.88,107.39,106.49,106.68,1330313,0
2016-05-25,107.16,107.87,106.9,107.5,915763,0
2016-05-26,107.68,107.85,106.38,106.49,661410,0
2016-05-27,106.49,107.01,106.13,106.68,779256,0
2016-05-31,106.78,107.03,105.76,105.8,1792209,0
2016-06-01,105.52,106.94,105,106.75,2177856,0
2016-06-02,106.49,106.49,105.87,106.48,1012015,0
2016-06-03,106.25,107.21,106.25,106.9,1204728,0
2016-06-06,107.22,108.86,107.15,108.26,1173234,0
2016-06-07,108.39,109.16,108.39,108.47,1135538,0
2016-06-08,108.84,110.32,108.22,110.23,1495617,0
2016-06-09,109.77,110.09,109.1,110,1821100,0
2016-06-10,109.52,110.6,108.96,110.28,1905058,0
2016-06-13,110.02,110.99,109.3,109.45,1323965,0
2016-06-14,108.98,109.68,108.56,109.03,1248693,0
2016-06-15,109.15,109.77,108.45,108.6,1500490,0
2016-06-16,107.84,108.85,106.76,108.72,1195213,0
2016-06-17,108.84,109.38,107.93,108.7,1628654,0
2016-06-20,109.91,110.83,109.04,109.2,1445435,0
2016-06-21,109.5,109.5,108.11,108.46,1437552,0
2016-06-22,108.84,109.52,108.32,109.43,1109007,0
2016-06-23,110.73,111.72,110.54,111.71,1426588,0
2016-06-24,108.74,109.17,106.45,106.94,1963002,0
2016-06-27,105.91,105.95,103.08,103.75,1819629,0
2016-06-28,104.72,105.92,103.77,105.19,1387744,0
2016-06-29,106.63,107.34,106.39,107.29,1356952,0
2016-06-30,107.63,108.97,106.87,108.97,1363598,0
2016-07-01,109.1,110.48,108.62,109.95,1481339,0
2016-07-05,108.98,109.54,107.59,108.1,1121487,0
2016-07-06,110.06,110.07,106.78,108.44,1432664,0
2016-07-07,108.75,109.52,107.95,108.45,738606,0
2016-07-08,108.94,111.48,108.5,111.25,1056073,0
2016-07-11,111.42,111.99,110.74,110.89,1019911,0
2016-07-12,111.75,113.77,111.61,113.44,1386482,0
2016-07-13,113.9,114.1,112.8,113.99,908534,0
2016-07-14,114.51,115.12,114.26,114.76,969860,0
2016-07-15,115.23,115.52,113.6,115.38,1019445,0
2016-07-18,115.11,115.39,114.65,115.06,597656,0
2016-07-19,114.82,114.98,114.14,114.59,622338,0
2016-07-20,114.48,115.2,114.17,114.68,495967,0
2016-07-21,114.56,114.68,113.79,114.1,689139,0
2016-07-22,114.08,114.5,113.72,114.12,589898,0
2016-07-25,114.01,114.22,113.54,114.16,606202,0
2016-07-26,114.22,114.98,113.93,114.79,884526,0
2016-07-27,114.87,115.2,114.25,114.75,1017303,0
2016-07-28,111.83,113.72,111.22,113.56,1625132,0
2016-07-29,112.95,113.29,112.01,113,1295594,0
2016-08-01,113.39,113.42,111.78,112.38,1553823,0
2016-08-02,112.32,112.67,111.5,112.52,1086324,0
2016-08-03,112.76,113.41,112.47,113.04,1192814,0
2016-08-04,112.91,113.37,112.71,113.13,1084625,0
2016-08-05,113.67,113.83,113.03,113.17,872991,0
2016-08-08,113.52,114.01,112.91,113.27,912144,0
2016-08-09,113.09,113.59,112.02,113.37,616313,0
2016-08-10,113.57,113.83,112.94,112.95,592818,0
2016-08-11,113.21,113.64,112.77,113.43,670094,0
2016-08-12,113.19,114.36,112.81,113.23,631395,0
2016-08-15,113.33,114.64,113.33,114.44,567163,0
2016-08-16,119.28,121.2,117.42,117.58,6121634,0
2016-08-17,117.3,117.32,115.46,116.79,2335886,0
2016-08-18,116.79,118.21,116.65,118.19,1107096,0
2016-08-19,117.66,119.02,116.95,118.85,2229914,0
2016-08-22,118.43,118.95,118.1,118.72,902768,0
2016-08-23,119.18,119.59,118.35,118.74,730277,0
2016-08-24,117.53,118.59,117.38,118.39,820637,0
2016-08-25,118.29,119.32,118.15,119.29,997622,0
2016-08-26,119.63,119.8,117.67,118.12,1038161,0
2016-08-29,118.2,119.04,118.2,118.55,750456,0
2016-08-30,118.73,119.17,118.35,118.81,674960,0
2016-08-31,118.64,118.76,117.71,118.34,871066,0
2016-09-01,118.56,119.25,118.24,119.12,1262625,0
2016-09-02,119.29,119.92,119.16,119.69,504957,0
2016-09-06,119.8,120.35,118.85,119.17,807682,0
2016-09-07,118.89,119.52,118.44,119.24,749580,0
2016-09-08,119.27,119.42,117.44,117.62,1057973,0
2016-09-09,117.31,117.31,114.54,114.54,1406672,0
2016-09-12,113.25,116.38,112.78,115.64,4785087,0
2016-09-13,114.53,117.14,113.19,115.12,3665309,0
2016-09-14,115.35,115.49,113.55,113.99,1718291,0
2016-09-15,113.56,115.81,113.4,115.32,1482221,0
2016-09-16,114.87,115.29,114.19,114.8,1637739,0
2016-09-19,115.29,115.81,114.9,114.93,868561,0
2016-09-20,115.76,116.09,114.7,114.74,797860,0
2016-09-21,115.27,115.52,114.45,115.12,1597313,0
2016-09-22,116.09,116.3,115.01,115.48,1278779,0
2016-09-23,115.06,115.37,113.75,113.99,1597194,0
2016-09-26,113.91,114.53,113.53,113.58,1514362,0
2016-09-27,113.58,114.46,113.51,114.14,989564,0
2016-09-28,115.66,116.58,114.85,115.46,2138858,0
2016-09-29,115.7,116.91,115.52,115.95,1689465,0
2016-09-30,116.6,118.21,116.08,117.87,1740817,0
2016-10-03,117.43,118.6,116.9,118.28,1751044,0
2016-10-04,118.34,119.02,117.26,117.43,1380045,0
2016-10-05,118.14,118.36,117.17,117.43,941169,0
2016-10-06,117.17,118.06,117.01,117.89,936107,0
2016-10-07,118.2,118.2,115.43,115.94,1154350,0
2016-10-10,117.14,117.14,115.81,115.87,752096,0
2016-10-11,115.47,115.53,113.49,114.27,1123240,0
2016-10-12,114.13,114.81,113.93,114.44,652621,0
2016-10-13,113.45,114.44,112.02,114.24,686309,0
2016-10-14,114.93,115.11,114.32,114.32,475968,0
2016-10-17,114.08,114.47,113.88,114.22,654292,0
2016-10-18,115.5,115.94,114.89,115.6,744374,0
2016-10-19,115.84,117.08,115.32,116.95,871168,0
2016-10-20,116.33,117.12,115.89,116.85,689906,0
2016-10-21,115.99,117.21,115.22,116.95,700679,0
2016-10-24,117.14,117.8,116.39,116.64,632783,0
2016-10-25,116.58,116.58,115.44,115.64,614258,0
2016-10-26,115.21,116.04,114.68,115.68,943271,0
2016-10-27,115.35,115.35,111.9,113.71,2104649,0
2016-10-28,113.88,115.35,113.6,114.57,1151108,0
2016-10-31,114.98,115.22,113.95,114.2,1289490,0
2016-11-01,114.3,114.59,112.27,113.15,888044,0
2016-11-02,112.92,113.24,111.82,112.19,981571,0
2016-11-03,112.4,112.77,111.86,112.03,778304,0
2016-11-04,112.36,112.58,111.64,111.71,876851,0
2016-11-07,113.13,114.63,112.82,114.61,1495860,0
2016-11-08,114.61,115.52,113.9,114.97,783086,0
2016-11-09,112.83,116.46,112.5,115.78,1843875,0
2016-11-10,115.98,118.69,115.98,117.3,1593532,0
2016-11-11,116.83,117.4,114.17,114.97,1414058,0
2016-11-14,115.53,115.78,112.85,113.94,1653838,0
2016-11-15,113.67,114.27,113.07,114.22,1102522,0
2016-11-16,114.3,114.52,113.74,114.29,620726,0
2016-11-17,114.59,114.93,113.19,113.45,1062061,0
2016-11-18,113.41,113.67,112.72,112.95,1067291,0
2016-11-21,113.61,114.26,113.53,113.89,1187203,0
2016-11-22,114.55,114.56,113.41,113.98,1140314,0
2016-11-23,113.55,115.81,113.27,115.81,1666491,0
2016-11-25,115.93,116.36,115.79,116.17,360795,0
2016-11-28,115.87,116.16,115.59,115.79,767165,0
2016-11-29,115.26,120.91,114.28,119.19,3931939,0
2016-11-30,119.56,119.65,117.11,117.37,2160998,0
2016-12-01,117.63,118.07,116.28,116.81,1886953,0
2016-12-02,116.69,117.46,116.18,116.66,958429,0
2016-12-05,117.34,117.83,116.23,117.57,1983195,0
2016-12-06,117.4,117.98,116.69,116.85,1014532,0
2016-12-07,117.53,120.3,117.22,120.03,2865981,0
2016-12-08,120.4,121.35,119.71,120.71,1291132,0
2016-12-09,120.78,122.13,119.2,121.66,1402177,0
2016-12-12,122.05,122.2,120.8,121.22,889096,0
2016-12-13,121.88,121.89,120.61,121.47,825169,0
2016-12-14,121.4,121.93,120.12,120.34,1013744,0
2016-12-15,120.2,121.83,120.13,121.17,925134,0
2016-12-16,121.7,121.71,119.89,120.25,1767265,0
2016-12-19,120.09,120.77,119.91,120.75,808233,0
2016-12-20,119.59,119.71,114.34,116.23,4765172,0
2016-12-21,116.51,116.61,114.97,116.36,2235168,0
2016-12-22,115.73,115.73,114.01,115.05,1764406,0
2016-12-23,114.76,115.48,114.16,115.44,953461,0
2016-12-27,115.8,116.52,115.53,116.38,717025,0
2016-12-28,116.66,117.25,115.25,115.33,749857,0
2016-12-29,115.49,115.84,115.11,115.26,585499,0
2016-12-30,115.09,115.25,114.31,115.05,1003185,0
2017-01-03,115.81,116.06,114,114.76,2408445,0
2017-01-04,115.23,115.26,114.32,114.72,1593904,0
2017-01-05,114.11,114.26,112.9,113.56,1683825,0
2017-01-06,113.6,114.27,113.04,114.07,1942946,0
2017-01-09,114.34,115.09,113.85,114.42,1165050,0
2017-01-10,114.66,114.83,113.57,113.73,945568,0
2017-01-11,113.66,114.86,113,114.78,1013601,0
2017-01-12,114.86,115.4,114.4,115.11,1123215,0
2017-01-13,115.09,115.49,114.6,114.94,1108568,0
2017-01-17,114.49,115.08,114.23,114.78,1450791,0
2017-01-18,114.58,114.98,114.34,114.47,1412260,0
2017-01-19,114.38,114.76,113.7,113.98,2001957,0
2017-01-20,114.05,115.24,113.76,115.24,1319644,0
2017-01-23,115.07,115.44,114.36,114.55,1782955,0
2017-01-24,115.06,116.06,114.86,115.54,3605202,0
2017-01-25,115.73,117.99,115.14,117.39,3990513,0
2017-01-26,114.41,117.57,113.59,117.32,2017614,0
2017-01-27,118.25,118.79,117.32,118,1771642,0
2017-01-30,117.18,117.35,115.71,117.12,1680498,0
2017-01-31,116.59,116.71,115.89,116.27,1382036,0
2017-02-01,115.18,116.29,115,115.79,1349028,0
2017-02-02,114.75,115.2,114.41,114.49,1737510,0
2017-02-03,114.77,115.61,114.68,115.32,1142093,0
2017-02-06,114.92,114.97,113.95,114.31,1474949,0
2017-02-07,113.74,114.61,113.43,114.17,1612245,0
2017-02-08,113.84,114.49,113.42,114.17,908184,0
2017-02-09,114.29,114.61,113.49,113.64,1049533,0
2017-02-10,114.07,114.45,113.64,114.1,1270750,0
2017-02-13,114.83,115.79,114.47,115.29,1079216,0
2017-02-14,114.66,115.44,113.76,115.18,782003,0
2017-02-15,114.78,115.59,114.58,115.44,901157,0
2017-02-16,115.55,116.07,114.98,115.35,1844379,0
2017-02-17,115.51,115.75,115.13,115.27,922924,0
2017-02-21,115.16,116.78,114.9,116.15,1630371,0
2017-02-22,115.67,116.37,115.4,115.64,878534,0
2017-02-23,115.85,116.3,115.5,115.9,869689,0
2017-02-24,114.97,116.08,114.7,115.95,848945,0
2017-02-27,115.84,117.52,115.65,116.35,1769317,0
2017-02-28,115.91,116.94,115.21,116.54,1646196,0
2017-03-01,117.59,118.42,117.14,118.16,1307009,0
2017-03-02,118.13,118.42,116.51,116.61,1084422,0
2017-03-03,116.65,116.68,115.99,116.22,1089301,0
2017-03-06,115.79,116.93,115.76,116.35,1327334,0
2017-03-07,116.25,117.64,115.9,117.4,1696349,0
2017-03-08,116.82,118.21,116.78,117.18,2749339,0
2017-03-09,116.77,117.31,115.24,115.62,1749274,0
2017-03-10,116.15,116.3,115.51,115.58,1397066,0
2017-03-13,115.96,115.96,114.63,115.35,1599588,0
2017-03-14,115.06,115.81,114.86,115.28,1473036,0
2017-03-15,115.92,117.55,115.33,117.23,1625398,0
2017-03-16,117.3,117.79,115.67,115.74,1585980,0
2017-03-17,116.34,117.09,116.18,116.93,2324317,0
2017-03-20,117.03,117.32,116.6,116.86,651060,0
2017-03-21,116.89,117.25,115.23,115.58,1059642,0
2017-03-22,115.38,116.1,114.92,115.7,1116556,0
2017-03-23,115.58,116.77,115.11,116.26,790383,0
2017-03-24,116.16,116.74,114.79,115.05,860681,0
2017-03-27,114.44,116.84,114.31,116.51,1324945,0
2017-03-28,117.17,118,116.36,117.39,2145704,0
2017-03-29,117.3,118.21,116.9,116.99,1321445,0
2017-03-30,116.74,118.2,116.66,117.21,1752902,0
2017-03-31,116.85,118.07,116.71,117.21,1487638,0
2017-04-03,117.36,117.85,115.73,116.62,1847134,0
2017-04-04,117.07,118.18,116.69,117.87,1018377,0
2017-04-05,118.59,118.59,116.52,116.75,1457096,0
2017-04-06,116.99,118.35,116.82,117.97,1253258,0
2017-04-07,117.75,118.1,117.07,117.45,1089321,0
2017-04-10,117.28,118.53,116.62,118.17,694610,0
2017-04-11,117.83,118.14,117.24,117.78,1031447,0
2017-04-12,117.3,117.88,116.67,116.85,914682,0
2017-04-13,116.63,117.43,116.02,116.09,828303,0
2017-04-17,116.38,117.44,116.05,116.67,668699,0
2017-04-18,116.67,117.32,116.23,116.93,1516095,0
2017-04-19,117.8,118,116.47,116.78,1134147,0
2017-04-20,117.34,118.64,116.92,118.33,1046950,0
2017-04-21,118.31,118.66,117.67,118.18,864029,0
2017-04-24,120.02,121.68,119.68,121.57,1919249,0
2017-04-25,122.09,123.29,121.71,123.24,1692762,0
2017-04-26,123.06,124.43,122.65,123.64,1554217,0
2017-04-27,121.76,124.49,118.61,124.01,1673323,0
2017-04-28,123.65,124.2,122.65,123.52,1539125,0
2017-05-01,123.92,124.03,123.05,123.5,950449,0
2017-05-02,123.97,124.15,123.05,124.1,1307212,0
2017-05-03,123.91,124.38,123.57,124.06,1012098,0
2017-05-04,124.31,124.88,123.96,124.84,1476979,0
2017-05-05,125.14,128.01,124.85,127.96,2059682,0
2017-05-08,126.88,127.77,126.82,127.58,1017391,0
2017-05-09,127.6,127.91,127.01,127.11,872198,0
2017-05-10,127.06,127.7,126.7,127.66,840254,0
2017-05-11,127.48,127.82,126.5,127.58,909180,0
2017-05-12,127.18,128.44,127.12,128.2,1123937,0
2017-05-15,128.44,128.91,127.92,128.64,1989206,0
2017-05-16,128.79,130.19,128.79,129.49,1786457,0
2017-05-17,128.8,129.34,127.3,127.31,1357511,0
2017-05-18,123,127.09,121.46,126.86,2119415,0
2017-05-19,127.26,128.07,126.89,127.72,1094400,0
2017-05-22,128.43,128.67,127.7,128.3,697217,0
2017-05-23,128.62,128.95,127.81,128.45,810559,0
2017-05-24,128.49,132.11,127.9,130.72,2289849,0
2017-05-25,131.57,131.64,130.09,130.38,1339645,0
2017-05-26,130.29,130.67,129.85,130.42,968505,0
2017-05-30,130.1,130.11,129.45,130.05,1742060,0
2017-05-31,130.14,130.83,129.72,130.74,1032385,0
2017-06-01,130.95,137.06,130.54,132.52,2314603,0
2017-06-02,132.99,136.25,132.59,135.02,2377127,0
2017-06-05,135.18,135.59,132.42,132.62,1777400,0
2017-06-06,132,133.35,131.64,132.49,1089375,0
2017-06-07,133.75,134.39,131.89,132.28,1739668,0
2017-06-08,131.84,132.52,130.98,132.18,1554654,0
2017-06-09,132.76,135.41,132.74,135.37,1848415,0
2017-06-12,135.43,136.18,133.9,134.16,1396840,0
2017-06-13,133.99,135.59,133.95,135.46,1019454,0
2017-06-14,135.45,135.64,133.95,134.38,876308,0
2017-06-15,133.31,134.32,132.98,134.05,1183861,0
2017-06-16,134.53,135.2,133.82,135.18,1827577,0
2017-06-19,135.68,136.14,135.2,135.64,1270864,0
2017-06-20,135.08,135.69,133.76,133.95,1469970,0
2017-06-21,134.29,134.46,131.98,132.06,1066284,0
2017-06-22,132.06,132.6,131.5,131.68,1866089,0
2017-06-23,131.7,133.01,131.5,132,1803385,0
2017-06-26,132.35,132.39,131.43,132.08,773291,0
2017-06-27,132.51,132.51,131.24,131.44,838816,0
2017-06-28,132.51,133.31,131.86,132.84,1140201,0
2017-06-29,132.95,133,130.31,130.88,984094,0
2017-06-30,131.15,132.4,130.55,131.76,1511340,0
2017-07-03,131.5,134.01,131.5,133.38,908463,0
2017-07-05,133.42,133.73,131.4,131.86,1078889,0
2017-07-06,131.66,132.5,131.54,131.64,1608515,0
2017-07-07,131.74,132.47,131.03,132.26,1169296,0
2017-07-10,131.85,133.29,131.7,132.54,742116,0
2017-07-11,132.49,132.7,131.64,132.16,660977,0
2017-07-12,133.58,133.67,132.85,133.02,1260252,0
2017-07-13,132.98,133.41,132.49,132.78,876393,0
2017-07-14,133.26,133.87,132.75,133.5,1085357,0
2017-07-17,133.69,134.1,133.29,133.73,1198097,0
2017-07-18,133.47,133.68,132.66,133.36,853532,0
2017-07-19,133.36,134.89,133.15,134.81,730894,0
2017-07-20,134.76,135.09,133.83,134.4,924597,0
2017-07-21,134.29,134.5,133.62,133.93,818762,0
2017-07-24,134,134.76,133.59,134.41,894248,0
2017-07-25,135.55,135.77,134.52,135.05,1015849,0
2017-07-26,134.53,134.99,133.57,134.22,1148034,0
2017-07-27,134.19,134.76,131.01,131.91,1823796,0
2017-07-28,131.91,132.56,130.12,131.47,1409054,0
2017-07-31,131.67,131.67,128.68,129.38,2110093,0
2017-08-01,130.33,131.48,129.16,129.93,1794019,0
2017-08-02,129.87,130.21,129.23,129.82,969243,0
2017-08-03,129.88,130.04,129.16,129.54,703542,0
2017-08-04,129.54,129.93,128.84,129.37,1088354,0
2017-08-07,129.61,129.76,129.11,129.44,525015,0
2017-08-08,129.31,129.31,127.49,127.81,1144031,0
2017-08-09,127.7,128.19,127.13,128.09,1365880,0
2017-08-10,127.72,128.16,126.82,126.85,1137349,0
2017-08-11,126.91,127.71,126.6,126.68,586507,0
2017-08-14,127.76,130.37,127.76,130.27,1658567,0
2017-08-15,130.04,130.89,129.88,130.68,1036328,0
2017-08-16,130.85,133.35,130.81,132.79,1781667,0
2017-08-17,132.77,133.02,130.8,131,965720,0
2017-08-18,130.99,131.69,130.21,131.51,940712,0
2017-08-21,130.83,131.26,130.19,130.42,1040325,0
2017-08-22,131.29,132.39,131.27,131.95,915990,0
2017-08-23,131.83,132.62,130.9,131.59,803409,0
2017-08-24,131.93,132.18,131.02,131.36,627925,0
2017-08-25,131.58,132.18,131.29,131.63,530760,0
2017-08-28,131.81,132.07,130.73,131.29,481934,0
2017-08-29,129.37,130.36,128.96,130.1,580187,0
2017-08-30,130.1,130.23,129.16,129.86,1897175,0
2017-08-31,129.86,130.87,129.7,130.75,1156356,0
2017-09-01,130.36,131.2,129.89,130.24,907105,0
2017-09-05,129.98,130.13,129.05,129.52,824412,0
2017-09-06,130.13,131,129.95,130.98,1682026,0
2017-09-07,132.2,132.6,131.64,132.24,1376297,0
2017-09-08,131.89,132.61,131.64,132.46,807718,0
2017-09-11,132.49,135.05,132.49,135.01,2149678,0
2017-09-12,134.33,135.86,133.9,134.82,1418947,0
2017-09-13,134.45,134.75,133.65,134.15,858424,0
2017-09-14,133.7,134.55,133.04,134.09,1314369,0
2017-09-15,134.19,134.84,133.42,134.22,1840131,0
2017-09-18,134.65,134.98,133.84,134.74,1030848,0
2017-09-19,135.07,136.58,134.66,136.51,2031905,0
2017-09-20,136.8,138.72,136.66,137.99,1681392,0
2017-09-21,138.1,138.94,137.825,138.57,923212,0
2017-09-22,138.48,138.48,137.25,137.6,921964,0
2017-09-25,136.48,137.82,136.3,137.7,1643188,0
2017-09-26,138.5,140.64,137.92,138.43,1490297,0
2017-09-27,139.205,139.99,137.32,138.71,1471892,0
2017-09-28,138.12,141.07,138.08,141.06,1453020,0
2017-09-29,141.25,141.88,139.41,139.74,1304296,0
2017-10-02,139.59,141.26,139.24,141.19,919965,0
2017-10-03,141.01,142.661,140.5,142.49,1006326,0
2017-10-04,142.5,142.97,141.815,142.35,739189,0
2017-10-05,142.56,142.73,141.76,142.35,803293,0
2017-10-06,142.07,142.38,141.5,141.96,1190414,0
2017-10-09,141.22,141.22,140.63,140.87,579922,0
2017-10-10,141.23,141.92,140.35,140.62,878367,0
2017-10-11,140.81,141.2,139.92,141.18,781631,0
2017-10-12,140.53,141.98,140.35,141.87,895878,0
2017-10-13,142.28,142.87,141.87,142.21,648686,0
2017-10-16,141.65,142.04,140.37,141.29,746576,0
2017-10-17,141.58,141.83,140.72,141.44,632960,0
2017-10-18,141.23,141.23,139.9,139.9,937278,0
2017-10-19,139.83,140.74,139.54,140.41,881009,0
2017-10-20,141.12,143.14,140.65,143.14,1185623,0
2017-10-23,143.67,143.96,142.44,142.44,1225510,0
2017-10-24,143.66,144.58,142.61,142.95,1070508,0
2017-10-25,142.98,143.94,142.44,143.62,1424947,0
2017-10-26,144.64,149.91,143.29,149.6,2803741,0
2017-10-27,149.25,149.77,147.84,148.14,2127113,0
2017-10-30,148.71,149.5,146.7,147.45,1700038,0
2017-10-31,147.85,147.899,146.1,146.12,1533013,0
2017-11-01,148.61,148.79,146.99,147.92,1317714,0
2017-11-02,147.57,148.01,146.5,147.9,1233629,0
2017-11-03,147.61,147.965,146.48,147.5,1011796,0
2017-11-06,147.5,148.005,147.14,147.47,615860,0
2017-11-07,148,148.95,147.87,148.95,864006,0
2017-11-08,149.05,150.05,148.69,149.97,1760492,0
2017-11-09,149.16,150.25,148.36,148.46,1908221,0
2017-11-10,148.45,148.65,147.6,148.28,1283179,0
