2016-01-04,44.694,44.704,44.001,44.444,996063,0
2016-01-05,44.444,44.694,44.237,44.588,992761,0
2016-01-06,44.019,44.261,43.172,43.403,813286,0
2016-01-07,42.72,43.615,42.161,43.249,1988710,0
2016-01-08,43.49,43.625,42.095,42.18,1138597,0
2016-01-11,42.411,42.441,41.379,42.19,1795057,0
2016-01-12,42.528,42.701,41.718,42.401,1101425,0
2016-01-13,42.46,42.72,40.783,40.86,1636639,0
2016-01-14,41.092,41.756,40.37,41.438,873788,0
2016-01-15,40.447,40.948,40.022,40.9,1242577,0
2016-01-19,41.399,41.553,40.638,41.083,963313,0
2016-01-20,40.185,41.151,39.301,40.648,1340980,0
2016-01-21,40.793,40.9,40.081,40.254,1597268,0
2016-01-22,41.004,41.911,40.746,41.862,1787985,0
2016-01-25,41.784,41.784,41.083,41.275,755395,0
2016-01-26,41.343,42.19,41.285,42.161,609114,0
2016-01-27,42.142,42.441,41.312,41.69,1010230,0
2016-01-28,42.027,42.027,41.177,41.621,1123144,0
2016-01-29,41.756,42.777,41.468,42.161,3914343,0
2016-02-01,41.834,42.142,41.525,41.784,2758857,0
2016-02-02,41.122,41.473,40.225,40.465,2683113,0
2016-02-03,40.465,40.475,37.134,37.797,3440175,0
2016-02-04,37.74,38.866,37.498,37.817,2628346,0
2016-02-05,37.817,38.53,37.634,38.221,1621322,0
2016-02-08,37.701,37.884,36.813,37.547,1920734,0
2016-02-09,37.189,38.058,36.748,36.813,1681751,0
2016-02-10,36.823,37.189,36.304,36.314,1131035,0
2016-02-11,35.506,35.862,34.84,35.303,1589566,0
2016-02-12,35.766,36.005,35.352,35.967,1083056,0
2016-02-16,36.467,36.67,36.015,36.67,1059041,0
2016-02-17,36.758,36.931,36.415,36.566,1201814,0
2016-02-18,36.729,37.481,36.633,36.969,1543457,0
2016-02-19,36.941,37.189,36.63,36.961,1190793,0
2016-02-22,37.335,37.884,37.335,37.74,1019141,0
2016-02-23,37.711,38.078,37.381,37.74,986618,0
2016-02-24,37.41,38.069,37.164,38.05,2372114,0
2016-02-25,38.147,38.311,37.802,38.157,2090974,0
2016-02-26,38.379,38.505,38.127,38.341,1023645,0
2016-02-29,38.272,38.544,37.885,38.157,1613430,0
2016-03-01,38.398,39.793,38.281,39.717,1789395,0
2016-03-02,39.503,39.697,39.106,39.349,943487,0
2016-03-03,39.386,40.423,39.135,40.393,1171891,0
2016-03-04,40.393,40.781,40.189,40.577,1221524,0
2016-03-07,40.326,40.665,40.171,40.443,1592719,0
2016-03-08,40.269,40.383,39.599,39.774,928869,0
2016-03-09,39.871,40.587,39.793,40.219,1259277,0
2016-03-10,40.56,40.587,39.726,40.143,1411981,0
2016-03-11,40.55,41.44,40.209,41.286,1271272,0
2016-03-14,41.062,41.216,40.684,40.947,767333,0
2016-03-15,40.607,40.918,40.297,40.848,671944,0
2016-03-16,40.607,41.43,40.597,41.344,710440,0
2016-03-17,41.306,41.924,41.032,41.828,1498170,0
2016-03-18,41.992,42.651,41.818,41.963,1176647,0
2016-03-21,41.896,42.602,41.778,42.312,1046812,0
2016-03-22,41.876,42.651,41.634,42.572,1189586,0
2016-03-23,42.632,42.658,41.972,42.264,1101350,0
2016-03-24,42.128,42.845,41.654,42.845,1427790,0
2016-03-28,42.903,43.29,42.403,43,1047331,0
2016-03-29,42.883,44.016,42.729,43.987,1212620,0
2016-03-30,44.142,44.744,44.085,44.414,1081071,0
2016-03-31,44.365,45.281,44.365,45.122,1144283,0
2016-04-01,44.839,45.75,44.705,45.722,1688831,0
2016-04-04,45.722,45.779,44.53,44.559,1254572,0
2016-04-05,44.269,44.346,43.6,43.708,2001409,0
2016-04-06,43.619,44.076,43.242,43.987,787729,0
2016-04-07,43.736,43.847,42.632,42.747,2136475,0
2016-04-08,43.067,43.464,42.747,43.086,927595,0
2016-04-11,43.203,43.565,42.796,42.806,969494,0
2016-04-12,42.912,43.009,42.506,42.883,1267935,0
2016-04-13,43.242,43.813,43.077,43.813,1054670,0
2016-04-14,44.076,44.385,43.783,44.307,643467,0
2016-04-15,44.395,44.395,43.658,43.921,1552924,0
2016-04-18,43.872,44.191,43.629,44.104,1683729,0
2016-04-19,44.21,44.279,43.543,43.708,1870316,0
2016-04-20,44.095,44.647,43.736,44.433,2193243,0
2016-04-21,43.668,43.842,41.768,41.934,2141268,0
2016-04-22,42.04,42.786,41.972,42.602,2367033,0
2016-04-25,42.496,42.766,42.118,42.342,979163,0
2016-04-26,42.428,43.232,42.278,43.203,1281339,0
2016-04-27,38.952,39.231,37.13,37.904,5593243,0
2016-04-28,37.807,38.465,37.497,37.623,2688394,0
2016-04-29,37.566,37.566,36.772,37.11,2153649,0
2016-05-02,37.343,37.507,36.908,37.139,2090960,0
2016-05-03,36.908,38.177,36.808,37.779,2671589,0
2016-05-04,37.585,38.05,37.381,37.497,3318410,0
2016-05-05,37.576,37.779,37.362,37.459,1603767,0
2016-05-06,37.149,37.672,37.106,37.536,1544161,0
2016-05-09,37.603,37.943,37.546,37.769,1105165,0
2016-05-10,37.895,38.127,37.711,38.127,1029831,0
2016-05-11,38.147,38.194,37.72,37.817,1059034,0
2016-05-12,38.06,38.108,37.101,37.39,1091813,0
2016-05-13,37.39,37.904,37.236,37.672,1545029,0
2016-05-16,37.682,38.408,37.648,38.321,1313635,0
2016-05-17,38.184,38.795,38.025,38.147,1295108,0
2016-05-18,38.137,38.574,37.807,38.167,1154460,0
2016-05-19,37.866,38.157,37.517,37.991,1006417,0
2016-05-20,38.157,38.863,38.157,38.447,1180959,0
2016-05-23,38.535,38.778,37.98,38.008,824008,0
2016-05-24,38.69,39.994,38.613,39.743,1610853,0
2016-05-25,39.694,39.763,39.329,39.654,1440702,0
2016-05-26,39.596,39.719,39.344,39.519,854322,0
2016-05-27,39.586,40.093,39.586,39.879,856543,0
2016-05-31,39.938,40.561,39.819,40.512,1293711,0
2016-06-01,40.288,40.707,40.084,40.609,1210000,0
2016-06-02,40.512,40.823,40.239,40.823,1188062,0
2016-06-03,40.619,40.619,39.314,39.401,1796211,0
2016-06-06,39.568,39.994,39.285,39.829,941701,0
2016-06-07,39.819,40.229,39.694,40.219,829064,0
2016-06-08,40.229,40.434,39.976,40.153,501742,0
2016-06-09,40.054,40.113,39.81,39.928,471981,0
2016-06-10,39.479,39.559,38.875,38.945,1128669,0
2016-06-13,38.74,38.935,38.175,38.183,1248200,0
2016-06-14,37.998,38.018,37.473,37.707,1011026,0
2016-06-15,37.863,38.028,37.433,37.522,1804709,0
2016-06-16,36.985,37.493,36.714,37.376,1596990,0
2016-06-17,37.463,37.892,37.317,37.581,1352382,0
2016-06-20,38.28,38.788,38.233,38.418,1089634,0
2016-06-21,38.555,38.603,38.048,38.183,711405,0
2016-06-22,38.125,38.455,37.988,38.038,716292,0
2016-06-23,38.885,38.885,38.223,38.66,729464,0
2016-06-24,36.782,37.433,35.641,35.963,2657125,0
2016-06-27,34.794,35.271,33.45,33.674,2404828,0
2016-06-28,34.21,34.794,34.024,34.502,2042455,0
2016-06-29,34.989,35.734,34.677,35.671,1461484,0
2016-06-30,35.778,37.181,35.651,37.171,1804459,0
2016-07-01,36.918,37.404,36.684,37.093,1412472,0
2016-07-05,36.674,36.782,35.749,35.973,911455,0
2016-07-06,35.944,36.514,35.759,36.373,985814,0
2016-07-07,36.529,37.181,36.499,36.799,1131849,0
2016-07-08,37.229,38.193,37.199,37.658,1483560,0
2016-07-11,37.863,38.28,37.843,38.155,522777,0
2016-07-12,38.66,38.964,38.603,38.905,914128,0
2016-07-13,38.077,38.34,37.376,37.931,1301775,0
2016-07-14,38.35,38.75,38.248,38.447,1308110,0
2016-07-15,38.641,38.865,38.32,38.34,755595,0
2016-07-18,38.438,38.788,38.3,38.73,630159,0
2016-07-19,38.73,38.778,38.35,38.525,786501,0
2016-07-20,38.66,39.489,38.515,39.245,739791,0
2016-07-21,39.314,39.899,39.06,39.8,863398,0
2016-07-22,39.918,40.133,39.576,39.918,530427,0
2016-07-25,39.839,40.366,39.684,39.889,734922,0
2016-07-26,40.103,40.424,39.985,40.374,1404882,0
2016-07-27,35.007,36.177,34.746,35.904,6415531,0
2016-07-28,35.924,36.529,35.759,36.216,2364663,0
2016-07-29,36.119,36.119,35.574,35.592,1385540,0
2016-08-01,35.583,35.72,35.086,35.574,1661120,0
2016-08-02,36.139,36.139,35.165,35.545,1211004,0
2016-08-03,35.426,35.983,35.397,35.856,806184,0
2016-08-04,35.787,35.876,35.554,35.836,984803,0
2016-08-05,36.079,36.629,36.001,36.363,2043823,0
2016-08-08,36.529,36.957,36.284,36.324,1324182,0
2016-08-09,36.324,36.909,36.235,36.449,1119900,0
2016-08-10,36.449,36.586,35.856,36.011,1252678,0
2016-08-11,36.119,36.674,36.119,36.529,1108039,0
2016-08-12,36.42,36.42,35.973,36.245,1567101,0
2016-08-15,36.41,36.743,36.401,36.439,735698,0
2016-08-16,36.294,36.777,36.216,36.519,1226857,0
2016-08-17,36.568,36.684,36.392,36.644,1011807,0
2016-08-18,36.772,37.307,36.752,37.268,1473322,0
2016-08-19,37.152,37.783,37.142,37.736,1443360,0
2016-08-22,37.746,37.921,37.298,37.512,1299103,0
2016-08-23,37.785,38.159,37.423,37.512,1160909,0
2016-08-24,37.629,37.982,37.443,37.561,1150895,0
2016-08-25,37.522,37.923,37.522,37.619,1009208,0
2016-08-26,37.669,38.149,37.375,37.561,873610,0
2016-08-29,37.717,37.923,37.507,37.571,849001,0
2016-08-30,37.589,37.855,37.561,37.855,813149,0
2016-08-31,37.855,37.903,37.192,37.551,1129273,0
2016-09-01,37.551,37.717,36.974,37.443,732866,0
2016-09-02,37.639,37.894,37.512,37.717,658789,0
2016-09-06,37.717,37.717,37.237,37.531,632346,0
2016-09-07,37.531,37.918,37.341,37.629,1077520,0
2016-09-08,37.453,37.649,37.297,37.297,995275,0
2016-09-09,37.071,37.237,36.542,36.542,865412,0
2016-09-12,36.287,37.237,36.208,37.179,760096,0
2016-09-13,36.787,37.061,36.552,36.699,953572,0
2016-09-14,36.669,36.815,36.121,36.248,1370622,0
2016-09-15,36.16,36.758,36.032,36.503,783700,0
2016-09-16,36.297,36.453,36.052,36.404,1705666,0
2016-09-19,36.629,36.629,36.022,36.101,769627,0
2016-09-20,36.277,36.454,36.067,36.189,1083375,0
2016-09-21,36.404,36.815,36.233,36.768,1002214,0
2016-09-22,37.051,37.217,36.865,37.179,861595,0
2016-09-23,37.051,37.287,36.85,36.924,691599,0
2016-09-26,36.758,36.954,36.533,36.805,652059,0
2016-09-27,36.689,37.35,36.689,37.346,654273,0
2016-09-28,37.413,37.894,37.413,37.855,1070795,0
2016-09-29,37.16,37.384,36.081,36.267,2658187,0
2016-09-30,36.228,37.277,36.17,37.091,1564888,0
2016-10-03,35.866,37.202,35.866,36.865,1314905,0
2016-10-04,37.031,37.767,36.89,37.16,1585529,0
2016-10-05,37.326,37.453,37.081,37.091,940398,0
2016-10-06,37.021,37.13,36.905,36.954,690095,0
2016-10-07,36.915,37.15,36.679,36.895,1294495,0
2016-10-10,37.217,38.089,37.188,37.991,1350254,0
2016-10-11,37.825,38.159,37.041,37.15,1368816,0
2016-10-12,37.267,37.679,37.14,37.473,1228993,0
2016-10-13,37.081,37.256,36.709,36.954,1140580,0
2016-10-14,37.473,37.894,37.267,37.463,799181,0
2016-10-17,37.355,37.493,37.091,37.227,675716,0
2016-10-18,37.619,37.639,37.227,37.287,805814,0
2016-10-19,37.257,37.581,37.16,37.473,705607,0
2016-10-20,37.15,37.923,37.15,37.413,619709,0
2016-10-21,37.227,38.179,37.15,38.089,1133460,0
2016-10-24,38.305,38.588,37.775,37.875,885560,0
2016-10-25,37.727,38.041,37.346,37.875,802353,0
2016-10-26,37.717,38.747,37.571,38.677,1767544,0
2016-10-27,36.002,36.424,33.72,36.022,10270135,0
2016-10-28,35.955,36.376,35.836,35.955,2873100,0
2016-10-31,36.198,36.689,36.151,36.659,2243761,0
2016-11-01,36.875,36.944,35.993,36.337,1761810,0
2016-11-02,36.287,36.738,36.253,36.6,1317757,0
2016-11-03,36.709,36.778,36.346,36.768,1360534,0
2016-11-04,36.787,37.197,36.61,36.669,1381974,0
2016-11-07,37.453,37.913,37.179,37.855,2402226,0
2016-11-08,37.825,38.413,37.541,38.247,1083220,0
2016-11-09,37.982,39.736,37.639,39.521,1186005,0
2016-11-10,40.128,41.294,40.128,41.038,1526787,0
2016-11-11,40.773,42.508,40.773,42.469,2291289,0
2016-11-14,42.724,43.37,42.636,42.9,1801831,0
2016-11-15,42.772,42.968,42.165,42.753,1869325,0
2016-11-16,42.469,42.772,42.322,42.586,1049817,0
2016-11-17,42.547,44.335,42.547,44.036,1984775,0
2016-11-18,43.801,44.203,43.57,43.85,1516641,0
2016-11-21,43.85,44.115,43.164,43.634,902770,0
2016-11-22,43.911,44.157,43.418,43.969,1089067,0
2016-11-23,44.245,44.245,43.654,44.107,1450780,0
2016-11-25,44.334,44.599,44.117,44.56,314114,0
2016-11-28,44.354,44.422,43.547,43.782,1210468,0
2016-11-29,43.94,44.354,43.694,43.979,1074832,0
2016-11-30,44.255,44.354,43.734,44.176,2097778,0
2016-12-01,44.432,44.885,43.989,44.835,1994310,0
2016-12-02,44.945,45.564,44.693,44.855,1705385,0
2016-12-05,45.17,45.693,44.885,45.693,1868152,0
2016-12-06,45.82,46.687,45.239,46.687,1725146,0
2016-12-07,46.48,47.327,46.184,47.248,1243452,0
2016-12-08,47.455,48.168,47.218,48.105,1161661,0
2016-12-09,48.045,48.075,47.327,47.721,1081248,0
2016-12-12,47.779,47.986,47.592,47.799,1025395,0
2016-12-13,48.036,48.045,47.052,47.789,1347924,0
2016-12-14,47.514,48.488,47.287,47.415,1695328,0
2016-12-15,47.484,48.626,47.277,47.928,1188089,0
2016-12-16,48.036,48.331,47.627,47.759,1687689,0
2016-12-19,47.632,48.311,47.405,48.223,648443,0
2016-12-20,48.666,48.862,48.262,48.479,729143,0
2016-12-21,48.479,48.479,48.036,48.144,986043,0
2016-12-22,48.262,48.37,47.648,48.134,859017,0
2016-12-23,48.085,48.302,48.036,48.193,541292,0
2016-12-27,48.262,48.508,48.036,48.341,744623,0
2016-12-28,48.518,48.823,48.026,48.075,873302,0
2016-12-29,48.223,48.479,47.908,48.095,858732,0
2016-12-30,48.35,48.35,47.789,48.026,612928,0
2017-01-03,48.715,49.178,47.947,48.991,1361695,0
2017-01-04,49.226,50.191,48.991,50.124,1703472,0
2017-01-05,49.72,49.907,47.701,47.849,2550625,0
2017-01-06,47.779,48.045,47.405,47.553,1629607,0
2017-01-09,47.474,47.908,47.071,47.602,960842,0
2017-01-10,48.183,48.597,47.809,48.262,945691,0
2017-01-11,48.242,48.557,47.878,48.469,1338235,0
2017-01-12,48.311,48.685,47.938,48.607,800583,0
2017-01-13,48.705,49.276,48.685,49.139,624130,0
2017-01-17,48.784,49.217,48.203,48.36,837188,0
2017-01-18,48.39,48.764,47.908,48.587,1087221,0
2017-01-19,48.774,48.774,47.612,47.839,1066311,0
2017-01-20,47.868,48.484,47.789,48.144,1022801,0
2017-01-23,48.006,48.42,47.435,47.888,866152,0
2017-01-24,48.173,48.646,47.938,48.607,1109546,0
2017-01-25,49.099,49.453,48.597,49.039,822400,0
2017-01-26,49.079,49.523,48.508,49.158,1710964,0
2017-01-27,44.748,46.057,44.304,45.583,3272618,0
2017-01-30,45.396,45.536,44.649,45.516,1393565,0
2017-01-31,45.436,46.381,44.777,46.332,1706883,0
2017-02-01,46.751,47.592,46.274,46.49,1157975,0
2017-02-02,46.322,47.218,46.154,46.913,1572877,0
2017-02-03,47.041,47.938,47.041,47.858,1128793,0
2017-02-06,47.671,47.908,47.435,47.622,1140644,0
2017-02-07,47.809,47.888,46.471,46.638,1717327,0
2017-02-08,46.529,46.529,46.007,46.194,2051651,0
2017-02-09,46.5,47.002,46.451,46.471,1193364,0
2017-02-10,46.775,46.835,46.234,46.48,1379174,0
2017-02-13,46.667,47.031,46.638,46.775,598885,0
2017-02-14,46.628,46.903,46.421,46.736,1369462,0
2017-02-15,46.618,47.504,46.618,47.405,750822,0
2017-02-16,47.524,47.75,46.938,47.327,1716871,0
2017-02-17,47.248,47.839,46.952,47.839,824635,0
2017-02-21,47.455,48.045,47.337,47.849,1029019,0
2017-02-22,47.868,48.096,47.265,47.74,1049468,0
2017-02-23,47.68,48.046,47.344,47.472,2317210,0
2017-02-24,46.948,47.453,46.478,47.453,752331,0
2017-02-27,47.542,47.66,47.215,47.453,765754,0
2017-02-28,47.423,47.769,47.096,47.73,1181156,0
2017-03-01,48.452,48.967,47.759,47.799,1541329,0
2017-03-02,47.651,47.908,46.75,47.008,3034240,0
2017-03-03,47.057,47.176,46.602,46.988,1471611,0
2017-03-06,46.73,47.008,46.474,46.81,929706,0
2017-03-07,46.84,47.215,46.632,47.027,783241,0
2017-03-08,47.304,47.987,47.245,47.967,1278325,0
2017-03-09,47.898,48.145,46.864,47.037,898693,0
2017-03-10,47.908,47.908,47.265,47.7,1537202,0
2017-03-13,47.72,48.027,47.552,47.789,660574,0
2017-03-14,47.7,47.809,47.294,47.66,573368,0
2017-03-15,47.71,48.195,47.374,48.175,790873,0
2017-03-16,48.244,48.982,48.185,48.857,999654,0
2017-03-17,48.927,49.095,48.511,49.016,885435,0
2017-03-20,48.997,49.194,48.333,48.551,889427,0
2017-03-21,48.887,49.006,48.086,48.215,1407330,0
2017-03-22,48.046,48.511,47.72,48.066,1150888,0
2017-03-23,48.056,48.551,48.037,48.195,978146,0
2017-03-24,48.264,48.531,47.552,47.68,844427,0
2017-03-27,46.562,47.047,46.334,46.652,1454602,0
2017-03-28,46.582,47.364,46.374,46.948,1558325,0
2017-03-29,46.948,47.601,46.72,47.492,802054,0
2017-03-30,47.453,48.135,47.429,48.106,666887,0
2017-03-31,48.056,48.423,48.056,48.313,712692,0
2017-04-03,48.313,48.313,46.246,46.364,1388605,0
2017-04-04,46.108,46.122,44.613,45.474,2273810,0
2017-04-05,45.75,46.354,45.088,45.197,1568131,0
2017-04-06,45.206,45.572,44.652,45.246,998517,0
2017-04-07,45.098,45.276,44.732,44.762,890077,0
2017-04-10,45.038,45.424,44.752,44.811,1196764,0
2017-04-11,44.662,45.454,44.218,45.454,966267,0
2017-04-12,45.464,45.464,44.138,44.366,1257783,0
2017-04-13,44.277,44.92,44.01,44.019,2054608,0
2017-04-17,44.158,44.316,43.93,44.287,1228075,0
2017-04-18,43.97,44.672,43.772,44.435,1603355,0
2017-04-19,44.633,44.91,44.455,44.722,1765338,0
2017-04-20,45.009,45.444,44.603,45.424,1702043,0
2017-04-21,44.544,46.75,43.624,46.681,3401128,0
2017-04-24,47.532,47.7,46.488,47.136,1497394,0
2017-04-25,47.453,47.512,46.8,46.8,1177217,0
2017-04-26,46.84,47.384,46.512,46.572,1220696,0
2017-04-27,46.73,46.82,45.988,46.136,1122276,0
2017-04-28,46.176,46.246,45.504,45.563,1130274,0
2017-05-01,45.84,46.068,45.226,45.948,902424,0
2017-05-02,46.126,47.176,46.008,46.83,1088990,0
2017-05-03,46.582,46.616,45.85,46.344,1370989,0
2017-05-04,46.632,46.849,45.948,46.315,1247977,0
2017-05-05,46.344,46.572,45.83,46.414,810478,0
2017-05-08,46.454,46.968,46.315,46.77,1856219,0
2017-05-09,46.77,47.581,46.557,47.423,905892,0
2017-05-10,47.235,48.116,47.166,47.888,1210866,0
2017-05-11,47.66,47.769,46.943,47.018,839889,0
2017-05-12,46.898,46.968,46.483,46.76,827063,0
2017-05-15,46.71,47.166,46.71,46.978,502809,0
2017-05-16,46.908,47.096,46.474,47.047,911860,0
2017-05-17,45.85,46.483,45.048,45.078,1741455,0
2017-05-18,45.088,45.84,44.682,45.582,1334109,0
2017-05-19,45.582,45.983,45.098,45.722,1133507,0
2017-05-22,45.75,46.364,45.722,46.028,821998,0
2017-05-23,46.207,46.515,45.769,45.978,549211,0
2017-05-24,46.237,46.237,45.401,45.57,684156,0
2017-05-25,45.809,46.103,45.745,45.889,815814,0
2017-05-26,45.889,45.998,45.426,45.65,478565,0
2017-05-30,45.461,45.919,45.143,45.789,715732,0
2017-05-31,45.988,46.306,45.401,46.237,1219328,0
2017-06-01,46.237,47.291,46.127,47.211,1088732,0
2017-06-02,47.092,47.44,46.585,47.082,1091576,0
2017-06-05,47.152,47.281,46.237,46.257,778726,0
2017-06-06,45.968,46.316,45.66,46.038,615515,0
2017-06-07,46.177,46.371,45.66,45.789,684909,0
2017-06-08,45.819,46.923,45.779,46.406,898169,0
2017-06-09,46.466,47.142,46.247,46.993,548583,0
2017-06-12,47.042,47.321,46.451,46.754,781709,0
2017-06-13,46.754,47.311,46.436,46.595,796956,0
2017-06-14,46.406,47.719,46.197,47.599,1007254,0
2017-06-15,47.231,47.898,46.953,47.828,793148,0
2017-06-16,47.818,48.057,47.371,47.49,1944373,0
2017-06-19,47.589,48.761,47.475,48.723,746493,0
2017-06-20,48.574,48.703,48.042,48.097,602791,0
2017-06-21,48.266,48.335,47.192,47.371,808981,0
2017-06-22,47.4,47.4,46.734,47.172,994622,0
2017-06-23,47.291,47.42,46.983,47.202,1157558,0
2017-06-26,47.381,47.565,47.192,47.43,605114,0
2017-06-27,47.42,47.609,47.052,47.271,587437,0
2017-06-28,47.54,48.047,47.072,47.858,1143805,0
2017-06-29,48.107,48.136,46.873,47.51,738995,0
2017-06-30,47.669,47.957,47.44,47.669,732931,0
2017-07-03,47.938,48.783,47.798,48.445,357832,0
2017-07-05,48.325,48.753,48.186,48.494,810487,0
2017-07-06,48.067,48.325,47.694,47.709,1053609,0
2017-07-07,47.977,49.23,47.898,48.902,998362,0
2017-07-10,48.713,49.3,48.315,49.121,876464,0
2017-07-11,49.111,49.111,48.057,48.146,723822,0
2017-07-12,48.554,49.022,48.494,48.892,583952,0
2017-07-13,48.992,48.992,48.475,48.683,607672,0
2017-07-14,48.673,48.952,48.494,48.783,600038,0
2017-07-17,48.673,48.743,48.315,48.335,649321,0
2017-07-18,48.136,48.584,47.62,48.067,870209,0
2017-07-19,48.126,48.405,47.928,48.186,555680,0
2017-07-20,48.176,48.549,47.987,48.395,563525,0
2017-07-21,48.305,48.683,48.057,48.156,568095,0
2017-07-24,48.216,48.385,46.575,46.913,1523329,0
2017-07-25,47.321,47.57,46.744,47.54,1426553,0
2017-07-26,46.515,47.092,43.949,43.999,2523825,0
2017-07-27,43.979,44.118,43.268,43.581,1711990,0
2017-07-28,43.561,44.929,43.492,44.576,1175779,0
2017-07-31,44.765,45.153,44.437,45.004,1078745,0
2017-08-01,45.033,45.362,44.611,44.874,1424969,0
2017-08-02,44.854,45.202,43.84,44.268,1272833,0
2017-08-03,44.188,44.675,43.999,44.248,1284723,0
2017-08-04,44.397,44.576,43.701,43.979,1145715,0
2017-08-07,43.9,44.218,43.581,43.631,900067,0
2017-08-08,43.651,44.524,43.522,43.999,1447681,0
2017-08-09,43.78,44.049,43.492,43.691,1264776,0
2017-08-10,43.571,43.75,43.104,43.184,1188488,0
2017-08-11,43.054,43.601,43.044,43.174,495934,0
2017-08-14,43.581,44.035,43.273,43.74,571074,0
2017-08-15,43.9,44.138,43.512,43.641,617002,0
2017-08-16,43.83,43.999,43.522,43.601,770337,0
2017-08-17,43.472,43.75,42.995,43.005,725915,0
2017-08-18,42.845,43.492,42.686,43.094,799872,0
2017-08-21,43.114,43.452,42.895,43.323,620837,0
2017-08-22,43.422,44.193,43.382,43.83,667690,0
2017-08-23,43.69,44,43.45,43.7,728747,0
2017-08-24,43.89,43.89,43.53,43.72,583631,0
2017-08-25,43.99,44.33,43.81,44.04,535899,0
2017-08-28,44.1,44.23,43.88,44.1,1035228,0
2017-08-29,43.83,44.57,43.7985,44.45,772638,0
2017-08-30,44.41,44.55,44.1399,44.25,659877,0
2017-08-31,44.44,45.325,44.35,45.3,1028666,0
2017-09-01,45.4,45.69,44.91,45.28,783588,0
2017-09-05,45.17,45.17,44.41,44.62,697061,0
2017-09-06,44.78,44.915,44.38,44.39,969907,0
2017-09-07,44.48,44.86,44.39,44.85,737968,0
2017-09-08,44.73,45.73,44.53,45.49,747673,0
2017-09-11,45.89,46.55,45.61,45.86,677389,0
2017-09-12,45.97,46.48,45.9,46.45,555392,0
2017-09-13,46.31,46.43,46.09,46.35,540768,0
2017-09-14,46.27,46.31,45.91,46.19,605456,0
2017-09-15,46.03,46.52,44.72,46.47,1081978,0
2017-09-18,46.53,46.94,46.39,46.92,582659,0
2017-09-19,47,47.6775,46.76,47.45,821222,0
2017-09-20,47.48,47.99,47.445,47.93,741353,0
2017-09-21,47.95,48.04,47.7175,47.96,581160,0
2017-09-22,47.98,48.675,47.79,48.6,772866,0
2017-09-25,48.75,49.14,48.56,49.11,653117,0
2017-09-26,49.15,49.365,48.35,49.1,884924,0
2017-09-27,49.13,50,48.7,49.5,2165323,0
2017-09-28,49.42,50.58,49.42,50.41,1225661,0
2017-09-29,50.41,50.72,50.04,50.34,996695,0
2017-10-02,50.26,51.5,50,51.16,1387259,0
2017-10-03,51.16,51.76,51.01,51.38,1298151,0
2017-10-04,51.31,51.61,50.97,51.46,1162293,0
2017-10-05,51.45,51.61,50.88,51.17,725836,0
2017-10-06,51.21,51.38,50.76,51.14,568891,0
2017-10-09,50.91,51.32,50.76,51.26,621291,0
2017-10-10,51.4,51.44,51.08,51.37,534982,0
2017-10-11,49.5,50.14,48.52,48.74,1557734,0
2017-10-12,48.56,49.15,48.21,48.9,1209384,0
2017-10-13,49.01,49.38,48.87,49.01,1090924,0
2017-10-16,49.01,49.16,48.66,49.05,614153,0
2017-10-17,49.09,49.36,48.73,48.98,363543,0
2017-10-18,49.57,50.42,49.52,50.07,1059313,0
2017-10-19,49.8,51.01,49.53,50.92,855880,0
2017-10-20,51.04,51.87,50.74,51.65,1338806,0
2017-10-23,51.59,51.69,50.7901,50.84,998655,0
2017-10-24,50.91,51.485,50.49,50.86,1797306,0
2017-10-25,51.98,53.49,51.24,51.59,2517534,0
2017-10-26,51.84,53.48,51.76,53.26,1134656,0
2017-10-27,53.14,53.5,52.17,52.84,1166756,0
2017-10-30,52.64,52.64,50.9,51,1795520,0
2017-10-31,50.97,52.15,50.97,51.77,718142,0
2017-11-01,51.98,52.085,51.045,51.55,856175,0
2017-11-02,51.57,51.99,50.99,51.85,589211,0
2017-11-03,51.69,52.43,51.63,52.34,925518,0
2017-11-06,52.01,52.61,51.535,52.25,942779,0
2017-11-07,52.3,52.48,51.6725,52.43,947487,0
2017-11-08,52.35,52.91,52.15,52.74,670260,0
2017-11-09,52.58,53.09,52.32,52.55,834922,0
2017-11-10,52.56,52.97,52.23,52.9,461792,0
