2016-01-04,19.076,19.218,18.592,18.913,1494745,0
2016-01-05,18.941,19.363,18.78,19.31,1310250,0
2016-01-06,19.039,19.14,18.733,18.824,1055335,0
2016-01-07,18.491,18.814,18.421,18.68,1939089,0
2016-01-08,19.004,19.092,17.999,18.007,1457900,0
2016-01-11,18.088,18.25,17.986,18.106,965987,0
2016-01-12,18.205,18.268,17.548,17.71,960973,0
2016-01-13,17.441,17.594,16.525,16.669,2173435,0
2016-01-14,16.713,16.785,16.382,16.49,2858122,0
2016-01-15,16.174,16.292,15.439,16.292,3350732,0
2016-01-19,16.148,16.174,15.312,15.411,2114783,0
2016-01-20,15.114,15.771,14.506,15.771,2856330,0
2016-01-21,15.789,16.436,15.573,15.95,2223197,0
2016-01-22,16.183,16.868,16.13,16.328,1784028,0
2016-01-25,16.229,16.525,15.842,15.87,1374737,0
2016-01-26,15.996,16.769,15.996,16.623,1893971,0
2016-01-27,16.525,16.727,16.018,16.183,1662678,0
2016-01-28,16.4,16.542,15.627,15.645,3287386,0
2016-01-29,15.798,16.651,15.789,16.427,2701583,0
2016-02-01,16.265,16.417,16.031,16.203,1232855,0
2016-02-02,16.022,16.022,15.501,15.789,960361,0
2016-02-03,15.861,16.13,15.474,15.996,1335311,0
2016-02-04,16.013,16.651,16.003,16.427,1300567,0
2016-02-05,16.363,16.651,16.05,16.068,1202175,0
2016-02-08,15.861,16.158,15.411,16.085,2402217,0
2016-02-09,15.824,16.328,15.824,16.077,1464994,0
2016-02-10,16.166,16.776,15.95,16.282,847981,0
2016-02-11,16.058,16.095,15.627,15.789,3398501,0
2016-02-12,15.95,16.363,15.743,16.229,1081227,0
2016-02-16,16.39,16.849,16.39,16.776,1403879,0
2016-02-17,16.911,17.747,16.911,17.181,1615255,0
2016-02-18,17.262,17.738,17.055,17.602,1137848,0
2016-02-19,17.522,17.809,17.294,17.71,1325748,0
2016-02-22,17.899,18.133,17.764,17.837,1353552,0
2016-02-23,17.791,18.178,17.602,17.881,1354520,0
2016-02-24,17.684,18.053,17.441,17.971,1304152,0
2016-02-25,18.421,19.218,18.311,18.717,1350827,0
2016-02-26,18.761,19.102,18.654,18.86,1619968,0
2016-02-29,18.844,19.228,18.68,18.834,2324817,0
2016-03-01,18.95,19.515,18.85,19.508,914887,0
2016-03-02,19.508,19.947,19.39,19.821,770443,0
2016-03-03,19.903,20.279,19.83,20.216,736496,0
2016-03-04,20.19,20.753,20.127,20.584,1240996,0
2016-03-07,20.45,20.603,20.289,20.584,1559985,0
2016-03-08,20.422,20.441,19.606,19.65,882534,0
2016-03-09,19.732,19.732,19.348,19.508,578268,0
2016-03-10,19.712,19.722,18.968,19.363,675097,0
2016-03-11,19.641,19.991,19.381,19.991,740792,0
2016-03-14,20.01,20.234,19.867,20.135,975880,0
2016-03-15,19.991,20.203,19.799,20.019,1357300,0
2016-03-16,19.974,20.369,19.919,20.324,560361,0
2016-03-17,20.369,20.388,19.903,20.324,767414,0
2016-03-18,20.45,20.952,20.432,20.575,1179183,0
2016-03-21,20.512,20.827,20.314,20.495,822840,0
2016-03-22,20.388,20.388,20.019,20.127,827539,0
2016-03-23,20.181,20.234,19.66,19.766,1290503,0
2016-03-24,19.597,19.722,19.228,19.67,985808,0
2016-03-28,19.758,19.929,19.641,19.839,1607034,0
2016-03-29,19.83,20.432,19.639,20.396,1452533,0
2016-03-30,20.523,20.646,20.368,20.432,722844,0
2016-03-31,20.432,20.907,20.432,20.861,1802558,0
2016-04-01,20.606,20.614,19.71,19.794,919598,0
2016-04-04,19.748,19.849,19.32,19.393,910486,0
2016-04-05,19.183,19.345,18.955,19.265,876049,0
2016-04-06,19.292,19.493,19.083,19.402,679955,0
2016-04-07,19.248,19.32,18.909,19.019,789025,0
2016-04-08,19.154,19.639,19.145,19.374,685923,0
2016-04-11,19.511,19.93,19.511,19.685,665404,0
2016-04-12,19.765,20.195,19.71,19.967,412257,0
2016-04-13,20.048,20.387,20.031,20.387,418628,0
2016-04-14,20.377,20.641,20.286,20.45,537985,0
2016-04-15,20.368,20.686,20.368,20.505,412773,0
2016-04-18,20.469,20.469,20.212,20.241,354727,0
2016-04-19,20.296,20.422,20.113,20.413,568853,0
2016-04-20,20.306,20.359,19.925,20.031,896166,0
2016-04-21,20.077,20.387,19.821,19.885,629766,0
2016-04-22,19.994,20.14,19.345,19.677,865578,0
2016-04-25,19.593,19.92,19.457,19.92,611443,0
2016-04-26,20.012,20.258,19.957,20.231,590964,0
2016-04-27,19.71,20.212,19.647,20.131,1562296,0
2016-04-28,20.012,20.167,19.72,19.748,613350,0
2016-04-29,19.685,19.83,19.138,19.21,1154910,0
2016-05-02,19.311,19.839,19.202,19.839,956327,0
2016-05-03,19.657,19.657,19.238,19.556,613591,0
2016-05-04,19.355,19.702,19.355,19.611,612626,0
2016-05-05,19.584,19.867,19.145,19.338,1331444,0
2016-05-06,19.338,19.876,19.154,19.867,921577,0
2016-05-09,19.92,20.432,19.839,20.306,1449721,0
2016-05-10,20.486,20.798,20.286,20.788,1358071,0
2016-05-11,20.734,20.788,20.359,20.396,1780755,0
2016-05-12,20.432,20.568,19.904,20.177,1075871,0
2016-05-13,20.122,20.122,19.556,19.748,797722,0
2016-05-16,19.73,19.967,19.603,19.629,1218808,0
2016-05-17,19.565,19.685,19.154,19.257,960196,0
2016-05-18,19.145,19.284,18.544,18.847,717508,0
2016-05-19,17.97,18.37,17.46,17.505,2176337,0
2016-05-20,17.505,17.633,17.25,17.405,3458927,0
2016-05-23,17.441,17.587,17.196,17.287,1592459,0
2016-05-24,17.505,17.76,17.277,17.587,3443149,0
2016-05-25,17.643,18.147,17.56,18.134,2117682,0
2016-05-26,18.225,18.316,17.932,18.244,1468863,0
2016-05-27,18.235,18.6,18.235,18.463,1706970,0
2016-05-31,18.463,18.945,18.244,18.681,2834740,0
2016-06-01,18.6,19.036,18.591,18.99,1619305,0
2016-06-02,18.955,19.62,18.901,19.393,1585416,0
2016-06-03,19.502,19.762,19.028,19.476,1638437,0
2016-06-06,19.502,19.647,19.329,19.438,1264440,0
2016-06-07,19.42,19.502,19.21,19.32,993244,0
2016-06-08,19.374,19.547,19.274,19.393,979101,0
2016-06-09,19.393,19.511,19,19.163,1365394,0
2016-06-10,18.965,19.075,18.571,18.8,1041862,0
2016-06-13,18.854,19.1,18.552,18.718,1010135,0
2016-06-14,18.636,18.917,18.586,18.726,1223378,0
2016-06-15,18.726,19.407,18.681,19.21,1274645,0
2016-06-16,19.075,19.393,18.805,19.365,1017367,0
2016-06-17,19.338,19.904,19.238,19.83,1860493,0
2016-06-20,19.974,20.327,19.739,19.765,1262410,0
2016-06-21,19.821,19.92,19.69,19.757,855429,0
2016-06-22,19.83,19.989,19.677,19.839,901897,0
2016-06-23,20.058,20.277,19.962,20.104,561216,0
2016-06-24,19.502,19.667,18.936,19.138,3095082,0
2016-06-27,18.926,18.926,18.053,18.235,1600557,0
2016-06-28,18.429,18.976,18.372,18.753,1441963,0
2016-06-29,19.023,19.778,18.91,19.727,1279297,0
2016-06-30,19.763,19.894,19.345,19.885,933931,0
2016-07-01,19.958,20.46,19.949,20.386,1042805,0
2016-07-05,20.274,20.32,19.699,19.838,756116,0
2016-07-06,19.653,19.996,19.551,19.968,697758,0
2016-07-07,19.976,20.32,19.949,20.07,685987,0
2016-07-08,20.32,20.626,20.303,20.543,1132414,0
2016-07-11,20.681,20.931,20.561,20.83,1638791,0
2016-07-12,21.034,21.34,20.905,21.247,1827243,0
2016-07-13,21.312,21.321,20.599,20.886,1118059,0
2016-07-14,20.96,21.229,20.839,20.95,1194936,0
2016-07-15,20.886,21.062,20.681,21.025,847099,0
2016-07-18,21.043,21.405,20.979,21.303,753690,0
2016-07-19,21.303,21.508,21.101,21.479,1184689,0
2016-07-20,21.479,21.756,21.34,21.646,1218949,0
2016-07-21,21.543,22.11,21.498,21.813,936494,0
2016-07-22,21.756,22.647,21.669,22.574,1309619,0
2016-07-25,22.574,22.805,22.471,22.554,1098440,0
2016-07-26,22.574,22.574,21.943,22.025,1130257,0
2016-07-27,22.045,22.11,21.572,21.738,816521,0
2016-07-28,21.702,21.905,21.581,21.738,660088,0
2016-07-29,21.628,22.045,21.599,22.008,1537321,0
2016-08-01,21.896,22.138,21.821,22.054,1143164,0
2016-08-02,21.98,22.212,21.46,21.636,1385800,0
2016-08-03,21.591,21.776,21.377,21.711,1097832,0
2016-08-04,21.795,21.924,20.709,21.386,2048399,0
2016-08-05,21.423,22.045,21.405,22.017,1521244,0
2016-08-08,21.924,22.378,21.84,22.064,1665671,0
2016-08-09,22.09,22.212,21.591,21.84,1005030,0
2016-08-10,21.933,21.933,21.552,21.591,888272,0
2016-08-11,21.693,21.738,21.423,21.525,744952,0
2016-08-12,21.525,21.738,21.41,21.525,554615,0
2016-08-15,21.646,21.951,21.53,21.729,577942,0
2016-08-16,21.711,21.8,21.543,21.748,968558,0
2016-08-17,21.756,21.887,21.367,21.618,1651846,0
2016-08-18,21.711,21.824,21.618,21.776,574639,0
2016-08-19,21.729,21.86,21.581,21.821,923492,0
2016-08-22,21.831,21.989,21.543,21.933,954484,0
2016-08-23,22.118,22.193,21.581,21.628,1722169,0
2016-08-24,21.636,21.674,21.267,21.349,1287395,0
2016-08-25,21.303,21.632,21.303,21.552,1866250,0
2016-08-26,21.618,21.756,21.423,21.599,1417862,0
2016-08-29,21.674,22.013,21.552,21.581,1356539,0
2016-08-30,21.572,21.776,21.377,21.581,1754536,0
2016-08-31,21.599,21.905,21.443,21.636,1685294,0
2016-09-01,21.693,21.785,21.172,21.423,1473805,0
2016-09-02,21.543,21.914,21.331,21.414,843724,0
2016-09-06,21.508,21.543,20.886,21.015,902132,0
2016-09-07,21.043,21.247,20.791,21.238,978780,0
2016-09-08,21.091,21.262,20.859,20.96,724313,0
2016-09-09,20.739,20.739,20.182,20.256,1114166,0
2016-09-12,20.134,20.274,19.801,20.191,1109014,0
2016-09-13,19.986,20.2,19.737,19.894,1272992,0
2016-09-14,19.958,20.014,19.681,19.829,882436,0
2016-09-15,19.755,20.043,19.699,19.941,513479,0
2016-09-16,19.904,19.904,19.569,19.745,1802809,0
2016-09-19,19.857,20.043,19.699,19.848,1254080,0
2016-09-20,20.014,20.237,19.773,19.867,2087699,0
2016-09-21,19.894,20.014,19.486,19.958,1040177,0
2016-09-22,20.134,20.403,20.089,20.274,575979,0
2016-09-23,20.237,20.524,20.098,20.303,795917,0
2016-09-26,20.441,20.441,19.976,20.043,1184446,0
2016-09-27,20.061,20.089,19.559,19.588,1157862,0
2016-09-28,19.625,19.955,19.588,19.852,875908,0
2016-09-29,19.748,20.011,19.654,19.674,658388,0
2016-09-30,19.862,19.955,19.381,19.805,1446683,0
2016-10-03,19.692,19.753,19.531,19.616,652025,0
2016-10-04,19.607,20.059,19.607,19.871,1735646,0
2016-10-05,19.955,20.172,19.55,19.598,875330,0
2016-10-06,19.531,19.88,19.41,19.824,771161,0
2016-10-07,19.824,20.125,19.457,19.588,763869,0
2016-10-10,19.607,19.964,19.564,19.88,1254597,0
2016-10-11,19.709,19.889,19.325,19.504,570901,0
2016-10-12,19.521,19.828,19.494,19.701,641367,0
2016-10-13,19.579,19.719,19.484,19.709,693384,0
2016-10-14,19.814,19.842,19.447,19.513,525957,0
2016-10-17,19.579,19.654,18.986,19.259,997484,0
2016-10-18,19.418,19.739,19.391,19.607,843698,0
2016-10-19,19.729,19.946,19.664,19.814,537534,0
2016-10-20,19.795,19.88,19.315,19.654,816353,0
2016-10-21,19.466,19.63,19.259,19.579,552427,0
2016-10-24,19.664,20.011,19.588,19.701,968439,0
2016-10-25,19.683,19.729,19.493,19.588,416295,0
2016-10-26,19.466,19.494,19.042,19.117,752250,0
2016-10-27,19.202,19.202,18.575,18.618,928505,0
2016-10-28,18.665,18.759,18.336,18.411,857643,0
2016-10-31,18.524,18.704,18.411,18.57,1404126,0
2016-11-01,18.534,18.628,18.073,18.222,820531,0
2016-11-02,18.204,18.628,18.128,18.261,1257286,0
2016-11-03,18.524,18.524,17.903,18.034,1379084,0
2016-11-04,18.006,18.458,17.817,18.336,1203754,0
2016-11-07,18.486,18.873,18.468,18.608,1013634,0
2016-11-08,18.534,19.023,18.372,18.967,730346,0
2016-11-09,18.684,19.579,18.402,19.476,1521230,0
2016-11-10,19.644,19.785,19.306,19.748,1408591,0
2016-11-11,19.739,20.483,19.598,20.416,1740244,0
2016-11-14,20.614,21.302,20.455,21.302,1635256,0
2016-11-15,21.208,21.265,20.37,20.821,943761,0
2016-11-16,20.803,20.967,20.662,20.784,940414,0
2016-11-17,20.84,21.001,20.469,20.474,844209,0
2016-11-18,20.53,20.548,20.305,20.435,1172967,0
2016-11-21,20.483,20.774,20.276,20.341,916787,0
2016-11-22,20.483,20.653,20.407,20.653,1117225,0
2016-11-23,20.501,20.784,20.312,20.784,640087,0
2016-11-25,20.774,21.038,20.738,21.029,243518,0
2016-11-28,20.944,21.077,20.813,20.962,821445,0
2016-11-29,20.85,21.358,20.85,21.236,655260,0
2016-11-30,21.217,21.537,21.029,21.462,1709920,0
2016-12-01,21.454,21.698,21.208,21.669,1404989,0
2016-12-02,21.725,21.792,21.17,21.208,849578,0
2016-12-05,21.406,22.036,21.367,22.018,817713,0
2016-12-06,22.131,22.46,21.878,22.404,1239541,0
2016-12-07,22.385,22.968,22.375,22.94,1497562,0
2016-12-08,22.771,23.326,22.668,23.307,1310941,0
2016-12-09,23.242,23.355,23.12,23.307,786882,0
2016-12-12,23.261,23.638,23.063,23.299,980915,0
2016-12-13,23.412,23.449,22.799,23.063,808833,0
2016-12-14,23.176,23.364,22.927,23.044,1018826,0
2016-12-15,23.073,23.336,22.494,22.564,1422109,0
2016-12-16,22.799,23.227,22.761,23.006,2458960,0
2016-12-19,23.176,23.336,22.988,23.073,799164,0
2016-12-20,23.101,23.429,22.958,23.082,679619,0
2016-12-21,23.025,23.346,23.025,23.025,825082,0
2016-12-22,23.006,23.073,22.601,22.818,594890,0
2016-12-23,22.865,23.166,22.696,23.138,656594,0
2016-12-27,23.185,23.355,23.068,23.251,538688,0
2016-12-28,23.194,23.251,22.68,22.927,610647,0
2016-12-29,22.937,23.175,22.856,23.08,443013,0
2016-12-30,23.041,23.509,22.917,23.375,786739,0
2017-01-03,23.404,23.653,23.232,23.423,841754,0
2017-01-04,23.528,23.872,23.462,23.824,812865,0
2017-01-05,23.786,23.843,23.118,23.337,1067852,0
2017-01-06,23.356,23.366,22.861,23.118,983671,0
2017-01-09,23.175,23.175,22.64,22.954,781447,0
2017-01-10,23.07,23.432,22.831,22.851,1320267,0
2017-01-11,22.937,23.204,22.583,22.64,1115353,0
2017-01-12,22.621,22.707,22.202,22.631,1051549,0
2017-01-13,22.716,22.974,22.612,22.688,814620,0
2017-01-17,22.631,23.003,22.508,22.879,815523,0
2017-01-18,22.831,23.165,22.716,22.946,763074,0
2017-01-19,22.937,22.999,22.602,22.813,639503,0
2017-01-20,22.783,22.999,22.736,22.813,929399,0
2017-01-23,22.908,22.979,22.746,22.927,893917,0
2017-01-24,22.964,23.184,22.908,23.022,533427,0
2017-01-25,23.089,23.317,22.964,23.165,600724,0
2017-01-26,23.184,23.481,23.109,23.375,859755,0
2017-01-27,23.452,23.481,22.908,23.099,690476,0
2017-01-30,22.937,22.937,22.287,22.383,703163,0
2017-01-31,22.44,22.525,22.135,22.153,1142774,0
2017-02-01,22.297,22.515,21.868,21.905,734022,0
2017-02-02,21.924,22.115,21.791,21.924,544040,0
2017-02-03,22.135,22.259,21.914,22.202,1053070,0
2017-02-06,22.096,22.307,22.078,22.172,917115,0
2017-02-07,22.23,22.459,21.924,22.115,726117,0
2017-02-08,22.039,22.211,21.772,22.096,690709,0
2017-02-09,22.172,22.344,22.02,22.287,699255,0
2017-02-10,22.373,22.459,22.211,22.392,349118,0
2017-02-13,22.45,22.602,22.363,22.564,520298,0
2017-02-14,22.45,22.716,22.249,22.67,484172,0
2017-02-15,22.45,22.755,22.24,22.67,741035,0
2017-02-16,22.67,22.841,22.535,22.574,636505,0
2017-02-17,22.631,22.631,22.04,22.249,674779,0
2017-02-21,22.316,22.593,22.202,22.459,956793,0
2017-02-22,22.373,22.515,22.006,22.287,697724,0
2017-02-23,22.888,22.888,21.648,21.963,1011506,0
2017-02-24,21.858,21.982,21.613,21.982,866455,0
2017-02-27,21.944,22.417,21.878,22.162,777741,0
2017-02-28,22.029,22.078,21.667,21.723,1148905,0
2017-03-01,21.791,22.421,21.772,22.287,987412,0
2017-03-02,22.172,22.172,21.723,21.934,910697,0
2017-03-03,21.81,21.972,21.485,21.781,1084436,0
2017-03-06,21.657,21.858,21.542,21.801,512577,0
2017-03-07,21.648,21.738,21.453,21.524,797745,0
2017-03-08,21.38,21.757,21.323,21.534,795894,0
2017-03-09,21.524,21.706,21.104,21.18,900898,0
2017-03-10,21.361,21.514,21.076,21.333,691359,0
2017-03-13,21.333,21.648,21.294,21.505,1084175,0
2017-03-14,21.41,21.571,21.218,21.524,588323,0
2017-03-15,21.6,22.006,21.547,21.858,827502,0
2017-03-16,21.896,22.202,21.858,22.096,593487,0
2017-03-17,22.086,22.135,21.806,22.029,1813671,0
2017-03-20,22.029,22.069,21.657,21.715,905908,0
2017-03-21,21.752,21.848,21.18,21.237,802080,0
2017-03-22,21.237,21.352,20.865,21.333,1104756,0
2017-03-23,21.352,21.561,21.228,21.237,805401,0
2017-03-24,21.313,21.591,21.304,21.343,744251,0
2017-03-27,21.17,21.277,20.96,21.199,897130,0
2017-03-28,21.132,22.078,21.122,22.049,2258638,0
2017-03-29,22.02,22.512,21.942,22.475,1301004,0
2017-03-30,22.495,22.639,22.338,22.639,802222,0
2017-03-31,22.6,22.901,22.6,22.765,1442355,0
2017-04-03,22.736,22.843,22.131,22.164,1216748,0
2017-04-04,22.107,22.388,22,22.281,755317,0
2017-04-05,22.378,22.688,22.194,22.243,661585,0
2017-04-06,22.252,22.62,22.029,22.572,762198,0
2017-04-07,22.532,22.552,22.059,22.069,1232126,0
2017-04-10,22.078,22.505,22.01,22.485,1092390,0
2017-04-11,22.485,22.853,22.407,22.823,804548,0
2017-04-12,22.669,22.804,22.32,22.485,793035,0
2017-04-13,22.407,22.736,22.338,22.659,1363733,0
2017-04-17,22.736,22.853,22.532,22.716,1312391,0
2017-04-18,22.63,22.843,22.522,22.746,671019,0
2017-04-19,22.833,23.216,22.833,23.027,1227021,0
2017-04-20,23.037,23.123,22.61,23.046,1024931,0
2017-04-21,22.978,22.978,22.784,22.853,668417,0
2017-04-24,22.746,22.94,21.138,21.419,7657565,0
2017-04-25,21.544,22.116,21.39,22.069,3832844,0
2017-04-26,22.069,22.257,21.903,22.078,2864176,0
2017-04-27,22.155,22.155,21.691,21.718,1727041,0
2017-04-28,21.778,21.778,20.722,20.809,2556374,0
2017-05-01,20.848,21.051,20.75,20.974,1738110,0
2017-05-02,20.984,21.245,20.77,20.829,2220559,0
2017-05-03,20.722,21.196,20.625,21.022,2301172,0
2017-05-04,20.907,21.013,20.441,20.8,1105750,0
2017-05-05,20.829,21.051,20.717,20.848,1459224,0
2017-05-08,20.907,20.954,20.567,20.732,1572261,0
2017-05-09,20.625,20.683,19.657,19.734,1906180,0
2017-05-10,19.687,20.228,19.434,20.219,3113547,0
2017-05-11,19.976,19.986,19.415,19.608,2289596,0
2017-05-12,19.56,19.599,18.969,18.998,1759926,0
2017-05-15,18.824,19.376,18.824,18.94,1769841,0
2017-05-16,18.893,19.289,18.834,18.902,2428042,0
2017-05-17,18.64,18.979,18.514,18.902,2092128,0
2017-05-18,18.92,19.493,18.726,19.415,1709608,0
2017-05-19,19.376,19.841,19.279,19.734,2236027,0
2017-05-22,19.744,20.17,19.744,20.131,2699141,0
2017-05-23,20.19,20.319,19.792,19.802,3054140,0
2017-05-24,19.861,20.209,19.851,20.035,1456170,0
2017-05-25,20.073,20.219,19.667,19.773,816525,0
2017-05-26,19.734,19.966,19.677,19.861,861959,0
2017-05-30,19.851,20.073,19.724,19.928,1713028,0
2017-05-31,20.015,20.015,19.444,19.705,2648297,0
2017-06-01,19.734,20.228,19.58,20.015,1863842,0
2017-06-02,20.14,20.238,19.966,20.073,1293876,0
2017-06-05,20.083,20.14,19.947,20.025,1428093,0
2017-06-06,20.044,20.344,19.792,20.112,1320435,0
2017-06-07,20.093,20.14,19.88,19.976,1208998,0
2017-06-08,19.976,20.655,19.851,20.49,1931705,0
2017-06-09,20.528,20.984,20.412,20.76,2760191,0
2017-06-12,20.693,20.954,20.257,20.461,2464103,0
2017-06-13,20.518,20.921,20.374,20.674,1517912,0
2017-06-14,20.538,20.645,20.199,20.238,1450356,0
2017-06-15,19.956,20.393,19.947,20.17,1070795,0
2017-06-16,20.035,20.393,20.006,20.393,1462566,0
2017-06-19,20.481,20.809,20.282,20.76,1318059,0
2017-06-20,20.732,20.809,20.499,20.586,1261932,0
2017-06-21,20.645,20.712,20.112,20.112,1197821,0
2017-06-22,20.131,20.314,20.035,20.112,960288,0
2017-06-23,20.16,20.243,19.861,19.909,1660733,0
2017-06-26,20.025,20.19,19.889,20.17,958752,0
2017-06-27,20.14,20.314,19.986,20.16,2155428,0
2017-06-28,20.259,20.593,19.968,20.023,1414076,0
2017-06-29,20.052,20.17,19.545,19.698,1249399,0
2017-06-30,19.806,19.895,19.492,19.55,1194829,0
2017-07-03,19.708,20.18,19.649,20.052,1031069,0
2017-07-05,20.082,20.14,19.147,19.59,2578728,0
2017-07-06,19.52,19.807,19.246,19.353,1191516,0
2017-07-07,19.353,19.472,19.216,19.305,944955,0
2017-07-10,19.334,19.452,18.999,19.009,1205606,0
2017-07-11,19.069,19.246,18.93,19.157,1043723,0
2017-07-12,19.305,19.52,19.098,19.166,1211933,0
2017-07-13,19.186,19.305,19.074,19.108,1866903,0
2017-07-14,19.166,19.492,19.108,19.353,963203,0
2017-07-17,19.343,22.404,19.196,20.889,11556173,0
2017-07-18,20.593,20.849,20.337,20.367,3461225,0
2017-07-19,20.377,20.446,20.087,20.19,1937677,0
2017-07-20,20.121,20.131,19.708,19.846,2117857,0
2017-07-21,20.8,20.849,20.2,20.721,5183191,0
2017-07-24,20.623,20.835,20.416,20.81,3107596,0
2017-07-25,20.899,20.967,20.707,20.947,1607092,0
2017-07-26,20.957,21.105,20.633,20.662,1631631,0
2017-07-27,20.692,20.81,20.544,20.78,2011823,0
2017-07-28,20.81,20.918,20.653,20.859,904021,0
2017-07-31,20.977,20.977,20.573,20.82,1341692,0
2017-08-01,20.937,21.056,20.697,20.711,1957096,0
2017-08-02,20.682,20.692,20.22,20.514,3639700,0
2017-08-03,20.505,20.569,20.082,20.15,2517684,0
2017-08-04,20.013,20.544,19.708,20.446,2832256,0
2017-08-07,20.416,20.481,20.062,20.18,2041182,0
2017-08-08,20.17,20.347,19.954,20.023,1624787,0
2017-08-09,19.895,19.983,19.452,19.511,4480104,0
2017-08-10,19.432,19.692,19.216,19.53,2214435,0
2017-08-11,19.432,19.6,19.196,19.57,2364563,0
2017-08-14,19.747,20.013,19.629,19.846,1712863,0
2017-08-15,19.816,19.816,19.423,19.679,1557348,0
2017-08-16,19.717,19.717,19.285,19.403,5098444,0
2017-08-17,19.413,19.905,19.275,19.383,2978073,0
2017-08-18,19.186,19.442,19.074,19.295,4698299,0
2017-08-21,19.383,19.58,19.176,19.54,1979615,0
2017-08-22,19.54,19.717,19.452,19.609,2107239,0
2017-08-23,19.511,19.659,19.246,19.353,2804602,0
2017-08-24,19.393,19.525,19.305,19.334,1201777,0
2017-08-25,19.334,19.472,19.206,19.383,988423,0
2017-08-28,19.453,19.632,19.337,19.532,2285483,0
2017-08-29,19.443,19.826,19.383,19.811,2907425,0
2017-08-30,19.831,19.96,19.672,19.901,2137748,0
2017-08-31,19.98,20.199,19.891,20.08,5355459,0
2017-09-01,20.139,20.508,20.08,20.129,2053626,0
2017-09-05,20.388,20.428,19.751,19.97,2433524,0
2017-09-06,20.06,20.478,20,20.448,2525839,0
2017-09-07,20.468,20.478,20.045,20.289,2028215,0
2017-09-08,20.438,21.149,20.378,20.985,3829355,0
2017-09-11,20.955,21.204,20.891,21.144,2650132,0
2017-09-12,21.184,21.378,21.035,21.254,1699766,0
2017-09-13,21.214,21.612,21.119,21.612,1706695,0
2017-09-14,21.612,21.662,21.264,21.423,2025362,0
2017-09-15,21.493,21.622,21.284,21.493,2980281,0
2017-09-18,21.522,21.731,21.458,21.711,1463557,0
2017-09-19,21.692,21.751,21.428,21.612,1529679,0
2017-09-20,21.652,21.811,21.592,21.811,1737726,0
2017-09-21,21.851,22.04,21.662,21.731,1425160,0
2017-09-22,21.791,21.881,21.642,21.692,1281226,0
2017-09-25,21.672,22.119,21.652,21.811,2379657,0
2017-09-26,21.841,21.97,21.711,21.901,746630,0
2017-09-27,21.99,22.189,21.861,22.01,1425858,0
2017-09-28,22.09,22.18,21.86,22.17,1344393,0
2017-09-29,22.09,22.25,21.94,22,1506195,0
2017-10-02,22.09,22.24,21.9,22.09,1000899,0
2017-10-03,22.11,22.11,21.79,21.85,1028698,0
2017-10-04,21.88,21.95,21.71,21.88,549836,0
2017-10-05,21.94,22.11,21.8,22.02,850808,0
2017-10-06,21.94,22.07,21.86,21.96,1334333,0
2017-10-09,22.01,22.01,21.85,21.9,899337,0
2017-10-10,21.98,22.11,21.71,21.86,2376459,0
2017-10-11,21.94,22.04,21.82,21.91,1126978,0
2017-10-12,21.92,22.4,21.89,22.38,1079000,0
2017-10-13,22.42,22.54,22.12,22.48,937160,0
2017-10-16,22.51,22.61,22.32,22.38,1370192,0
2017-10-17,22.31,22.47,22.12,22.26,868245,0
2017-10-18,22.3,22.5,22.24,22.48,1268221,0
2017-10-19,22.48,22.56,22.22,22.56,1614667,0
2017-10-20,22.42,22.42,21.865,21.98,1773445,0
2017-10-23,21.99,22,21.45,21.45,1657283,0
2017-10-24,21.55,21.85,21.4539,21.77,1270823,0
2017-10-25,21.73,21.88,21.5,21.62,1119790,0
2017-10-26,21.68,21.8,21.35,21.57,787835,0
2017-10-27,21.62,21.71,21.47,21.56,968130,0
2017-10-30,21.66,21.66,21.27,21.31,879590,0
2017-10-31,21.37,21.76,21.245,21.66,2753017,0
2017-11-01,21.84,22.04,21.755,22,1541762,0
2017-11-02,21.96,22.01,21.44,21.97,1098573,0
2017-11-03,21.87,21.98,21.58,21.63,1327538,0
2017-11-06,21.61,21.78,21.56,21.69,961243,0
2017-11-07,21.63,22.13,21.63,21.63,1415440,0
2017-11-08,21.76,21.91,21.76,21.76,1358092,0
2017-11-09,21.75,21.87,21.02,21.17,1546240,0
2017-11-10,21.04,21.22,21.01,21.17,1079958,0
