2016-01-04,23.11,23.11,22.42,22.76,629194,0
2016-01-05,22.78,22.8,21.94,22.21,618918,0
2016-01-06,21.85,22.21,21.46,21.78,1014467,0
2016-01-07,21.35,21.62,21,21.05,477586,0
2016-01-08,21.2,21.44,20.79,21.09,675787,0
2016-01-11,21.26,21.37,20.67,20.96,296865,0
2016-01-12,21.19,22.4,21.12,22.31,777773,0
2016-01-13,22.35,22.43,20.58,21,794737,0
2016-01-14,21.04,22.13,20.5,21.31,654507,0
2016-01-15,20.66,21.18,20.12,20.92,472815,0
2016-01-19,21.2,21.87,21.01,21.78,778000,0
2016-01-20,21.29,21.98,20.5,21.53,1035704,0
2016-01-21,21.58,22.25,21.185,21.62,557606,0
2016-01-22,22.22,23.5,22.19,23.36,1141704,0
2016-01-25,23.16,23.31,22.07,22.32,423386,0
2016-01-26,22.46,23.035,22.1,22.78,457152,0
2016-01-27,22.58,22.66,21.56,21.76,470529,0
2016-01-28,21.94,22.76,20.86,21.01,754351,0
2016-01-29,21.25,21.89,20.93,21.82,665677,0
2016-02-01,21.6,22.6,21.325,22.37,689526,0
2016-02-02,22.11,22.12,21.49,21.71,538697,0
2016-02-03,21.92,21.99,21.09,21.33,863223,0
2016-02-04,21.27,21.63,20.74,21.34,988902,0
2016-02-05,20.7,21.05,19.06,19.15,2864291,0
2016-02-08,18.21,18.21,16.56,17.26,1709112,0
2016-02-09,16.53,17.36,15.35,15.98,1776456,0
2016-02-10,16.5,17.27,16.35,16.72,1240141,0
2016-02-11,16.36,16.9,16.15,16.56,985888,0
2016-02-12,16.93,16.99,16.21,16.31,565595,0
2016-02-16,16.61,17.51,16.51,17.44,663273,0
2016-02-17,17.51,18.35,17.51,18.07,836944,0
2016-02-18,18.21,18.35,17.85,18.05,589345,0
2016-02-19,17.99,18.32,17.6,18.31,402228,0
2016-02-22,18.59,18.89,18.49,18.74,483259,0
2016-02-23,18.5,18.62,17.54,17.56,838926,0
2016-02-24,17.34,18.05,17.15,17.9,438128,0
2016-02-25,18.04,18.21,17.35,17.99,336215,0
2016-02-26,18,18.36,17.7,18.33,553403,0
2016-02-29,18.33,18.87,18.33,18.5,412169,0
2016-03-01,18.72,19.05,18.56,18.84,481733,0
2016-03-02,18.67,19.12,18.645,19.05,419458,0
2016-03-03,18.99,19.11,18.65,19.05,249379,0
2016-03-04,19.13,19.36,18.63,19.07,437285,0
2016-03-07,19,19.265,18.61,19.13,469868,0
2016-03-08,19.02,19.17,18.15,18.25,348396,0
2016-03-09,18.38,18.4499,16,16.14,2407973,0
2016-03-10,16.26,16.34,14.275,15.11,3464114,0
2016-03-11,15.36,16.075,15.3165,15.92,1624794,0
2016-03-14,15.81,15.81,14.83,15.7,1842552,0
2016-03-15,15.7,15.94,14.96,15.44,1362949,0
2016-03-16,15.32,15.34,14.98,15.19,1180573,0
2016-03-17,15.19,15.54,14.91,15.51,649326,0
2016-03-18,15.65,15.98,15.48,15.89,915720,0
2016-03-21,15.85,15.85,15.05,15.08,657000,0
2016-03-22,15,15.27,14.96,15.04,803552,0
2016-03-23,15.02,15.3,14.86,15,855330,0
2016-03-24,14.93,14.98,14.49,14.55,890014,0
2016-03-28,14.51,14.639,13.88,14.38,754615,0
2016-03-29,14.35,15.12,14.13,15.11,820338,0
2016-03-30,15.2,15.38,15.14,15.22,525468,0
2016-03-31,15.25,16,15.13,15.75,1275174,0
2016-04-01,15.62,15.97,15.18,15.94,531655,0
2016-04-04,15.94,16.81,15.85,16.68,977226,0
2016-04-05,16.5,16.98,16.4,16.7,943450,0
2016-04-06,16.72,16.95,16.7,16.85,449712,0
2016-04-07,16.7,16.88,16.55,16.71,560701,0
2016-04-08,16.9,16.9,16.45,16.83,522316,0
2016-04-11,16.9,16.9,16.09,16.09,341835,0
2016-04-12,16.08,16.355,15.93,16.22,341877,0
2016-04-13,16.38,16.91,16.11,16.9,788291,0
2016-04-14,16.91,18.47,16.91,17.81,1408841,0
2016-04-15,17.84,18.07,17.43,17.55,517107,0
2016-04-18,17.46,18.43,17.46,18.2,777079,0
2016-04-19,18.25,18.349,17.65,18.05,419208,0
2016-04-20,18.1,18.2499,17.73,17.88,360179,0
2016-04-21,18.09,18.63,17.825,18.42,369983,0
2016-04-22,18.4,18.83,18.275,18.83,387640,0
2016-04-25,18.72,19.06,18.14,18.17,488616,0
2016-04-26,18.21,18.58,18.13,18.54,479716,0
2016-04-27,18.68,19.18,18.33,18.83,1168003,0
2016-04-28,20,20.74,19.62,19.86,1484068,0
2016-04-29,19.85,19.99,18.87,19.08,666400,0
2016-05-02,19.13,19.6,19.04,19.51,646690,0
2016-05-03,19.28,19.49,18.77,18.78,457309,0
2016-05-04,18.7,18.91,17.92,18.32,556966,0
2016-05-05,18.39,18.46,18.05,18.33,356252,0
2016-05-06,18.17,18.29,17.92,18.22,497516,0
2016-05-09,18.23,19.1,18.05,18.61,449902,0
2016-05-10,18.62,18.74,18.26,18.62,350584,0
2016-05-11,18.62,18.87,18.54,18.55,234944,0
2016-05-12,18.71,18.8,18.23,18.45,273828,0
2016-05-13,18.43,18.5,18.2,18.45,626229,0
2016-05-16,18.5,19.1,18.42,18.67,553243,0
2016-05-17,18.57,18.82,18.26,18.31,405728,0
2016-05-18,18.29,19.31,17.98,19.05,783837,0
2016-05-19,19,19.31,18.5505,18.69,543457,0
2016-05-20,18.76,19.19,18.69,18.94,693608,0
2016-05-23,18.33,18.8,18.11,18.52,883298,0
2016-05-24,18.6,18.805,18.47,18.58,1699682,0
2016-05-25,18.7,19.31,18.6,19.18,874355,0
2016-05-26,19.23,19.855,19.04,19.62,558609,0
2016-05-27,19.56,19.93,19.52,19.77,418703,0
2016-05-31,19.82,19.96,19.57,19.74,579394,0
2016-06-01,19.82,20,19.52,19.82,732971,0
2016-06-02,19.76,20.16,19.56,20.13,471736,0
2016-06-03,20.02,20.15,19.55,19.85,509895,0
2016-06-06,19.85,20.32,19.79,20.21,381651,0
2016-06-07,20.19,20.81,20.07,20.68,425116,0
2016-06-08,20.67,20.91,20.48,20.79,487282,0
2016-06-09,20.75,21,20.46,20.58,559378,0
2016-06-10,20.36,20.41,19.82,20.36,661868,0
2016-06-13,20.34,20.94,20.32,20.35,349494,0
2016-06-14,20.22,20.68,20.1,20.67,388685,0
2016-06-15,20.81,21.06,20.77,20.82,315429,0
2016-06-16,20.58,20.845,20.39,20.79,555646,0
2016-06-17,20.86,20.96,20.5,20.58,725011,0
2016-06-20,20.88,21.08,20.525,20.66,509398,0
2016-06-21,20.7,20.83,20.375,20.56,300445,0
2016-06-22,20.58,20.71,20.2,20.25,418071,0
2016-06-23,20.54,20.85,20.235,20.85,268473,0
2016-06-24,19.87,20.5,19.63,20.02,1038851,0
2016-06-27,19.83,19.88,18.54,19.21,777637,0
2016-06-28,19.49,19.62,19.12,19.4,511325,0
2016-06-29,19.64,19.885,19.39,19.69,477915,0
2016-06-30,19.8,19.86,19.5,19.72,941418,0
2016-07-01,19.63,19.82,19.48,19.67,597972,0
2016-07-05,19.62,19.75,19.15,19.37,316441,0
2016-07-06,19.2,19.59,19.18,19.5,243437,0
2016-07-07,20.43,20.51,19.9,20.38,496027,0
2016-07-08,20.65,21.91,20.59,21.64,836997,0
2016-07-11,21.76,21.9522,21.47,21.75,367607,0
2016-07-12,21.9,22.05,21.61,21.91,306706,0
2016-07-13,22.01,22.25,21.8,22,381182,0
2016-07-14,22.19,22.31,21.96,22.06,332091,0
2016-07-15,22.18,22.25,21.946,22.12,205479,0
2016-07-18,22.15,22.36,22.02,22.08,287672,0
2016-07-19,22.11,22.61,22.03,22.12,410609,0
2016-07-20,22.3,22.49,22.02,22.48,393863,0
2016-07-21,22.55,22.72,22.05,22.09,517158,0
2016-07-22,22.15,22.76,22.15,22.71,569721,0
2016-07-25,22.71,22.99,22.6385,22.75,274719,0
2016-07-26,22.65,23.045,22.65,22.84,279096,0
2016-07-27,22.95,23.1099,22.78,22.96,218794,0
2016-07-28,23.01,23.25,22.93,23.18,244771,0
2016-07-29,23.18,23.2,22.88,23.03,375357,0
2016-08-01,22.9,23.575,22.8,23.2,574509,0
2016-08-02,23.23,23.23,22.45,22.88,478263,0
2016-08-03,22.83,23.3,22.44,23.22,676891,0
2016-08-04,24.66,25,22.88,24.14,1915381,0
2016-08-05,24.24,24.3,23.8,24.02,537247,0
2016-08-08,23.99,23.99,23.02,23.13,423203,0
2016-08-09,23.09,23.28,22.94,23.2,326252,0
2016-08-10,23.14,23.39,22.9,23.3,354034,0
2016-08-11,23.48,23.62,23.24,23.53,310698,0
2016-08-12,23.46,23.59,23.12,23.2,144371,0
2016-08-15,23.33,23.51,23.13,23.38,280600,0
2016-08-16,23.37,23.37,22.83,22.84,547287,0
2016-08-17,22.78,22.95,22.45,22.93,310422,0
2016-08-18,22.9,23.19,22.81,22.96,157528,0
2016-08-19,22.94,23.32,22.5972,23.09,330045,0
2016-08-22,22.92,23.04,22.6,22.9,219764,0
2016-08-23,22.26,23.03,22.18,22.92,526902,0
2016-08-24,22.86,23.16,22.255,22.31,416013,0
2016-08-25,22.28,22.57,22.1,22.44,189958,0
2016-08-26,22.32,22.74,22.21,22.36,282484,0
2016-08-29,22.33,22.42,22.1199,22.29,207398,0
2016-08-30,22.3,22.77,22.08,22.24,202480,0
2016-08-31,22.25,22.25,21.72,21.95,560223,0
2016-09-01,21.8,22.21,21.62,22.15,306931,0
2016-09-02,22.25,22.48,22.12,22.48,282049,0
2016-09-06,22.62,22.62,22.3,22.36,190506,0
2016-09-07,22.08,22.46,22.02,22.37,559554,0
2016-09-08,22.31,22.66,22.24,22.34,413539,0
2016-09-09,22.21,22.35,21.49,21.65,424972,0
2016-09-12,21.46,22.13,21.4098,22,328362,0
2016-09-13,21.99,22.12,21.62,21.96,532992,0
2016-09-14,21.93,22.26,21.88,22.23,577902,0
2016-09-15,22.3,23.06,22.17,23.05,508427,0
2016-09-16,23.1,23.37,22.91,23.36,396357,0
2016-09-19,23.54,23.87,23.1403,23.36,306582,0
2016-09-20,23.51,23.51,23.01,23.09,303851,0
2016-09-21,23.29,23.65,23.16,23.6,279301,0
2016-09-22,23.65,24,23.61,23.82,378891,0
2016-09-23,23.77,23.84,23.49,23.66,239249,0
2016-09-26,23.6,23.71,23.28,23.51,177793,0
2016-09-27,23.48,23.77,23.47,23.74,318068,0
2016-09-28,23.75,23.81,23.49,23.79,209551,0
2016-09-29,23.8,23.8,23.405,23.56,170661,0
2016-09-30,23.67,23.73,23.32,23.66,328653,0
2016-10-03,23.56,23.92,23.41,23.9,417194,0
2016-10-04,23.91,24.54,23.91,24.15,316340,0
2016-10-05,24.27,24.28,23.1,23.14,481926,0
2016-10-06,23.13,23.36,22.82,22.9,414380,0
2016-10-07,22.86,22.94,22.44,22.49,516126,0
2016-10-10,22.65,22.68,22.25,22.36,758442,0
2016-10-11,22.37,22.37,21.79,21.86,442849,0
2016-10-12,21.81,22.3,21.625,22.15,355915,0
2016-10-13,21.95,22.02,21.47,21.52,412300,0
2016-10-14,21.61,21.75,21.47,21.52,201197,0
2016-10-17,21.6,21.6,21.15,21.3,196729,0
2016-10-18,21.5,21.8,21.35,21.65,211268,0
2016-10-19,21.6,22.2,21.6,22,235897,0
2016-10-20,21.95,22.25,21.95,22.15,288267,0
2016-10-21,21.95,22.2,21.85,22.15,245243,0
2016-10-24,22.35,23.2,22.2,23.1,542255,0
2016-10-25,23,23.25,22.75,23.15,408230,0
2016-10-26,22.05,22.6,21.55,21.55,1444812,0
2016-10-27,21.55,21.9,20.6,20.65,930846,0
2016-10-28,20.75,21.1,20.15,20.2,690604,0
2016-10-31,20.25,20.85,20.1,20.7,521489,0
2016-11-01,20.85,21,19.8,20.1,697090,0
2016-11-02,19.6,20.2,19.35,19.95,550933,0
2016-11-03,19.9,20.2,19.6,19.8,528294,0
2016-11-04,19.85,20.225,19.6,20.05,429908,0
2016-11-07,20.35,20.75,20.15,20.6,405052,0
2016-11-08,20.55,21.2,20.4,20.8,507323,0
2016-11-09,20.4,21.15,20.1509,21.05,453060,0
2016-11-10,21.25,21.95,21.05,21.7,511032,0
2016-11-11,21.7,22.6,21.65,22.55,768286,0
2016-11-14,22.7,23.85,22.55,22.75,685381,0
2016-11-15,22.8,23.8,22.8,23.3,547960,0
2016-11-16,23.2,24.1,23.105,23.85,497911,0
2016-11-17,24.1,24.2,22.85,22.95,773931,0
2016-11-18,23.05,23.3,22.55,22.75,740242,0
2016-11-21,23.3,23.3,22.6,22.7,519030,0
2016-11-22,22.15,22.7,21.9,22.1,820812,0
2016-11-23,22,22.85,22,22.85,331632,0
2016-11-25,22.8,23.15,22.5,23,186533,0
2016-11-28,22.95,23.2,22,22.05,485814,0
2016-11-29,22.15,22.15,20.8,20.95,848127,0
2016-11-30,21.15,21.65,20.95,21.55,885096,0
2016-12-01,21.45,22.5,20.75,21.1,956916,0
2016-12-02,20.9,21.05,19.95,20.55,842277,0
2016-12-05,20.7,22,20.7,21.85,756891,0
2016-12-06,21.75,21.95,21.2,21.7,412527,0
2016-12-07,21.75,22.55,21.5,22.5,382424,0
2016-12-08,22.5,23.4,22.25,23.35,600128,0
2016-12-09,23.35,23.8,22.55,22.75,785284,0
2016-12-12,23.35,23.5,22.35,22.85,690622,0
2016-12-13,22.85,23.55,22.45,22.5,507412,0
2016-12-14,22.45,22.8,21.75,21.95,517946,0
2016-12-15,21.85,22.45,21.8,22,670078,0
2016-12-16,21.9,22.05,21.5,21.65,686650,0
2016-12-19,21.8,21.95,21.5,21.8,310066,0
2016-12-20,22,22.2,21.6,21.65,343567,0
2016-12-21,21.7,21.7,20.9,21.1,296951,0
2016-12-22,21.1,21.25,20.775,20.85,202914,0
2016-12-23,20.9,21.25,20.7,21.2,145388,0
2016-12-27,21.2,21.65,21.175,21.6,209533,0
2016-12-28,21.75,21.8,20.9,20.9,526859,0
2016-12-29,20.9,21.3,20.65,20.95,401658,0
2016-12-30,20.95,21.2,20.55,20.6,462794,0
2017-01-03,21,21.375,20.75,21.35,471604,0
2017-01-04,21.45,21.75,21.25,21.55,372539,0
2017-01-05,21.5,21.55,21.125,21.25,345289,0
2017-01-06,21.4,21.8,21,21.8,325941,0
2017-01-09,21.8,22.05,21.5,21.65,453602,0
2017-01-10,21.7,21.875,21.4,21.65,329667,0
2017-01-11,21.6,22.25,21.55,21.95,630556,0
2017-01-12,21.95,22.05,21.35,22,286195,0
2017-01-13,22.1,22.55,21.95,22.5,566011,0
2017-01-17,22.4,22.5,21.55,21.7,355182,0
2017-01-18,21.8,22.4,21.5,21.85,427149,0
2017-01-19,21.95,22.4,21.65,21.95,194368,0
2017-01-20,22.05,22.9,21.925,22.85,349815,0
2017-01-23,22.75,23.65,22.7,23.5,496886,0
2017-01-24,23.65,23.95,23.35,23.65,516559,0
2017-01-25,23.85,23.9,23.2,23.65,593541,0
2017-01-26,23.8,23.8,23,23.25,445640,0
2017-01-27,23.3,24.5,22.9,24.35,1118954,0
2017-01-30,23.95,24.2,23.05,23.35,1008301,0
2017-01-31,23.15,23.45,22.7,23.35,659758,0
2017-02-01,23.45,23.5,22.85,23,395580,0
2017-02-02,22.85,23.6,22.85,23.3,918941,0
2017-02-03,23.35,23.45,22.9,23.2,750575,0
2017-02-06,23.05,23.3,22.4,22.6,417538,0
2017-02-07,22.65,23.05,22.45,22.6,337408,0
2017-02-08,22.35,22.4,21.9,22.3,589859,0
2017-02-09,22.4,23.15,22.4,22.75,741087,0
2017-02-10,22.95,23.55,22.35,23.5,1570943,0
2017-02-13,23.5,24.15,23.225,23.8,1321637,0
2017-02-14,23.55,24.5,22.55,23.9,2633871,0
2017-02-15,23.95,25.45,23.9,25.15,1478003,0
2017-02-16,24.9,25.2,24.25,24.5,1061311,0
2017-02-17,24.4,25.3,24.3,25.2,788198,0
2017-02-21,25.15,25.8,25.1,25.65,1263488,0
2017-02-22,24.95,25.95,24.8,25.8,1047115,0
2017-02-23,25.95,26.25,25.4,25.9,948401,0
2017-02-24,25.35,26.3,25.15,26.25,931912,0
2017-02-27,26.4,27.85,26.15,27.3,1596374,0
2017-02-28,27.05,27.05,26.35,26.7,985473,0
2017-03-01,27.1,27.1,26.25,26.75,845149,0
2017-03-02,26.7,26.79,26.3,26.55,610057,0
2017-03-03,26.35,26.6,25.9,26.55,539051,0
2017-03-06,26.4,26.8,26.25,26.5,428541,0
2017-03-07,26.3,26.65,26.2,26.4,554760,0
2017-03-08,26.45,26.7,26.2,26.4,424756,0
2017-03-09,26.3,26.8,25.9,26.75,532992,0
2017-03-10,27,27.35,26.05,26.55,803163,0
2017-03-13,26.55,26.8,26.2944,26.6,517721,0
2017-03-14,26.5,26.7,25.925,26.35,699629,0
2017-03-15,26.5,27.25,26.3,27.1,556883,0
2017-03-16,27.25,27.75,26.975,27.5,650558,0
2017-03-17,27.6,28,27.3,27.45,592557,0
2017-03-20,27.45,28.175,27.35,27.9,569669,0
2017-03-21,28.05,28.05,26.75,26.85,673262,0
2017-03-22,26.8,27.05,26.5,26.8,342886,0
2017-03-23,26.85,27,26.5,26.95,432390,0
2017-03-24,27,27.4,26.75,26.95,493941,0
2017-03-27,26.5,27.05,26.15,26.95,377900,0
2017-03-28,26.85,27.5,26.65,27.25,502307,0
2017-03-29,27.25,27.75,27.1,27.65,410298,0
2017-03-30,27.65,27.8,27.3,27.65,618955,0
2017-03-31,27.65,28.45,27.5,28.3,804000,0
2017-04-03,28.35,28.45,27.45,27.75,539883,0
2017-04-04,27.8,28,27.55,27.7,540494,0
2017-04-05,27.9,28.125,27,27.3,540275,0
2017-04-06,27.25,27.5,26.975,27.3,364465,0
2017-04-07,27.25,27.475,27.15,27.35,607494,0
2017-04-10,27.4,27.75,27.35,27.7,272722,0
2017-04-11,28.8,29,28.4,28.7,653305,0
2017-04-12,28.7,28.8,28.35,28.6,389634,0
2017-04-13,28.65,29,28.45,28.55,370450,0
2017-04-17,28.65,29.075,28.6,29,264537,0
2017-04-18,28.7,29.025,28.45,28.85,309186,0
2017-04-19,29.1,29.65,29.1,29.45,475466,0
2017-04-20,29.7,29.95,29.2,29.6,616165,0
2017-04-21,29.45,29.75,29.15,29.35,485465,0
2017-04-24,29.8,30.45,29.3,30.2,1595091,0
2017-04-25,30.45,31.2,30.05,30.5,1368719,0
2017-04-26,30.75,31.4,29.45,30.45,1757034,0
2017-04-27,30.75,32.2,30.6,32.05,1478232,0
2017-04-28,31.9,32.25,31.65,31.95,1101955,0
2017-05-01,32,32.6,31.6,32.5,1138110,0
2017-05-02,32.5,33.25,32.5,32.7,1160057,0
2017-05-03,33.35,33.35,32.35,32.75,663125,0
2017-05-04,32.75,33.075,32.6,32.95,774066,0
2017-05-05,32.9,33.35,32.35,32.9,627351,0
2017-05-08,32.9,32.9,31.5,31.75,1159121,0
2017-05-09,31.7,32.1,31.25,31.85,1289008,0
2017-05-10,31.75,32.05,31.5,31.8,577059,0
2017-05-11,31.65,32.55,31.05,32.4,957279,0
2017-05-12,32.35,32.6,31.9,32.25,641388,0
2017-05-15,32.4,33.1,32.15,33.05,824536,0
2017-05-16,33.05,33.65,33,33.5,631068,0
2017-05-17,32.9,32.9,32.05,32.05,690492,0
2017-05-18,32.1,32.8,31.85,32.55,974328,0
2017-05-19,32.7,33.95,32.7,33.8,923388,0
2017-05-22,33.85,34.55,33.7,34.45,924127,0
2017-05-23,33.9,34.3,33.75,34.25,1090251,0
2017-05-24,34.35,34.5,33.95,34.15,645920,0
2017-05-25,34.5,34.8,34.15,34.65,583871,0
2017-05-26,34.5,34.65,33.95,34,559570,0
2017-05-30,34,34.35,33.75,34.2,463504,0
2017-05-31,34.2,34.3,33.405,34.1,544936,0
2017-06-01,34.25,34.7,33.8,34.7,408596,0
2017-06-02,34.75,35.3,34.3,35.3,602649,0
2017-06-05,35.25,36.1,35,36,894596,0
2017-06-06,35.7,37.3,35.35,36.7,1533839,0
2017-06-07,36.7,37.3,36.675,37.2,905723,0
2017-06-08,37.3,38.5,37.1,38.3,1030301,0
2017-06-09,38.25,38.35,34.85,35.4,1565209,0
2017-06-12,35.05,35.725,32.7,35.3,973357,0
2017-06-13,35.5,35.955,34.725,35.75,613819,0
2017-06-14,35.85,36.85,35.5,35.6,614097,0
2017-06-15,34.9,35.6,34.65,35.35,445482,0
2017-06-16,35,35.7,35,35.5,872739,0
2017-06-19,35.95,36.9,35.8707,36.6,1013796,0
2017-06-20,36.45,36.8,35.85,36.2,595995,0
2017-06-21,36.35,37.0152,36.35,36.85,482450,0
2017-06-22,36.95,37.7,36.75,37.55,502647,0
2017-06-23,37.75,38.7,37.35,38.65,839197,0
2017-06-26,38.8,39,37.45,37.65,799664,0
2017-06-27,37.95,37.95,36.75,36.8,555779,0
2017-06-28,37,37.65,36.25,37.5,529761,0
2017-06-29,37.3,37.5,35.5,36.35,525355,0
2017-06-30,36.45,37.15,36.3,36.55,620811,0
2017-07-03,36.8,36.8,35.2,35.55,223463,0
2017-07-05,35.6,36.3,35.3,36.25,483290,0
2017-07-06,35.8,35.9,35.3,35.6,407070,0
2017-07-07,35.8,37,35.8,37,454557,0
2017-07-10,36.85,37.4,36.35,36.5,931181,0
2017-07-11,36.45,36.8,36.2,36.3,679617,0
2017-07-12,36.55,37.45,36.35,37.2,636730,0
2017-07-13,37.4,37.55,36.75,37.2,487620,0
2017-07-14,37.35,37.45,36.4,36.4,566459,0
2017-07-17,36.35,36.55,35.75,35.85,708436,0
2017-07-18,35.8,36.025,35.35,35.8,695509,0
2017-07-19,35.8,36.1,35.7,36,1661811,0
2017-07-20,35.55,35.7,34.375,34.8,923316,0
2017-07-21,34.95,35.4,34.45,34.95,528242,0
2017-07-24,34.85,35.5,34.35,35.35,561309,0
2017-07-25,35.4,36,34.95,35.65,682128,0
2017-07-26,35.9,36.2,35.55,35.95,449410,0
2017-07-27,36.2,36.6,35,35.8,578159,0
2017-07-28,35.55,35.9,34.95,35.15,626591,0
2017-07-31,35.2,35.4,34.375,34.8,553963,0
2017-08-01,35.05,35.825,34.9,35.5,1018361,0
2017-08-02,35.75,35.75,34.5,34.9,1163254,0
2017-08-03,38.95,38.95,34.1,34.55,1096222,0
2017-08-04,34.55,35.4,34.55,35.05,860754,0
2017-08-07,35,35.6,34.975,35.1,551868,0
2017-08-08,34.9,35.95,34.65,35.9,537582,0
2017-08-09,35.5,43.05,35.3,38.8,3159996,0
2017-08-10,38,38.7,37.45,37.7,1207639,0
2017-08-11,37.35,38.55,37.35,38.3,614102,0
2017-08-14,38.7,39.4,38.3,39.35,547757,0
2017-08-15,39.3,39.35,38.7,39.2,346363,0
2017-08-16,39.5,39.75,39.1,39.4,408565,0
2017-08-17,39.25,39.7,38,38.15,804076,0
2017-08-18,37.95,38.75,37.9,38.25,431663,0
2017-08-21,38.3,38.45,37.9,38.15,333217,0
2017-08-22,37.45,38.5,37.4,38.35,707883,0
2017-08-23,38.1,39.4,37.95,39,615892,0
2017-08-24,39.3,39.4,38.4,39.1,677231,0
2017-08-25,39.2,39.3755,37.8,37.85,527645,0
2017-08-28,38.05,38.7,38.05,38.65,725949,0
2017-08-29,38.3,40.15,38.1,39.7,836257,0
2017-08-30,39.65,40.7,39.4,40.3,619276,0
2017-08-31,40.5,42.4,40.5,42.35,816866,0
2017-09-01,42.3,42.65,41.8,42.35,489813,0
2017-09-05,42.15,42.775,41.755,42.45,337065,0
2017-09-06,42.8,42.85,41.4,41.75,543914,0
2017-09-07,42.35,42.725,41.5,42.65,381107,0
2017-09-08,42.5,42.85,42.05,42.35,647863,0
2017-09-11,42.8,43,41.9,42.55,319515,0
2017-09-12,42.7,42.9,42,42.55,367673,0
2017-09-13,42.4,42.6,41.7,41.75,412815,0
2017-09-14,41.6,41.9,40.85,41.55,443202,0
2017-09-15,41.8,41.85,40.85,41.55,538474,0
2017-09-18,41.6,42,41.1,41.3,604841,0
2017-09-19,41.3,41.9125,40.8,41.15,353911,0
2017-09-20,41.05,41.25,40.35,40.65,325395,0
2017-09-21,40.65,40.65,38.8,39.8,874581,0
2017-09-22,39.85,40.45,39.7,39.85,321547,0
2017-09-25,39.6,40.15,38.65,39.2,357988,0
2017-09-26,39.4,39.4,38.45,39,292535,0
2017-09-27,39.25,40.75,39.25,40.4,438043,0
2017-09-28,40.25,40.6,39.8,40.15,240760,0
2017-09-29,40.3,41.95,40.2,41.75,566533,0
2017-10-02,42.55,44.35,42,44,1487251,0
2017-10-03,43.95,44.7,43.25,44.2,779907,0
2017-10-04,44.05,44.2,43.35,43.9,464249,0
2017-10-05,44.05,44.1,43,43.9,415812,0
2017-10-06,43.55,44.9,43.4,44.8,504598,0
2017-10-09,44.275,44.85,44.1,44.4,317463,0
2017-10-10,44.95,44.95,43.05,43.45,492800,0
2017-10-11,43.5,43.75,43.05,43.4,410979,0
2017-10-12,43.4,43.75,43.1,43.4,316731,0
2017-10-13,43.65,44,43.4,43.8,446619,0
2017-10-16,44,44.0414,42.6,42.75,464180,0
2017-10-17,42.75,43.05,42.4,42.45,324514,0
2017-10-18,42.6,42.75,41.1,41.35,616529,0
2017-10-19,41.25,41.65,40.35,40.95,466761,0
2017-10-20,41.4,42.7,41.4,42.55,458563,0
2017-10-23,42.4,42.6,41.35,41.8,439020,0
2017-10-24,42,42.45,41.5,41.5,380024,0
2017-10-25,41.45,43.2,40.9,41.1,640077,0
2017-10-26,41.3,41.8,41.15,41.45,340619,0
2017-10-27,41.7,42.6,41.7,42.3,432959,0
2017-10-30,41.85,42.05,40.95,41.55,389757,0
2017-10-31,41.6,42.3,41.5,42.15,469798,0
2017-11-01,42.5,42.7,41.75,42.4,303057,0
2017-11-02,42.05,43.35,41.95,43.1,298807,0
2017-11-03,43.05,44.5,42.85,44.05,350008,0
2017-11-06,44.2,44.5,43.8,44.25,309221,0
2017-11-07,44.5,44.5,43.65,44.3,360532,0
2017-11-08,44.05,44.1,42.1,43.65,973189,0
2017-11-09,44.85,47.95,44.85,47.55,1228605,0
2017-11-10,47.5,47.5,45.2831,46.15,645010,0
