2016-01-04,63.51,63.51,62,62.13,109314,0
2016-01-05,62.28,62.91,61.97,62.37,100208,0
2016-01-06,61.4,62.48,61.2901,61.78,81610,0
2016-01-07,60.77,61.005,60.22,60.66,88463,0
2016-01-08,60.81,60.94,59.38,59.64,166726,0
2016-01-11,59.99,60.58,59.5,60.56,124481,0
2016-01-12,60.96,61.53,60.34,61.46,99021,0
2016-01-13,61.56,61.83,59.37,59.78,205583,0
2016-01-14,60.1,60.26,59.15,59.45,92493,0
2016-01-15,58.06,58.69,57.18,58.13,106971,0
2016-01-19,58.79,58.79,56.19,56.82,133300,0
2016-01-20,56.12,57.68,54.38,57.09,82763,0
2016-01-21,57.11,57.61,55.95,56.3,117718,0
2016-01-22,56.89,59.35,55.25,57.1,87127,0
2016-01-25,56.74,58.01,54.98,55.28,88901,0
2016-01-26,55.59,57.42,55.28,57.01,97640,0
2016-01-27,56.7,57.28,55.32,56.28,91497,0
2016-01-28,56.7,57.16,55.76,56.07,73116,0
2016-01-29,56.16,59.41,56.16,59.33,102783,0
2016-02-01,58.68,59.57,57,57.25,104962,0
2016-02-02,56.7,57.1,55.1,55.64,113245,0
2016-02-03,57.09,62.97,56.51,58.25,128549,0
2016-02-04,57.79,60.94,57.64,59.97,137734,0
2016-02-05,59.57,61.41,58.7313,59.04,137903,0
2016-02-08,58.04,60.56,56.83,59.93,138035,0
2016-02-09,58.91,61.02,58.74,59.17,126741,0
2016-02-10,59.52,60.11,58.7,58.79,81632,0
2016-02-11,57.75,60.23,57.75,59.59,58949,0
2016-02-12,60.14,60.78,59.205,60.15,86988,0
2016-02-16,60.92,61.66,59.95,61.25,117191,0
2016-02-17,61.61,62.71,61.61,62.04,100749,0
2016-02-18,61.95,63.12,61.12,61.8,80040,0
2016-02-19,61.54,62.39,61.3,61.98,69818,0
2016-02-22,62.48,63,61.0001,62.14,75924,0
2016-02-23,61.7,62.22,61.4,61.61,98034,0
2016-02-24,61.25,62.83,60.935,62.46,74994,0
2016-02-25,62.91,63.9,62.17,63.24,90484,0
2016-02-26,63.47,64.55,63.27,64.33,96807,0
2016-02-29,64.33,64.94,63.505,63.695,94309,0
2016-03-01,64.08,65.4,63.5,64.62,72112,0
2016-03-02,64.36,64.79,63.975,64.72,83256,0
2016-03-03,64.77,65.72,64.3,65.71,115911,0
2016-03-04,65.71,67.81,65.07,66.73,123292,0
2016-03-07,66.58,68.44,66.58,67.9,143458,0
2016-03-08,67.44,68.34,67.15,67.49,103231,0
2016-03-09,67.61,67.855,66.73,67.38,125201,0
2016-03-10,67.525,68.05,66.75,67.34,103851,0
2016-03-11,67.84,69.02,66.825,68.87,84761,0
2016-03-14,68.66,70.42,68.62,69,158487,0
2016-03-15,68.53,69.955,68.05,68.86,145052,0
2016-03-16,68.75,70.4072,67.98,70.02,140021,0
2016-03-17,69.99,72.27,69.97,72.09,129401,0
2016-03-18,72.57,74.8397,72.07,72.33,237234,0
2016-03-21,72.55,73.825,72.12,73.01,107681,0
2016-03-22,72.85,74.5,72.395,73.08,99271,0
2016-03-23,73,73.3469,71.67,71.85,112013,0
2016-03-24,71.61,72.53,70.87,72.19,129585,0
2016-03-28,72.56,72.75,71.47,72.29,61012,0
2016-03-29,71.97,74.46,71.88,74.41,63074,0
2016-03-30,74.64,74.89,73.58,73.63,73012,0
2016-03-31,73.57,74.205,72.62,73.26,93776,0
2016-04-01,72.83,73.69,72.19,73.65,48759,0
2016-04-04,73.56,73.9,72.38,72.38,77284,0
2016-04-05,71.78,73.24,68.4109,72.21,74616,0
2016-04-06,72.4,73.12,68.685,72,73529,0
2016-04-07,71.63,72.56,70.76,70.87,139396,0
2016-04-08,71.41,72.87,71.259,72.32,82313,0
2016-04-11,72.56,73.57,72.455,72.58,74066,0
2016-04-12,72.57,73.28,72.21,72.39,106933,0
2016-04-13,72.73,74.53,72.614,74.51,95019,0
2016-04-14,74.85,74.85,73.7001,74.38,64085,0
2016-04-15,73.97,74.8899,72.8838,74.55,44218,0
2016-04-18,74.15,75.48,74.11,74.72,73884,0
2016-04-19,75.05,75.9699,74.35,74.52,71017,0
2016-04-20,74.69,75.83,73.75,75.08,69435,0
2016-04-21,74.93,75.93,74.2275,74.87,62433,0
2016-04-22,74.8,76.72,74.47,76.11,131733,0
2016-04-25,75.75,75.896,74.48,74.69,49251,0
2016-04-26,75.17,75.88,74.68,75.17,79589,0
2016-04-27,75.36,76.96,71.27,75.18,74530,0
2016-04-28,75.04,75.56,73.69,73.93,70517,0
2016-04-29,73.92,74.1375,72.16,73.3,95902,0
2016-05-02,73.8,74.761,72.91,73.58,78111,0
2016-05-03,73.08,73.25,72.18,72.46,93754,0
2016-05-04,72.17,73.78,70.81,71.98,134911,0
2016-05-05,72.13,72.2,70.88,71.51,74807,0
2016-05-06,71.44,72.73,70.19,72.59,54695,0
2016-05-09,72.5,72.5,70.94,71.76,49994,0
2016-05-10,72.15,73.37,72,73.32,69487,0
2016-05-11,73,73.47,72.06,72.33,67590,0
2016-05-12,72.53,73.115,71.88,72.59,67330,0
2016-05-13,72.22,72.9575,71.57,71.93,35425,0
2016-05-16,72.41,73.76,71.8,73.21,70510,0
2016-05-17,73.36,73.65,71.11,71.8,64507,0
2016-05-18,71.48,73.37,71.21,72.47,116375,0
2016-05-19,72.01,73.04,70.48,71.74,65687,0
2016-05-20,72.08,72.5673,71.64,72.26,41942,0
2016-05-23,72.36,72.835,71.55,72.27,48398,0
2016-05-24,72.79,74.62,72.61,73.98,90976,0
2016-05-25,74.49,74.77,73.66,74.2,158603,0
2016-05-26,72.93,79.75,72.93,74.98,245520,0
2016-05-27,75.28,77.0924,74.4,74.96,60859,0
2016-05-31,75.04,75.49,74.77,74.9,105998,0
2016-06-01,74.59,76.04,73.8,75.67,96120,0
2016-06-02,75.57,76.23,75.27,75.99,92040,0
2016-06-03,76.08,76.17,74.84,75.31,131496,0
2016-06-06,75.16,76.59,74.6075,75.4,130017,0
2016-06-07,75.64,75.97,75.12,75.47,97008,0
2016-06-08,75.33,76.27,75.33,75.87,139468,0
2016-06-09,75.46,75.81,75.1,75.5,66520,0
2016-06-10,74.83,75.04,73.68,74.03,52905,0
2016-06-13,73.63,74.3676,72.78,72.98,77168,0
2016-06-14,71.965,73.43,71.965,73.3499,63591,0
2016-06-15,73.47,74,72.76,72.88,61503,0
2016-06-16,72.39,73.34,71.58,73.17,68700,0
2016-06-17,73.29,73.44,72.46,72.52,110948,0
2016-06-20,73,74.51,73,73.74,52242,0
2016-06-21,73.62,73.91,72.18,72.43,44569,0
2016-06-22,72.44,73,71.81,71.92,100820,0
2016-06-23,72.69,74.28,72.35,73.96,88202,0
2016-06-24,70.73,72.63,70.47,71.52,195863,0
2016-06-27,70.87,70.87,69.11,69.29,134463,0
2016-06-28,70,71.72,69.16,69.39,73955,0
2016-06-29,70.09,70.78,69.26,70.58,152427,0
2016-06-30,70.78,72.76,70.03,72.5,159558,0
2016-07-01,72.32,73.36,72.1225,72.8,94037,0
2016-07-05,72.62,72.62,71.5,71.56,76271,0
2016-07-06,71.05,72.04,70.57,71.44,70658,0
2016-07-07,71.57,71.71,70.7666,71.19,36550,0
2016-07-08,71.96,73.26,71.44,72.94,52642,0
2016-07-11,72.815,75.195,72.7,74.75,63369,0
2016-07-12,75.57,76.62,74.79,76.12,67067,0
2016-07-13,76.71,76.98,75.24,76.26,51333,0
2016-07-14,76.89,78.66,75.95,76.01,52689,0
2016-07-15,76.65,77.09,75.358,77,53401,0
2016-07-18,76.74,77.21,76.231,76.45,53764,0
2016-07-19,76.11,76.7775,75.76,76.2,36398,0
2016-07-20,76.39,77.07,75.66,76.69,61801,0
2016-07-21,76.37,76.72,74.4401,75.29,60717,0
2016-07-22,75.33,75.86,73.775,75.02,102434,0
2016-07-25,74.98,75.275,74.21,74.42,89858,0
2016-07-26,74.33,78.5,73.62,77.17,234919,0
2016-07-27,77.26,78.32,75.76,77.18,67499,0
2016-07-28,76.34,77.17,76.08,76.87,67647,0
2016-07-29,76.519,76.61,75.78,76.04,65015,0
2016-08-01,76.13,76.18,75.235,75.91,138071,0
2016-08-02,75.98,76.56,75.57,75.63,126527,0
2016-08-03,75.83,75.83,74.815,75.27,130138,0
2016-08-04,75.82,83.4,75.82,78.28,161016,0
2016-08-05,79.15,87.82,77.85,78.09,82922,0
2016-08-08,77.98,81.67,77.4363,77.63,63768,0
2016-08-09,76.73,77.935,75.12,77.16,127383,0
2016-08-10,77.28,77.6,76.12,77.18,44282,0
2016-08-11,77.23,77.8699,76.62,77.57,65103,0
2016-08-12,77.56,77.74,76.58,77.01,44302,0
2016-08-15,77.1078,78.2,77.1078,78.16,103680,0
2016-08-16,77.94,78.61,77.35,77.48,49850,0
2016-08-17,77.62,77.7,77.03,77.37,78203,0
2016-08-18,77.19,77.71,76.9,77.5,77487,0
2016-08-19,77.21,78,76.8937,77.29,136867,0
2016-08-22,77.29,77.65,76.8,77.29,61084,0
2016-08-23,77.36,79.14,77.08,78.98,108724,0
2016-08-24,78.8,79.1,78.29,78.75,50739,0
2016-08-25,78.62,79.13,78.14,79.04,63514,0
2016-08-26,79.04,79.27,78,78.38,36705,0
2016-08-29,78.29,79.391,78.29,78.63,68153,0
2016-08-30,78.45,80.09,78.22,79.42,149058,0
2016-08-31,79.09,79.94,78.74,79.09,75202,0
2016-09-01,79.49,80,78.33,78.99,55016,0
2016-09-02,79.47,79.83,78.95,79.75,39761,0
2016-09-06,79.49,79.67,78.39,78.44,41386,0
2016-09-07,78.66,79.42,77.51,79.35,78072,0
2016-09-08,78.99,78.99,78.365,78.62,32335,0
2016-09-09,78.29,78.29,75.78,75.78,68346,0
2016-09-12,75.69,76.59,75.24,76.46,56999,0
2016-09-13,75.64,76.3,74.11,74.3,66785,0
2016-09-14,74.52,74.52,73.71,73.87,29785,0
2016-09-15,74.04,74.84,73.135,74.63,26750,0
2016-09-16,74.72,75.61,73.175,74.33,115074,0
2016-09-19,74.6,75.45,74.51,74.78,51435,0
2016-09-20,75,75.12,74.31,74.49,56165,0
2016-09-21,74.9,75.73,74.51,75.61,46699,0
2016-09-22,76.28,77.33,75.61,77.06,45285,0
2016-09-23,77.09,77.96,75.99,76.16,45051,0
2016-09-26,75.97,76.69,75.4199,75.57,99802,0
2016-09-27,75.58,76.25,75.32,75.79,128723,0
2016-09-28,76.14,76.99,75.62,76.74,43721,0
2016-09-29,76.8,77.22,75.86,75.86,62539,0
2016-09-30,76.37,77.17,75.1,76.48,135790,0
2016-10-03,76.24,76.8,75.65,75.98,74607,0
2016-10-04,76.21,76.84,75.88,76.65,50822,0
2016-10-05,77.05,77.96,76.62,77.51,43443,0
2016-10-06,77.151,78.05,76.31,77.86,32414,0
2016-10-07,77.77,78.161,75.58,76.26,82915,0
2016-10-10,76.62,77.08,75.7,75.77,65411,0
2016-10-11,75.6,75.6,73.68,74.08,55666,0
2016-10-12,74.27,75.18,74.13,74.51,32318,0
2016-10-13,73.67,74.01,73.19,73.32,35484,0
2016-10-14,71.63,73.54,71.28,71.29,67079,0
2016-10-17,71.39,71.47,69.85,70.48,153000,0
2016-10-18,70.95,71.95,70.47,71.39,75871,0
2016-10-19,71.67,72.32,70.64,71.695,25898,0
2016-10-20,71.55,72.46,71.01,71.05,36617,0
2016-10-21,70.45,71.41,70.09,71.1,65697,0
2016-10-24,71.71,72.57,69.59,71.59,47905,0
2016-10-25,71.44,71.76,70.53,70.65,35449,0
2016-10-26,70.46,74.0899,70.11,70.34,48548,0
2016-10-27,70.66,71.28,69.29,69.44,68283,0
2016-10-28,69.56,70.8458,68.17,70.11,73863,0
2016-10-31,70.11,71.47,69.1,71.35,93924,0
2016-11-01,71.5,71.5,69.12,69.59,90765,0
2016-11-02,69.35,73.54,67.99,68.24,119196,0
2016-11-03,74.75,74.75,69.65,70.15,173883,0
2016-11-04,70.23,73,69.5,70.32,120638,0
2016-11-07,71.49,73.22,70.41,71.03,80925,0
2016-11-08,70.77,72.31,70.03,71.13,85227,0
2016-11-09,70.64,74.18,70.64,73.77,159323,0
2016-11-10,74.95,79.64,73.78,78.48,168877,0
2016-11-11,78.88,84.62,78.88,82.38,202088,0
2016-11-14,83.67,83.94,81.585,81.99,145308,0
2016-11-15,82.41,83,81.2046,82.21,118149,0
2016-11-16,82.37,83.47,79.78,81.17,135492,0
2016-11-17,81.73,82.19,80.56,80.56,73981,0
2016-11-18,80.59,81.5499,79.88,80.12,90921,0
2016-11-21,80.22,82.05,80.22,82,107306,0
2016-11-22,82.24,84.3779,81.67,83.54,69138,0
2016-11-23,83.52,85.91,82.6,85.83,120240,0
2016-11-25,85.72,86.4,84.38,85.56,41395,0
2016-11-28,85.59,86.0127,83.59,83.75,119472,0
2016-11-29,84.05,85.415,83.1301,83.36,113148,0
2016-11-30,84.02,87.78,82.91,84.76,109191,0
2016-12-01,85.14,87.095,83.64,84.3,118671,0
2016-12-02,84.48,84.78,82.83,83.35,79044,0
2016-12-05,84.22,85.06,84.09,84.56,99118,0
2016-12-06,84.85,84.87,83.88,84.35,107671,0
2016-12-07,84.54,85.4633,83.8,85.28,131918,0
2016-12-08,85.85,89.89,85.45,89.66,158349,0
2016-12-09,89.35,90.97,88.04,90.67,125770,0
2016-12-12,90.51,91.6,89.165,91.48,165684,0
2016-12-13,92.33,94.52,91.13,91.51,216676,0
2016-12-14,91.98,92.29,89.8099,89.92,126502,0
2016-12-15,90.22,93.755,88.88,92.48,212143,0
2016-12-16,92.34,93.95,92.325,92.77,254441,0
2016-12-19,93.15,93.33,91.23,92.1,120184,0
2016-12-20,92.76,93.36,91.71,93.31,110961,0
2016-12-21,93.56,94.58,92.46,94.15,99295,0
2016-12-22,94.09,94.78,93.05,93.08,108189,0
2016-12-23,93.17,93.76,92.85,93.22,59017,0
2016-12-27,93.67,95.02,92.94,93.42,53090,0
2016-12-28,93.36,94.12,92.14,92.46,55031,0
2016-12-29,92.82,94.1599,92.385,92.93,38031,0
2016-12-30,93.6,93.71,92.2501,92.81,108107,0
2017-01-03,93.81,94.42,93,93.53,124310,0
2017-01-04,93.86,94.62,93.47,93.53,145085,0
2017-01-05,93.68,94.57,91.95,92.59,95228,0
2017-01-06,92.97,92.97,91.69,91.76,69987,0
2017-01-09,91.34,91.34,89.85,89.95,136374,0
2017-01-10,90.3,92.99,90.1,91.59,130494,0
2017-01-11,91.56,92.78,91.56,92.41,101136,0
2017-01-12,92.07,92.07,89.8,90.23,87652,0
2017-01-13,90.59,92.23,90.46,91.4,77877,0
2017-01-17,91.15,91.21,88.99,89.71,93012,0
2017-01-18,89.89,92.26,89.8,91.98,122444,0
2017-01-19,92.22,93.69,89.5943,93.26,151311,0
2017-01-20,93.33,93.33,90.33,90.74,141200,0
2017-01-23,90.68,91.47,88.81,88.94,108635,0
2017-01-24,89.31,91.9,89.31,91.65,159595,0
2017-01-25,92.43,94.76,92.43,94.56,91368,0
2017-01-26,94.48,95.6,92.07,93.21,88686,0
2017-01-27,93.14,93.88,92.69,93.82,54302,0
2017-01-30,93.29,93.29,91.61,92.83,71492,0
2017-01-31,92.52,92.88,90.43,92.64,92965,0
2017-02-01,93.3,93.95,92.28,93.19,69720,0
2017-02-02,92.9,93.47,91.4,91.9,71620,0
2017-02-03,92.43,94.14,91.8511,94,78433,0
2017-02-06,93.64,95.575,92.655,93.29,72862,0
2017-02-07,93.49,93.9863,91.66,92.04,99090,0
2017-02-08,90.88,93.7,89.6439,92.33,105943,0
2017-02-09,92.2,96.43,91.815,95.17,127537,0
2017-02-10,95.52,96.54,92.74,96.41,128170,0
2017-02-13,97,97.512,96.2,96.37,103454,0
2017-02-14,96.01,96.01,94.23,95.25,79934,0
2017-02-15,95.14,95.3365,92.85,95.23,135305,0
2017-02-16,95.04,95.9,93.69,94.39,117303,0
2017-02-17,93.81,94.2,93.35,94,86279,0
2017-02-21,94.48,95.31,93.75,94.31,114334,0
2017-02-22,93.7,94.9,93.27,93.81,67570,0
2017-02-23,94.1,94.16,91.84,93.16,85635,0
2017-02-24,92.42,94.46,92.3,94.35,90672,0
2017-02-27,94.42,95.18,94.1,95.09,104857,0
2017-02-28,94.75,95.18,91.37,93.29,100455,0
2017-03-01,94.5,96.52,94.5,95.12,175302,0
2017-03-02,95.12,95.12,92.59,92.94,76923,0
2017-03-03,93,94.11,92.23,92.97,67491,0
2017-03-06,92.41,99.915,91.45,92.56,100834,0
2017-03-07,92.42,94.695,91.17,91.92,96115,0
2017-03-08,92.08,92.67,90.62,90.64,67319,0
2017-03-09,90.69,92.16,89.17,89.51,95476,0
2017-03-10,90.03,91.36,89.06,91.02,88733,0
2017-03-13,90.71,91.78,90.38,90.84,67180,0
2017-03-14,90.37,90.37,88.7,89.47,103250,0
2017-03-15,90.17,91.67,89.87,91.25,152896,0
2017-03-16,91.7,91.85,90.67,91.14,58103,0
2017-03-17,90.82,93.35,89.92,92.55,145086,0
2017-03-20,92.49,93.149,91.85,92.75,72002,0
2017-03-21,93.25,93.43,90.94,90.97,166857,0
2017-03-22,90.95,91.67,90.55,91.16,81001,0
2017-03-23,91.04,92.86,91.04,92.46,68209,0
2017-03-24,92.6,93.21,91.99,92.15,130108,0
2017-03-27,91.2,92.25,90,91.93,75687,0
2017-03-28,91.62,93.68,91.15,93.22,81018,0
2017-03-29,93,94.6,92.92,94.43,78175,0
2017-03-30,94.39,96.06,94.38,96.01,78208,0
2017-03-31,96.2,97.93,95.81,97.09,159233,0
2017-04-03,97.21,98.38,95.69,96.29,129601,0
2017-04-04,96.11,96.7,95.52,96.02,140795,0
2017-04-05,96.38,96.62,92.53,92.97,200756,0
2017-04-06,93.13,94.88,93.13,94.28,111041,0
2017-04-07,93.89,95.28,93.54,94.47,80977,0
2017-04-10,94.75,95.52,93.95,95.06,48556,0
2017-04-11,94.6,96.14,94.22,96.09,51659,0
2017-04-12,95.85,96.43,93.15,93.41,93863,0
2017-04-13,93.28,93.28,91.59,91.68,48499,0
2017-04-17,91.9,93.1542,91.52,92.48,76175,0
2017-04-18,91.93,92.97,91,92.25,112373,0
2017-04-19,92.6,93.75,92.09,92.09,72753,0
2017-04-20,92.69,94.5613,92.315,94.36,137736,0
2017-04-21,94.49,95.65,93.9601,95,70734,0
2017-04-24,96.87,97.67,96.415,97.15,64928,0
2017-04-25,98.05,100.34,97.52,99.17,140945,0
2017-04-26,99.15,101.56,98.71,100.92,80853,0
2017-04-27,101.18,102.015,100.41,101.47,78983,0
2017-04-28,102.01,102.01,99.82,100.3,70216,0
2017-05-01,101.29,101.47,99.7,100.5,38521,0
2017-05-02,100.78,101.165,99.673,100.58,53107,0
2017-05-03,99.99,100.83,98.91,99.73,51859,0
2017-05-04,100.03,101.06,98.91,100.97,86668,0
2017-05-05,101.38,102.64,100.48,102.2,106403,0
2017-05-08,101.77,102.51,100.701,101.75,66300,0
2017-05-09,101.78,104.829,101.39,102.47,99117,0
2017-05-10,102.25,103.22,101.196,101.48,70670,0
2017-05-11,101.24,102.226,99.03,100.88,48338,0
2017-05-12,100.39,101.07,98.87,99.06,63557,0
2017-05-15,99.6,102.365,99.56,100.46,45001,0
2017-05-16,100.41,101.35,99.87,100.51,75833,0
2017-05-17,99.12,100.05,98.32,98.36,99546,0
2017-05-18,98.27,99.46,97.6874,98.64,97998,0
2017-05-19,98.75,100.61,98.11,99.54,98260,0
2017-05-22,100.03,101.18,100.03,100.53,47571,0
2017-05-23,100.62,101.973,100.23,101.02,75389,0
2017-05-24,101.22,102.21,99.46,100.68,61366,0
2017-05-25,101.18,102.055,99.0801,99.67,110948,0
2017-05-26,99.65,99.96,99.1,99.6,60939,0
2017-05-30,99.27,99.99,98.64,99.45,74713,0
2017-05-31,99.42,101.66,94.97,101.32,142510,0
2017-06-01,102.14,105.85,101.689,105.46,126862,0
2017-06-02,105.46,108.39,105.45,106.25,95120,0
2017-06-05,106.32,107.95,104.35,104.49,64855,0
2017-06-06,103.5,105.55,103.5,105.1,68594,0
2017-06-07,105.2,105.2,103.25,104.46,94312,0
2017-06-08,104.31,106.07,102.885,105.2,155289,0
2017-06-09,105.46,107.5,105.46,106.65,141990,0
2017-06-12,106.74,108.13,104.86,105.51,90517,0
2017-06-13,105.58,106.1,103.88,104.25,103695,0
2017-06-14,104.37,106.19,101.11,101.85,124746,0
2017-06-15,101.85,103.7,101.17,103.69,118806,0
2017-06-16,102.68,105.19,101.89,104.82,201741,0
2017-06-19,105.5,106.46,104.99,105.43,81766,0
2017-06-20,104.88,106.25,103.79,104.51,67712,0
2017-06-21,104.52,105.4,100.44,100.69,82475,0
2017-06-22,100.7,101.75,99.335,100.47,85228,0
2017-06-23,100.36,101.87,99.749,101.54,96782,0
2017-06-26,101.84,103.287,100.845,101.96,157016,0
2017-06-27,101.89,102.18,99.41,99.64,85677,0
2017-06-28,100.2,102.39,99.34,101.77,66113,0
2017-06-29,101.51,106.4,98.55,99.99,84487,0
2017-06-30,100.39,102.76,100.39,101.76,96934,0
2017-07-03,102.28,103.43,101.26,102.9,41071,0
2017-07-05,102.77,103.28,100.57,102.6,58990,0
2017-07-06,101.8,102.88,100.95,101.54,61437,0
2017-07-07,102.06,102.665,101.23,102.28,69233,0
2017-07-10,102.07,103,100.233,101.61,83667,0
2017-07-11,101.8,104,100.7,102.46,68662,0
2017-07-12,103.09,104.92,102.36,102.64,205325,0
2017-07-13,102.6,103.73,102,103.72,131020,0
2017-07-14,103.44,105.14,102.701,104.4,81303,0
2017-07-17,104.23,105.3,103.8,105.03,65762,0
2017-07-18,104.51,107.6,104,104.82,83275,0
2017-07-19,104.91,106.555,102.87,106.01,53272,0
2017-07-20,106,107.845,104.6,105.43,49945,0
2017-07-21,105.53,105.53,103.58,103.86,126473,0
2017-07-24,103.81,103.81,102.65,103.42,53600,0
2017-07-25,103.84,105.28,103.84,105.12,61176,0
2017-07-26,105.3,105.3,102.09,102.27,51983,0
2017-07-27,102.6,103.27,101.95,102.36,30810,0
2017-07-28,102.12,103.13,101.43,102.64,36420,0
2017-07-31,102.25,103.49,101.95,103.34,55275,0
2017-08-01,103.91,104.82,103.17,103.85,55344,0
2017-08-02,103.89,104.855,102.54,102.97,43672,0
2017-08-03,102.92,103.18,101.08,102.8,52599,0
2017-08-04,102.55,104.29,102.55,103.65,31640,0
2017-08-07,103.6,104.711,102.18,103.01,46549,0
2017-08-08,107.25,107.49,105,106.23,70189,0
2017-08-09,106.47,111.04,103.12,107.55,81803,0
2017-08-10,107.01,107.4,104.097,105.3,65102,0
2017-08-11,105.89,106.65,104.273,104.48,61055,0
2017-08-14,105.86,108.13,103.74,107.63,74260,0
2017-08-15,107.55,107.55,103.75,105.35,49990,0
2017-08-16,105.66,107.543,104.215,106.41,57081,0
2017-08-17,105.8,108.73,104.79,105.47,78809,0
2017-08-18,104.8,106.68,102.33,106,91227,0
2017-08-21,106.04,106.99,105.05,106.58,71413,0
2017-08-22,107.12,108.58,106.85,108.37,52819,0
2017-08-23,107.48,108.38,106.739,107.82,35280,0
2017-08-24,108.23,108.4,106.775,106.98,47848,0
2017-08-25,107.46,108.55,106.27,107.68,133896,0
2017-08-28,108.18,108.39,107.33,107.66,52113,0
2017-08-29,107.15,108.8,106.16,108.6,53686,0
2017-08-30,108.53,109.65,106.98,109.32,46699,0
2017-08-31,109.68,110.45,108.37,110.27,65627,0
2017-09-01,110.51,112.03,109.91,111.17,40845,0
2017-09-05,111.17,113.62,109.2,109.68,54112,0
2017-09-06,110.22,110.68,107.7,109.57,58339,0
2017-09-07,109.56,113.359,107.45,108,69561,0
2017-09-08,108.01,116.88,108.01,109.245,92630,0
2017-09-11,110.26,111.9,109.78,110.35,49865,0
2017-09-12,110.62,113.5,109.91,112.91,116512,0
2017-09-13,112.33,114.59,111.515,114.58,71422,0
2017-09-14,114.31,115.63,113,115.11,58379,0
2017-09-15,115.36,117.57,115.03,116.73,148882,0
2017-09-18,116.98,118.39,106.68,117.35,85639,0
2017-09-19,117.35,119.89,117.35,119.68,100213,0
2017-09-20,120.29,121.58,118.62,119.16,134141,0
2017-09-21,118.79,120.51,118.79,120.2,73971,0
2017-09-22,119.7,121.53,119.62,120.23,70799,0
2017-09-25,120.35,126.99,120.35,121.27,82457,0
2017-09-26,121.69,122.964,120.702,121.4,62610,0
2017-09-27,122.04,126.45,121.51,124.74,126706,0
2017-09-28,124.48,126.74,123.7,124.49,111469,0
2017-09-29,124.62,127.67,124.62,125.15,91035,0
2017-10-02,125.14,135.54,124.36,125.12,119276,0
2017-10-03,126.01,127.445,125.15,125.83,92695,0
2017-10-04,125.82,127.979,117.98,125.69,49255,0
2017-10-05,125.78,126.515,125.02,125.62,60954,0
2017-10-06,125.19,125.75,119.53,125.58,55817,0
2017-10-09,125.59,126.635,124.89,126.1,40260,0
2017-10-10,126.89,128.2,125.05,126.59,50182,0
2017-10-11,126.69,128.77,125.76,126.02,58281,0
2017-10-12,125.56,127.04,125.08,125.73,61443,0
2017-10-13,125.99,127.205,125.45,126.5,33351,0
2017-10-16,126.99,128.63,126.96,127.74,55845,0
2017-10-17,127.75,128.865,125.76,125.99,48559,0
2017-10-18,126,127.44,126,126.72,83434,0
2017-10-19,127.745,127.941,125.28,126.64,72968,0
2017-10-20,127.63,127.8,126.36,126.73,69522,0
2017-10-23,126.77,127.41,124.49,126.45,57727,0
2017-10-24,127.2,127.89,125.95,126.7,99663,0
2017-10-25,126.77,127.61,125.1,127.24,52271,0
2017-10-26,127.5,129.63,126.515,128.89,48929,0
2017-10-27,128.9,129.35,126.95,127.71,66095,0
2017-10-30,126.86,127.11,122.835,122.91,80956,0
2017-10-31,123.81,126.192,122.93,123.82,115613,0
2017-11-01,124.94,125.25,122.785,123.95,46994,0
2017-11-02,123.91,128.13,123.91,127.28,98351,0
2017-11-03,117.67,127.23,113.86,123.33,134799,0
2017-11-06,123.21,125.01,120.5,121.73,56917,0
2017-11-07,121.74,121.74,118.47,120.04,71413,0
2017-11-08,120.05,123.58,119.55,122.6,180044,0
2017-11-09,122.04,123.4,120.765,121.95,87652,0
2017-11-10,121.37,123.36,120.64,122.68,70639,0
