2016-01-04,22.918,22.933,22.827,22.827,1740,0
2016-01-05,22.963,22.963,22.847,22.94,5043,0
2016-01-06,22.864,23.064,22.832,22.944,13230,0
2016-01-07,22.954,23.242,22.845,22.972,10440,0
2016-01-08,23.008,23.203,23.008,23.203,1645,0
2016-01-11,23.144,23.303,23.144,23.303,46992,0
2016-01-12,23.306,23.306,22.665,22.674,3435,0
2016-01-13,22.693,22.782,22.693,22.782,887,0
2016-01-14,22.764,22.827,22.674,22.757,3980,0
2016-01-15,22.674,22.749,22.673,22.737,13566,0
2016-01-19,23.414,23.414,22.811,23.37,11861,0
2016-01-20,23.061,23.306,23.061,23.306,1154,0
2016-01-21,23.295,23.295,23.008,23.232,2415,0
2016-01-22,23.052,23.278,22.683,23.1,72816,0
2016-01-25,23.051,23.1,22.782,23.1,29028,0
2016-01-26,23.096,23.1,22.782,22.918,62101,0
2016-01-27,22.827,22.827,22.708,22.708,28804,0
2016-01-28,23.333,23.333,22.683,23.178,16748,0
2016-01-29,22.918,22.918,22.751,22.791,1664,0
2016-02-01,22.827,22.922,22.801,22.922,2052,0
2016-02-02,22.998,22.998,22.811,22.989,2790,0
2016-02-03,22.791,22.998,22.791,22.989,2491,0
2016-02-04,23.008,23.008,22.881,22.982,2051,0
2016-02-05,22.998,22.998,22.998,22.998,112,0
2016-02-08,23.045,23.1,22.827,22.877,5038,0
2016-02-09,23.052,23.052,22.836,22.845,6400,0
2016-02-10,22.845,22.954,22.791,22.954,2472,0
2016-02-11,23.318,23.318,22.968,23.133,3975,0
2016-02-12,23.205,23.243,23.143,23.143,1531,0
2016-02-16,23.28,23.298,23.233,23.233,2505,0
2016-02-17,23.233,23.318,23.168,23.233,14615,0
2016-02-18,23.233,23.271,22.989,23.004,5471,0
2016-02-19,23.143,23.143,23.043,23.043,3136,0
2016-02-22,23.73,23.73,23.013,23.013,15093,0
2016-02-23,23.509,23.509,23.004,23.188,5347,0
2016-02-24,23.208,23.353,23.106,23.343,42137,0
2016-02-25,23.314,23.343,23.233,23.233,1424,0
2016-02-26,23.28,23.28,23.224,23.224,11433,0
2016-02-29,23.418,23.418,23.233,23.343,13853,0
2016-03-01,23.335,23.407,23.162,23.162,4150,0
2016-03-02,23.273,23.398,23.273,23.393,646,0
2016-03-03,23.326,23.408,23.188,23.408,191258,0
2016-03-04,23.39,23.398,23.178,23.178,2586,0
2016-03-07,23.326,23.326,23.298,23.308,1634,0
2016-03-08,23.188,23.326,23.143,23.326,1319,0
2016-03-09,23.326,23.398,23.233,23.398,37222,0
2016-03-10,23.392,23.392,23.004,23.088,118228,0
2016-03-11,23.178,23.353,23.169,23.303,4955,0
2016-03-14,23.298,24.034,23.251,23.657,59292,0
2016-03-15,23.648,23.785,23.547,23.583,35054,0
2016-03-16,23.616,23.693,23.573,23.573,10927,0
2016-03-17,23.602,23.602,23.441,23.602,16027,0
2016-03-18,23.624,23.693,23.556,23.556,2203,0
2016-03-21,23.602,23.941,23.556,23.941,101290,0
2016-03-22,23.693,23.877,23.693,23.859,91969,0
2016-03-23,23.739,23.849,23.739,23.739,1850,0
2016-03-24,23.785,23.785,23.785,23.785,11836,0
2016-03-30,23.564,23.573,23.564,23.573,1742,0
2016-03-31,23.648,23.648,23.453,23.648,3180,0
2016-04-01,23.648,23.648,23.463,23.648,41433,0
2016-04-04,23.693,23.693,23.693,23.693,1089,0
2016-04-05,23.51,23.51,23.51,23.51,327,0
2016-04-06,23.657,23.684,23.593,23.593,327,0
2016-04-07,23.418,23.648,23.418,23.593,150938,0
2016-04-08,23.602,23.638,23.602,23.638,763,0
2016-04-11,23.603,23.648,23.463,23.606,9869,0
2016-04-12,23.539,23.96,23.528,23.528,4574,0
2016-04-13,23.785,24.07,23.785,23.877,9936,0
2016-04-14,23.932,23.932,23.73,23.859,3476,0
2016-04-15,23.868,24.106,23.868,24.106,2653,0
2016-04-19,24.263,24.263,24.179,24.179,1851,0
2016-04-20,24.135,24.135,24.053,24.135,2913,0
2016-04-21,24.051,24.199,24.034,24.199,11103,0
2016-04-22,24.106,24.151,24.106,24.151,6217,0
2016-04-25,24.114,24.242,24.106,24.242,674,0
2016-04-26,24.241,24.241,24.129,24.129,435,0
2016-04-27,24.23,24.245,24.015,24.106,119208,0
2016-04-28,24.245,24.245,24.115,24.115,435,0
2016-05-02,24.428,24.428,23.877,23.905,4420,0
2016-05-03,23.848,24.428,23.848,24.243,3352,0
2016-05-04,24.267,24.267,24.199,24.245,73937,0
2016-05-05,24.41,24.41,24.19,24.335,1851,0
2016-05-06,24.41,24.432,24.111,24.432,4086,0
2016-05-09,24.548,24.565,24.152,24.3,2519,0
2016-05-10,24.52,24.52,23.987,23.987,1627,0
2016-05-11,24.51,24.565,24.18,24.412,8358,0
2016-05-12,24.056,24.517,24.05,24.517,2673,0
2016-05-13,24.351,24.351,24.351,24.351,215,0
2016-05-16,24.339,24.429,24.171,24.349,4254,0
2016-05-18,24.339,24.417,24.339,24.417,2302,0
2016-05-19,24.098,24.817,24.098,24.714,931,0
2016-05-20,24.507,24.985,24.48,24.48,2289,0
2016-05-23,24.611,24.611,24.48,24.48,320,0
2016-05-24,24.461,24.863,24.283,24.863,3051,0
2016-05-25,24.863,24.938,24.247,24.247,9339,0
2016-05-26,24.293,24.555,24.274,24.415,3775,0
2016-05-27,24.751,24.844,24.429,24.453,7090,0
2016-05-31,24.844,24.844,24.424,24.424,337,0
2016-06-02,24.573,24.776,24.573,24.776,444,0
2016-06-03,24.667,24.667,24.125,24.553,13582,0
2016-06-06,24.639,24.985,24.471,24.985,11933,0
2016-06-07,24.873,24.985,24.479,24.956,5178,0
2016-06-08,24.602,24.844,24.602,24.826,6389,0
2016-06-09,24.938,24.938,24.442,24.442,13749,0
2016-06-10,24.719,24.719,24.719,24.719,149,0
2016-06-13,24.751,24.834,24.424,24.517,15013,0
2016-06-14,24.425,24.658,24.425,24.658,1398,0
2016-06-15,24.658,24.658,24.517,24.634,535,0
2016-06-16,24.619,24.751,24.619,24.667,6318,0
2016-06-17,24.471,24.471,24.471,24.471,201,0
2016-06-21,24.751,24.751,24.705,24.741,749,0
2016-06-22,24.517,24.563,24.517,24.563,1178,0
2016-06-23,24.751,24.858,24.751,24.751,856,0
2016-06-24,23.817,24.6,23.817,24.546,3588,0
2016-06-27,24.817,24.817,24.442,24.48,461,0
2016-06-28,24.817,24.817,24.471,24.471,320,0
2016-06-29,24.424,24.751,24.424,24.434,108431,0
2016-06-30,24.434,24.75,24.424,24.434,33677,0
2016-07-01,24.386,24.395,24.368,24.368,1606,0
2016-07-05,24.424,24.577,24.424,24.577,738,0
2016-07-06,24.756,24.756,24.48,24.667,2717,0
2016-07-07,24.705,24.751,24.705,24.751,256,0
2016-07-08,24.517,25.031,24.424,24.966,31700,0
2016-07-11,24.844,24.9,24.471,24.844,6852,0
2016-07-12,24.708,24.708,24.708,24.708,2107,0
2016-07-13,24.909,25.75,24.909,25.124,7789,0
2016-07-14,24.985,25.097,24.985,25.041,3747,0
2016-07-15,25.078,25.209,25.031,25.031,643,0
2016-07-18,25.376,25.376,25.078,25.114,5701,0
2016-07-19,25.684,25.684,25.684,25.684,761,0
2016-07-20,25.582,25.582,24.536,24.956,2683,0
2016-07-21,25.209,25.516,25.209,25.516,663,0
2016-07-22,25.429,25.433,25.114,25.114,525,0
2016-07-25,25.282,25.282,25.17,25.173,931,0
2016-07-26,25.17,25.219,24.926,24.926,909,0
2016-07-27,24.98,25.48,24.471,25.134,27680,0
2016-07-28,25.377,25.377,24.527,24.938,23767,0
2016-07-29,24.89,25.114,24.602,25.114,4925,0
2016-08-01,24.476,25.012,24.476,24.998,3920,0
2016-08-02,24.938,25.012,24.938,24.938,2517,0
2016-08-03,24.975,25.592,24.938,25.302,23769,0
2016-08-04,25.17,25.386,24.834,25.338,21821,0
2016-08-08,25.358,25.619,25.265,25.61,2286,0
2016-08-09,25.312,25.638,25.312,25.619,5169,0
2016-08-10,25.619,25.684,25.424,25.498,19680,0
2016-08-11,25.797,25.836,25.446,25.827,12444,0
2016-08-12,25.626,25.636,25.428,25.437,11685,0
2016-08-15,25.389,25.817,25.209,25.219,21169,0
2016-08-16,25.266,25.502,25.266,25.485,5371,0
2016-08-17,25.256,25.656,25.247,25.446,9938,0
2016-08-18,25.066,25.779,25.038,25.551,18342,0
2016-08-19,25.361,25.77,25.361,25.636,4468,0
2016-08-22,25.589,25.589,24.676,25.361,5084,0
2016-08-23,24.952,25.556,24.943,25.556,1263,0
2016-08-24,25.221,25.351,25.221,25.351,990,0
2016-08-25,25.874,25.874,25.874,25.874,842,0
2016-08-26,25.73,25.73,25.19,25.389,5056,0
2016-08-29,25.864,25.864,25.24,25.24,448,0
2016-08-30,25.332,25.332,25.328,25.328,648,0
2016-08-31,25.475,25.579,24.82,25.446,1019,0
2016-09-02,25.636,25.636,25.167,25.167,581,0
2016-09-07,25.599,25.626,25.446,25.446,5477,0
2016-09-08,25.466,25.636,25.466,25.636,6334,0
2016-09-12,25.494,25.494,25.494,25.494,319,0
2016-09-13,25.599,25.599,25.361,25.361,2316,0
2016-09-14,25.323,25.323,25.323,25.323,421,0
2016-09-15,25.636,25.636,25.413,25.413,429,0
2016-09-19,25.314,25.351,25.038,25.038,3592,0
2016-09-20,24.743,25.229,24.448,25.071,1474,0
2016-09-21,24.592,25.599,24.515,25.599,1818,0
2016-09-22,25.284,25.361,25.284,25.361,315,0
2016-09-23,25.142,25.142,24.898,24.898,683,0
2016-09-26,24.857,24.966,24.686,24.857,3837,0
2016-09-27,25.123,25.123,25.038,25.038,632,0
2016-09-28,24.93,24.96,24.93,24.96,299,0
2016-09-29,24.989,24.989,24.989,24.989,835,0
2016-09-30,25.152,25.599,25.152,25.494,3834,0
2016-10-03,25.238,25.238,25.238,25.238,241,0
2016-10-04,24.837,25.194,24.724,24.83,2397,0
2016-10-05,24.743,24.971,24.592,24.971,7697,0
2016-10-06,24.686,24.686,24.686,24.686,1079,0
2016-10-07,24.629,24.733,24.602,24.639,2011,0
2016-10-10,25.124,25.322,24.629,25.322,1579,0
2016-10-11,25.123,25.123,24.877,24.877,1106,0
2016-10-12,24.602,24.724,24.592,24.611,5098,0
2016-10-13,25.481,25.481,24.81,24.81,429,0
2016-10-14,24.81,25.037,24.629,24.956,3486,0
2016-10-17,24.857,24.971,24.857,24.971,211,0
2016-10-18,24.685,24.686,24.685,24.686,2107,0
2016-10-19,24.787,24.787,24.787,24.787,421,0
2016-10-20,24.971,24.981,24.743,24.743,7899,0
2016-10-21,24.743,24.947,24.743,24.947,315,0
2016-10-25,24.686,24.795,24.686,24.781,632,0
2016-10-26,24.733,24.809,24.686,24.706,825,0
2016-10-27,24.659,24.82,24.649,24.82,3781,0
2016-10-31,24.838,24.914,24.639,24.781,6108,0
2016-11-01,24.781,24.83,24.781,24.83,17358,0
2016-11-02,24.639,24.64,24.228,24.364,4745,0
2016-11-03,24.448,24.575,24.448,24.575,1790,0
2016-11-04,24.611,24.611,24.601,24.601,211,0
2016-11-07,25.152,25.663,24.895,24.895,1866,0
2016-11-08,25.165,25.165,24.107,24.23,8512,0
2016-11-09,24.212,24.602,24.059,24.602,2691,0
2016-11-10,24.287,24.567,23.456,23.456,9495,0
2016-11-11,23.389,24.036,23.186,23.428,7191,0
2016-11-14,23.698,23.988,22.49,23.688,61845,0
2016-11-15,23.698,24.201,23.698,24.131,3416,0
2016-11-16,24.461,24.722,24.277,24.277,9408,0
2016-11-17,24.577,24.577,24.466,24.539,2485,0
2016-11-18,24.607,24.607,24.316,24.316,1583,0
2016-11-21,24.393,24.403,24.326,24.403,2239,0
2016-11-22,24.433,24.442,24.311,24.311,82346,0
2016-11-23,24.384,24.393,24.259,24.259,64644,0
2016-11-25,24.674,24.838,24.065,24.085,51153,0
2016-11-28,24.375,24.383,24.152,24.152,7497,0
2016-11-29,24.829,24.829,24.152,24.152,10974,0
2016-11-30,24.287,24.359,24.161,24.297,3019,0
2016-12-01,24.319,24.319,24.249,24.259,3698,0
2016-12-02,24.297,25.102,24.007,24.191,12057,0
2016-12-05,24.393,24.442,24.152,24.413,3455,0
2016-12-06,24.249,24.34,24.249,24.34,759,0
2016-12-07,24.393,24.393,24.297,24.326,14411,0
2016-12-08,24.365,24.732,24.297,24.442,30604,0
2016-12-09,24.36,24.36,24.297,24.297,3452,0
2016-12-12,24.297,24.708,24.297,24.297,2514,0
2016-12-13,24.433,24.442,24.429,24.442,1658,0
2016-12-14,24.277,24.761,24.277,24.664,16806,0
2016-12-15,24.683,24.787,24.683,24.703,4093,0
2016-12-16,24.732,25.022,24.718,24.78,4348,0
2016-12-19,24.78,24.848,24.722,24.829,84584,0
2016-12-20,24.529,24.677,24.491,24.491,6737,0
2016-12-21,24.491,24.545,24.201,24.451,66768,0
2016-12-22,24.467,24.491,24.393,24.451,2518,0
2016-12-23,25.012,25.012,24.254,24.471,7267,0
2016-12-27,24.355,24.355,24.345,24.345,1001,0
2016-12-28,24.345,24.442,24.297,24.442,21759,0
2016-12-29,24.442,24.442,24.259,24.442,2269,0
2016-12-30,24.79,24.79,24.297,24.297,2325,0
2017-01-04,24.345,24.611,24.249,24.491,13795,0
2017-01-05,24.345,25.099,24.249,25.099,6762,0
2017-01-06,24.577,25.099,24.577,24.819,5299,0
2017-01-09,24.799,25.109,24.442,24.986,17761,0
2017-01-10,24.639,25.109,24.639,25.109,255,0
2017-01-11,25.048,25.051,24.928,25.051,757,0
2017-01-13,24.887,24.887,24.664,24.664,251,0
2017-01-17,24.732,25.35,24.732,25.292,1653,0
2017-01-18,25.312,25.36,25.302,25.312,1880,0
2017-01-19,25.118,25.142,24.836,24.836,1895,0
2017-01-20,25.031,25.166,25.031,25.166,1188,0
2017-01-23,25.239,25.239,25.239,25.239,226,0
2017-01-24,25.166,25.36,25.093,25.186,9367,0
2017-01-25,25.36,25.36,24.848,25.031,1058,0
2017-01-26,25.282,25.282,24.829,24.838,1674,0
2017-01-27,24.848,24.848,24.848,24.848,104,0
2017-01-30,24.838,25.051,24.829,25.036,10704,0
2017-01-31,25.118,25.193,24.877,25.07,1553,0
2017-02-01,24.887,25.094,24.761,24.761,1172,0
2017-02-02,24.771,25.089,24.732,24.78,84149,0
2017-02-03,24.896,24.896,24.751,24.751,1251,0
2017-02-06,24.78,24.78,24.509,24.509,2133,0
2017-02-07,24.558,24.906,24.558,24.635,17335,0
2017-02-08,24.703,25.033,24.703,24.892,1899,0
2017-02-09,25.082,25.082,24.78,24.934,1812,0
2017-02-10,24.819,25.014,24.784,24.877,4918,0
2017-02-13,25.088,25.118,24.921,25.098,2238,0
2017-02-14,25.02,25.098,25.02,25.059,1247,0
2017-02-15,25.108,25.108,25.069,25.069,73709,0
2017-02-16,25.089,25.102,25.089,25.102,651,0
2017-02-17,25.108,25.108,25.069,25.069,1747,0
2017-02-21,25.069,25.128,25.069,25.069,24701,0
2017-02-22,25.069,25.088,25.059,25.069,10782,0
2017-02-23,25.098,25.11,25.088,25.098,2827,0
2017-02-24,25.118,25.659,25.108,25.541,60848,0
2017-02-27,25.48,25.737,25.472,25.737,2653,0
2017-02-28,25.678,25.678,25.364,25.462,8540,0
2017-03-01,25.6,25.6,25.536,25.536,346,0
2017-03-02,25.492,25.492,25.262,25.262,10998,0
2017-03-03,25.295,25.305,25.285,25.295,1424,0
2017-03-06,25.22,25.31,25.069,25.31,11687,0
2017-03-07,25.128,25.434,25.128,25.27,1144,0
2017-03-08,25.118,25.118,25.069,25.069,3590,0
2017-03-09,24.921,25.541,24.921,25.364,7670,0
2017-03-10,25.364,25.698,25.364,25.698,814,0
2017-03-14,25.069,25.128,25.069,25.126,2400,0
2017-03-15,25.128,25.167,25.128,25.138,967,0
2017-03-16,25.408,25.408,25.223,25.223,13163,0
2017-03-17,25.265,25.265,25.233,25.265,2360,0
2017-03-20,25.451,25.688,25.314,25.325,6017,0
2017-03-21,25.177,25.314,25.128,25.128,13971,0
2017-03-22,25.275,25.275,25.241,25.246,1450,0
2017-03-23,25.364,25.536,25.364,25.373,3108,0
2017-03-24,25.55,25.622,25.55,25.62,21560,0
2017-03-27,25.128,25.128,25.128,25.128,509,0
2017-03-28,25.216,25.609,25.216,25.58,20706,0
2017-03-29,25.659,25.659,25.659,25.659,264,0
2017-03-30,25.786,25.786,25.523,25.523,4784,0
2017-03-31,25.476,25.503,25.476,25.485,1007,0
2017-04-03,25.582,25.582,25.582,25.582,509,0
2017-04-04,25.402,25.658,25.402,25.658,844,0
2017-04-05,25.635,25.635,25.565,25.625,1785,0
2017-04-06,25.463,25.611,25.462,25.57,5981,0
2017-04-10,25.52,25.546,25.472,25.546,1719,0
2017-04-12,25.521,25.522,25.521,25.521,1790,0
2017-04-13,25.479,25.479,25.479,25.479,102,0
2017-04-17,25.547,25.56,25.501,25.516,3966,0
2017-04-18,25.57,25.845,25.565,25.845,6115,0
2017-04-19,25.855,26.014,25.855,25.944,3676,0
2017-04-21,26.029,26.032,25.718,26.032,1831,0
2017-04-24,25.737,25.889,25.737,25.737,5330,0
2017-04-25,25.718,25.845,25.374,25.737,17548,0
2017-04-26,25.57,25.57,25.57,25.57,1402,0
2017-04-27,25.58,26.042,25.456,25.462,1440,0
2017-04-28,25.525,25.541,25.462,25.491,3672,0
2017-05-01,25.482,25.482,25.374,25.462,2833,0
2017-05-02,25.442,25.452,25.364,25.367,3772,0
2017-05-03,25.388,25.442,25.383,25.432,7857,0
2017-05-04,25.403,25.442,25.345,25.442,14048,0
2017-05-05,25.442,25.462,25.432,25.432,3711,0
2017-05-08,25.442,25.511,25.423,25.472,6309,0
2017-05-09,25.452,25.472,25.265,25.349,5618,0
2017-05-10,25.875,25.875,25.708,25.708,2076,0
2017-05-11,25.626,25.626,25.626,25.626,203,0
2017-05-12,25.302,25.993,25.302,25.904,605,0
2017-05-15,25.404,25.993,25.404,25.885,57753,0
2017-05-16,26.12,26.3,26,26.01,99032,0
2017-05-17,25.85,26.25,25.85,26.2,10230,0
2017-05-18,26.04,26.04,25.81,26,940,0
2017-05-19,25.95,25.95,25.95,25.95,15000,0
2017-05-22,25.9,25.98,25.9,25.98,26500,0
2017-05-23,25.99,25.99,25.94,25.94,761,0
2017-05-24,25.4989,25.4989,25.4989,25.4989,195,0
2017-05-25,25.5,25.7787,25.5,25.7787,1227,0
2017-05-26,25.85,25.85,25.7423,25.7423,1299,0
2017-05-30,25.7211,25.8,25.7211,25.8,26655,0
2017-05-31,25.87,25.87,25.87,25.87,663,0
2017-06-01,25.5914,25.774,25.537,25.537,969,0
2017-06-02,25.8635,25.8635,25.5,25.75,11606,0
2017-06-05,25.92,25.92,25.7541,25.8126,5726,0
2017-06-06,25.8907,25.8907,25.7448,25.78,2080,0
2017-06-07,25.73,25.73,25.73,25.73,787,0
2017-06-08,25.65,25.65,25.65,25.65,10279,0
2017-06-09,25.7,25.7,25.7,25.7,353,0
2017-06-12,25.7816,25.93,25.7307,25.7307,400,0
2017-06-13,25.89,25.91,25.62,25.66,4855,0
2017-06-14,25.63,25.63,25.13,25.6,2350,0
2017-06-15,25.27,25.64,25.27,25.4397,2316,0
2017-06-16,25.31,25.5,25.31,25.5,3660,0
2017-06-19,25.36,25.669,25.28,25.3,36638,0
2017-06-20,25.3,25.3,25.29,25.3,5910,0
2017-06-21,25.3,25.31,25.22,25.261,16909,0
2017-06-22,25.3535,25.55,25.3535,25.39,4167,0
2017-06-23,25.31,25.69,25.22,25.54,108542,0
2017-06-26,25.594,25.64,25.35,25.45,256645,0
2017-06-27,25.5,25.6135,25.4,25.4,4783,0
2017-06-28,25.5,25.64,25.35,25.39,15984,0
2017-06-29,25.46,25.569,25.4,25.44,18122,0
2017-06-30,25.555,25.6101,25.555,25.59,3200,0
2017-07-03,25.52,25.7299,25.5001,25.7,850,0
2017-07-05,25.6226,25.73,25.6226,25.73,434,0
2017-07-06,25.6439,25.7,25.6439,25.7,630,0
2017-07-07,25.725,25.89,25.725,25.89,1244,0
2017-07-12,25.862,25.862,25.862,25.862,1000,0
2017-07-13,25.78,25.955,25.78,25.955,500,0
2017-07-17,25.75,25.94,25.75,25.94,1099,0
2017-07-18,25.94,25.94,25.94,25.94,227,0
2017-07-19,25.93,25.93,25.8,25.86,3285,0
2017-07-20,25.848,25.848,25.848,25.848,214,0
2017-07-21,25.9,25.9042,25.9,25.9042,1251,0
2017-07-24,25.8476,25.95,25.8476,25.95,4574,0
2017-07-25,25.91,25.99,25.9,25.99,6863,0
2017-07-26,25.86,25.8838,25.7,25.7828,8329,0
2017-07-27,25.7,25.8999,25.7,25.7914,1106,0
2017-07-28,25.92,25.93,25.8638,25.8638,3222,0
2017-07-31,25.85,25.95,25.85,25.8748,2630,0
2017-08-01,25.89,26,25.7684,25.98,13800,0
2017-08-02,26,26,25.9863,26,9156,0
2017-08-03,25.9001,25.9101,25.9001,25.9101,1128,0
2017-08-04,25.74,26,25.74,25.98,20118,0
2017-08-07,25.77,25.989,25.77,25.868,18162,0
2017-08-08,25.98,25.98,25.98,25.98,140,0
2017-08-09,25.962,25.962,25.8811,25.9536,488,0
2017-08-10,25.8447,25.9541,25.8,25.8,975,0
2017-08-11,25.8416,25.8416,25.8416,25.8416,150,0
2017-08-14,25.62,25.69,25.5793,25.65,3090,0
2017-08-15,25.5801,25.5801,25.5801,25.5801,296,0
2017-08-16,25.6336,25.75,25.6324,25.74,7055,0
2017-08-17,25.59,25.74,25.59,25.6601,1475,0
2017-08-18,25.7,25.7,25.6824,25.6824,4260,0
2017-08-21,25.62,25.62,25.62,25.62,958,0
2017-08-22,25.65,25.66,25.65,25.66,2601,0
2017-08-23,25.608,25.608,25.6,25.6056,1772,0
2017-08-24,25.687,25.698,25.58,25.6559,2435,0
2017-08-25,25.6452,25.75,25.6452,25.65,4982,0
2017-08-28,25.93,25.93,25.67,25.75,1319,0
2017-08-29,25.723,25.8,25.65,25.65,2095,0
2017-08-30,25.75,25.75,25.7,25.74,3621,0
2017-08-31,25.8,25.81,25.6194,25.72,8531,0
2017-09-01,25.746,25.823,25.4572,25.4572,2727,0
2017-09-05,25.43,25.75,25.43,25.55,1230,0
2017-09-06,26,26,25.7,25.7896,3057,0
2017-09-07,25.62,25.62,25.6,25.6,21758,0
2017-09-08,25.7,25.75,25.55,25.59,6991,0
2017-09-11,25.85,25.85,25.7878,25.7878,650,0
2017-09-12,25.86,25.86,25.6,25.62,42477,0
2017-09-13,25.5192,25.5917,25.5048,25.5492,1920,0
2017-09-14,25.5501,25.5501,25.5501,25.5501,305,0
2017-09-15,25.75,25.75,25.55,25.55,2551,0
2017-09-19,25.5824,25.5824,25.5824,25.5824,247,0
2017-09-20,25.55,25.63,25.55,25.63,2807,0
2017-09-21,25.7,25.7092,25.65,25.7092,30936,0
2017-09-22,25.58,25.58,25.58,25.58,16500,0
2017-09-25,25.6979,25.6979,25.6268,25.65,662,0
2017-09-26,25.58,25.65,25.58,25.6019,30251,0
2017-09-28,25.6315,25.6516,25.6028,25.6028,3136,0
2017-09-29,25.68,25.879,25.65,25.65,2156,0
2017-10-02,25.8288,25.8288,25.6,25.6201,10592,0
2017-10-03,25.5701,25.79,25.57,25.63,7701,0
2017-10-04,25.6,25.68,25.6,25.68,137211,0
2017-10-05,25.5701,25.7149,25.57,25.685,3841,0
2017-10-06,25.65,25.69,25.57,25.6,32615,0
2017-10-09,25.6,25.77,25.57,25.77,2500,0
2017-10-10,25.6953,25.6953,25.6953,25.6953,200,0
2017-10-11,25.67,25.67,25.67,25.67,169,0
2017-10-12,25.6,25.65,25.6,25.64,9724,0
2017-10-13,25.73,25.73,25.63,25.63,2655,0
2017-10-16,25.6899,25.6899,25.61,25.61,955,0
2017-10-17,25.6,26.6099,25.57,25.65,50932,0
2017-10-18,25.884,25.884,25.64,25.64,700,0
2017-10-19,25.7,25.7,25.57,25.68,53298,0
2017-10-20,25.6711,25.6711,25.647,25.6499,773,0
2017-10-23,25.938,25.938,25.938,25.938,415,0
2017-10-24,25.7,25.7,25.65,25.69,163994,0
2017-10-25,25.7502,25.76,25.7502,25.76,209,0
2017-10-26,25.66,25.66,25.4,25.5708,19702,0
2017-10-27,25.58,25.6,25.55,25.58,2523,0
2017-10-30,25.65,25.65,25.58,25.62,5043,0
2017-10-31,25.6217,25.6217,25.6,25.6,4280,0
2017-11-01,25.5748,25.689,25.5748,25.63,1706,0
2017-11-02,25.6298,25.6298,25.55,25.55,1710,0
2017-11-03,25.6,25.6,25.5814,25.6,2524,0
2017-11-06,25.5644,25.5869,25.551,25.551,2000,0
2017-11-07,25.6001,25.6001,25.6,25.6,805,0
2017-11-08,25.7,25.7,25.5234,25.63,4836,0
2017-11-09,25.6454,25.7,25.5856,25.65,2560,0
2017-11-10,25.6,25.6,25.6,25.6,2557,0
