2016-01-04,31.404,31.531,30.933,31.433,9772806,0
2016-01-05,31.472,31.679,31.03,31.335,6051647,0
2016-01-06,30.716,30.842,30.004,30.264,8962270,0
2016-01-07,29.419,29.693,28.474,28.68,15302965,0
2016-01-08,29.005,29.31,28.437,28.503,15578162,0
2016-01-11,28.71,28.878,27.758,28.248,16194969,0
2016-01-12,28.543,28.918,28.317,28.74,11104217,0
2016-01-13,28.612,28.957,26.984,27.238,12406076,0
2016-01-14,27.402,27.904,26.449,27.64,11028492,0
2016-01-15,26.519,27.048,26.077,26.558,19583232,0
2016-01-19,27.57,27.61,25.783,26.057,14654153,0
2016-01-20,25.445,25.445,23.948,24.839,29087022,0
2016-01-21,24.857,25.039,23.948,23.963,28020929,0
2016-01-22,24.68,25.45,24.352,25.389,20441198,0
2016-01-25,25.28,25.505,24.69,24.74,15547465,0
2016-01-26,24.956,25.3,24.71,25.015,11840043,0
2016-01-27,24.926,25.575,24.563,24.819,10501916,0
2016-01-28,25.093,25.262,24.229,24.396,12309907,0
2016-01-29,24.7,25.192,24.297,25.093,14124090,0
2016-02-01,24.995,25.053,24.543,24.848,9624456,0
2016-02-02,24.424,24.444,23.472,23.697,10470409,0
2016-02-03,23.913,24.16,22.523,23.963,23920261,0
2016-02-04,23.895,24.74,23.885,24.543,14162216,0
2016-02-05,24.514,25.035,23.847,23.943,10998165,0
2016-02-08,23.345,23.404,22.743,23.205,18528717,0
2016-02-09,22.498,23.433,22.458,22.94,17632799,0
2016-02-10,23.256,23.759,22.35,22.37,17380467,0
2016-02-11,21.57,22.069,21.197,21.896,22650773,0
2016-02-12,22.467,22.685,21.858,22.487,10481445,0
2016-02-16,23.206,23.424,22.714,23.236,10057055,0
2016-02-17,23.64,24.281,23.615,24.123,12823022,0
2016-02-18,24.143,24.232,23.492,23.809,9152499,0
2016-02-19,23.611,24.311,23.601,24.083,9311070,0
2016-02-22,24.351,24.735,23.976,24.183,11392962,0
2016-02-23,24.093,24.143,23.611,23.779,10589452,0
2016-02-24,23.306,23.482,22.666,23.336,12286328,0
2016-02-25,23.395,23.749,23.226,23.739,8235048,0
2016-02-26,24.073,25.336,24.034,25.089,16833520,0
2016-02-29,24.981,25.188,24.645,24.685,13159544,0
2016-03-01,25,26.144,24.902,26.005,15900161,0
2016-03-02,26.025,26.384,25.925,26.35,10349110,0
2016-03-03,26.184,26.781,25.902,26.716,9719461,0
2016-03-04,27.049,27.423,26.547,26.756,10460592,0
2016-03-07,26.528,27.189,26.204,27.129,8514469,0
2016-03-08,26.706,26.902,25.975,26.282,11452610,0
2016-03-09,26.528,26.636,25.935,26.164,7040995,0
2016-03-10,26.448,26.488,25.602,26.252,14532028,0
2016-03-11,26.626,27.843,26.557,27.791,13061150,0
2016-03-14,27.592,27.707,27.109,27.433,6664089,0
2016-03-15,27.079,27.337,26.892,27.337,7303573,0
2016-03-16,27.269,27.791,26.36,26.528,16631662,0
2016-03-17,26.272,27.507,26.262,27.269,9779667,0
2016-03-18,27.452,27.985,27.39,27.955,12897890,0
2016-03-21,27.927,28.617,27.433,27.868,7842827,0
2016-03-22,27.512,28.198,27.395,27.995,7125895,0
2016-03-23,28.015,28.155,27.492,27.622,7405430,0
2016-03-24,27.169,27.702,27,27.682,6741086,0
2016-03-28,27.712,27.81,27.288,27.682,6472439,0
2016-03-29,27.395,27.682,27.159,27.612,8789708,0
2016-03-30,27.838,28.135,27.428,27.761,6660597,0
2016-03-31,27.741,27.917,27.542,27.612,7921718,0
2016-04-01,27.337,28.035,27.109,27.965,6998170,0
2016-04-04,27.936,28.105,27.512,27.582,5062523,0
2016-04-05,27.229,27.298,26.726,26.99,6826662,0
2016-04-06,26.99,27.532,26.97,27.423,7005929,0
2016-04-07,27.039,27.129,25.887,26.005,9952744,0
2016-04-08,26.389,26.656,26.095,26.223,6827122,0
2016-04-11,26.508,27.039,26.478,26.646,7476222,0
2016-04-12,26.796,27.179,26.626,27.049,8148391,0
2016-04-13,27.482,28.252,27.395,28.203,8386694,0
2016-04-14,28.095,28.558,27.975,28.321,8245670,0
2016-04-15,28.675,28.755,28.005,28.115,12432199,0
2016-04-18,28.015,28.468,27.858,28.431,5637615,0
2016-04-19,28.45,28.48,27.848,28.351,9101721,0
2016-04-20,28.431,28.796,28.175,28.665,7915421,0
2016-04-21,28.725,29.03,28.578,28.705,7419596,0
2016-04-22,28.834,29.515,28.814,29.287,7810954,0
2016-04-25,29.238,29.426,28.968,29.198,5163188,0
2016-04-26,29.238,29.446,29.099,29.426,6178851,0
2016-04-27,29.297,29.789,29.133,29.465,8033815,0
2016-04-28,29.089,29.396,28.508,28.558,7412108,0
2016-04-29,28.371,28.421,27.702,27.995,10021885,0
2016-05-02,28.025,28.411,27.612,28.371,7147999,0
2016-05-03,27.888,27.888,27.274,27.592,7102065,0
2016-05-04,27.269,27.652,26.985,27.139,6711988,0
2016-05-05,27.199,27.342,26.892,27.139,6453827,0
2016-05-06,26.833,27.239,26.557,26.912,6961169,0
2016-05-09,26.902,27.229,26.761,26.872,4059228,0
2016-05-10,27.019,27.647,26.922,27.602,5477518,0
2016-05-11,27.552,27.864,27.437,27.452,5787908,0
2016-05-12,27.672,27.918,27.297,27.602,5723532,0
2016-05-13,27.522,28.016,27.098,27.198,6695076,0
2016-05-16,27.198,27.562,27.088,27.355,6264443,0
2016-05-17,27.355,27.771,27.188,27.582,8773026,0
2016-05-18,27.662,29.054,27.562,28.937,14500539,0
2016-05-19,28.668,29.162,28.196,28.61,9003413,0
2016-05-20,28.837,29.222,28.728,29.084,8713917,0
2016-05-23,28.966,29.152,28.728,28.927,6341944,0
2016-05-24,29.152,29.915,29.093,29.855,7700362,0
2016-05-25,30.023,30.526,29.983,30.27,7804122,0
2016-05-26,30.24,30.305,29.621,29.785,6343714,0
2016-05-27,29.895,30.27,29.746,30.26,5650143,0
2016-05-31,30.615,30.694,30.171,30.21,7652978,0
2016-06-01,29.845,30.586,29.567,30.438,7916579,0
2016-06-02,30.27,30.536,30.23,30.467,7672220,0
2016-06-03,29.626,29.666,28.58,28.867,14063065,0
2016-06-06,28.937,29.558,28.857,29.441,8224844,0
2016-06-07,29.548,29.548,29.024,29.142,6569332,0
2016-06-08,29.074,29.321,29.014,29.093,4533689,0
2016-06-09,28.827,28.877,28.294,28.738,9008003,0
2016-06-10,28.205,28.323,27.899,28.106,10743880,0
2016-06-13,27.918,28.244,27.722,27.801,6378492,0
2016-06-14,27.612,28.106,27.413,27.642,11851521,0
2016-06-15,27.859,28.55,27.761,28.116,14229721,0
2016-06-16,27.751,28.196,27.413,28.166,11501614,0
2016-06-17,28.205,28.59,27.928,28.036,10167636,0
2016-06-20,28.62,28.937,28.249,28.303,9910035,0
2016-06-21,28.423,28.461,27.971,28.036,10098592,0
2016-06-22,28.036,28.303,27.956,27.996,6186966,0
2016-06-23,28.51,29.341,28.363,29.331,12816400,0
2016-06-24,27.008,27.433,25.834,25.834,26857933,0
2016-06-27,25.093,25.133,23.729,23.759,32149074,0
2016-06-28,24.293,24.529,24.035,24.263,25556010,0
2016-06-29,24.797,25.093,24.569,24.993,26361550,0
2016-06-30,25.053,25.177,24.52,25.003,19127985,0
2016-07-01,24.895,25.257,24.628,24.807,10906807,0
2016-07-05,24.47,24.48,23.898,24.045,10530921,0
2016-07-06,23.829,24.49,23.537,24.372,12500742,0
2016-07-07,24.52,25.043,24.46,24.954,16356843,0
2016-07-08,25.577,25.795,25.3,25.419,15568245,0
2016-07-11,25.677,25.922,25.419,25.467,11619492,0
2016-07-12,26.031,26.579,26.031,26.435,12210456,0
2016-07-13,26.329,26.475,25.853,26.111,7011069,0
2016-07-14,26.794,26.998,26.455,26.594,7812203,0
2016-07-15,26.89,27.018,26.495,26.704,8450883,0
2016-07-18,27.268,27.278,26.485,26.774,9650452,0
2016-07-19,26.774,27.198,26.535,27.148,8247788,0
2016-07-20,27.336,27.602,26.861,27.582,9699124,0
2016-07-21,27.642,27.652,27.403,27.522,11412831,0
2016-07-22,27.662,27.859,27.522,27.839,6498057,0
2016-07-25,27.839,28.061,27.682,27.918,7181678,0
2016-07-26,27.751,28.343,27.692,28.303,9183477,0
2016-07-27,28.353,28.678,28.166,28.363,8696561,0
2016-07-28,28.254,28.452,28.027,28.363,4727049,0
2016-07-29,28.156,28.294,27.756,28.076,7069663,0
2016-08-01,28.205,28.308,27.918,27.996,8222002,0
2016-08-02,27.966,28.333,27.375,27.592,9268898,0
2016-08-03,27.532,28.215,27.532,28.046,10077941,0
2016-08-04,27.976,28.166,27.751,28.146,4831050,0
2016-08-05,28.65,29.576,28.65,29.567,13607280,0
2016-08-08,29.636,29.835,29.533,29.696,9389431,0
2016-08-09,29.706,29.885,29.548,29.726,6110094,0
2016-08-10,29.706,29.785,29.211,29.271,10360295,0
2016-08-11,29.42,29.706,29.29,29.626,5784543,0
2016-08-12,29.241,29.459,28.946,29.41,6539403,0
2016-08-15,29.567,29.974,29.533,29.915,5831967,0
2016-08-16,29.825,30.121,29.686,29.845,5110693,0
2016-08-17,29.785,29.964,29.696,29.815,7002193,0
2016-08-18,29.785,30.053,29.671,29.895,3552516,0
2016-08-19,29.855,30.3,29.756,30.151,6352299,0
2016-08-22,29.994,30.077,29.795,29.885,4333940,0
2016-08-23,30.121,30.231,29.969,30.121,5878494,0
2016-08-24,30.151,30.201,29.925,29.935,6693785,0
2016-08-25,29.925,30.191,29.85,30.191,5723370,0
2016-08-26,30.3,30.736,30.171,30.647,10802692,0
2016-08-29,30.716,31.103,30.686,30.746,7524219,0
2016-08-30,30.855,31.33,30.855,31.3,7973832,0
2016-08-31,31.34,31.558,30.855,31.152,9987128,0
2016-09-01,31.33,31.538,30.33,30.676,8360165,0
2016-09-02,30.815,31.063,30.385,30.963,6098984,0
2016-09-06,31.013,31.162,30.107,30.43,8851457,0
2016-09-07,30.221,30.558,30.161,30.469,6705211,0
2016-09-08,30.518,30.825,30.45,30.617,6059594,0
2016-09-09,30.617,31.013,30.34,30.35,6974608,0
2016-09-12,30.102,30.686,29.795,30.568,12175757,0
2016-09-13,30.161,30.39,29.855,30.141,8649193,0
2016-09-14,30.102,30.231,29.766,29.915,7369377,0
2016-09-15,29.974,30.726,29.875,30.627,9555079,0
2016-09-16,30.38,30.41,30.111,30.231,7627936,0
2016-09-19,30.42,31.043,30.3,30.588,6990147,0
2016-09-20,30.835,30.865,30.41,30.45,4377989,0
2016-09-21,30.676,30.983,30.39,30.825,9359613,0
2016-09-22,31.093,31.32,30.89,30.935,7018480,0
2016-09-23,30.845,30.94,30.32,30.37,5784086,0
2016-09-26,30.131,30.45,30.043,30.161,7883707,0
2016-09-27,29.984,30.45,29.567,30.43,6439751,0
2016-09-28,30.696,30.785,30.32,30.756,4751771,0
2016-09-29,30.746,31.113,30.251,30.39,7222462,0
2016-09-30,30.726,31.449,30.548,31.26,8843607,0
2016-10-03,31.251,31.508,31.043,31.172,5699354,0
2016-10-04,31.3,31.835,31.236,31.538,9608223,0
2016-10-05,31.687,32.568,31.667,32.291,9919959,0
2016-10-06,32.281,32.329,31.795,32.113,7814009,0
2016-10-07,32.113,32.311,31.864,32.083,7598958,0
2016-10-10,32.349,32.538,32.083,32.133,4302262,0
2016-10-11,32.083,32.291,31.34,31.588,7111550,0
2016-10-12,31.618,31.747,31.4,31.419,4364162,0
2016-10-13,31.241,31.241,30.597,31.123,9047579,0
2016-10-14,31.628,31.894,31.34,31.657,7760012,0
2016-10-17,31.677,31.785,30.835,31.38,13971886,0
2016-10-18,32.063,32.133,31.667,31.894,10396577,0
2016-10-19,32.003,32.498,31.884,32.222,9185055,0
2016-10-20,32.143,32.251,31.775,31.855,6563736,0
2016-10-21,31.478,32.083,31.409,31.954,8295946,0
2016-10-24,32.173,32.222,31.805,31.874,6367681,0
2016-10-25,31.795,31.904,31.37,31.4,5859356,0
2016-10-26,31.162,31.894,31.093,31.835,8039146,0
2016-10-27,32.013,32.133,31.718,31.845,6716405,0
2016-10-28,31.884,32.118,31.231,31.578,7030101,0
2016-10-31,31.727,31.864,31.37,31.39,5335960,0
2016-11-01,31.588,31.825,30.993,31.34,6206224,0
2016-11-02,31.142,31.142,30.568,30.756,8977144,0
2016-11-03,30.855,31.129,30.706,30.845,4787538,0
2016-11-04,30.875,31.108,30.355,30.597,6723784,0
2016-11-07,31.449,31.993,31.449,31.993,7486729,0
2016-11-08,31.795,32.197,31.598,32.093,6940849,0
2016-11-09,32.301,33.641,32.173,33.452,23495341,0
2016-11-10,33.997,35.357,33.969,34.99,23924400,0
2016-11-11,34.702,35.844,34.583,35.804,11827922,0
2016-11-14,36.152,37.422,36.012,36.479,22635100,0
2016-11-15,36.052,36.946,35.764,36.916,16598701,0
2016-11-16,36.39,37.054,36.172,36.42,10782578,0
2016-11-17,36.38,37.044,36.072,36.756,9448767,0
2016-11-18,36.876,37.51,36.717,37.193,10527255,0
2016-11-21,37.422,37.858,37.352,37.809,11973833,0
2016-11-22,38.007,38.126,37.452,37.948,11566419,0
2016-11-23,38.146,38.921,37.819,38.811,11174597,0
2016-11-25,38.701,38.701,38.33,38.691,3444885,0
2016-11-28,38.225,38.494,38.027,38.056,7027627,0
2016-11-29,38.106,38.355,37.858,38.165,7012186,0
2016-11-30,38.771,39.049,38.265,38.365,13073857,0
2016-12-01,38.811,39.387,38.504,39.307,15280364,0
2016-12-02,39,39.108,38.165,38.464,12151230,0
2016-12-05,38.841,39.357,38.602,38.701,11342481,0
2016-12-06,38.901,39,38.404,38.97,7955445,0
2016-12-07,38.97,39.084,38.568,39.069,9767344,0
2016-12-08,39.347,39.585,38.926,39.118,17670705,0
2016-12-09,39.167,39.197,38.661,39.019,8749397,0
2016-12-12,38.801,39.108,38.463,38.731,8352818,0
2016-12-13,38.911,38.98,38.315,38.651,7075608,0
2016-12-14,38.305,39.447,38.205,38.701,11742901,0
2016-12-15,38.881,39.653,38.881,39.118,15072072,0
2016-12-16,39.287,39.397,38.395,38.543,13570187,0
2016-12-19,38.711,38.761,38.19,38.454,10372690,0
2016-12-20,38.941,39.853,38.921,39.843,12945349,0
2016-12-21,39.823,39.883,39.407,39.673,7348916,0
2016-12-22,39.624,39.713,39.347,39.467,5517945,0
2016-12-23,39.307,40.106,39.147,40.013,6423925,0
2016-12-27,40.052,40.269,39.963,40.16,5468564,0
2016-12-28,40.189,40.269,39.545,39.585,3930375,0
2016-12-29,39.545,39.683,39.108,39.277,4973193,0
2016-12-30,39.407,39.497,39,39.167,4718248,0
2017-01-03,39.743,40.339,39.417,39.893,7005235,0
2017-01-04,40.091,41.025,40.042,40.905,8961394,0
2017-01-05,40.656,41.161,40.189,40.656,6385071,0
2017-01-06,40.985,41.202,40.349,40.915,5683214,0
2017-01-09,40.686,40.935,40.329,40.805,4447653,0
2017-01-10,40.875,41.172,40.676,40.875,5237996,0
2017-01-11,40.825,41.103,40.509,41.005,4815116,0
2017-01-12,40.745,41.015,40.111,40.945,6999909,0
2017-01-13,41.232,41.526,40.985,41.094,7730930,0
2017-01-17,40.755,41.015,39.953,40.022,11200431,0
2017-01-18,39.763,40.94,38.841,40.785,13756886,0
2017-01-19,41.064,41.281,40.636,41.123,10479388,0
2017-01-20,41.202,41.421,40.626,40.995,7426034,0
2017-01-23,40.795,41.005,40.439,40.875,4903669,0
2017-01-24,41.113,41.787,40.915,41.481,5493717,0
2017-01-25,41.927,42.121,41.609,41.967,7805708,0
2017-01-26,42.155,42.284,41.867,42.125,5185314,0
2017-01-27,42.175,42.215,41.787,41.987,4083385,0
2017-01-30,41.718,41.718,41.089,41.511,6330002,0
2017-01-31,41.301,41.501,40.775,40.925,8117192,0
2017-02-01,41.351,41.659,40.805,41.025,10477643,0
2017-02-02,39.565,40.239,38.731,38.871,20447015,0
2017-02-03,39.565,40.369,39.387,39.863,12443850,0
2017-02-06,39.447,39.773,39.207,39.437,7268244,0
2017-02-07,39.624,39.823,39.317,39.377,5655401,0
2017-02-08,39.197,39.421,38.969,39.217,8540434,0
2017-02-09,39.516,40.072,39.327,39.854,7527342,0
2017-02-10,40.072,40.142,39.679,39.714,6828448,0
2017-02-13,40.004,40.758,39.974,40.491,7619314,0
2017-02-14,40.461,41.255,40.216,41.027,7940743,0
2017-02-15,41.395,42.221,41.077,41.922,11689349,0
2017-02-16,41.842,41.912,41.012,41.315,5014343,0
2017-02-17,40.938,41.355,40.768,41.315,4740333,0
2017-02-21,41.584,41.887,41.43,41.544,4961235,0
2017-02-22,41.097,41.704,41.087,41.385,5399234,0
2017-02-23,41.375,41.375,40.609,41.008,4520151,0
2017-02-24,40.521,40.878,40.311,40.878,5253004,0
2017-02-27,40.858,41.664,40.858,41.495,5578676,0
2017-02-28,39.904,40.679,39.555,40.181,22766641,0
2017-03-01,41.265,43.115,41.166,42.748,15151710,0
2017-03-02,42.738,42.748,41.792,41.992,8866988,0
2017-03-03,41.932,42.509,41.852,42.211,7666501,0
2017-03-06,41.842,42.051,41.564,41.872,6637757,0
2017-03-07,41.832,41.972,41.365,41.425,6598514,0
2017-03-08,42.032,42.409,41.584,41.624,6754043,0
2017-03-09,41.832,42.146,41.723,42.012,5293290,0
2017-03-10,42.299,42.578,41.862,42.241,5646740,0
2017-03-13,42.389,42.966,42.27,42.738,5062952,0
2017-03-14,42.638,42.738,41.892,42.429,6292586,0
2017-03-15,42.678,43.055,42.151,42.479,8216198,0
2017-03-16,42.638,43.393,42.538,43.285,7433589,0
2017-03-17,43.373,43.403,42.568,42.618,8964488,0
2017-03-20,42.499,42.643,41.982,42.012,6226530,0
2017-03-21,42.319,42.359,40.092,40.211,10486898,0
2017-03-22,39.994,40.311,39.317,39.934,8985748,0
2017-03-23,39.804,40.461,39.754,39.944,7429782,0
2017-03-24,40.122,40.196,39.492,39.794,7571070,0
2017-03-27,38.123,39.237,37.408,39.197,13817524,0
2017-03-28,39.167,40.639,39.038,40.261,8983835,0
2017-03-29,40.102,40.346,39.844,40.221,5290379,0
2017-03-30,40.191,41.107,40.152,40.908,5850250,0
2017-03-31,40.718,41.003,40.56,40.58,5310570,0
2017-04-03,40.6,40.728,39.605,40.341,8815398,0
2017-04-04,40.221,40.411,39.794,40.004,6482915,0
2017-04-05,40.271,40.55,39.207,39.257,8885271,0
2017-04-06,39.247,40.062,38.989,39.834,6672303,0
2017-04-07,39.437,40.014,39.157,39.674,9390371,0
2017-04-10,39.595,39.906,38.9,39.078,6955644,0
2017-04-11,38.82,38.88,37.965,38.71,9785272,0
2017-04-12,38.68,38.68,37.92,38.183,10521740,0
2017-04-13,37.975,38.343,37.298,37.318,10273201,0
2017-04-17,37.428,38.005,37.259,37.925,7879569,0
2017-04-18,37.885,38.333,36.951,37.696,15114135,0
2017-04-19,38.113,38.541,37.836,38.063,10423412,0
2017-04-20,38.432,38.72,38.163,38.462,8513881,0
2017-04-21,38.462,38.521,37.796,38.113,7114636,0
2017-04-24,39.237,39.437,38.84,38.969,10985281,0
2017-04-25,39.417,39.684,39.207,39.397,8172680,0
2017-04-26,39.287,40.351,39.252,39.834,12833192,0
2017-04-27,39.834,39.894,38.999,39.028,7880334,0
2017-04-28,39.009,39.009,38.561,38.63,7041337,0
2017-05-01,38.88,39.644,38.87,39.506,9453078,0
2017-05-02,39.565,39.824,39.397,39.804,7776568,0
2017-05-03,39.595,40.241,39.457,40.171,8804159,0
2017-05-04,40.411,40.59,39.644,39.934,5650832,0
2017-05-05,40.023,40.072,39.595,39.904,5296047,0
2017-05-08,39.934,40.191,39.679,40.181,5539414,0
2017-05-09,40.211,40.58,40.122,40.271,5846650,0
2017-05-10,40.092,40.181,39.728,40.003,6357683,0
2017-05-11,39.743,39.993,39.445,39.873,8018365,0
2017-05-12,39.634,39.743,39.105,39.465,5471906,0
2017-05-15,39.574,40.421,39.574,40.391,6212840,0
2017-05-16,40.541,40.591,40.033,40.521,5718793,0
2017-05-17,39.643,39.683,37.586,37.98,13108494,0
2017-05-18,38.349,38.498,37.721,38.189,8639435,0
2017-05-19,38.319,38.568,38.069,38.119,8688065,0
2017-05-22,38.558,38.558,37.99,38.379,5776121,0
2017-05-23,38.359,38.981,38.04,38.727,4603441,0
2017-05-24,38.887,39.076,38.667,38.867,5559326,0
2017-05-25,39.125,39.365,38.927,39.265,4582770,0
2017-05-26,39.155,39.485,38.976,39.375,4341901,0
2017-05-30,39.155,39.195,38.478,38.518,7130406,0
2017-05-31,38.508,38.752,37.492,38.607,12323666,0
2017-06-01,38.947,39.564,38.508,39.554,8117227,0
2017-06-02,39.046,39.245,38.548,38.807,8804946,0
2017-06-05,38.857,39.255,38.827,38.956,5976862,0
2017-06-06,38.558,38.747,38.189,38.577,7414720,0
2017-06-07,38.607,39.125,38.498,38.727,5822280,0
2017-06-08,38.807,39.863,38.637,39.614,8601500,0
2017-06-09,40.033,41.173,39.813,41.139,11634161,0
2017-06-12,41.218,41.765,41.154,41.726,8106675,0
2017-06-13,41.835,42.195,41.726,41.895,6833464,0
2017-06-14,41.347,42.175,40.959,42.145,9093663,0
2017-06-15,41.835,42.443,41.597,41.965,6716718,0
2017-06-16,42.085,42.195,41.687,41.765,8913397,0
2017-06-19,42.065,42.453,41.985,42.303,4878130,0
2017-06-20,42.175,42.26,41.845,41.985,6939182,0
2017-06-21,42.045,42.045,41.447,41.597,6385635,0
2017-06-22,41.467,41.687,41.277,41.477,5825547,0
2017-06-23,41.775,41.775,41.203,41.467,8495555,0
2017-06-26,41.597,41.945,41.198,41.697,5282658,0
2017-06-27,42.125,43.131,41.925,42.463,8550755,0
2017-06-28,42.871,43.091,42.613,42.693,8875913,0
2017-06-29,43.719,43.937,42.523,42.851,8876009,0
2017-06-30,43.221,43.36,42.663,42.803,7257786,0
2017-07-03,43.051,43.479,42.931,43.321,5278823,0
2017-07-05,43.489,43.937,43.37,43.519,7377727,0
2017-07-06,43.449,43.789,43.206,43.321,7932197,0
2017-07-07,43.509,43.529,43.031,43.161,4626588,0
2017-07-10,43.051,43.609,42.961,43.469,3792646,0
2017-07-11,43.121,43.181,42.613,42.941,6099577,0
2017-07-12,42.841,43.061,42.583,42.891,6149073,0
2017-07-13,42.951,43.266,42.822,43.021,4542980,0
2017-07-14,42.443,43.101,42.313,42.881,6057116,0
2017-07-17,42.851,42.881,42.493,42.773,6803120,0
2017-07-18,42.333,42.901,42.105,42.703,7194399,0
2017-07-19,42.901,42.991,41.835,42.015,8032237,0
2017-07-20,41.915,42.085,41.765,41.985,7032308,0
2017-07-21,41.845,42.274,41.557,41.995,7479706,0
2017-07-24,41.746,42.015,41.597,41.805,6544106,0
2017-07-25,42.383,42.891,41.805,42.793,7364850,0
2017-07-26,42.881,42.901,42.523,42.623,8600791,0
2017-07-27,42.743,42.931,42.025,42.383,8567519,0
2017-07-28,42.423,42.583,42.12,42.393,5214352,0
2017-07-31,42.533,42.831,42.318,42.743,6103752,0
2017-08-01,43.021,43.221,42.813,42.971,6646069,0
2017-08-02,42.901,43.041,42.588,42.861,9523737,0
2017-08-03,42.673,42.861,42.433,42.723,5905742,0
2017-08-04,43.191,43.619,42.901,42.951,4524238,0
2017-08-07,43.021,43.051,42.633,42.723,2683038,0
2017-08-08,42.573,43.091,42.403,42.563,5366431,0
2017-08-09,42.044,42.303,41.615,41.944,5978036,0
2017-08-10,41.515,41.525,40.527,40.537,6721171,0
2017-08-11,40.626,40.806,40.412,40.577,4905436,0
2017-08-14,41.146,41.406,40.886,41.046,4173073,0
2017-08-15,41.475,41.515,40.457,40.856,5678778,0
2017-08-16,41.026,41.156,40.527,40.666,4523688,0
2017-08-17,40.537,40.607,39.578,39.598,6272765,0
2017-08-18,39.439,39.838,39.186,39.439,6583838,0
2017-08-21,39.349,39.369,38.938,39.199,5003079,0
2017-08-22,39.469,39.858,39.319,39.698,4934057,0
2017-08-23,39.349,39.848,39.121,39.688,4400271,0
2017-08-24,39.928,39.928,39.548,39.568,3611057,0
2017-08-25,39.718,39.948,39.568,39.688,3117668,0
2017-08-28,39.768,39.778,39.309,39.469,3297965,0
2017-08-29,38.92,39.439,38.66,39.109,8232388,0
2017-08-30,39.239,39.578,39.069,39.499,4636157,0
2017-08-31,39.758,40.008,39.578,39.828,7449267,0
2017-09-01,39.928,40.167,39.718,40.087,4713770,0
2017-09-05,39.678,39.828,38.61,38.7,8355628,0
2017-09-06,38.81,39.029,38.5,38.86,5894051,0
2017-09-07,38.9,38.91,37.991,38.041,7109305,0
2017-09-08,38.151,39.084,38.081,38.61,6478081,0
2017-09-11,39.179,39.479,39.069,39.239,6947720,0
2017-09-12,39.598,40.112,39.489,39.768,7955758,0
2017-09-13,39.618,39.788,39.218,39.728,6858150,0
2017-09-14,39.618,40.192,39.518,39.918,5928274,0
2017-09-15,38.4,40.137,38.131,40.137,14247116,0
2017-09-18,40.257,40.926,40.227,40.577,6521550,0
2017-09-19,40.716,41.086,40.527,40.966,6059824,0
2017-09-20,41.046,41.844,40.846,41.535,6995246,0
2017-09-21,41.505,42.189,41.285,42.004,6514495,0
2017-09-22,41.724,42.553,41.585,42.463,7373788,0
2017-09-25,42.283,42.563,42.184,42.423,8500267,0
2017-09-26,42.603,42.872,42.343,42.753,6491039,0
2017-09-27,43.441,44.265,43.441,43.96,10188531,0
2017-09-28,44.06,44.23,43.481,43.551,6801825,0
2017-09-29,43.451,43.881,43.312,43.661,5356483,0
2017-10-02,43.741,43.98,43.481,43.96,4641801,0
2017-10-03,44.02,44.43,43.93,44.38,5240897,0
2017-10-04,44.34,44.529,44.06,44.2,4265139,0
2017-10-05,44.25,45.208,44.17,45.098,7014024,0
2017-10-06,45.538,46.127,44.42,45.258,14813647,0
2017-10-09,45.318,45.398,45.133,45.328,5015239,0
2017-10-10,45.328,45.328,44.779,45.009,7967309,0
2017-10-11,44.939,45.368,44.679,45.228,5049119,0
2017-10-12,45.418,45.418,44.849,44.949,5969452,0
2017-10-13,44.719,44.959,44.25,44.649,6834036,0
2017-10-16,44.08,44.669,43.831,44.39,6721656,0
2017-10-17,44.699,44.809,43.262,43.312,7193514,0
2017-10-18,43.541,43.611,43.229,43.401,4317389,0
2017-10-19,42.942,43.272,42.124,43.192,4296492,0
2017-10-20,43.811,44.784,43.501,44.599,9207217,0
2017-10-23,44.639,44.819,44.17,44.39,6514469,0
2017-10-24,44.819,45.238,44.539,45.108,8607186,0
2017-10-25,45.298,45.398,44.135,44.569,5996833,0
2017-10-26,44.659,45.558,44.465,45.268,5777569,0
2017-10-27,45.168,45.228,44.499,44.829,5239911,0
2017-10-30,44.43,44.809,44.39,44.769,3262334,0
2017-10-31,44.699,45.488,44.689,44.759,6409822,0
2017-11-01,45.009,45.233,44.12,44.16,6477425,0
2017-11-02,44,45.273,43.746,44.979,4989553,0
2017-11-03,44.709,44.809,44.4,44.739,3634061,0
2017-11-06,44.609,44.824,44.35,44.569,2818189,0
2017-11-07,44.629,44.779,43.781,44.07,4325902,0
2017-11-08,44.04,44.299,43.791,44.2,3934991,0
2017-11-09,43.95,44.2,43.325,44,4613646,0
2017-11-10,44.12,44.5,43.92,44.27,4512049,0
