2016-01-04,48,48,46.97,47.43,267725,0
2016-01-05,47.46,47.59,46.96,47.01,166631,0
2016-01-06,46.25,46.75,45.89,46.33,167526,0
2016-01-07,45.41,46.07,44.87,44.98,164360,0
2016-01-08,45.01,45.94,44.01,44.11,209259,0
2016-01-11,44.47,45.0384,43.94,44.46,175532,0
2016-01-12,44.86,45.4447,44.12,44.82,163525,0
2016-01-13,44.88,45.26,42.93,43.04,259873,0
2016-01-14,43.4,44.43,43,43.9,164251,0
2016-01-15,42.51,43.0795,41.75,42.46,220779,0
2016-01-19,43.11,46.62,42.33,42.84,240300,0
2016-01-20,42.16,43.84,41.93,43.15,198296,0
2016-01-21,43.43,43.51,42.54,42.91,270217,0
2016-01-22,43.75,44.18,42.95,43.45,176213,0
2016-01-25,43.3,43.62,42.85,42.95,193910,0
2016-01-26,43.09,43.74,42.7701,43.41,225945,0
2016-01-27,43.21,43.54,42.6,42.76,163990,0
2016-01-28,43.22,44.05,43.02,43.82,173996,0
2016-01-29,44.2,45.62,44,45.6,207202,0
2016-02-01,45.25,45.51,44.52,45.01,199262,0
2016-02-02,44.23,44.44,42.6,42.97,273771,0
2016-02-03,46.3,47.4499,40.99,42.21,611881,0
2016-02-04,42.63,42.91,41.83,42.14,368231,0
2016-02-05,41.88,42.41,40.07,40.29,313717,0
2016-02-08,39.78,40.17,38.53,39.47,303568,0
2016-02-09,38.98,40.04,38.64,38.99,278092,0
2016-02-10,39.34,39.81,37.53,37.74,522723,0
2016-02-11,37.26,37.74,36.56,36.94,418003,0
2016-02-12,37.23,38.42,36.78,37.88,166479,0
2016-02-16,38.06,39.72,38.05,39.43,161733,0
2016-02-17,39.48,40.79,39.24,40.34,185729,0
2016-02-18,40.47,40.84,40.04,40.07,198282,0
2016-02-19,39.97,41.04,39.35,40.48,140908,0
2016-02-22,40.77,41.11,39.73,40.44,101544,0
2016-02-23,40.15,40.75,39.93,39.98,107056,0
2016-02-24,39.53,40.67,39.39,40.42,186620,0
2016-02-25,40.57,40.64,40.08,40.38,88179,0
2016-02-26,40.65,40.91,39.96,40.5,162816,0
2016-02-29,40.56,41.73,40.11,41.25,188115,0
2016-03-01,41.51,42.71,41.13,42.68,142220,0
2016-03-02,43.02,44.295,42.905,43.64,196397,0
2016-03-03,43.87,44.73,43.7525,44.6,304032,0
2016-03-04,44.68,45,43.97,44.65,244509,0
2016-03-07,44.54,45.61,44.21,44.75,251807,0
2016-03-08,44.26,44.73,43.98,44.39,250306,0
2016-03-09,44.71,45.135,44.37,44.84,155678,0
2016-03-10,45.01,45.75,44.56,44.86,216685,0
2016-03-11,45.36,45.76,45.02,45.71,108529,0
2016-03-14,45.19,45.35,44.3,44.33,263971,0
2016-03-15,44.37,44.86,43.92,44.08,185352,0
2016-03-16,43.57,44,42.86,43.9,182172,0
2016-03-17,43.79,44.15,43.5,43.88,235197,0
2016-03-18,43.86,45.11,43.54,44.93,477191,0
2016-03-21,44.72,44.86,43.8021,44.77,156037,0
2016-03-22,44.6,45.59,44.55,45.25,196277,0
2016-03-23,45.15,45.214,44.19,44.2,207754,0
2016-03-24,43.82,43.96,43.37,43.73,139893,0
2016-03-28,43.94,44.09,43.21,43.55,126382,0
2016-03-29,43.33,44.84,42.945,44.73,189310,0
2016-03-30,44.75,45.36,44.68,45.23,104063,0
2016-03-31,45.17,45.4,44.78,44.96,120294,0
2016-04-01,44.4,45.98,43.44,45.95,247656,0
2016-04-04,45.85,45.85,44.1231,45.04,121225,0
2016-04-05,44.69,45.55,44.28,44.39,140870,0
2016-04-06,44.48,45.04,43.6005,44.89,123027,0
2016-04-07,44.68,44.68,43.5,43.76,138671,0
2016-04-08,44.13,44.78,43.41,43.84,280780,0
2016-04-11,44.07,44.51,42.67,42.8,248113,0
2016-04-12,42.79,43.88,42.625,43.35,228983,0
2016-04-13,43.84,45.37,43.8,45.18,252914,0
2016-04-14,44.94,45.61,44.21,45.49,143747,0
2016-04-15,45.24,45.71,45.01,45.27,126721,0
2016-04-18,44.94,45.568,44.52,44.89,148447,0
2016-04-19,45.03,45.38,44.56,44.7,131164,0
2016-04-20,44.59,45.46,44.5322,45.34,121621,0
2016-04-21,45.57,45.64,44.75,44.95,241775,0
2016-04-22,44.66,46.1,44.66,45.79,173421,0
2016-04-25,45.61,46.23,45.22,45.53,257321,0
2016-04-26,45.66,46.91,45.46,46.34,314576,0
2016-04-27,48,49.66,46.09,47.67,486555,0
2016-04-28,47.79,50.47,47.56,48.51,615714,0
2016-04-29,48.39,48.39,46.43,46.8,199550,0
2016-05-02,46.7,47.74,45.94,47.7,164480,0
2016-05-03,46.98,47.5,46.8,47.16,139849,0
2016-05-04,46.77,47.22,45.7738,46.33,139947,0
2016-05-05,46.63,46.98,45.89,45.89,154041,0
2016-05-06,45.48,46.15,45.14,46.13,163022,0
2016-05-09,46.04,46.42,45.76,45.82,158078,0
2016-05-10,46.06,47,45.96,46.92,120490,0
2016-05-11,46.72,46.95,46.41,46.56,104836,0
2016-05-12,46.85,46.855,44.86,45.33,135338,0
2016-05-13,45.23,45.66,44.79,45.2,134305,0
2016-05-16,45.16,46.76,45.05,46.11,86506,0
2016-05-17,46.05,46.26,44.87,45.13,134792,0
2016-05-18,45,47.1,45,46.54,132618,0
2016-05-19,46.08,46.8,45.43,45.74,74787,0
2016-05-20,46.07,47.2,46.07,47.05,127137,0
2016-05-23,47.16,48.27,47.08,47.09,128812,0
2016-05-24,47.26,48.89,47.1,48.71,143136,0
2016-05-25,48.85,48.9,48.3418,48.79,178677,0
2016-05-26,48.75,49.3,48.29,48.69,120763,0
2016-05-27,48.81,49.44,48.81,49.36,140838,0
2016-05-31,49.43,50.18,49.125,49.75,172551,0
2016-06-01,49.45,50.21,49.45,50.12,99647,0
2016-06-02,49.76,50.15,49.66,50.07,90022,0
2016-06-03,50.11,50.34,49.435,49.86,88236,0
2016-06-06,49.9,50.22,49.47,50,125883,0
2016-06-07,50.22,50.7,49.91,50.66,125858,0
2016-06-08,50.59,50.722,50,50.5,174424,0
2016-06-09,50.28,51,50.03,50.78,97451,0
2016-06-10,50.09,50.25,49.51,49.59,113781,0
2016-06-13,49.48,50.3099,49.405,49.74,85763,0
2016-06-14,49.47,50.27,49.47,50.11,87054,0
2016-06-15,50.15,50.495,49.88,49.95,78968,0
2016-06-16,49.46,49.95,48.9,49.86,110078,0
2016-06-17,49.91,49.91,48.48,48.92,356293,0
2016-06-20,49.73,50.53,49.42,49.47,112014,0
2016-06-21,49.66,50.43,49.51,49.9,139640,0
2016-06-22,49.83,50.17,49.305,49.31,102902,0
2016-06-23,49.97,50.71,49.96,50.7,92776,0
2016-06-24,48.15,49.05,46.831,47.2,357861,0
2016-06-27,46.57,47.27,44.52,45.03,325038,0
2016-06-28,45.64,46.58,45.14,46.09,184355,0
2016-06-29,46.71,47.41,46.35,46.85,119230,0
2016-06-30,46.98,48.76,46.27,48.74,274330,0
2016-07-01,48.46,49.3,47.88,48.07,134018,0
2016-07-05,47.51,48.59,46.61,46.65,115937,0
2016-07-06,46.29,47.22,45.94,46.88,177790,0
2016-07-07,47.03,47.83,46.845,47.5,84797,0
2016-07-08,48.15,49.66,47.3184,49.54,167794,0
2016-07-11,49.69,50.2,49.28,49.8,94728,0
2016-07-12,50.36,51,50,50.585,191828,0
2016-07-13,50.99,51.34,50.36,50.74,127470,0
2016-07-14,50.7,51.5,50.5,51.14,146001,0
2016-07-15,51.35,51.48,51.0001,51.31,104207,0
2016-07-18,51.07,51.5,50.67,51.31,206695,0
2016-07-19,51.2,51.48,50.99,51.35,135474,0
2016-07-20,51.5,51.98,50.01,51.54,77675,0
2016-07-21,51.53,51.695,50.54,50.645,132198,0
2016-07-22,50.52,51.16,50.1,50.97,68961,0
2016-07-25,50.82,51.59,50.82,51.16,53020,0
2016-07-26,51.42,52.74,51.31,52.5,185202,0
2016-07-27,52.62,55.04,51.78,54.7,537844,0
2016-07-28,54.73,54.83,54.04,54.12,193492,0
2016-07-29,53.79,53.97,52.28,53.28,217079,0
2016-08-01,53.25,53.87,53.25,53.72,167741,0
2016-08-02,53.78,53.89,52.29,52.36,161739,0
2016-08-03,52.34,52.8,52.31,52.8,95199,0
2016-08-04,52.9,53.37,52.705,53,184121,0
2016-08-05,53.29,53.96,52.885,53.71,212913,0
2016-08-08,53.61,53.94,53.33,53.77,78103,0
2016-08-09,53.7,54.64,53.66,53.69,153196,0
2016-08-10,53.89,53.89,53.0878,53.52,130505,0
2016-08-11,53.67,53.92,53.118,53.51,117415,0
2016-08-12,53.5,54.01,53.34,53.83,71299,0
2016-08-15,53.89,54.37,53.71,53.99,250966,0
2016-08-16,53.84,53.91,53.02,53.13,177701,0
2016-08-17,52.99,53.33,52,53.15,74497,0
2016-08-18,53.19,54.34,53.15,54.17,257792,0
2016-08-19,54.16,55.04,53.96,54.78,160646,0
2016-08-22,54.5,55.49,54.1901,55.31,158943,0
2016-08-23,55.32,55.89,55.32,55.54,239590,0
2016-08-24,55.63,56.34,55.42,56.24,260482,0
2016-08-25,56.07,57.41,55.66,57.25,229202,0
2016-08-26,57.34,57.79,57.08,57.5,194854,0
2016-08-29,57.52,57.87,57.24,57.68,169572,0
2016-08-30,57.78,58.19,57.07,57.33,196442,0
2016-08-31,57.49,57.57,56.74,57.3,155127,0
2016-09-01,57.21,57.73,56.62,57.66,212089,0
2016-09-02,57.73,57.97,57.041,57.94,118460,0
2016-09-06,58.21,58.21,56.95,57.22,176152,0
2016-09-07,57.3,57.49,56.7101,57.48,128302,0
2016-09-08,57.27,57.425,56.68,57.29,97305,0
2016-09-09,56.79,57.28,54.95,54.99,129959,0
2016-09-12,54.55,55.47,54.3,55.45,330727,0
2016-09-13,55.17,56.0099,54.56,54.79,112980,0
2016-09-14,55,55.686,54.49,55.01,89199,0
2016-09-15,55.11,56.3,55.11,55.92,214894,0
2016-09-16,56.08,56.708,55.32,55.88,470735,0
2016-09-19,56.04,56.86,55.7,55.94,125733,0
2016-09-20,56.2,56.96,55.13,55.15,122245,0
2016-09-21,55.43,55.9,55.04,55.84,160715,0
2016-09-22,56.11,57.16,55.47,56.92,186149,0
2016-09-23,56.57,56.93,56.22,56.25,106345,0
2016-09-26,55.91,56.5,55.44,55.76,91468,0
2016-09-27,55.68,56.66,55.52,56.45,204328,0
2016-09-28,56.72,57.355,56.39,56.85,100555,0
2016-09-29,57.42,58.13,56.6131,57.78,615709,0
2016-09-30,58.14,59.35,58.02,58.8,509437,0
2016-10-03,58.43,58.9,58.33,58.65,117695,0
2016-10-04,58.95,59.12,58.21,58.59,94927,0
2016-10-05,58.83,60,58.62,59.33,200730,0
2016-10-06,59.25,59.56,58.59,59.41,186371,0
2016-10-07,59.43,59.65,58.8801,59.46,151104,0
2016-10-10,59.89,60.06,59.03,59.1,152137,0
2016-10-11,58.78,58.78,56.71,57.58,185121,0
2016-10-12,57.61,58.01,56.08,57.94,183991,0
2016-10-13,57.36,57.36,55.97,56.88,109314,0
2016-10-14,57.26,57.94,56.31,56.92,68237,0
2016-10-17,56.85,57.4,56.7,56.75,63054,0
2016-10-18,57.3,59,56.8,58.4,260921,0
2016-10-19,58.25,59,57.4,58.45,88717,0
2016-10-20,58.3,59.1,57.85,58.65,90218,0
2016-10-21,58.2,58.95,57.5,58.8,96088,0
2016-10-24,59.15,59.9,58.8,59.2,260000,0
2016-10-25,59.9,62.85,59.9,62.75,1201327,0
2016-10-26,62.65,62.65,59.9379,60.95,524774,0
2016-10-27,63,63,61.2,61.9,374116,0
2016-10-28,62,62,60.25,60.35,221200,0
2016-10-31,60.1,60.9367,59.95,59.95,303351,0
2016-11-01,60.15,60.7,58.75,59.3,288135,0
2016-11-02,59.05,59.65,58.35,58.4,238898,0
2016-11-03,58.5,59.35,58.35,58.85,168659,0
2016-11-04,58.8,60.45,58.3885,59.25,270022,0
2016-11-07,60.35,60.9,60,60.55,152537,0
2016-11-08,60.2,60.95,59.85,60.55,127982,0
2016-11-09,59.55,62.15,59.186,62,236801,0
2016-11-10,62.45,63.55,60.4,61.55,237601,0
2016-11-11,61.75,64,61.75,63.65,363571,0
2016-11-14,64,64.35,63.05,63.95,302863,0
2016-11-15,63.85,64.8,63.65,64.45,208846,0
2016-11-16,64,65.85,64,65.65,213815,0
2016-11-17,65.65,67.1,65.45,66.5,236470,0
2016-11-18,66.6,67.4,66.025,67.05,179629,0
2016-11-21,67.15,67.4157,66.3,66.95,159344,0
2016-11-22,67.15,67.3,66.5,66.95,220420,0
2016-11-23,66.55,67.5,66.55,67.4,147787,0
2016-11-25,67.4,67.6,67.0286,67.55,103006,0
2016-11-28,67.55,67.7,66.75,67.1,131929,0
2016-11-29,66.75,67.6,66.75,67.05,147923,0
2016-11-30,67.2,67.4,66.15,66.35,175709,0
2016-12-01,66.05,66.675,61.8,62.25,388286,0
2016-12-02,61.95,63.7,61.95,63.6,199089,0
2016-12-05,64.35,65,63.7,64.9,129933,0
2016-12-06,65,66.65,64.95,66.25,171639,0
2016-12-07,66.2,67.5,65.1,67.05,191389,0
2016-12-08,67.3,68.95,66.775,68.1,360254,0
2016-12-09,68.4,68.87,66.6,67.45,166460,0
2016-12-12,67.25,67.85,65.95,66.35,150956,0
2016-12-13,66.475,67.43,66.4,67.05,297133,0
2016-12-14,66.95,67.25,65.45,65.85,166587,0
2016-12-15,65.95,67.95,65.75,66.5,427032,0
2016-12-16,66.65,67.85,65.8,66,335388,0
2016-12-19,66.3,66.5,65.4,66.1,158267,0
2016-12-20,66.2,66.7,65.2,65.65,279675,0
2016-12-21,65.55,65.9,64.85,65.45,272084,0
2016-12-22,65.7,66.275,64.8658,65.1,160580,0
2016-12-23,65.15,66.25,64.5627,66.25,103376,0
2016-12-27,66.25,67.35,66.2,66.9,127870,0
2016-12-28,66.9,66.9,65.35,65.6,113237,0
2016-12-29,65.7,66.3,65.45,66.15,154384,0
2016-12-30,66.35,66.35,64.55,65,221931,0
2017-01-03,65.45,67.05,65.25,66.1,199434,0
2017-01-04,66.2,66.45,65.55,66.15,172443,0
2017-01-05,66.1,67,65.251,65.45,155991,0
2017-01-06,65.8,66.25,65.15,65.6,140008,0
2017-01-09,65.6,66.9,65.55,65.55,100639,0
2017-01-10,65.75,66.4,65.25,66.35,129315,0
2017-01-11,66.3,67.025,66.25,67,114876,0
2017-01-12,66.9,66.9,64.8,66.35,133285,0
2017-01-13,66.75,68.55,63.15,68.25,255170,0
2017-01-17,68.05,68.25,66.05,66.2,203861,0
2017-01-18,66.55,67.35,65.45,66.3,145021,0
2017-01-19,65.95,66.7,64.7,64.75,150859,0
2017-01-20,64.9,66.15,64.9,65.2,163165,0
2017-01-23,65.4,65.8,63.75,65.15,176650,0
2017-01-24,65.45,67.2,64.3733,66.75,382395,0
2017-01-25,67.3,68,67.05,67.65,173097,0
2017-01-26,67.8,68.35,66.75,66.95,100165,0
2017-01-27,67.3,67.9,67.2,67.7,144373,0
2017-01-30,67.3,67.3,65.55,66.55,187836,0
2017-01-31,66.2,66.2,64.6,65,335463,0
2017-02-01,67.55,69.5,65.9,69.25,750668,0
2017-02-02,69.5,71.75,68.9,70.25,527878,0
2017-02-03,70.9,73.15,70.15,73.1,432013,0
2017-02-06,72.6,73.05,72.1,72.7,286990,0
2017-02-07,72.9,73.7,72.1731,73.3,329233,0
2017-02-08,73.25,74.1,72.35,73,212215,0
2017-02-09,73,75.6,72.95,73.3,473330,0
2017-02-10,73.65,73.8,71.95,72,267661,0
2017-02-13,72.6,73.25,71.85,72.2,213385,0
2017-02-14,71.95,72.25,71,72,154641,0
2017-02-15,71.95,73.15,71.575,72.35,270551,0
2017-02-16,71.55,71.85,70.75,71.65,239473,0
2017-02-17,71,72.1013,71,72.05,173812,0
2017-02-21,72,72.85,71.75,72.75,419963,0
2017-02-22,72.55,73.85,72.55,73.55,233490,0
2017-02-23,73.4,73.4,71.75,72.65,213490,0
2017-02-24,71.9,72.65,71.7,72.5,170813,0
2017-02-27,72,73.1,72,72.4,142356,0
2017-02-28,70.15,70.15,66.65,67.5,1469671,0
2017-03-01,68.5,69.5,68.15,69.15,1015161,0
2017-03-02,69.2,69.95,69,69.5,593931,0
2017-03-03,69.55,69.75,68.8,68.95,321192,0
2017-03-06,68.7,69.6,68.3,69.05,506404,0
2017-03-07,69.3,70.4941,68.45,68.55,487804,0
2017-03-08,69.05,70.05,68.7,69.5,450056,0
2017-03-09,69.5,70.1,69.08,69.6,273332,0
2017-03-10,69.8,71,69.75,70.95,348323,0
2017-03-13,71.1,71.6,70.7,71.5,262302,0
2017-03-14,71.15,72,70.85,71.35,330273,0
2017-03-15,71.7,72.1,70.85,71.9,344244,0
2017-03-16,71.6,72.525,71.6,72.4,274606,0
2017-03-17,72.5,73.45,72.25,73.2,444554,0
2017-03-20,72.9,74.2,72.55,73.35,326795,0
2017-03-21,73.85,74,71.2,71.4,349629,0
2017-03-22,71.25,72.1,70,72,359090,0
2017-03-23,71.95,72.75,71.8,72.15,200361,0
2017-03-24,72.45,73.8,72.45,72.85,291892,0
2017-03-27,71.9,73.6,71.3075,73.1,192406,0
2017-03-28,73,73.6,72.3,73.15,238419,0
2017-03-29,73.25,73.55,72.4,72.7,275407,0
2017-03-30,72.65,73.6,72.65,73.5,205327,0
2017-03-31,73.5,74.1999,73.1,73.55,330733,0
2017-04-03,73.6,74.3,71.95,72.1,320144,0
2017-04-04,71.85,72.9,71.45,71.95,170382,0
2017-04-05,72.3,72.5,70.05,70.1,318492,0
2017-04-06,70,70.55,69.2,69.75,407379,0
2017-04-07,69.5,70.2437,69.4,69.9,348261,0
2017-04-10,70,70.95,69.4,70.45,330960,0
2017-04-11,70.2,70.75,69.05,70.45,408547,0
2017-04-12,70.35,70.45,69.4595,69.7,375223,0
2017-04-13,69.5,70.375,68.95,69.1,167615,0
2017-04-17,69.3,70.075,69.15,69.95,116698,0
2017-04-18,69.7,70.725,69.5,70.5,132093,0
2017-04-19,71,71.95,70.8,71.25,216074,0
2017-04-20,71.6,72.85,71.25,72.7,243379,0
2017-04-21,72.35,72.45,71.25,71.95,254113,0
2017-04-24,73.1,74.45,72.2,74.1,444359,0
2017-04-25,74.55,77.25,74.15,74.9,431786,0
2017-04-26,73.85,76.1,71.95,75.35,702664,0
2017-04-27,76.15,76.6,74.7,74.75,411874,0
2017-04-28,74.55,74.55,70.95,71.15,693417,0
2017-05-01,70.75,72.9,70.65,72.25,360356,0
2017-05-02,71.9,71.95,69.9,70.9,390573,0
2017-05-03,70.45,70.9,69.7,70.45,251551,0
2017-05-04,70.6,71.15,70,70.6,166196,0
2017-05-05,70.85,71.05,70.25,71,180690,0
2017-05-08,70.9,71.5,70.445,71,158263,0
2017-05-09,71.25,72.3,71.1,72.05,229920,0
2017-05-10,72.875,73.4,72.25,72.75,189405,0
2017-05-11,72.6,73.75,72,73.6,218036,0
2017-05-12,73.5,74.225,73.325,73.85,186264,0
2017-05-15,74.15,76.05,74.001,75.85,345406,0
2017-05-16,76,76.7,75.8,76.4,259961,0
2017-05-17,75.2,75.35,70.9,70.95,450263,0
2017-05-18,70.55,72.6,70.3501,71.95,219179,0
2017-05-19,72.4,73.5,72.4,72.95,151879,0
2017-05-22,73.15,74.15,73.15,73.9,156617,0
2017-05-23,74.15,74.15,72.75,73.8,128319,0
2017-05-24,74.3,74.5,72.95,73.5,247681,0
2017-05-25,73.75,74.35,73.45,73.8,119462,0
2017-05-26,73.85,74.6,73.175,74.5,136444,0
2017-05-30,74.3,74.95,73.8,74.45,121049,0
2017-05-31,75,75,73.65,74.8,222723,0
2017-06-01,74.45,75.55,73.1,75.55,366126,0
2017-06-02,75.9,77.085,75,75.85,284762,0
2017-06-05,75.3,76.0501,74.225,74.55,287134,0
2017-06-06,73.95,75.4,73.85,74.7,141695,0
2017-06-07,75.1,75.95,75,75.3,169831,0
2017-06-08,75.7,78,75.05,77.75,276246,0
2017-06-09,78,78.45,73.1,74.95,372597,0
2017-06-12,74.05,75.25,72.5,75,248581,0
2017-06-13,75.9,76.85,73.75,74.45,590192,0
2017-06-14,74.7,74.7,71.7,72.85,362637,0
2017-06-15,71.6,72.5,70.95,71.15,344725,0
2017-06-16,70.8,71.9,70.265,70.75,678777,0
2017-06-19,71.2,72.45,71.2,72.05,261861,0
2017-06-20,71.9,73.065,70.625,70.75,181235,0
2017-06-21,71.1,71.5,70.25,70.5,257385,0
2017-06-22,70.25,70.75,69.68,70.3,282457,0
2017-06-23,70.4,71.325,70.1,70.15,449595,0
2017-06-26,70.2,71.025,68.2,68.45,355203,0
2017-06-27,68.3,68.7,66.85,67.5,450508,0
2017-06-28,68.15,69.6,67.4,69.2,302974,0
2017-06-29,68.95,69.025,67.15,68.25,311525,0
2017-06-30,68.5,69.1,67.95,68.35,327999,0
2017-07-03,68.55,68.85,67,67.25,130314,0
2017-07-05,67.55,68.3,66.85,67.6,238893,0
2017-07-06,66.85,67.625,66.35,66.9,288760,0
2017-07-07,67.5,68.75,67.35,68.65,179610,0
2017-07-10,68.65,69.2,68.1,68.3,236388,0
2017-07-11,68.3,69,67.95,68.8,231921,0
2017-07-12,69.6,70,69,69.45,245758,0
2017-07-13,69.55,69.9,68.4,69,178747,0
2017-07-14,69.2,69.3,68.6,69.1,228140,0
2017-07-17,69.05,69.5,67.95,68.75,240037,0
2017-07-18,68.25,69.45,68,68.95,189726,0
2017-07-19,69.4,70.9,69.25,70.85,210965,0
2017-07-20,70.75,71.6,70.3,71.5,180325,0
2017-07-21,71.65,71.65,70.45,70.5,307226,0
2017-07-24,70.5,70.6,69.9,70.3,196087,0
2017-07-25,70.3,71.4,68.855,69.55,635752,0
2017-07-26,72.4,77.5,69.75,77.175,784991,0
2017-07-27,77.8,79.15,75.2,76.25,598037,0
2017-07-28,75.95,75.95,74.15,75.15,271485,0
2017-07-31,75.3,75.9,74.65,75.1,269655,0
2017-08-01,75.3,78.35,75.3,78.15,472694,0
2017-08-02,78.5,78.5,76.55,76.75,446564,0
2017-08-03,76.35,76.9,74.45,76.05,225112,0
2017-08-04,75.7,76.55,74.8,75.05,311198,0
2017-08-07,75.4,76.35,74.55,75.6,290744,0
2017-08-08,75.65,76.7,74.35,76.25,266125,0
2017-08-09,75.6,76.75,75.25,76.6,257382,0
2017-08-10,76.15,76.475,74.1,74.1,165748,0
2017-08-11,74.3,74.85,73.4,74.55,124839,0
2017-08-14,75.3,75.95,74.8,75.5,108181,0
2017-08-15,75.6,75.6,74.9,75.45,166805,0
2017-08-16,75.75,76,75.2,75.8,150665,0
2017-08-17,75.3,75.9,73.55,73.55,178691,0
2017-08-18,73.3,74.2,73.15,73.4,140322,0
2017-08-21,73.35,73.5,71.75,72.3,254767,0
2017-08-22,72.6,73.2999,72.6,73.1,204564,0
2017-08-23,72.45,74.05,71.9503,73.8,128917,0
2017-08-24,74.2,74.25,73,73.2,268385,0
2017-08-25,73.8,74.05,72.95,73.5,105044,0
2017-08-28,73.55,74.1,73.25,74.05,94754,0
2017-08-29,73.45,73.95,72.2933,73.45,150588,0
2017-08-30,73.8,75.2,73.75,75,119327,0
2017-08-31,75.2,76,75.1,75.9,132932,0
2017-09-01,76.25,76.9,76,76.7,135296,0
2017-09-05,76.2,76.8,75,76.1,152954,0
2017-09-06,76.5,76.5,74.95,75.95,161849,0
2017-09-07,76.25,76.25,74.6,74.65,161428,0
2017-09-08,74.55,74.7,72.9,73,309317,0
2017-09-11,73.75,76.55,73.75,76,268812,0
2017-09-12,76.3,76.55,75.4,75.8,156641,0
2017-09-13,75.95,77.975,75.55,77.2,258105,0
2017-09-14,77.1,78.3,76.15,78.1,215851,0
2017-09-15,78.3,78.95,74.051,78.45,490036,0
2017-09-18,78.45,80,78.45,78.95,213550,0
2017-09-19,79.15,80.1,78.9,79.85,272226,0
2017-09-20,79.65,80.1,78.9415,79.9,300865,0
2017-09-21,79.95,80.2,79.4,79.45,268225,0
2017-09-22,79,80.5,78.7,80.15,216750,0
2017-09-25,79.85,79.85,77.55,77.8,226036,0
2017-09-26,78.55,79.095,77.75,78.85,346779,0
2017-09-27,79.45,81.95,79.3,81.5,289785,0
2017-09-28,81.05,81.3,80.3,81.15,235996,0
2017-09-29,81.25,81.55,79.7,79.9,306819,0
2017-10-02,80.35,81.6,80.17,81.45,445064,0
2017-10-03,81.45,82.9,81.35,82.8,275115,0
2017-10-04,82.55,83.1,81.95,82.95,159703,0
2017-10-05,83.45,83.45,82.6,83.05,127540,0
2017-10-06,82.55,84.05,82.55,83.45,126690,0
2017-10-09,83.5,84,83.2,83.85,83901,0
2017-10-10,84.75,84.95,83.95,84.35,228652,0
2017-10-11,84.1,86.6,84.1,86.5,270936,0
2017-10-12,87.15,88.85,86.9,87.45,320106,0
2017-10-13,88.3,88.3,87.65,87.9,190474,0
2017-10-16,88.05,88.425,87.05,87.55,193905,0
2017-10-17,87.55,88.3,87.3,88.15,120818,0
2017-10-18,88.45,88.8,87.65,88.2,244134,0
2017-10-19,87.4,88.25,86,88,148284,0
2017-10-20,89.05,89.3,88.2,88.25,142412,0
2017-10-23,88.65,88.65,87.3393,88.05,277738,0
2017-10-24,88.3,88.85,88.15,88.45,326754,0
2017-10-25,89.3,92.7,89.05,91.6,520440,0
2017-10-26,92.4,94.4,92,92.95,401813,0
2017-10-27,93.35,93.9,92.434,93.9,433933,0
2017-10-30,93.65,94.05,92.45,93.4,181460,0
2017-10-31,93.75,95.2,93.4,94.9,211202,0
2017-11-01,95.55,95.55,92.9,93.65,183813,0
2017-11-02,93.25,94.45,92.9,92.95,371731,0
2017-11-03,92.5,94.05,91.25,93.95,314876,0
2017-11-06,93.95,94.9502,93.5321,94.55,222791,0
2017-11-07,94.2,94.65,92.6271,93.95,168418,0
2017-11-08,93.55,94.25,93.0001,94.2,201549,0
2017-11-09,93.15,94.025,90.05,91.6,261082,0
2017-11-10,91.4,91.97,90.95,90.95,163236,0
