2016-01-04,22.943,23.216,22.633,22.728,14643,0
2016-01-05,22.566,22.934,22.566,22.787,14864,0
2016-01-06,22.817,23.168,22.681,23.081,80049,0
2016-01-07,22.622,22.924,22.622,22.681,26773,0
2016-01-08,22.778,23.412,22.632,22.837,20913,0
2016-01-11,22.876,22.876,22.544,22.807,16782,0
2016-01-12,22.973,22.982,22.728,22.827,6519,0
2016-01-13,22.876,22.876,22.584,22.787,4529,0
2016-01-14,22.534,23.403,22.534,22.924,39964,0
2016-01-15,22.544,22.817,22.437,22.484,3136,0
2016-01-19,22.973,23.149,22.584,22.895,4922,0
2016-01-20,23.159,23.159,23.002,23.081,614,0
2016-01-21,22.973,23.177,22.484,22.895,2014,0
2016-01-22,23.412,23.412,22.494,23.168,1461,0
2016-01-25,23.393,23.412,22.867,23.168,4184,0
2016-01-26,22.807,23.295,22.437,23.168,14523,0
2016-01-27,23.071,23.412,22.544,22.973,21690,0
2016-01-28,23.383,23.412,23.168,23.168,6886,0
2016-01-29,23.168,23.533,22.947,23.168,10101,0
2016-02-01,23.851,23.949,22.544,22.924,22327,0
2016-02-02,22.924,22.924,22.388,22.388,816,0
2016-02-03,22.924,23.315,22.915,23.096,1089,0
2016-02-04,23.168,23.412,22.876,22.924,9561,0
2016-02-05,23.076,23.305,23.076,23.144,1517,0
2016-02-08,23.149,23.149,22.973,23.149,6657,0
2016-02-09,22.924,22.924,21.832,22.494,4419,0
2016-02-10,23.014,23.014,22.28,22.749,9558,0
2016-02-11,22.22,22.719,22.034,22.623,24164,0
2016-02-12,22.534,23.014,21.947,23.014,6528,0
2016-02-16,22.749,23.122,22.328,23.122,4800,0
2016-02-17,22.623,23.162,22.474,22.917,3031,0
2016-02-18,22.759,23.103,22.759,23.043,1036,0
2016-02-19,22.623,23.238,22.623,23.014,2954,0
2016-02-22,23.18,23.239,22.554,23.142,4288,0
2016-02-23,22.887,23.45,22.887,23.219,9040,0
2016-02-24,22.975,23.308,22.69,23.278,7596,0
2016-02-25,23.229,23.308,23.004,23.043,6408,0
2016-02-26,23.19,23.308,23.014,23.175,8327,0
2016-02-29,23.258,23.308,22.454,23.258,12088,0
2016-03-01,23.258,23.431,22.975,23.308,35459,0
2016-03-02,23.258,23.308,22.804,23.248,8010,0
2016-03-03,23.298,23.406,23.132,23.308,11279,0
2016-03-04,23.199,23.503,23.199,23.318,22468,0
2016-03-07,23.318,23.454,23.298,23.436,21792,0
2016-03-08,23.378,23.397,22.945,23.063,13294,0
2016-03-09,23.063,23.278,22.7,22.858,10314,0
2016-03-10,23.073,23.308,22.729,22.965,9208,0
2016-03-11,23.258,23.258,22.917,23.014,3844,0
2016-03-14,22.868,23.209,22.868,23.063,9306,0
2016-03-15,23.152,23.389,22.887,22.965,4935,0
2016-03-16,22.965,23.493,22.926,22.975,4402,0
2016-03-17,23.152,23.152,22.887,23.043,5878,0
2016-03-18,23.053,23.328,22.868,22.945,7835,0
2016-03-21,23.199,23.503,22.994,23.298,5538,0
2016-03-22,23.338,23.483,22.926,23.219,4256,0
2016-03-23,23.248,23.258,22.868,22.945,13736,0
2016-03-24,22.868,23.199,22.705,23.004,4987,0
2016-03-28,23.063,23.063,22.653,22.833,3257,0
2016-03-29,22.867,23.014,22.29,22.808,15663,0
2016-03-30,22.838,24.082,22.544,23.503,28953,0
2016-03-31,23.552,24.101,23.293,23.552,41358,0
2016-04-01,23.493,23.806,23.278,23.318,6772,0
2016-04-04,23.278,23.592,23.063,23.483,5077,0
2016-04-05,23.248,23.955,23.209,23.552,68977,0
2016-04-06,23.994,23.994,23.083,23.368,54594,0
2016-04-07,23.358,23.777,23.112,23.473,4001,0
2016-04-08,23.562,23.786,23.209,23.701,6427,0
2016-04-11,23.503,23.739,23.248,23.562,6680,0
2016-04-12,23.503,23.984,23.328,23.671,8492,0
2016-04-13,23.739,23.777,23.592,23.748,8611,0
2016-04-14,23.796,23.796,23.632,23.739,3882,0
2016-04-15,23.796,23.994,23.748,23.806,68876,0
2016-04-18,23.846,23.994,23.739,23.796,10736,0
2016-04-19,23.895,23.925,23.816,23.925,4005,0
2016-04-20,23.866,23.994,23.866,23.974,10502,0
2016-04-21,23.994,24.12,23.816,23.994,182056,0
2016-04-22,24.082,24.091,23.866,23.866,5612,0
2016-04-25,23.748,24.346,23.748,24.346,16166,0
2016-04-26,24.238,24.288,24.129,24.129,11487,0
2016-04-27,24.288,24.308,24.11,24.238,9595,0
2016-04-28,24.082,24.263,24.082,24.199,17804,0
2016-04-29,24.238,24.258,24.139,24.258,6704,0
2016-05-02,24.238,24.288,24.149,24.169,5106,0
2016-05-03,24.209,24.288,23.974,24.238,9192,0
2016-05-04,24.238,24.278,23.974,24.179,6329,0
2016-05-05,24.238,24.288,24.014,24.144,15420,0
2016-05-06,24.053,24.288,23.895,24.209,10350,0
2016-05-09,24.238,24.238,24.149,24.209,7019,0
2016-05-10,24.238,24.248,24.024,24.189,8944,0
2016-05-11,24.258,24.347,23.914,24.327,4967,0
2016-05-12,24.169,24.327,24.169,24.327,3571,0
2016-05-13,23.699,24.376,23.699,24.288,8900,0
2016-05-16,24.327,24.327,24.149,24.308,4249,0
2016-05-17,24.189,24.327,23.884,23.904,8928,0
2016-05-18,23.884,24.288,23.47,24.052,13769,0
2016-05-19,23.825,24.219,23.728,23.795,5203,0
2016-05-20,23.865,24.318,23.865,24.179,8193,0
2016-05-23,24.033,24.318,24.033,24.228,5168,0
2016-05-24,24.042,24.298,23.993,24.228,7773,0
2016-05-25,24.278,24.278,23.63,24.023,9996,0
2016-05-26,23.924,24.288,23.884,23.954,4545,0
2016-05-27,23.904,24.033,23.904,24.033,3104,0
2016-05-31,23.983,24.062,23.47,23.62,7465,0
2016-06-01,23.52,23.692,23.49,23.58,2798,0
2016-06-02,24.052,24.052,23.48,23.48,3455,0
2016-06-03,23.15,23.158,22.803,22.897,10765,0
2016-06-06,23.069,23.54,22.902,22.96,4633,0
2016-06-07,23.089,23.099,22.853,22.853,6403,0
2016-06-08,22.922,23.384,22.853,22.96,10667,0
2016-06-09,23.305,23.384,22.892,23.03,1933,0
2016-06-10,23.089,23.384,22.597,23.02,5290,0
2016-06-13,23.089,23.295,22.657,22.684,7806,0
2016-06-14,22.657,23.225,21.919,22.401,16113,0
2016-06-15,22.43,22.607,21.642,22.607,21560,0
2016-06-16,22.607,22.607,21.91,22.568,19142,0
2016-06-17,22.607,22.607,20.94,22.588,65708,0
2016-06-20,22.774,22.902,22.568,22.637,11508,0
2016-06-21,22.607,23.394,22.381,23.195,73857,0
2016-06-22,23.295,23.785,22.694,23.64,34262,0
2016-06-23,23.255,24.327,23.255,24.179,39958,0
2016-06-24,23.815,24.464,22.704,22.843,359478,0
2016-06-27,22.96,24.072,22.902,23.53,21846,0
2016-06-28,23.255,23.983,23.01,23.766,16898,0
2016-06-29,24.563,24.563,23.315,23.983,9738,0
2016-06-30,23.728,24.082,22.744,23.235,32135,0
2016-07-01,22.97,24.199,22.97,23.954,19046,0
2016-07-05,23.718,24.134,23.479,23.964,8740,0
2016-07-06,23.746,24.129,23.709,23.973,17643,0
2016-07-07,23.845,24.082,23.815,23.914,11039,0
2016-07-08,23.884,24.76,23.884,24.386,9742,0
2016-07-11,24.082,24.474,24.082,24.426,26102,0
2016-07-12,24.523,24.75,24.248,24.454,18274,0
2016-07-13,24.278,24.681,23.894,24.593,27210,0
2016-07-14,24.621,24.806,24.416,24.651,10766,0
2016-07-15,24.533,24.711,24.238,24.691,12940,0
2016-07-18,24.671,24.818,24.523,24.671,15115,0
2016-07-19,24.474,24.671,24.411,24.523,12456,0
2016-07-20,24.611,24.671,24.318,24.611,14223,0
2016-07-21,24.278,24.671,23.831,24.661,17206,0
2016-07-22,24.621,24.946,24.209,24.77,17539,0
2016-07-25,24.671,24.77,24.149,24.238,4476,0
2016-07-26,24.661,24.671,24.444,24.671,7457,0
2016-07-27,24.553,24.671,24.219,24.436,11440,0
2016-07-28,24.503,24.503,23.959,24.189,4782,0
2016-07-29,23.785,24.563,23.785,23.993,7216,0
2016-08-01,24.179,24.179,23.118,23.403,11722,0
2016-08-02,23.315,23.649,23.315,23.433,7972,0
2016-08-03,23.452,24.023,23.452,23.973,6745,0
2016-08-04,24.052,24.366,23.485,23.776,2999,0
2016-08-05,24.228,24.258,23.766,23.835,8203,0
2016-08-08,23.736,23.785,23.669,23.785,1611,0
2016-08-09,23.746,24.731,23.746,23.973,10183,0
2016-08-10,23.835,24.236,23.835,24.003,8968,0
2016-08-11,24.831,24.831,23.45,24.408,11188,0
2016-08-12,24.18,24.664,24.18,24.442,10726,0
2016-08-15,24.438,24.654,24.249,24.398,8069,0
2016-08-16,24.319,24.595,24.16,24.16,4210,0
2016-08-17,24.505,24.505,23.993,24.077,2035,0
2016-08-18,24.704,24.704,23.648,24.082,2381,0
2016-08-19,24.14,24.408,23.755,24.15,9580,0
2016-08-22,24.15,24.428,23.688,24.319,14503,0
2016-08-23,24.495,24.535,23.914,24.18,4804,0
2016-08-24,24.319,24.388,23.698,23.814,6840,0
2016-08-25,24.067,24.299,23.648,23.934,3013,0
2016-08-26,24.003,24.585,23.814,23.814,3603,0
2016-08-29,23.784,24.505,23.784,24.378,10157,0
2016-08-30,24.15,24.388,24.15,24.289,1349,0
2016-08-31,24.476,24.476,23.498,24.2,6651,0
2016-09-01,24.13,24.13,24.052,24.072,1484,0
2016-09-02,24.18,24.575,23.914,24.575,3477,0
2016-09-06,24.388,24.654,24.141,24.438,2230,0
2016-09-07,24.525,24.821,24.15,24.684,8240,0
2016-09-08,24.674,24.821,24.495,24.821,4237,0
2016-09-09,24.289,24.871,24.249,24.249,608,0
2016-09-12,24.013,24.704,23.954,24.476,4772,0
2016-09-13,24.22,24.575,24.062,24.249,4008,0
2016-09-14,24.51,24.51,24.249,24.249,907,0
2016-09-15,24.328,24.428,24.239,24.239,2001,0
2016-09-16,24.438,24.438,24.16,24.309,12491,0
2016-09-19,24.424,24.424,24.072,24.101,1547,0
2016-09-20,24.391,24.391,24.062,24.388,29417,0
2016-09-21,24.428,24.428,24.19,24.259,916,0
2016-09-22,24.319,25.069,24.319,24.841,2227,0
2016-09-23,24.734,24.782,24.279,24.279,608,0
2016-09-26,24.505,24.704,24.505,24.515,2693,0
2016-09-27,24.376,24.92,24.376,24.724,7844,0
2016-09-28,24.891,24.92,24.674,24.92,2333,0
2016-09-29,24.674,24.674,24.013,24.634,10211,0
2016-09-30,24.466,24.654,24.229,24.289,1437,0
2016-10-03,24.279,24.446,24.14,24.2,2238,0
2016-10-04,24.309,24.485,24.17,24.378,2985,0
2016-10-05,24.476,24.476,24.338,24.418,845,0
2016-10-06,24.16,24.21,24.091,24.091,1567,0
2016-10-07,23.934,24.185,23.934,24.18,1275,0
2016-10-10,24.279,24.624,24.22,24.466,2566,0
2016-10-11,24.091,24.575,24.091,24.348,1963,0
2016-10-12,24.624,24.624,24.476,24.476,250,0
2016-10-13,24.624,24.654,24.145,24.378,5038,0
2016-10-14,24.674,24.674,24.289,24.289,1317,0
2016-10-17,24.013,24.525,24.013,24.428,2998,0
2016-10-18,24.428,24.545,24.101,24.249,1655,0
2016-10-19,24.091,24.505,22.703,24.269,53617,0
2016-10-20,23.839,24.338,23.839,24.338,1418,0
2016-10-21,24.12,24.565,24.12,24.565,980,0
2016-10-24,24.21,24.674,24.21,24.565,1285,0
2016-10-25,24.185,24.704,24.185,24.704,8094,0
2016-10-26,24.614,24.614,23.934,24.023,4585,0
2016-10-27,23.844,24.724,23.688,24.348,5044,0
2016-10-28,24.328,24.328,24.328,24.328,522,0
2016-10-31,24.259,24.753,23.854,24.269,10421,0
2016-11-01,24.444,24.674,24.388,24.388,2970,0
2016-11-02,23.884,24.624,23.884,23.983,6878,0
2016-11-03,24.646,24.646,24.033,24.378,4001,0
2016-11-04,24.22,24.466,24.091,24.13,4722,0
2016-11-07,24.398,24.661,24.224,24.605,3153,0
2016-11-08,24.428,24.535,24.17,24.535,4461,0
2016-11-09,24.525,25.661,23.815,25.631,9819,0
2016-11-10,25.511,25.511,24.951,25.463,12252,0
2016-11-11,25.453,27.236,24.81,26.998,28561,0
2016-11-14,27.315,29.059,26.968,27.692,21966,0
2016-11-15,27.632,27.632,26.255,26.938,11599,0
2016-11-16,26.82,27.78,26.731,27.275,10484,0
2016-11-17,27.345,27.94,26.751,27.647,14832,0
2016-11-18,27.712,28.604,27.712,28.147,4430,0
2016-11-21,28.247,28.811,27.762,28.464,18478,0
2016-11-22,28.355,29.881,27.89,29.763,17951,0
2016-11-23,29.227,29.277,28.732,29.029,13049,0
2016-11-25,29.168,29.168,28.292,29,2243,0
2016-11-28,28.98,29.108,28.405,28.434,8797,0
2016-11-29,28.514,28.727,28.039,28.316,10410,0
2016-11-30,28.574,29.079,28.277,28.634,16886,0
2016-12-01,29.135,29.158,28.673,28.861,7459,0
2016-12-02,28.851,29.208,28.781,28.901,13477,0
2016-12-05,28.98,31.308,28.632,30.505,41558,0
2016-12-06,30.763,32.062,30.208,31.585,25334,0
2016-12-07,31.408,32.596,30.604,31.139,17385,0
2016-12-08,30.654,32.695,30.108,32.199,24555,0
2016-12-09,32.199,32.279,30.807,32.249,32074,0
2016-12-12,32.388,32.685,31.238,31.822,39946,0
2016-12-13,31.715,31.733,31.071,31.585,18764,0
2016-12-14,31.705,32.15,31.645,32.032,8550,0
2016-12-15,31.948,33.547,31.794,32.666,23986,0
2016-12-16,32.923,33.869,32.249,33.626,121017,0
2016-12-19,33.834,33.834,32.846,33.755,26176,0
2016-12-20,33.686,35.865,33.586,35.608,12580,0
2016-12-21,35.668,36.659,33.201,36.064,27680,0
2016-12-22,36.202,36.352,35.658,36.222,14430,0
2016-12-23,34.865,36.242,34.865,35.995,2559,0
2016-12-27,35.865,36.162,35.321,35.658,11263,0
2016-12-28,35.568,35.965,35.182,35.281,14873,0
2016-12-29,35.38,36.619,34.182,36.044,22178,0
2016-12-30,36.113,36.113,34.3,35.053,32271,0
2017-01-03,35.152,35.152,34.141,34.29,17198,0
2017-01-04,34.428,35.222,34.38,34.706,9063,0
2017-01-05,34.458,34.503,33.686,33.924,11411,0
2017-01-06,33.904,34.181,33.339,33.854,11083,0
2017-01-09,33.696,33.773,33.171,33.259,14945,0
2017-01-10,33.141,33.141,32.398,32.923,18286,0
2017-01-11,32.666,33.586,32.596,33.448,20464,0
2017-01-12,33.488,34.618,33.368,34.38,9221,0
2017-01-13,34.568,35.181,34.221,34.29,15993,0
2017-01-17,34.141,35.023,34.103,34.508,13673,0
2017-01-18,34.36,34.952,33.943,34.29,9079,0
2017-01-19,34.39,34.825,33.924,34.083,6316,0
2017-01-20,33.924,33.924,33.349,33.785,3472,0
2017-01-23,33.785,35.588,32.794,34.003,6902,0
2017-01-24,33.339,34.855,33.339,34.578,6971,0
2017-01-25,33.884,33.884,33.884,33.884,1203,0
2017-01-26,33.716,33.716,33.259,33.567,12803,0
2017-01-27,34.115,34.115,33.091,33.805,20585,0
2017-01-30,33.468,34.166,33.191,33.329,12897,0
2017-01-31,33.269,34.176,33.211,33.349,10682,0
2017-02-01,33.269,34.29,33.091,33.686,17280,0
2017-02-02,34.478,34.875,34.3,34.3,2570,0
2017-02-03,34.558,35.073,34.033,35.063,15071,0
2017-02-06,34.965,35.172,34.488,35.073,13158,0
2017-02-07,35.063,35.073,34.775,34.974,4269,0
2017-02-08,34.637,35.07,33.785,34.647,12848,0
2017-02-09,34.677,34.915,34.677,34.726,1920,0
2017-02-10,34.82,35.172,34.558,35.162,8124,0
2017-02-13,35.172,35.242,34.486,35.122,9759,0
2017-02-14,34.676,35.271,34.676,35.232,10112,0
2017-02-15,34.375,35.271,34.375,35.252,15950,0
2017-02-16,34.995,35.52,34.466,35.45,9281,0
2017-02-17,35.599,36.345,35.162,35.987,22223,0
2017-02-21,35.043,36.067,35.043,36.017,6176,0
2017-02-22,35.877,36.067,35.877,36.067,3859,0
2017-02-23,35.877,36.643,35.833,36.493,4693,0
2017-02-24,35.997,36.116,35.52,35.699,12664,0
2017-02-27,35.917,35.917,35.48,35.48,8370,0
2017-02-28,35.53,35.53,34.248,34.526,13293,0
2017-03-01,34.794,35.063,34.546,34.973,11566,0
2017-03-02,34.784,34.874,34.099,34.407,4211,0
2017-03-03,34.248,34.616,33.791,33.94,24484,0
2017-03-06,33.92,33.92,33.384,33.662,13428,0
2017-03-07,33.672,33.811,33.577,33.781,14097,0
2017-03-08,33.781,33.781,33.458,33.523,13479,0
2017-03-09,33.483,33.493,33.036,33.225,10890,0
2017-03-10,33.185,33.232,32.231,32.629,16257,0
2017-03-13,32.678,33.493,31.575,33.026,14969,0
2017-03-14,32.042,32.966,32.042,32.777,3900,0
2017-03-15,32.141,33.006,31.675,32.917,4394,0
2017-03-16,31.893,33.11,31.893,32.649,6267,0
2017-03-17,32.559,33.016,32.146,32.698,15422,0
2017-03-20,32.748,32.787,32.429,32.609,7158,0
2017-03-21,32.649,32.649,31.307,31.337,8353,0
2017-03-22,31.407,32.281,31.347,32.053,19443,0
2017-03-23,32.151,32.986,31.913,32.649,8300,0
2017-03-24,32.629,33.264,32.599,32.827,7634,0
2017-03-27,32.569,33.225,32.569,33.115,4843,0
2017-03-28,33.016,34.08,32.489,33.692,56875,0
2017-03-29,33.781,35.768,32.259,34.794,65940,0
2017-03-30,33.672,34.924,33.552,34.854,9763,0
2017-03-31,34.874,35.559,34.874,35.291,29804,0
2017-04-03,35.758,35.778,35.182,35.261,16748,0
2017-04-04,35.52,35.52,34.526,35.232,12197,0
2017-04-05,35.271,35.371,33.69,34.258,40452,0
2017-04-06,34.725,35.271,34.128,34.328,57728,0
2017-04-07,33.93,34.566,33.36,34.198,20583,0
2017-04-10,33.582,34.308,33.582,33.712,12508,0
2017-04-11,33.712,34.358,33.036,33.771,21315,0
2017-04-12,33.682,34.574,33.682,34.089,21911,0
2017-04-13,34.238,34.854,34.08,34.138,10023,0
2017-04-17,34.676,34.676,33.88,34.238,3740,0
2017-04-18,34.358,34.407,34.08,34.089,2602,0
2017-04-19,33.692,34.149,33.692,33.97,7862,0
2017-04-20,34.666,34.774,34.333,34.476,20217,0
2017-04-21,34.407,34.63,34.128,34.476,9524,0
2017-04-24,34.973,34.973,34.08,34.368,18449,0
2017-04-25,34.407,34.407,33.961,33.98,20390,0
2017-04-26,33.87,34.715,33.404,33.811,19293,0
2017-04-27,33.94,34.089,33.334,33.742,15136,0
2017-04-28,33.414,34.03,32.688,33.086,34075,0
2017-05-01,33.086,33.93,31.735,32.291,22765,0
2017-05-02,32.321,33.264,32.194,33.086,11004,0
2017-05-03,33.314,33.722,32.013,32.807,25260,0
2017-05-04,32.927,33.414,32.371,33.344,9184,0
2017-05-05,34.476,34.536,33.384,33.652,5173,0
2017-05-08,34.01,34.218,33.312,33.493,5940,0
2017-05-09,33.84,33.84,33.284,33.592,7677,0
2017-05-10,33.662,33.702,33.036,33.254,6335,0
2017-05-11,34.072,34.072,30.881,32.318,16800,0
2017-05-12,32.218,33.284,31.22,31.939,14967,0
2017-05-15,31.889,32.788,31.69,32.158,12196,0
2017-05-16,32.198,32.842,32.138,32.587,6655,0
2017-05-17,32.208,32.736,31.608,31.929,23971,0
2017-05-18,31.849,32.921,31.7,32.089,18039,0
2017-05-19,31.979,32.676,31.391,31.56,34924,0
2017-05-22,32.686,32.686,31.391,31.501,7826,0
2017-05-23,31.54,31.8,31.251,31.471,16599,0
2017-05-24,31.76,31.76,31.072,31.122,8482,0
2017-05-25,31.142,31.421,31.142,31.241,3785,0
2017-05-26,31.241,31.461,31.022,31.331,2454,0
2017-05-30,31.291,31.341,30.843,30.843,2984,0
2017-05-31,31.042,31.491,30.195,31.291,16079,0
2017-06-01,31.481,31.969,30.777,31.73,11910,0
2017-06-02,31.316,33.075,31.316,33.075,22082,0
2017-06-05,32.985,33.031,32.537,32.706,47107,0
2017-06-06,32.537,32.585,32.039,32.138,7992,0
2017-06-07,32.597,32.667,30.703,31.919,8069,0
2017-06-08,32.208,33.095,32.208,32.786,10503,0
2017-06-09,32.427,33.882,32.427,33.494,15215,0
2017-06-12,33.832,34.62,32.637,33.324,27431,0
2017-06-13,31.996,33.384,31.402,33.364,19332,0
2017-06-14,33.384,33.494,32.537,32.876,25998,0
2017-06-15,32.577,33.165,31.112,31.491,800133,0
2017-06-16,30.992,31.994,30.404,31.53,81054,0
2017-06-19,31.52,31.909,30.908,31.61,25283,0
2017-06-20,31.609,31.939,31.341,31.68,8871,0
2017-06-21,31.8,32.019,31.271,31.809,10272,0
2017-06-22,31.849,32.128,31.082,31.391,14434,0
2017-06-23,31.909,34.082,31.381,33.085,65313,0
2017-06-26,33.085,33.962,30.992,32.288,40992,0
2017-06-27,32.527,33.229,31.446,32.158,13048,0
2017-06-28,32.487,32.497,31.807,32.218,9784,0
2017-06-29,32.288,32.671,31.879,32.507,19651,0
2017-06-30,32.288,33.125,32.069,32.148,15905,0
2017-07-03,32.686,32.886,31.288,32.706,15605,0
2017-07-05,31.552,33.334,31.552,32.627,20733,0
2017-07-06,32.617,32.797,31.989,32.248,17829,0
2017-07-07,32.238,32.686,32.238,32.487,16115,0
2017-07-10,32.587,33.852,32.108,32.198,19819,0
2017-07-11,31.017,32.936,31.017,32.527,22788,0
2017-07-12,32.557,32.876,32.268,32.657,28253,0
2017-07-13,32.587,32.686,31.772,32.587,8357,0
2017-07-14,32.368,32.686,31.491,31.65,21087,0
2017-07-17,31.501,31.809,31.022,31.381,26082,0
2017-07-18,31.301,31.889,30.549,31.56,34181,0
2017-07-19,31.276,32.044,31.181,31.919,6859,0
2017-07-20,32.188,32.188,31.291,31.879,7670,0
2017-07-21,31.889,32.089,30.37,31.59,13639,0
2017-07-24,31.321,31.681,30.873,31.471,29892,0
2017-07-25,31.77,32.144,31.56,31.78,26133,0
2017-07-26,31.839,32.662,31.64,31.65,11081,0
2017-07-27,31.67,31.819,31.391,31.64,14318,0
2017-07-28,32.378,32.378,31.441,31.6,7276,0
2017-07-31,32.378,33.284,32.079,32.298,26088,0
2017-08-01,32.288,32.288,31.68,31.76,9986,0
2017-08-02,32.069,32.069,31.64,31.7,8497,0
2017-08-03,31.65,31.879,31.64,31.65,10707,0
2017-08-04,31.979,32.029,31.73,31.78,3190,0
2017-08-07,32.093,32.397,31.69,31.69,11772,0
2017-08-08,31.77,32.098,31.72,31.73,9807,0
2017-08-09,31.64,31.829,31.441,31.57,8949,0
2017-08-10,31.66,31.889,31.525,31.66,11214,0
2017-08-11,31.87,32,30.9,31.02,50150,0
2017-08-14,31.28,31.72,31.16,31.42,7623,0
2017-08-15,31.4,31.69,31.25,31.25,4478,0
2017-08-16,31.2701,31.4401,30.9,31.26,6641,0
2017-08-17,31.2,31.49,31.2,31.23,7295,0
2017-08-18,30.97,31.6,30.97,31.18,10321,0
2017-08-21,30.76,31.3999,30.76,31.35,9465,0
2017-08-22,31.3,31.59,31.3,31.57,6577,0
2017-08-23,31.3501,31.8,31.06,31.2,41783,0
2017-08-24,31.3,32.17,31.3,32.09,30844,0
2017-08-25,32.19,33,31.94,32.75,25979,0
2017-08-28,32.85,33.67,32.2,32.25,19886,0
2017-08-29,32.17,32.59,31.9,32.14,15186,0
2017-08-30,32.05,33.1,31.96,32.26,9730,0
2017-08-31,32.17,32.93,31.51,32.46,11436,0
2017-09-01,32.45,32.99,31.9497,32.6,11774,0
2017-09-05,32.32,32.78,31.64,31.91,19849,0
2017-09-06,31.82,33.03,31.58,32.74,17445,0
2017-09-07,32.9,33.18,32.58,32.67,24214,0
2017-09-08,32.67,33.645,32.67,33.05,14581,0
2017-09-11,32.63,33.75,32.63,33.74,15971,0
2017-09-12,33.1411,34,33.1411,33.42,12567,0
2017-09-13,33.44,33.75,31.7,33.57,20517,0
2017-09-14,33.55,33.78,32.55,32.56,21211,0
2017-09-15,32.16,33.0453,31.3,31.46,105844,0
2017-09-18,31.55,33.435,31.55,32.75,20603,0
2017-09-19,32.8,33.4,32.8,33.18,10973,0
2017-09-20,33.0013,33.6699,32.17,33.37,50370,0
2017-09-21,33.36,33.75,33.07,33.63,13318,0
2017-09-22,33.75,33.99,33.61,33.84,13929,0
2017-09-25,33.85,34.49,33.0523,34.23,30594,0
2017-09-26,34.4,35.95,33.8148,35.5,20865,0
2017-09-27,35.39,36,35.39,35.72,33113,0
2017-09-28,35.27,36.2,35.27,35.95,21755,0
2017-09-29,37.26,37.26,36.33,36.52,48828,0
2017-10-02,36.65,37.43,36.59,37.06,21171,0
2017-10-03,36.75,37.11,36.65,37.07,14856,0
2017-10-04,36.405,37.25,36.405,37,17746,0
2017-10-05,37.14,37.14,36.64,36.99,12831,0
2017-10-06,36.4097,37,36.4097,36.74,9411,0
2017-10-09,36.74,36.86,35.99,36.3,9110,0
2017-10-10,36.47,36.97,36.34,36.95,16152,0
2017-10-11,36.96,37,36.4939,36.82,17438,0
2017-10-12,36.91,36.945,36.64,36.94,18273,0
2017-10-13,37.09,37.09,36.78,36.82,16507,0
2017-10-16,36.79,36.79,35.46,35.89,14829,0
2017-10-17,35.99,36.35,35.775,36.27,9647,0
2017-10-18,36.26,36.48,35.49,36.28,15886,0
2017-10-19,36.11,36.5,35.79,36.47,5191,0
2017-10-20,36.54,36.54,35.51,36.46,8921,0
2017-10-23,36.32,36.43,35.5729,36.22,5027,0
2017-10-24,36.18,36.53,35.4698,36.21,17062,0
2017-10-25,36.51,36.87,36.41,36.77,9224,0
2017-10-26,36.98,38.12,36.95,37.84,41928,0
2017-10-27,38,38.45,37.945,38.45,15992,0
2017-10-30,38.55,39.7967,37.06,37.06,13131,0
2017-10-31,37.23,37.99,36.605,36.93,16100,0
2017-11-01,37.12,38.39,36.64,37.22,7519,0
2017-11-02,37.89,39.19,36.301,39.05,7315,0
2017-11-03,38.7,39.25,38.075,39.2,15134,0
2017-11-06,38.88,39.2,38.2413,39.19,16845,0
2017-11-07,39.01,39.2,36.96,37.3,13551,0
2017-11-08,37.33,37.76,36.8223,36.97,9892,0
2017-11-09,37.68,37.68,37.01,37.22,9145,0
2017-11-10,37.19,37.19,36.83,36.92,5025,0
