2016-01-04,31.177,31.217,30.506,30.731,1424923,0
2016-01-05,30.779,31.08,30.428,30.543,1343170,0
2016-01-06,29.977,30.457,29.93,30.339,1392142,0
2016-01-07,29.694,30.096,29.402,29.431,2314977,0
2016-01-08,29.685,29.853,28.886,28.944,1937515,0
2016-01-11,29.149,29.296,28.633,29.053,2028154,0
2016-01-12,29.441,29.647,28.799,29.336,1775487,0
2016-01-13,29.471,29.57,28.067,28.281,1588921,0
2016-01-14,28.447,28.886,27.959,28.681,1485108,0
2016-01-15,27.785,28.515,27.715,28.437,1411988,0
2016-01-19,28.321,29.247,27.93,28.34,1957492,0
2016-01-20,27.892,28.232,27.087,27.775,2152078,0
2016-01-21,27.697,28.184,27.199,27.355,1208043,0
2016-01-22,27.823,28.487,27.539,28.467,1867147,0
2016-01-25,28.301,28.418,27.17,27.209,1092681,0
2016-01-26,27.385,28.39,27.385,28.37,1759526,0
2016-01-27,28.291,29.383,28.193,28.73,1591227,0
2016-01-28,29.073,29.402,28.838,28.847,1112113,0
2016-01-29,28.924,29.774,28.76,29.774,1618898,0
2016-02-01,29.57,29.704,29.092,29.374,1189557,0
2016-02-02,28.72,28.886,28.38,28.525,839563,0
2016-02-03,28.799,28.877,27.648,28.544,1075416,0
2016-02-04,28.467,29.158,28.467,28.877,1368361,0
2016-02-05,28.877,29.207,27.745,27.823,1709760,0
2016-02-08,27.395,27.405,26.087,26.565,2336925,0
2016-02-09,26.147,26.789,25.59,26.575,2016406,0
2016-02-10,26.809,27.326,26.487,26.487,957789,0
2016-02-11,25.464,25.648,24.849,25.308,1981783,0
2016-02-12,26.058,26.487,25.785,26.458,1227144,0
2016-02-16,26.858,27.395,26.702,26.975,1554098,0
2016-02-17,27.17,27.414,26.761,26.858,1480340,0
2016-02-18,26.936,27.156,25.571,25.697,3278769,0
2016-02-19,25.58,26.41,25.483,26.087,1482825,0
2016-02-22,26.42,26.634,26.302,26.497,864967,0
2016-02-23,26.429,26.525,25.756,26.03,770086,0
2016-02-24,25.59,25.921,25.142,25.834,1076146,0
2016-02-25,25.893,26.174,25.658,25.99,718768,0
2016-02-26,26.321,26.809,26.193,26.565,898686,0
2016-02-29,26.565,26.634,25.93,25.93,888437,0
2016-03-01,26.157,27.102,26.047,27.092,1563875,0
2016-03-02,27.122,27.539,27.023,27.539,970431,0
2016-03-03,27.539,28.271,27.385,28.097,2143410,0
2016-03-04,28.067,28.633,28.067,28.321,985218,0
2016-03-07,28.097,28.497,27.842,28.261,1162566,0
2016-03-08,27.988,28.184,27.579,27.579,1230852,0
2016-03-09,27.775,27.959,27.355,27.482,785803,0
2016-03-10,27.872,28.515,27.414,27.842,1032085,0
2016-03-11,28.213,28.671,28.067,28.643,898316,0
2016-03-14,28.544,28.664,28.281,28.544,863851,0
2016-03-15,28.379,28.496,28.016,28.28,1270746,0
2016-03-16,28.144,28.652,27.752,28.026,1216464,0
2016-03-17,27.986,28.31,27.585,28.212,1340913,0
2016-03-18,28.29,29,28.29,28.662,2484747,0
2016-03-21,28.594,28.868,28.339,28.643,955457,0
2016-03-22,28.447,28.976,28.046,28.81,1005421,0
2016-03-23,28.819,28.897,28.604,28.604,823433,0
2016-03-24,28.379,28.427,28.056,28.427,769288,0
2016-03-28,28.544,28.721,28.241,28.467,675044,0
2016-03-29,28.339,28.467,27.927,28.407,1250416,0
2016-03-30,28.487,29.065,28.384,28.604,968795,0
2016-03-31,28.515,28.682,27.927,28.31,1384817,0
2016-04-01,28.095,28.407,27.811,28.33,1395659,0
2016-04-04,28.389,28.662,28.046,28.437,906778,0
2016-04-05,28.114,28.33,27.811,27.84,958897,0
2016-04-06,27.879,28.075,27.585,27.986,1397269,0
2016-04-07,27.693,27.84,27.032,27.164,1050931,0
2016-04-08,27.498,27.991,27.453,27.535,801900,0
2016-04-11,27.772,28.265,27.762,27.83,815176,0
2016-04-12,27.947,28.29,27.635,28.27,1125636,0
2016-04-13,28.584,29.475,28.506,29.396,1019047,0
2016-04-14,29.329,29.973,29.152,29.623,631284,0
2016-04-15,29.603,29.709,29.359,29.661,1019107,0
2016-04-18,29.495,30.347,29.364,30.307,1790587,0
2016-04-19,30.171,30.522,29.359,30.475,2056839,0
2016-04-20,30.337,30.792,30.277,30.739,1434381,0
2016-04-21,30.826,31.091,30.431,30.522,884234,0
2016-04-22,30.551,30.875,30.411,30.591,1256920,0
2016-04-25,30.522,30.561,30.2,30.561,884128,0
2016-04-26,30.68,31.061,30.426,30.984,1008679,0
2016-04-27,30.964,31.091,30.606,30.934,945428,0
2016-04-28,30.67,30.984,30.406,30.551,572061,0
2016-04-29,30.436,30.66,30.161,30.512,828077,0
2016-05-02,30.581,30.739,30.327,30.66,710996,0
2016-05-03,30.18,30.18,29.719,29.964,497581,0
2016-05-04,29.69,30.103,29.03,29.319,1627651,0
2016-05-05,29.445,29.613,29.089,29.161,1056817,0
2016-05-06,28.976,29.339,28.887,29.329,745818,0
2016-05-09,29.25,29.524,29.085,29.27,561278,0
2016-05-10,29.485,29.973,29.416,29.916,892479,0
2016-05-11,29.759,30.297,29.626,29.848,892960,0
2016-05-12,30.043,30.327,29.514,29.779,799704,0
2016-05-13,29.729,30.161,29.075,29.152,1225235,0
2016-05-16,29.21,29.754,29.113,29.593,755651,0
2016-05-17,29.455,29.877,29.175,29.564,1300836,0
2016-05-18,29.554,30.929,29.485,30.817,1406352,0
2016-05-19,30.591,30.994,29.983,30.327,1079980,0
2016-05-20,30.387,30.787,30.387,30.631,912967,0
2016-05-23,30.66,30.71,30.209,30.445,960485,0
2016-05-24,30.571,31.169,30.551,31.024,759229,0
2016-05-25,31.228,31.712,31.228,31.423,947987,0
2016-05-26,31.413,31.433,31.061,31.169,681746,0
2016-05-27,31.149,31.532,31.071,31.532,960992,0
2016-05-31,31.737,31.767,31.365,31.503,677344,0
2016-06-01,31.198,31.722,30.984,31.678,739062,0
2016-06-02,31.628,31.875,31.478,31.875,703139,0
2016-06-03,31.288,31.288,30.18,31.014,1396878,0
2016-06-06,31.101,31.673,31.033,31.443,712553,0
2016-06-07,31.433,31.493,31.188,31.208,706716,0
2016-06-08,31.101,31.325,31.081,31.208,703043,0
2016-06-09,30.954,30.954,30.475,30.631,1515402,0
2016-06-10,30.238,30.342,30.003,30.277,948943,0
2016-06-13,30.161,30.297,29.699,29.769,1386534,0
2016-06-14,29.68,29.897,28.068,29.12,1165371,0
2016-06-15,29.208,29.799,29.052,29.307,1170242,0
2016-06-16,29.002,29.032,28.653,28.893,1462639,0
2016-06-17,28.883,29.208,28.777,29.042,2276027,0
2016-06-20,29.523,30.034,29.198,29.258,958556,0
2016-06-21,29.357,29.474,29.062,29.367,825673,0
2016-06-22,29.307,29.69,29.268,29.287,682723,0
2016-06-23,29.582,30.231,29.454,30.221,938976,0
2016-06-24,28.009,28.727,27.901,27.921,1877247,0
2016-06-27,27.41,27.42,26.446,26.613,1645622,0
2016-06-28,27.193,27.65,26.898,27.518,1360344,0
2016-06-29,27.596,28.004,27.561,27.901,1318361,0
2016-06-30,28.059,28.502,27.704,28.502,1152495,0
2016-07-01,28.264,28.452,27.818,27.901,1185607,0
2016-07-05,27.546,27.601,27.006,27.183,1088093,0
2016-07-06,26.868,27.453,26.795,27.35,1374530,0
2016-07-07,27.37,27.891,27.365,27.784,2007809,0
2016-07-08,28.294,28.492,28.049,28.078,1135914,0
2016-07-11,28.274,28.663,28.274,28.492,876039,0
2016-07-12,28.883,29.228,28.844,29.169,971343,0
2016-07-13,29.052,29.278,28.986,29.052,1194124,0
2016-07-14,29.699,29.769,29.357,29.444,811372,0
2016-07-15,29.67,29.769,29.385,29.553,729618,0
2016-07-18,29.494,29.661,28.874,29.543,1208219,0
2016-07-19,29.739,30.163,29.337,29.927,1059879,0
2016-07-20,30.211,30.221,29.809,29.974,815534,0
2016-07-21,29.974,30.094,29.839,30.044,1055051,0
2016-07-22,30.104,30.439,29.907,30.369,727885,0
2016-07-25,30.339,30.389,30.084,30.104,528338,0
2016-07-26,29.994,30.339,29.994,30.269,581625,0
2016-07-27,30.289,30.554,30.153,30.24,646562,0
2016-07-28,30.124,30.269,29.917,30.173,390823,0
2016-07-29,30.074,30.221,29.907,29.927,634601,0
2016-08-01,29.964,30.124,29.632,29.67,694010,0
2016-08-02,29.661,29.848,29.238,29.434,1029659,0
2016-08-03,29.474,29.974,29.474,29.974,608599,0
2016-08-04,29.946,30.192,29.927,30.104,769115,0
2016-08-05,30.478,31.304,30.379,31.284,1132593,0
2016-08-08,31.341,31.45,31.135,31.184,621642,0
2016-08-09,31.135,31.331,31.135,31.322,511665,0
2016-08-10,31.214,31.314,30.753,30.772,597675,0
2016-08-11,30.889,30.969,30.743,30.83,601833,0
2016-08-12,30.468,30.684,30.349,30.684,569728,0
2016-08-15,30.811,31.314,30.715,31.254,701887,0
2016-08-16,31.076,31.381,31.056,31.194,862437,0
2016-08-17,31.096,31.49,31.096,31.381,858991,0
2016-08-18,31.391,31.686,31.314,31.676,700802,0
2016-08-19,31.539,31.882,31.41,31.873,1000242,0
2016-08-22,31.725,31.901,31.666,31.844,563468,0
2016-08-23,31.607,31.99,31.545,31.636,793086,0
2016-08-24,31.626,31.844,31.529,31.607,436656,0
2016-08-25,31.607,31.815,31.559,31.745,835456,0
2016-08-26,31.835,32.187,31.735,32.1,911960,0
2016-08-29,32.13,32.511,32.13,32.385,722005,0
2016-08-30,32.483,32.718,32.419,32.64,598133,0
2016-08-31,32.777,32.807,32.206,32.521,869690,0
2016-09-01,32.65,32.758,32,32.375,777073,0
2016-09-02,32.521,32.945,32.331,32.945,1542062,0
2016-09-06,32.945,33.023,32.149,32.187,993269,0
2016-09-07,32.149,32.443,32.07,32.443,997049,0
2016-09-08,32.502,32.65,32.196,32.434,785207,0
2016-09-09,32.385,32.66,32.11,32.11,1307996,0
2016-09-12,31.911,32.541,31.636,32.541,1557390,0
2016-09-13,32.205,32.205,31.555,31.939,1399246,0
2016-09-14,31.89,32.205,31.752,31.832,1113287,0
2016-09-15,31.871,32.294,31.772,32.284,1003476,0
2016-09-16,31.959,32.138,31.742,31.988,1649539,0
2016-09-19,32.058,32.521,31.959,32.088,725665,0
2016-09-20,32.255,32.432,31.871,31.959,850854,0
2016-09-21,32.138,32.265,31.752,32.048,941228,0
2016-09-22,32.068,32.186,31.979,32.148,1266121,0
2016-09-23,31.979,32.265,31.871,31.998,1092733,0
2016-09-26,31.712,31.812,31.269,31.327,1041251,0
2016-09-27,31.16,31.525,31.032,31.476,1161524,0
2016-09-28,31.712,31.919,31.377,31.909,1091451,0
2016-09-29,31.851,32.143,31.357,31.555,1283382,0
2016-09-30,31.842,32.274,31.575,32.098,939751,0
2016-10-03,31.832,32.172,31.643,31.732,899254,0
2016-10-04,31.919,32.339,31.841,32.176,1585298,0
2016-10-05,32.364,33.104,32.265,32.838,1226932,0
2016-10-06,32.916,32.966,32.531,32.729,752808,0
2016-10-07,32.6,32.838,32.329,32.769,820655,0
2016-10-10,33.005,33.084,32.675,32.7,713709,0
2016-10-11,32.69,32.818,32.138,32.255,1189181,0
2016-10-12,32.205,32.404,32.113,32.118,678393,0
2016-10-13,31.653,31.965,30.993,31.327,920658,0
2016-10-14,31.792,32.008,31.406,31.595,1001483,0
2016-10-17,31.575,31.812,31.466,31.565,1017269,0
2016-10-18,31.842,32.028,31.441,31.851,1517280,0
2016-10-19,31.998,32.818,31.998,32.759,1630113,0
2016-10-20,32.749,33.326,32.6,32.61,1193270,0
2016-10-21,32.344,32.68,32.314,32.502,1145673,0
2016-10-24,32.936,32.951,32.635,32.64,576637,0
2016-10-25,32.63,32.828,32.424,32.56,778939,0
2016-10-26,32.404,32.851,32.334,32.69,577054,0
2016-10-27,32.876,33.025,32.7,32.856,567566,0
2016-10-28,32.906,32.906,32.306,32.453,745406,0
2016-10-31,32.551,32.739,32.384,32.63,834506,0
2016-11-01,32.769,32.911,32.195,32.502,806933,0
2016-11-02,32.334,32.363,31.782,31.909,828189,0
2016-11-03,32.068,32.284,31.929,32.058,519555,0
2016-11-04,32.038,32.546,31.861,32.205,555200,0
2016-11-07,32.906,33.271,32.856,33.232,977798,0
2016-11-08,33.055,33.42,32.886,33.143,694922,0
2016-11-09,33.459,34.988,33.439,34.85,1804828,0
2016-11-10,35.394,36.805,35.334,35.985,1824540,0
2016-11-11,35.777,36.971,35.777,36.892,1347974,0
2016-11-14,37.417,38.482,37.317,37.82,1282114,0
2016-11-15,37.475,38.136,37.051,38.076,1128224,0
2016-11-16,37.513,37.899,37.417,37.504,1078019,0
2016-11-17,37.603,38.052,37.367,37.969,1306453,0
2016-11-18,37.899,38.265,37.693,38.176,1502063,0
2016-11-21,38.472,38.472,37.78,38.156,986856,0
2016-11-22,38.372,38.442,38.027,38.362,647022,0
2016-11-23,38.482,38.728,38.392,38.609,842953,0
2016-11-25,38.619,38.708,38.352,38.698,293338,0
2016-11-28,37.703,38.648,37.703,37.969,747385,0
2016-11-29,37.859,38.313,37.81,38.027,850622,0
2016-11-30,38.492,38.658,38.136,38.195,1186616,0
2016-12-01,38.6,38.964,38.442,38.905,773458,0
2016-12-02,38.718,38.886,38.482,38.648,879743,0
2016-12-05,39.153,39.33,38.886,39.094,767054,0
2016-12-06,39.813,39.813,39.182,39.765,967041,0
2016-12-07,39.793,40.208,39.616,40.149,636204,0
2016-12-08,41.156,41.166,39.666,40.938,1100593,0
2016-12-09,40.81,40.987,40.322,40.869,908886,0
2016-12-12,40.731,41.076,39.947,40.011,926965,0
2016-12-13,40.169,40.396,39.724,40.219,954880,0
2016-12-14,39.111,40.812,39.111,40.099,1232797,0
2016-12-15,40.426,40.783,40.149,40.595,983681,0
2016-12-16,40.644,41.257,40.031,40.199,2988675,0
2016-12-19,40.129,40.515,39.754,40.496,699195,0
2016-12-20,40.902,41.06,40.703,41.04,584986,0
2016-12-21,41.149,41.277,40.792,41.109,656070,0
2016-12-22,41.099,41.307,40.902,41.169,460318,0
2016-12-23,41.079,41.297,41,41.219,286834,0
2016-12-27,41.317,41.366,41.035,41.346,500846,0
2016-12-28,41.396,41.396,40.862,40.941,517852,0
2016-12-29,40.902,41.209,40.436,40.635,525107,0
2016-12-30,40.683,40.832,40.426,40.654,755212,0
2017-01-03,41.247,41.486,40.318,40.753,1022302,0
2017-01-04,40.862,41.61,40.848,41.574,883167,0
2017-01-05,41.406,41.633,40.625,40.99,995870,0
2017-01-06,41.257,41.406,40.832,41.209,845002,0
2017-01-09,40.842,40.946,40.461,40.862,941716,0
2017-01-10,40.902,41.594,40.832,41.486,1031804,0
2017-01-11,41.456,41.763,41.079,41.753,1189073,0
2017-01-12,41.446,41.464,40.436,40.862,808622,0
2017-01-13,41.247,42.04,41.219,41.446,952502,0
2017-01-17,40.723,40.925,39.783,39.892,1472805,0
2017-01-18,40.476,40.832,39.892,40.783,1263934,0
2017-01-19,40.912,41.069,40.318,40.585,693113,0
2017-01-20,40.723,41.247,40.693,40.872,509047,0
2017-01-23,40.605,40.99,40.298,40.644,572443,0
2017-01-24,40.842,41.456,40.625,41.297,688053,0
2017-01-25,41.723,42.262,41.673,42.217,876732,0
2017-01-26,42.247,42.494,41.965,42.347,847636,0
2017-01-27,42.237,42.435,41.812,41.881,498486,0
2017-01-30,41.515,41.584,40.97,41.544,595052,0
2017-01-31,41.267,41.763,40.97,41.247,733749,0
2017-02-01,41.94,42.247,40.892,40.97,962441,0
2017-02-02,40.773,41.159,40.426,40.625,860068,0
2017-02-03,41.396,41.881,41.069,41.821,569979,0
2017-02-06,41.396,41.831,41.282,41.297,496800,0
2017-02-07,41.436,41.544,40.892,41.069,593497,0
2017-02-08,40.763,40.882,40.323,40.743,538829,0
2017-02-09,40.96,41.426,40.763,41.179,526740,0
2017-02-10,41.486,41.594,41.129,41.337,564290,0
2017-02-13,41.525,41.97,41.506,41.554,585323,0
2017-02-14,41.564,42.287,41.396,42.217,898050,0
2017-02-15,42.554,42.554,42.08,42.178,733017,0
2017-02-16,42.07,42.197,41.758,41.95,590649,0
2017-02-17,41.496,41.95,41.267,41.95,665724,0
2017-02-21,42.168,42.494,41.95,42.207,537852,0
2017-02-22,41.97,42.727,41.91,42.396,1400622,0
2017-02-23,42.287,42.472,41.793,42.168,430220,0
2017-02-24,41.426,42,41.221,41.793,337195,0
2017-02-27,41.773,42.257,41.773,42.247,569526,0
2017-02-28,41.901,42.178,41.643,41.783,671717,0
2017-03-01,42.524,43.445,42.474,43.286,861834,0
2017-03-02,43.632,43.632,42.377,42.405,668467,0
2017-03-03,42.692,42.989,42.425,42.881,613554,0
2017-03-06,42.614,42.841,42.237,42.654,853919,0
2017-03-07,42.604,42.781,42.327,42.415,464576,0
2017-03-08,42.941,43.048,42,42.02,592441,0
2017-03-09,42.207,42.405,41.94,42.158,586826,0
2017-03-10,42.514,42.589,41.584,41.803,653005,0
2017-03-13,41.812,42.09,41.614,41.763,869026,0
2017-03-14,41.623,41.821,41.037,41.783,445096,0
2017-03-15,41.981,42.139,41.087,41.245,730149,0
2017-03-16,41.603,41.831,41.39,41.583,825122,0
2017-03-17,41.613,41.861,41.305,41.753,1415602,0
2017-03-20,41.514,41.653,41.245,41.335,552054,0
2017-03-21,41.693,41.911,38.931,39.001,1196044,0
2017-03-22,38.565,39.171,38.067,38.883,1170497,0
2017-03-23,38.773,39.677,38.643,39.171,751075,0
2017-03-24,39.359,39.557,38.873,39.21,485620,0
2017-03-27,38.028,39.2,37.696,39.141,612535,0
2017-03-28,38.922,39.955,38.902,39.737,453236,0
2017-03-29,39.637,39.905,39.389,39.567,420963,0
2017-03-30,39.557,41.275,39.547,41.097,1015693,0
2017-03-31,40.957,41.167,40.699,40.739,687315,0
2017-04-03,40.759,40.929,39.995,40.541,541417,0
2017-04-04,40.323,40.829,40.318,40.689,728382,0
2017-04-05,41.187,41.405,39.965,40.045,724155,0
2017-04-06,39.935,40.606,39.677,40.511,437966,0
2017-04-07,40.045,40.611,39.985,40.371,527196,0
2017-04-10,40.223,40.709,39.815,39.995,429783,0
2017-04-11,39.747,40.371,39.647,40.371,597271,0
2017-04-12,40.333,40.441,39.637,39.707,426410,0
2017-04-13,39.399,39.737,38.823,38.843,545040,0
2017-04-17,38.941,39.652,38.803,39.637,581650,0
2017-04-18,39.727,41.573,39.677,40.65,1739842,0
2017-04-19,41.047,41.608,40.769,41.097,871059,0
2017-04-20,41.375,41.911,41.325,41.821,567902,0
2017-04-21,41.663,41.961,41.315,41.603,466109,0
2017-04-24,42.657,43.128,42.259,42.369,866918,0
2017-04-25,43.023,43.023,42.309,42.319,1033245,0
2017-04-26,42.329,43.351,42.091,42.835,882397,0
2017-04-27,42.974,43.043,42.129,42.319,605431,0
2017-04-28,42.339,42.517,41.485,41.514,572047,0
2017-05-01,41.783,42.567,41.355,42.309,820399,0
2017-05-02,42.299,42.507,41.693,41.861,614832,0
2017-05-03,41.663,42.427,41.385,42.379,778408,0
2017-05-04,42.875,43.033,42.417,42.487,577414,0
2017-05-05,42.607,42.765,41.961,42.149,540498,0
2017-05-08,42.159,42.269,41.783,42.159,787661,0
2017-05-09,42.279,42.457,41.593,41.793,518180,0
2017-05-10,41.663,42.001,41.45,41.803,665110,0
2017-05-11,42.109,42.119,41.082,41.583,898296,0
2017-05-12,41.187,41.763,40.948,41.763,703747,0
2017-05-15,42.011,42.119,41.793,41.971,824161,0
2017-05-16,41.991,42.189,41.543,42.021,613575,0
2017-05-17,40.799,41.245,39.805,40.263,758982,0
2017-05-18,40.203,40.997,40.026,40.859,1069149,0
2017-05-19,40.899,41.305,40.849,40.938,526604,0
2017-05-22,41.087,41.295,40.571,41.197,685896,0
2017-05-23,41.295,42.061,41.067,41.773,572666,0
2017-05-24,41.841,42.096,41.295,41.475,630824,0
2017-05-25,41.533,41.901,41.395,41.563,503070,0
2017-05-26,41.505,41.603,41.167,41.217,431575,0
2017-05-30,40.849,41.107,40.481,40.929,745615,0
2017-05-31,41.037,41.057,39.935,40.601,836146,0
2017-06-01,40.909,41.217,40.203,41.217,768240,0
2017-06-02,40.729,41.365,40.511,40.948,769016,0
2017-06-05,41.047,41.543,40.899,41.067,527700,0
2017-06-06,40.65,40.839,40.352,40.621,1190847,0
2017-06-07,40.759,41.127,40.631,40.809,681592,0
2017-06-08,40.759,42.935,40.551,42.417,970246,0
2017-06-09,42.835,43.799,42.7,43.401,808989,0
2017-06-12,43.411,44.305,43.262,43.699,1352674,0
2017-06-13,44.008,44.237,43.749,43.988,786830,0
2017-06-14,43.251,43.858,42.892,43.729,987685,0
2017-06-15,43.35,44.018,43.34,43.669,494300,0
2017-06-16,43.579,43.579,43.162,43.3,1781389,0
2017-06-19,43.589,43.968,43.201,43.41,397252,0
2017-06-20,43.161,43.3,42.842,42.852,409118,0
2017-06-21,42.972,43.031,42.314,42.583,618886,0
2017-06-22,42.364,42.513,41.97,42.403,635483,0
2017-06-23,42.772,42.802,41.91,42.124,947957,0
2017-06-26,42.294,42.702,41.806,42.354,826559,0
2017-06-27,42.702,43.051,42.374,42.702,723552,0
2017-06-28,43.111,43.55,42.972,43.211,934767,0
2017-06-29,44.436,44.606,43.53,44.257,925532,0
2017-06-30,44.417,44.436,43.794,44.088,552080,0
2017-07-03,44.307,45.224,44.257,44.845,349727,0
2017-07-05,45.134,45.194,44.426,44.855,668423,0
2017-07-06,44.975,45.164,44.466,44.526,672672,0
2017-07-07,44.745,45.019,44.287,44.845,459813,0
2017-07-10,44.546,44.975,44.466,44.785,683076,0
2017-07-11,44.785,44.925,44.417,44.696,669810,0
2017-07-12,44.436,44.895,44.327,44.626,625334,0
2017-07-13,44.755,44.895,44.307,44.516,840202,0
2017-07-14,43.729,44.546,43.659,44.307,497493,0
2017-07-17,44.317,44.965,44.058,44.725,1278938,0
2017-07-18,43.948,44.725,43.689,44.417,1450944,0
2017-07-19,44.656,44.745,43.848,43.858,1402520,0
2017-07-20,44.098,44.128,43.559,43.669,766981,0
2017-07-21,43.569,43.759,43.111,43.3,693953,0
2017-07-24,43.31,43.829,43.31,43.779,894799,0
2017-07-25,44.646,44.646,44.038,44.247,1262547,0
2017-07-26,44.247,44.247,43.201,43.31,1266594,0
2017-07-27,43.38,43.719,43.141,43.34,671211,0
2017-07-28,43.29,43.32,42.742,42.932,925403,0
2017-07-31,43.141,43.559,43.041,43.33,597283,0
2017-08-01,43.669,43.669,43.241,43.599,772074,0
2017-08-02,43.609,43.839,43.31,43.739,1120339,0
2017-08-03,43.699,43.878,43.071,43.191,1256120,0
2017-08-04,43.51,43.868,43.241,43.36,1372688,0
2017-08-07,43.38,43.888,43.211,43.559,914258,0
2017-08-08,43.53,44.297,43.455,43.779,524133,0
2017-08-09,43.27,43.579,43.081,43.231,650289,0
2017-08-10,42.902,43.031,42.224,42.254,677150,0
2017-08-11,42.105,42.503,41.766,41.955,606065,0
2017-08-14,42.513,42.902,42.304,42.832,594886,0
2017-08-15,43.261,43.279,42.653,42.653,451552,0
2017-08-16,42.802,43.051,42.563,42.692,512022,0
2017-08-17,42.503,42.712,41.457,41.546,660328,0
2017-08-18,41.367,41.766,41.118,41.397,783246,0
2017-08-21,41.367,41.477,41.098,41.407,543197,0
2017-08-22,41.596,41.736,41.487,41.596,716849,0
2017-08-23,41.307,42.075,41.198,41.736,704362,0
2017-08-24,41.945,41.945,41.586,41.806,664216,0
2017-08-25,41.915,42.354,41.915,42.154,549018,0
2017-08-28,42.264,42.304,41.845,41.915,835432,0
2017-08-29,41.247,41.855,41.169,41.776,579178,0
2017-08-30,41.816,42.244,41.686,41.945,540439,0
2017-08-31,42.164,42.184,41.905,41.975,460905,0
2017-09-01,42.045,42.473,42.045,42.264,315604,0
2017-09-05,41.895,42.025,40.804,40.939,1022562,0
2017-09-06,41.218,41.437,40.899,41.028,1303524,0
2017-09-07,40.988,41.108,40.131,40.38,774975,0
2017-09-08,40.351,41.158,40.301,41.038,1389721,0
2017-09-11,41.656,42.593,41.556,42.423,1239263,0
2017-09-12,42.613,43.141,42.578,43.001,773753,0
2017-09-13,42.952,43.241,42.852,43.121,533397,0
2017-09-14,43.141,43.37,42.553,42.603,600905,0
2017-09-15,42.573,42.942,42.523,42.872,934725,0
2017-09-18,42.981,43.579,42.981,43.41,682011,0
2017-09-19,43.35,43.789,43.319,43.41,702722,0
2017-09-20,43.46,44.06,43.15,43.92,843249,0
2017-09-21,43.91,44.1,43.71,43.78,684635,0
2017-09-22,43.62,44.01,43.57,43.95,381774,0
2017-09-25,43.86,44.39,43.68,44.2,833074,0
2017-09-26,44.39,44.52,44.19,44.37,1012962,0
2017-09-27,45,45.46,44.72,45.28,893827,0
2017-09-28,45.35,45.6,45.04,45.57,586783,0
2017-09-29,45.52,46.42,45.5,46.06,665299,0
2017-10-02,46.08,46.48,45.852,46.48,1117338,0
2017-10-03,46.5,46.5,45.85,46.28,638017,0
2017-10-04,46.19,46.56,46.02,46.17,737601,0
2017-10-05,46.31,46.96,46.16,46.92,500182,0
2017-10-06,47.12,47.32,46.74,46.82,718024,0
2017-10-09,46.77,46.8,46.43,46.6,417010,0
2017-10-10,46.87,47.11,46.64,47.11,724804,0
2017-10-11,47.05,47.25,46.67,47.11,502827,0
2017-10-12,47.18,47.25,46.76,46.86,410300,0
2017-10-13,46.65,47,46.24,46.64,581305,0
2017-10-16,46.73,46.92,46.48,46.65,944503,0
2017-10-17,45.5,46.21,44.98,45.86,1385662,0
2017-10-18,46.36,46.96,46.2,46.45,911823,0
2017-10-19,46.1,46.805,46.1,46.76,1581436,0
2017-10-20,47.25,47.67,47.13,47.3,723096,0
2017-10-23,47.21,47.38,46.705,46.8,613841,0
2017-10-24,46.9,47.38,46.87,47.06,633165,0
2017-10-25,47.13,47.29,46.35,46.62,839421,0
2017-10-26,46.77,47.23,46.77,47.09,608555,0
2017-10-27,46.9,47.28,46.8,47.17,449398,0
2017-10-30,46.8488,47.13,46.515,46.74,675075,0
2017-10-31,46.65,47.19,46.58,46.85,750502,0
2017-11-01,47.02,47.26,46.4,46.64,662167,0
2017-11-02,46.53,47.18,46.3,47.04,822151,0
2017-11-03,46.96,47.15,46.75,47.08,557520,0
2017-11-06,46.84,47.07,46.81,46.95,466875,0
2017-11-07,46.89,46.89,45.54,45.61,924052,0
2017-11-08,45.51,45.69,44.9613,45.66,628338,0
2017-11-09,45.43,45.71,44.72,45.11,718520,0
2017-11-10,45.17,45.37,44.99,45.03,835150,0
