2016-01-04,180.07,180.64,178.18,180.1,1543778,0
2016-01-05,180.73,184.25,180.37,183.69,1320584,0
2016-01-06,182.3,184.01,182.28,183.23,1005756,0
2016-01-07,180.65,181.51,179.21,179.37,1373150,0
2016-01-08,179.55,180.59,173.78,174.26,1492757,0
2016-01-11,175.31,175.97,173.93,174.82,1293765,0
2016-01-12,175.54,175.54,172.83,173.73,1473808,0
2016-01-13,173.96,177.26,172.15,172.55,1348012,0
2016-01-14,172.95,175.96,171.87,173.84,1469734,0
2016-01-15,170.73,173.31,169.37,172.45,2582208,0
2016-01-19,174.16,175.32,172.97,174.54,1215877,0
2016-01-20,173.06,173.33,166.72,169.15,2337510,0
2016-01-21,171.14,172.32,168.65,171.08,1555773,0
2016-01-22,173.31,176.16,172.78,175.4,1291095,0
2016-01-25,175.45,177.02,173.27,173.36,1323289,0
2016-01-26,173.8,178.04,173.26,178.04,1516983,0
2016-01-27,177.45,177.45,173.07,174.2,1596956,0
2016-01-28,175.21,176.59,173.79,174.89,1369935,0
2016-01-29,177.19,177.54,166.24,174.43,3725487,0
2016-02-01,173.77,177.45,173.67,175.96,1628910,0
2016-02-02,176.12,176.44,173.16,174.27,1549503,0
2016-02-03,175.31,176.76,172.65,176.33,1482413,0
2016-02-04,175.99,176.67,174.21,175.65,1271910,0
2016-02-05,174.38,175.21,171.21,172.26,1532674,0
2016-02-08,172.81,172.81,167.27,170.86,1964280,0
2016-02-09,168.5,169.64,164.9,167.55,2245482,0
2016-02-10,168,172.87,168,171.21,1530775,0
2016-02-11,168.67,172.19,168.31,171.48,2056722,0
2016-02-12,173.29,174.49,171.43,173.4,1727718,0
2016-02-16,175.41,176.73,173.42,176.06,1628678,0
2016-02-17,177.6,179.03,176.72,176.78,1378488,0
2016-02-18,176.23,179.49,176.14,178.82,908773,0
2016-02-19,177.61,179.55,176.13,178.99,1417672,0
2016-02-22,180.15,181.81,178.52,178.97,1188037,0
2016-02-23,178.92,181.12,178.63,179.21,880981,0
2016-02-24,178.53,179.86,176.62,178.74,821476,0
2016-02-25,180.13,181.55,179.43,181.34,949835,0
2016-02-26,181.43,182.26,179.85,179.9,1036274,0
2016-02-29,180.25,182.17,178.6,179.25,1834451,0
2016-03-01,180.23,183.91,180.16,183.81,1297615,0
2016-03-02,183.65,184.93,182.98,184.51,1156715,0
2016-03-03,185.43,186.65,182.68,186.51,1445888,0
2016-03-04,186.38,187.63,184.54,187.56,1589063,0
2016-03-07,187.13,189.03,186.36,188.63,1262529,0
2016-03-08,187.37,188.47,186.16,186.79,1062114,0
2016-03-09,187.2,188.47,186.45,186.86,1059063,0
2016-03-10,187.89,188.84,185.18,187.09,1089106,0
2016-03-11,189.46,190.2,187.24,190.2,1616977,0
2016-03-14,189.21,190.46,186.74,188.1,1517631,0
2016-03-15,187.43,188.9,187.15,188.62,941388,0
2016-03-16,187.8,190.16,186.28,189.48,968461,0
2016-03-17,189.71,194.63,188.99,193.82,1801724,0
2016-03-18,193.74,195.47,192.21,193.65,2632066,0
2016-03-21,194.23,194.42,191.2,191.8,1145886,0
2016-03-22,191.38,192.18,190.28,191.2,1070784,0
2016-03-23,189.97,191.96,189.81,190.39,1130547,0
2016-03-24,189.32,190.61,188.75,190.33,774379,0
2016-03-28,190.79,192.48,189.84,191.86,662359,0
2016-03-29,192.57,195.64,192.28,195.53,1148477,0
2016-03-30,195.93,196.21,194.3,194.38,980071,0
2016-03-31,194.87,196.65,194.57,196.22,1523337,0
2016-04-01,196.03,198.33,195.49,197.56,1330251,0
2016-04-04,197.88,198.8,195.96,197.23,871374,0
2016-04-05,196.5,196.99,195.2,195.64,1023360,0
2016-04-06,195.03,197.42,194.53,197.13,994185,0
2016-04-07,197,197.34,194.23,195.38,954981,0
2016-04-08,195.87,196.68,195.32,195.68,1111360,0
2016-04-11,196.52,196.69,195.21,195.27,998182,0
2016-04-12,195.84,197.41,195.25,196.64,937616,0
2016-04-13,197.61,197.61,195.29,196.17,841603,0
2016-04-14,196.25,196.87,194.44,196.48,1093971,0
2016-04-15,196.29,196.73,194.69,196.4,1128962,0
2016-04-18,196.66,197.88,195.97,197.54,911412,0
2016-04-19,197.87,197.89,196.53,196.78,1066240,0
2016-04-20,195.09,195.64,192.13,192.47,2790976,0
2016-04-21,192.32,193.19,188.11,188.29,1804133,0
2016-04-22,188.76,191.51,188.76,190.97,1479423,0
2016-04-25,190.53,192.43,190.06,192.43,1318221,0
2016-04-26,193.14,193.32,190.87,192.7,1522949,0
2016-04-27,193.41,194.13,191.69,193.28,1489942,0
2016-04-28,191.77,193.85,191.72,192.42,803983,0
2016-04-29,191.8,192.15,189.07,190.06,1592811,0
2016-05-02,191.59,193.69,191.5,193.23,924101,0
2016-05-03,192.05,193.78,191.95,193.65,801792,0
2016-05-04,192.05,196.34,192.05,196.15,1172468,0
2016-05-05,195.21,197,194.59,196.93,1170591,0
2016-05-06,196.77,199.25,196.26,199.19,1154677,0
2016-05-09,199.08,201.32,197.75,201.27,1276595,0
2016-05-10,201.9,202.95,201.32,202.11,1199736,0
2016-05-11,201.66,201.7,191.13,192.02,4258100,0
2016-05-12,192.76,194,188.73,192.78,3247497,0
2016-05-13,191.22,191.22,185.8,187.11,3538523,0
2016-05-16,187.15,190.67,186.14,189.85,1887483,0
2016-05-17,188.7,189.67,185.08,186.14,2018210,0
2016-05-18,185.35,186.52,181.72,184.27,2553594,0
2016-05-19,182.8,184.99,182.12,184.59,2009789,0
2016-05-20,185.62,187.47,184.78,185.81,2380514,0
2016-05-23,186.12,187.37,184.91,186.4,1345173,0
2016-05-24,187.48,189.88,186.89,188.19,1568279,0
2016-05-25,188.5,188.91,185.47,186.74,1608526,0
2016-05-26,186.93,188.7,185.7,187.73,885340,0
2016-05-27,187.79,189.1,187.29,188.33,931221,0
2016-05-31,189.27,189.41,186.72,188.2,1548890,0
2016-06-01,187.2,189.75,187.2,188.8,1265399,0
2016-06-02,187.85,188.83,186.76,187.98,1170845,0
2016-06-03,189.17,190.29,188.18,189.96,1440601,0
2016-06-06,190.4,191.8,188.1,189.19,1438687,0
2016-06-07,189.19,191.29,189.17,189.98,926309,0
2016-06-08,189.83,192.25,189.52,191.84,1272303,0
2016-06-09,191.7,193.08,190.48,192.02,866240,0
2016-06-10,191.19,192.19,190.28,190.69,871781,0
2016-06-13,191.24,192.86,190.47,192.1,1043262,0
2016-06-14,191.8,194.55,191.35,193.14,1310652,0
2016-06-15,193.47,195.51,193.47,194.47,1324528,0
2016-06-16,194.01,196.49,193.13,196.37,884237,0
2016-06-17,196.24,196.24,193.9,196.05,1525518,0
2016-06-20,197.99,199.76,196.6,197.07,1275249,0
2016-06-21,197.38,198.97,197.12,198.48,1250484,0
2016-06-22,199.04,199.5,197.83,198.63,1142434,0
2016-06-23,199.77,200.39,198.52,199.12,764074,0
2016-06-24,194.83,198.86,193.32,196.66,1820796,0
2016-06-27,195.64,198.18,194.15,198.03,1873743,0
2016-06-28,199.23,203,198.07,202.92,1818833,0
2016-06-29,203.7,205.82,202.77,204.67,1648369,0
2016-06-30,205.45,206.81,203.7,206.55,2174804,0
2016-07-01,207.15,208.5,206.19,206.78,1100419,0
2016-07-05,206.96,209.75,206.92,209.73,1293411,0
2016-07-06,209.19,209.82,206.46,207.16,1467238,0
2016-07-07,206.68,207.27,203.67,205.31,1297585,0
2016-07-08,206.45,209.26,205.71,209.08,1210319,0
2016-07-11,209.3,211.65,207.96,211.15,1046076,0
2016-07-12,210.77,211.25,208.72,210.89,1317987,0
2016-07-13,211.18,213.55,210.5,213.54,1254032,0
2016-07-14,213.53,213.53,210.93,211.58,1217539,0
2016-07-15,211.99,212.52,209.44,212.3,1171114,0
2016-07-18,212.41,212.8,210.77,211.68,891560,0
2016-07-19,211.97,212.39,210.1,212.39,1130130,0
2016-07-20,212.78,212.83,211.22,212.59,789519,0
2016-07-21,212.1,213.64,210.3,213.5,705230,0
2016-07-22,213.2,215.34,212.87,214.54,1015799,0
2016-07-25,215.07,215.61,213.38,213.77,840462,0
2016-07-26,213.8,214.35,212.82,213.79,966683,0
2016-07-27,214.4,214.45,208.6,211.11,1667111,0
2016-07-28,211.22,214.99,211.03,213.38,969889,0
2016-07-29,213.24,218.16,213.24,216.2,1323719,0
2016-08-01,216.03,217.57,215.46,216.75,967793,0
2016-08-02,215.77,216.65,212.56,212.94,1366495,0
2016-08-03,211.61,211.78,209.84,211.71,1586289,0
2016-08-04,211.92,212.42,208.91,209.14,1089079,0
2016-08-05,209.62,210.45,208.05,209.22,1211565,0
2016-08-08,209.2,211.77,208.8,209.47,1204989,0
2016-08-09,209.5,210.81,207.94,210.09,926004,0
2016-08-10,209.38,210.67,207.94,208.53,1274403,0
2016-08-11,208.59,208.59,203.3,204.32,2323508,0
2016-08-12,204.59,206.23,203.9,204.94,1233909,0
2016-08-15,205.69,206.31,204.77,205.45,1196443,0
2016-08-16,205.2,205.66,201.79,203.02,1323508,0
2016-08-17,203.02,205.83,201.86,205.34,1176326,0
2016-08-18,204.87,206.39,204.45,205.69,927834,0
2016-08-19,204.92,205.69,202.54,203.35,1014464,0
2016-08-22,203.78,204.65,202.51,203.91,843838,0
2016-08-23,204.76,204.97,203.37,203.41,706163,0
2016-08-24,203.7,205.99,202.6,205.59,1427993,0
2016-08-25,205.73,208.75,205.66,206.85,1094771,0
2016-08-26,207.43,209.38,204.31,205.13,1306189,0
2016-08-29,205.13,207.56,204.75,206.98,920891,0
2016-08-30,207.32,207.47,204.56,207.19,982883,0
2016-08-31,206.79,208.33,205.67,206.77,1893929,0
2016-09-01,206.22,207.91,205.61,207.3,918946,0
2016-09-02,208.16,210.56,206.91,207.95,978607,0
2016-09-06,208.35,209.37,206.7,209.35,1429330,0
2016-09-07,209.3,210.21,208.14,210.1,847791,0
2016-09-08,209.18,209.76,207.83,208.32,2516110,0
2016-09-09,206.61,206.61,201.31,201.42,1764175,0
2016-09-12,200.77,204.92,200.08,203.71,2165422,0
2016-09-13,202.53,202.68,198.57,198.57,1464534,0
2016-09-14,199.17,201.8,198.7,199.39,1263859,0
2016-09-15,198.93,199.92,198.07,199.51,1296206,0
2016-09-16,198.98,200.59,198.03,200.3,2564099,0
2016-09-19,201.42,201.92,200.38,201.13,1000457,0
2016-09-20,202.19,202.42,200.25,200.26,1015743,0
2016-09-21,200.15,202.61,197.71,202.35,1561078,0
2016-09-22,203.46,205.81,202.37,204.87,1222978,0
2016-09-23,204.46,205.51,201.86,204.87,1259742,0
2016-09-26,204.58,206.4,203.92,206.09,1118956,0
2016-09-27,206.86,206.86,204.05,204.34,974817,0
2016-09-28,204.4,205.1,202.16,204.02,1197913,0
2016-09-29,203.16,203.43,198.84,199.2,1419093,0
2016-09-30,200.9,201.41,198.62,198.65,1745964,0
2016-10-03,197.96,197.96,192.79,193.7,2109268,0
2016-10-04,193.39,194.15,189.43,190.83,1974255,0
2016-10-05,191.32,192.88,186.82,187.82,1680077,0
2016-10-06,187.47,190.59,184.87,188.55,1411936,0
2016-10-07,189.66,192.22,187.91,188.86,1486985,0
2016-10-10,189.01,190.8,188.9,189.54,728394,0
2016-10-11,189.54,190.19,186.96,187.66,999295,0
2016-10-12,188.16,191.01,187.7,190.88,1257147,0
2016-10-13,189.83,191.18,188.95,190.76,1277874,0
2016-10-14,191.01,191.78,189.03,189.03,1100794,0
2016-10-17,189.29,190.3,188.31,189.53,1057170,0
2016-10-18,190.44,191.63,189.82,190.44,891896,0
2016-10-19,190.33,190.71,187.22,190.46,1469631,0
2016-10-20,190.96,191.1,188.4,189.3,1294039,0
2016-10-21,187.88,188.94,187.17,188.62,908782,0
2016-10-24,189.7,191.15,188.08,189.05,1073669,0
2016-10-25,188.42,189.72,187.91,189.31,1079274,0
2016-10-26,187.23,188.15,179.91,180.78,2788635,0
2016-10-27,180.56,180.57,174.52,175.82,3883338,0
2016-10-28,176.79,178.52,174.69,175.51,1765227,0
2016-10-31,176.83,178.81,175.51,178.45,2014078,0
2016-11-01,177.52,177.99,174.31,175.84,1939505,0
2016-11-02,176.2,176.78,172.4,172.43,1732300,0
2016-11-03,172.36,173.32,170.92,172.09,1165934,0
2016-11-04,172.85,173.23,171.32,173,1732600,0
2016-11-07,175.6,176.2,173.5,174.6,1128278,0
2016-11-08,174.94,176.47,173.7,175.84,910855,0
2016-11-09,172.87,174.37,167.84,173.49,2187367,0
2016-11-10,173.99,178.95,169.55,174.92,3255875,0
2016-11-11,174.88,177.48,174.65,175.24,1870747,0
2016-11-14,175.55,180.44,173.54,179.73,1845206,0
2016-11-15,180.54,183.27,177.02,178.4,2549148,0
2016-11-16,178.76,179.37,176.08,177.16,1064123,0
2016-11-17,176.98,178.15,174.44,174.96,1126449,0
2016-11-18,174.84,176,173.5,175.11,1414032,0
2016-11-21,175.46,177.19,173.71,173.99,1039468,0
2016-11-22,174.88,176.23,174.45,175.83,1103213,0
2016-11-23,174.51,175.23,172.42,175.04,1149963,0
2016-11-25,175.99,177.21,174.66,175.57,506933,0
2016-11-28,174.92,177.17,174.38,175.6,1442079,0
2016-11-29,176.2,178.33,175.62,176.54,1391335,0
2016-11-30,174.68,175.86,172.78,173.96,2307434,0
2016-12-01,173.26,173.71,170.31,171.23,2144304,0
2016-12-02,171.96,175.07,171.81,173.7,1315486,0
2016-12-05,173.83,175.09,172.4,175.04,1060808,0
2016-12-06,175.06,176.39,173.47,174.42,1240940,0
2016-12-07,174.98,177.95,174.8,177.94,1320100,0
2016-12-08,176.63,179.28,174.74,177.85,1235117,0
2016-12-09,177.94,179.3,177,177.63,1006617,0
2016-12-12,177.19,180.49,176.94,180.23,1101761,0
2016-12-13,181,181.76,178.24,181.51,1594042,0
2016-12-14,181.24,181.68,175.27,175.55,2161772,0
2016-12-15,175.66,176.42,173.78,174.31,1583770,0
2016-12-16,175.72,177.09,174.13,175.56,2002873,0
2016-12-19,176.76,177.99,175.6,176.85,1209500,0
2016-12-20,176.79,177.82,175.67,177.2,1337442,0
2016-12-21,177.48,178.61,172.23,172.54,1669869,0
2016-12-22,172.37,173.18,169.49,170.67,1670817,0
2016-12-23,171.31,171.31,168.99,170.39,1005944,0
2016-12-27,170.4,170.78,169.74,170.4,1075500,0
2016-12-28,170.83,170.98,167.64,168.68,1319508,0
2016-12-29,169.26,170.83,167.91,170.42,1521021,0
2016-12-30,171.03,173.14,170.06,172.05,2359700,0
2017-01-03,173.43,176.84,171.28,176.84,2840997,0
2017-01-04,177.13,178.31,175.79,178.26,2056719,0
2017-01-05,174,178.89,172.54,178.57,2257764,0
2017-01-06,177.74,182.15,176.82,180.92,2324621,0
2017-01-09,180.6,181.85,179.43,180.03,2017647,0
2017-01-10,179.26,180.02,177.84,178.36,2753177,0
2017-01-11,177.89,178.65,175.82,176.24,2221933,0
2017-01-12,175.86,177.43,175.39,177.3,1283816,0
2017-01-13,177.09,179.12,176.71,178.19,1797213,0
2017-01-17,178.54,180.85,178.32,179.47,1950151,0
2017-01-18,179.15,181.25,178.88,180.68,1373698,0
2017-01-19,179.66,179.79,176.95,177.14,2002593,0
2017-01-20,177.05,179.19,175.38,178.7,2760887,0
2017-01-23,178.55,179.34,178,179.15,2220361,0
2017-01-24,179.33,179.51,177.62,178.32,2390292,0
2017-01-25,178.09,178.39,176.34,176.63,2131203,0
2017-01-26,177.13,177.62,176.12,176.34,1953014,0
2017-01-27,176.79,176.9,172.89,173.83,2265660,0
2017-01-30,174.27,174.29,171.04,172.12,1772165,0
2017-01-31,173.35,178.25,173.35,177.96,3514340,0
2017-02-01,179.52,180.12,175.74,175.78,3020631,0
2017-02-02,175.58,177.71,175.58,177.18,1585254,0
2017-02-03,178.28,179.55,177.96,179.47,1864247,0
2017-02-06,178.41,179.64,176,176.32,1217908,0
2017-02-07,176.38,177.56,172.88,173.4,1872133,0
2017-02-08,173.6,175.42,173.01,174.9,1452017,0
2017-02-09,175.29,177.09,175.07,176.24,1340885,0
2017-02-10,176.37,178.62,176.05,178.06,1220619,0
2017-02-13,178.77,179.71,176.52,177.63,1278962,0
2017-02-14,177.06,178.34,175.85,176.92,1104198,0
2017-02-15,176.42,176.81,172.91,174.58,1999353,0
2017-02-16,174.9,176.84,174.59,175.2,1404259,0
2017-02-17,175.38,178.01,174.43,177.07,1695480,0
2017-02-21,177.49,181.5,177.02,181.04,1555759,0
2017-02-22,180.73,181.57,179.52,180.6,1502569,0
2017-02-23,180.6,181.67,179.54,180.88,1067419,0
2017-02-24,180.59,180.6,177.86,180.19,1240632,0
2017-02-27,180.93,183.19,180.2,182.19,1343598,0
2017-02-28,181.55,182.23,178.73,180.3,1883651,0
2017-03-01,180.17,180.78,178.18,178.46,1887878,0
2017-03-02,177.95,178.5,175.61,177.12,1602091,0
2017-03-03,177.48,177.68,174.83,175.42,1770965,0
2017-03-06,174.76,176.13,173.58,174.83,1129316,0
2017-03-07,174.53,175.11,172.02,173.35,1410997,0
2017-03-08,172.62,172.97,169.8,170.81,3350147,0
2017-03-09,170.78,170.89,165.41,165.56,4122644,0
2017-03-10,166.76,167.98,163.87,164.43,3171644,0
2017-03-13,165.24,165.99,163.19,164.95,2781401,0
2017-03-14,164.37,165.63,162.95,163.51,2780699,0
2017-03-15,164.27,169.14,163.78,166.22,2717493,0
2017-03-16,166.22,166.79,165.24,165.64,1135372,0
2017-03-17,165.17,165.95,163.3,164.28,2911038,0
2017-03-20,164.71,165.46,164.04,164.37,1100395,0
2017-03-21,164.83,165.95,163.22,165.2,2088543,0
2017-03-22,164.97,164.97,159.91,161.72,2612402,0
2017-03-23,161.92,165.83,161.8,163.84,1492836,0
2017-03-24,164.17,164.61,162.8,164.22,1580979,0
2017-03-27,163.22,164.62,161.89,162.46,1634425,0
2017-03-28,162.46,164.38,161.58,164.31,2025606,0
2017-03-29,164.1,166.11,163.36,166.08,1960056,0
2017-03-30,165.42,167.2,163.63,166.26,1583183,0
2017-03-31,166.58,168.66,166.44,168.21,2098633,0
2017-04-03,168.46,171,167.99,170.2,2583880,0
2017-04-04,170.19,171.81,166.65,166.77,3033748,0
2017-04-05,167.2,167.79,166.28,166.51,1764130,0
2017-04-06,166.3,166.84,165.28,166.03,1861173,0
2017-04-07,165.86,167.11,165.19,166.03,1535212,0
2017-04-10,165.9,167.79,165.41,167.68,1410689,0
2017-04-11,167.61,170.1,167.49,169.5,1848699,0
2017-04-12,168.98,170.95,168.33,169.43,1957396,0
2017-04-13,169.47,170.36,168.95,169.98,1066958,0
2017-04-17,170.49,172.25,169.97,170.69,1243259,0
2017-04-18,169.96,170.95,169.54,170.85,1217806,0
2017-04-19,170.52,171.92,169.9,170.55,1398050,0
2017-04-20,170.88,171.09,169.29,170.85,1171890,0
2017-04-21,170.72,171.1,167.5,168.16,2049353,0
2017-04-24,169.18,169.32,163.82,165.18,2461974,0
2017-04-25,165.56,165.79,163.7,164.3,1794502,0
2017-04-26,163.9,164.01,161.22,161.38,2071582,0
2017-04-27,163.78,166.22,163.29,164.14,2442217,0
2017-04-28,163.93,164.1,161.17,161.59,1880016,0
2017-05-01,162.52,166.46,161.17,164.87,3022644,0
2017-05-02,165,165.96,163.67,165.04,1996682,0
2017-05-03,165.7,166.01,161.53,161.91,1555034,0
2017-05-04,160.95,162.03,159.68,161.74,2273701,0
2017-05-05,161.77,162.21,160.42,160.86,1702776,0
2017-05-08,161.18,161.33,156.89,159.22,2454141,0
2017-05-09,159.38,159.38,157.09,158.85,2087370,0
2017-05-10,158.77,162.07,158.59,161.97,2484474,0
2017-05-11,159.69,159.86,156.13,158.18,2745269,0
2017-05-12,157.87,158.07,153.81,153.98,2898641,0
2017-05-15,153.97,155.88,153.76,154.41,2132365,0
2017-05-16,154.41,154.48,151.5,152.4,3278042,0
2017-05-17,152.2,154.3,150.38,152.53,3313398,0
2017-05-18,151.96,153.02,150.8,152.28,2345946,0
2017-05-19,152.5,157.38,151.58,156.1,4405473,0
2017-05-22,156.61,158.32,155.18,155.83,2130060,0
2017-05-23,155.83,156.48,155.08,155.48,1822445,0
2017-05-24,155.6,158.18,155.07,157.99,1704141,0
2017-05-25,158.27,160.43,157.29,158.9,1798015,0
2017-05-26,158.94,158.96,155.2,155.49,1492284,0
2017-05-30,156.27,156.5,153.21,153.24,1787556,0
2017-05-31,153.35,154.5,152.19,152.52,3601206,0
2017-06-01,152.27,153.52,150.93,153.09,2120314,0
2017-06-02,153.64,154.5,150.39,150.93,1924714,0
2017-06-05,150.54,151.23,148.46,150.55,1627309,0
2017-06-06,150.72,152.24,148.96,151.37,1856844,0
2017-06-07,151.3,154.37,151.1,153.53,2093848,0
2017-06-08,153.58,154.78,151.97,152.83,1805671,0
2017-06-09,152.77,154.8,150.83,153.85,1231567,0
2017-06-12,153.79,159.06,153.66,157.95,2395529,0
2017-06-13,157.52,159.01,155.33,157.03,1962675,0
2017-06-14,157.86,158.98,157.03,157.85,1813343,0
2017-06-15,157.07,159.92,156.28,158.93,1666133,0
2017-06-16,159.37,161.06,156.47,158.46,4691908,0
2017-06-19,157.98,157.98,155.44,157.19,2174876,0
2017-06-20,158.79,159.53,155.86,157.2,1849761,0
2017-06-21,157.64,158.12,155.78,157,1769494,0
2017-06-22,156.82,157.97,155.24,157.34,1925196,0
2017-06-23,157.69,158.64,156.63,157.12,1990267,0
2017-06-26,157.98,161.34,157.9,158.65,1821825,0
2017-06-27,158.14,161.62,158.01,160.55,1840123,0
2017-06-28,161.42,162.84,160.9,161.96,2037168,0
2017-06-29,161.66,163.52,160.71,160.75,2031117,0
2017-06-30,161.76,163.02,158.4,159.94,1586564,0
2017-07-03,160.54,163.53,160.48,163.33,1069143,0
2017-07-05,163.13,163.49,156.4,156.45,2484793,0
2017-07-06,156.14,157.27,153.69,154.03,1612592,0
2017-07-07,154.43,155.2,153.69,154.88,1330940,0
2017-07-10,155.1,155.38,153.64,153.7,1153348,0
2017-07-11,153.98,153.98,151.42,152.21,1687999,0
2017-07-12,153.5,157.18,153.43,153.77,1882535,0
2017-07-13,154.38,156.68,154.06,156.28,1346152,0
2017-07-14,155.54,159.12,155.54,158.93,1380878,0
2017-07-17,158.83,160.99,158.22,160.31,1261016,0
2017-07-18,159.9,160.66,157.85,158.04,1283069,0
2017-07-19,158,158.85,157.71,158.47,1196900,0
2017-07-20,158.89,160.23,158.26,159.2,1245118,0
2017-07-21,159.08,159.48,157.22,158.78,1336513,0
2017-07-24,158.82,160.15,157.36,158.24,1235150,0
2017-07-25,158.75,160.24,157.41,159.76,1377551,0
2017-07-26,160.18,162.46,159.61,161.93,1102854,0
2017-07-27,161.1,165.09,159.76,164.46,1515864,0
2017-07-28,161.98,163.83,158.43,158.72,2055534,0
2017-07-31,158.8,159.04,156.01,156.72,3660026,0
2017-08-01,163.39,163.64,157.39,162.73,3179754,0
2017-08-02,160.64,163.49,158.51,159.56,2514595,0
2017-08-03,159.13,161.71,158.33,160.13,1941631,0
2017-08-04,160.39,162.92,159.95,162.68,1666204,0
2017-08-07,162.61,165.24,161.64,164.5,1551518,0
2017-08-08,163.9,165.11,160.48,162.25,1403552,0
2017-08-09,162.23,162.54,159.81,161.58,1208328,0
2017-08-10,161.32,161.32,159.2,159.34,1205023,0
2017-08-11,158.55,159.12,154.25,156.12,1860217,0
2017-08-14,156.8,159.15,156.3,158.54,1663223,0
2017-08-15,157.94,158.52,155.38,157.49,2024275,0
2017-08-16,158.25,159.61,157.35,157.95,2043284,0
2017-08-17,157.75,158.795,157.2,157.2,1279907,0
2017-08-18,155.77,156.155,152.51,153.58,2106772,0
2017-08-21,153.92,155.49,152.55,154.58,1146023,0
2017-08-22,154.83,155.68,152.92,153.23,1052102,0
2017-08-23,153.1,157.76,152.97,157.57,1731190,0
2017-08-24,158.67,161.07,156.38,156.66,2289872,0
2017-08-25,157.17,159.99,155.85,159.04,1501224,0
2017-08-28,159.2,159.69,156.11,156.83,1100911,0
2017-08-29,156.42,157.56,155.67,156.25,1068538,0
2017-08-30,156.7,157.12,154.45,157.02,908708,0
2017-08-31,157.53,158.59,156.48,156.85,2279528,0
2017-09-01,157.52,159.52,157,158.19,1043412,0
2017-09-05,158.19,159.175,156,156.88,1398537,0
2017-09-06,157.57,159.87,157.1,158.73,1643578,0
2017-09-07,158.84,161.64,158.227,160.8,1456841,0
2017-09-08,160.5,160.86,159.52,159.56,915805,0
2017-09-11,160.17,161.31,159.48,160.32,736638,0
2017-09-12,160.4,161.77,157,157.55,1302951,0
2017-09-13,157.84,160.43,157.7,160.43,1540615,0
2017-09-14,160.46,163.86,160.18,163.75,1770264,0
2017-09-15,164.49,165.19,163.21,164.77,2811179,0
2017-09-18,164.49,164.73,161.165,161.52,1718362,0
2017-09-19,161.22,161.42,158.8,159.73,1733721,0
2017-09-20,159.89,160.63,159.08,159.9,1637006,0
2017-09-21,159.76,161.1,159.17,159.58,1231054,0
2017-09-22,159.43,160.2,158.49,158.81,855107,0
2017-09-25,159.02,162.1,158.98,160.48,933238,0
2017-09-26,161.17,164.18,160.76,163.51,1706500,0
2017-09-27,163.1,163.7,159.67,160.11,1478340,0
2017-09-28,160.47,161.92,159.43,161.59,1168977,0
2017-09-29,160.77,162,159.81,161.01,1611018,0
2017-10-02,161.18,161.38,159.5,159.69,1335579,0
2017-10-03,159.55,160.35,157.91,159.04,1168375,0
2017-10-04,158.42,160.24,158.13,159.84,1661713,0
2017-10-05,160.41,162.57,159.91,161.26,1371223,0
2017-10-06,160.28,161.12,158.77,160.24,1162218,0
2017-10-09,160.54,161.26,160.435,160.76,551722,0
2017-10-10,161.56,163.66,161.11,162.91,1077118,0
2017-10-11,163.16,165.11,162.62,165.08,1414883,0
2017-10-12,164.56,165.92,162.7,164.54,1402020,0
2017-10-13,165.41,167.82,164.38,166.31,1446848,0
2017-10-16,166.45,167.28,165.025,165.33,1092794,0
2017-10-17,165.19,167.74,164.82,167.1,1366199,0
2017-10-18,166.72,167.6,164.17,164.49,1092686,0
2017-10-19,164.76,166.48,164.16,165.52,1518319,0
2017-10-20,165.58,165.8,163.08,164.72,1300017,0
2017-10-23,165.23,166.19,164.22,165.44,965369,0
2017-10-24,165.29,165.74,163.55,163.87,1501739,0
2017-10-25,163.06,163.88,161.08,163.68,1220729,0
2017-10-26,164.19,164.83,161.64,163.76,1868753,0
2017-10-27,161.25,161.995,153.71,156.66,3493259,0
2017-10-30,156.66,158.27,156.14,157.74,1371928,0
2017-10-31,157.4,157.61,154.05,155.33,2357272,0
2017-11-01,155.99,157.73,155.29,157.09,1539811,0
2017-11-02,156.98,160.268,156.74,159.36,1690115,0
2017-11-03,156.37,157.72,154.7,155,2114650,0
2017-11-06,154.98,155.4,153.74,154.99,2230319,0
2017-11-07,155.24,160.38,154.875,159.05,2481345,0
2017-11-08,159.09,160.14,155.68,157.03,2288437,0
2017-11-09,156.5,163.5,156.49,161.26,2798265,0
2017-11-10,163.15,164.5,161.62,163.75,2832393,0
