2016-01-04,37.85,38.8,37.33,38.07,773777,0
2016-01-05,38.2,38.6254,37.4126,37.6,511639,0
2016-01-06,37.1,37.8,36.3,36.72,950621,0
2016-01-07,35.98,37.48,35.35,36.21,828286,0
2016-01-08,36.57,37.17,35.7,35.93,838471,0
2016-01-11,36.12,36.24,33.36,34.41,1422274,0
2016-01-12,34.92,35.83,32.61,33.99,1141381,0
2016-01-13,34.23,34.32,31.38,32.02,1183944,0
2016-01-14,32.28,33.5,29.05,31.63,3591222,0
2016-01-15,15,15.78,12.8,14.28,16997844,0
2016-01-19,14.39,14.75,12.5,13.44,5459800,0
2016-01-20,13,13.5,12.05,13.26,2794064,0
2016-01-21,13.49,13.49,11.7001,11.97,2776328,0
2016-01-22,12.67,12.89,12.01,12.11,2526007,0
2016-01-25,12.03,12.95,11.81,12.08,1613301,0
2016-01-26,12.48,12.55,11.75,12.16,1605781,0
2016-01-27,12.1,12.34,11.74,11.93,1239222,0
2016-01-28,11.99,12.31,11.225,11.3,1085135,0
2016-01-29,11.24,11.955,11.1,11.91,1231549,0
2016-02-01,11.68,12.62,11.46,12.38,1525629,0
2016-02-02,12.19,12.64,12.03,12.22,1076840,0
2016-02-03,12.25,12.4799,11.23,12.03,1437337,0
2016-02-04,11.95,12.53,11.585,12.23,768701,0
2016-02-05,12.08,12.28,11.68,12.22,1205401,0
2016-02-08,11.85,11.98,10.604,10.75,2049408,0
2016-02-09,10.64,11.44,10.2,11.18,1134362,0
2016-02-10,12,12,11.01,11.29,1020806,0
2016-02-11,11.08,11.94,10.96,11.73,1059607,0
2016-02-12,11.83,12.44,11.3,12.35,1073120,0
2016-02-16,12.5,13.08,12.39,12.95,1188577,0
2016-02-17,13.1,13.7,12.82,13.48,1292610,0
2016-02-18,13.87,13.92,13.22,13.36,1028185,0
2016-02-19,13.24,14.15,13.08,14.08,1100148,0
2016-02-22,14.34,15.5,14.3312,15.18,1679376,0
2016-02-23,15.25,15.74,13.85,14.15,3544366,0
2016-02-24,14.08,14.52,13.31,14.43,1307815,0
2016-02-25,14.4,14.67,13.62,14.36,927913,0
2016-02-26,14.05,14.52,12.7,13.27,2365044,0
2016-02-29,13.21,14.195,13.01,13.7,1012467,0
2016-03-01,13.75,13.85,13.31,13.49,1297110,0
2016-03-02,13.45,14.24,13.37,14.18,1306717,0
2016-03-03,14.2,14.46,13.99,14.27,574982,0
2016-03-04,14.33,14.62,14.02,14.29,678307,0
2016-03-07,14.19,14.99,13.99,14.88,863940,0
2016-03-08,14.83,15.74,14.21,14.44,3418444,0
2016-03-09,14.56,14.63,13.55,13.87,1446702,0
2016-03-10,14.21,16.1,14.14,15.91,3610057,0
2016-03-11,16.29,16.3,14.99,15.74,2195329,0
2016-03-14,16.03,17.3499,15.98,16.64,2572887,0
2016-03-15,16.52,16.56,14.875,15.16,2525448,0
2016-03-16,15,15.456,14.23,14.55,1273456,0
2016-03-17,15.69,17.15,15.58,17.03,3618142,0
2016-03-18,17.04,18.09,16.36,18,3600287,0
2016-03-21,18.25,21.89,18.15,21.71,6997214,0
2016-03-22,20.76,21.34,19.58,20.68,4530669,0
2016-03-23,20.87,21.03,18.21,18.31,3674334,0
2016-03-24,18.26,19.44,17.37,18.45,1981183,0
2016-03-28,18.45,18.67,17.45,17.96,1395589,0
2016-03-29,17.9,19.14,17.61,19.09,1544989,0
2016-03-30,19.46,20.1,18.81,19.27,2046651,0
2016-03-31,19.5,20.1,19.21,19.52,1541279,0
2016-04-01,19.47,20.63,19.2,19.98,1842975,0
2016-04-04,20.19,20.31,19.7644,19.87,1225417,0
2016-04-05,19.83,20.3,19.51,19.53,824533,0
2016-04-06,20.96,23.31,20.1,23.3,8055082,0
2016-04-07,22.99,24.6,22.34,23.28,4744564,0
2016-04-08,24.03,24.2,22.37,22.68,1889953,0
2016-04-11,22.7,23,22.4,22.48,1200158,0
2016-04-12,22.47,22.7199,21.587,22.6,1373735,0
2016-04-13,22.65,23.29,22.19,22.35,1896573,0
2016-04-14,22.59,22.71,21.82,22,1439230,0
2016-04-15,22.16,22.48,20.63,21.1,2801459,0
2016-04-18,21.62,23.2,21,22.43,3951341,0
2016-04-19,22.25,22.53,20.64,20.86,2994876,0
2016-04-20,20.87,20.9499,19.16,19.71,4349672,0
2016-04-21,11.66,12.52,10.5,11.02,22624997,0
2016-04-22,11.41,15.7,11.095,14.95,30910856,0
2016-04-26,8.06,11.56,8,11.02,48156094,0
2016-04-27,11.09,11.8,10.45,11.55,13170446,0
2016-04-28,13.73,15.38,13.25,13.8,24415868,0
2016-04-29,13.77,15.13,13.7,14.19,10039623,0
2016-05-02,14.83,18.14,14.52,17.92,21024192,0
2016-05-03,18.32,19.84,17.65,18.02,26749390,0
2016-05-04,17.73,18.36,16.62,17.22,8356359,0
2016-05-05,16.94,18.02,15.8275,16.76,9971398,0
2016-05-06,16.57,18.25,16.0501,17.7,6711503,0
2016-05-09,17.79,18.62,17.31,17.63,4791466,0
2016-05-10,18,18,17.11,17.75,2471101,0
2016-05-11,18.03,18.26,17.5,17.5,2050651,0
2016-05-12,17.41,17.52,16.12,16.25,2498368,0
2016-05-13,16.16,17.22,15.85,17.18,2049123,0
2016-05-16,17.33,18.03,17.2222,17.66,2858187,0
2016-05-17,17.54,18.01,16.93,17.09,2577603,0
2016-05-18,17.19,17.45,16.843,17.11,1419906,0
2016-05-19,17,17.88,16.95,17.6,2273187,0
2016-05-20,18.5,19.29,17.85,19.15,7117898,0
2016-05-23,19.38,20.14,17.12,17.48,6880516,0
2016-05-24,18.29,18.97,17.57,18.44,5233281,0
2016-05-25,22.15,23.72,20.83,23.35,20444876,0
2016-05-26,23.16,24.28,21.85,22.2,7916125,0
2016-05-27,22.25,23.04,20.82,21.19,6175860,0
2016-05-31,21.84,22.28,20.22,20.93,6460548,0
2016-06-01,20.8,21.8,20.17,21.41,3884148,0
2016-06-02,19.9,19.95,14.8301,15.71,20005207,0
2016-06-03,15.91,16.44,15.25,15.57,5760039,0
2016-06-06,15.65,16.2123,15.056,16.05,3324732,0
2016-06-07,21.19,21.88,19.11,19.67,17698393,0
2016-06-08,19.18,19.6794,18.35,19.44,6740372,0
2016-06-09,20.18,21.7,19.66,20.99,11233328,0
2016-06-10,20.48,20.75,19.67,19.95,3538285,0
2016-06-13,19.66,20.29,19.19,19.41,3253870,0
2016-06-14,19.13,19.9,18.75,19.07,2721678,0
2016-06-15,18.92,19.24,18.76,18.87,2301445,0
2016-06-16,18.76,18.9,17.03,17.38,3950864,0
2016-06-17,17.74,17.84,17.1,17.36,3195519,0
2016-06-20,17.6,18.08,17.2,17.85,2303441,0
2016-06-21,17.77,17.9,16.92,17.05,3266859,0
2016-06-22,16.86,18.04,16.5201,17.41,2554464,0
2016-06-23,17.31,18.1,17.03,17.86,3020845,0
2016-06-24,17.07,18.88,17,18.54,3293296,0
2016-06-27,18.22,18.75,16.6515,16.95,2772805,0
2016-06-28,17.05,17.89,17.05,17.8,1569883,0
2016-06-29,17.88,18.74,17.64,18.65,2336454,0
2016-06-30,18.56,19.3,18.29,19.07,1828930,0
2016-07-01,19.08,20.373,19.06,20.25,2731723,0
2016-07-05,19.96,20.75,19.47,20.27,2154536,0
2016-07-06,20.1,21.18,19.92,20.89,2517735,0
2016-07-07,20.94,21.2,20.4505,20.92,3086528,0
2016-07-08,20.77,22.8,20.75,22.62,3423567,0
2016-07-11,22.6,22.75,21.31,21.37,3174517,0
2016-07-12,21.5,22.44,21.02,22,2778107,0
2016-07-13,22.3,22.48,20.79,21.33,2164886,0
2016-07-14,21.4,21.524,20.08,20.44,2537722,0
2016-07-15,20.23,20.91,19.7101,20.86,2209056,0
2016-07-18,20.93,21.5,20.4201,20.95,1780820,0
2016-07-19,21.2,21.73,21.01,21.14,1559932,0
2016-07-20,20.86,22.6097,20.3,22.46,2805951,0
2016-07-21,22.52,23.41,22.33,22.65,2056467,0
2016-07-22,22.91,24.48,22.61,23.89,2936206,0
2016-07-25,24.03,24.07,23.34,23.67,1733908,0
2016-07-26,23.41,24.49,23.28,24.34,1820417,0
2016-07-27,24.59,24.85,24,24.62,1353920,0
2016-07-28,24.62,25.115,24.25,24.66,1336818,0
2016-07-29,24.57,25.31,24.31,25.28,1867435,0
2016-08-01,25.3,26.06,24.85,25.91,1863320,0
2016-08-02,25.98,26.2,24.52,25.52,2122140,0
2016-08-03,25.3,27.45,25.3,27.18,2164433,0
2016-08-04,27.97,27.97,26.71,26.8,1896462,0
2016-08-05,26.67,27.2025,26.06,26.36,2109115,0
2016-08-08,26.58,27.5546,26.271,26.42,2349418,0
2016-08-09,26.32,26.85,26.0998,26.54,994729,0
2016-08-10,26.46,26.47,23.51,24.03,3237745,0
2016-08-11,24.29,25.46,24.27,24.8,1444678,0
2016-08-12,24.83,25.39,24.72,25.27,1032487,0
2016-08-15,25.4,26.21,25.3545,25.98,1726136,0
2016-08-16,25.72,25.9,24.93,24.95,1289977,0
2016-08-17,24.94,25.43,24.31,25.1,1312905,0
2016-08-18,24.8,25.57,24.75,25.44,893493,0
2016-08-19,25.43,25.855,25.07,25.65,1761129,0
2016-08-22,25.75,26.28,25.25,26.11,1578838,0
2016-08-23,26.11,26.38,25.75,26.24,1341407,0
2016-08-24,26.35,28.799,26.01,26.2,3838108,0
2016-08-25,26.79,26.9799,24.96,25.76,1832993,0
2016-08-26,25.76,27.1299,25.75,26.78,1597308,0
2016-08-29,26.73,27.73,26.52,27.4,1265697,0
2016-08-30,27.47,27.89,26.77,27.21,1094267,0
2016-08-31,27.24,27.45,25.8,26.07,1449955,0
2016-09-01,25.89,26.63,25.591,26.56,1260223,0
2016-09-02,26.77,27.23,26.18,26.89,1147477,0
2016-09-06,27.08,28.04,26.96,27.79,1456345,0
2016-09-07,27.76,28.48,27.6,28.46,1433729,0
2016-09-08,28.52,28.72,27.8501,28.64,1094000,0
2016-09-09,28.37,28.5,27.13,27.18,1675597,0
2016-09-12,26.64,27.75,26.53,27.74,1547072,0
2016-09-13,27.49,27.49,25.47,25.6,2209203,0
2016-09-14,29.65,32.91,29.6,32.41,15554508,0
2016-09-15,31.07,31.1,28.98,30.02,4913818,0
2016-09-16,29.4,29.93,27.9901,28.15,4232210,0
2016-09-19,28.81,56.18,28.1,48.94,50229235,0
2016-09-20,51.95,56.8,51.95,55.73,20921140,0
2016-09-21,57.58,58.87,54.6,56.22,8383274,0
2016-09-22,56.9,61.6,56.9,60.97,10465445,0
2016-09-23,60.51,60.7,57.23,57.82,8660674,0
2016-09-26,59.01,61.43,58,59.66,5566561,0
2016-09-27,59.05,59.9395,57.71,59.1,2772494,0
2016-09-28,61.8,63.73,60.57,62.22,7664729,0
2016-09-29,62.24,63.1,60.1178,60.98,3036619,0
2016-09-30,61.17,62.23,59.6,61.43,1950083,0
2016-10-03,61.69,61.8,60.1,60.95,1470932,0
2016-10-04,61.45,62.13,60.56,61.48,1937648,0
2016-10-05,61.24,62.79,60.82,62.35,1358954,0
2016-10-06,62.15,63.03,61.45,61.74,1440507,0
2016-10-07,61.55,61.985,55.72,57.89,8482965,0
2016-10-10,58.43,58.7,56.51,57.65,1688154,0
2016-10-11,56.89,57.35,53.35,53.82,3400365,0
2016-10-12,53.56,56.32,52.3,53.61,5650257,0
2016-10-13,53.24,54.94,52.93,54.19,1569445,0
2016-10-14,54.34,55.02,52.15,52.28,1801303,0
2016-10-17,52.27,52.5,48.39,48.94,4285256,0
2016-10-18,50,51.38,49.06,49.88,2298390,0
2016-10-19,49.21,49.6777,47.73,47.82,1879212,0
2016-10-20,47.66,49.37,46.77,49.05,2294242,0
2016-10-21,48.1,48.7,47.51,47.98,1448624,0
2016-10-24,47.91,48.2607,46.845,46.92,1423270,0
2016-10-25,47.17,48.58,46.3,46.33,1646146,0
2016-10-26,46.54,46.54,44.36,44.54,2762083,0
2016-10-27,44.91,45.4,40.02,40.81,6052173,0
2016-10-28,40.19,42.51,39.56,40.9,2727771,0
2016-10-31,40.96,41.95,39.05,39.24,2897215,0
2016-11-01,39.42,40.47,38.68,40.07,1854001,0
2016-11-02,39.72,39.8493,37.35,37.39,2019891,0
2016-11-03,37.5,37.7,35.33,37.16,3062381,0
2016-11-04,37.07,40.1,37.07,39.21,2200138,0
2016-11-07,40.44,40.95,38.75,38.86,2276186,0
2016-11-08,38.55,38.61,37.021,37.81,1870986,0
2016-11-09,40.4,43.05,39.0796,42.67,3851153,0
2016-11-10,44,45.21,39.86,41,3964081,0
2016-11-11,42.44,43,39.15,39.52,2686324,0
2016-11-14,39.47,39.99,37.33,39.12,2542612,0
2016-11-15,38.97,39.06,37.35,37.89,1619504,0
2016-11-16,37.63,40.2724,37.16,37.59,2675037,0
2016-11-17,37.58,39.24,36.68,38.73,1923966,0
2016-11-18,38.86,39.362,38.51,38.74,1900184,0
2016-11-21,38.72,39.25,37.18,37.63,1625704,0
2016-11-22,37.74,38.1199,36.21,36.52,1593686,0
2016-11-23,36.12,38,35.42,37.97,1542264,0
2016-11-25,38.24,38.32,36.68,37.29,1123354,0
2016-11-28,37.27,37.75,36.16,36.28,1904768,0
2016-11-29,36.2,37.62,35.63,36.72,1828458,0
2016-11-30,36.75,36.9397,34.08,34.26,2668272,0
2016-12-01,34.21,34.427,31.32,32.2,4512858,0
2016-12-02,32.5,33.38,31.81,32.66,1716811,0
2016-12-05,32.86,34.19,32.39,34.1,2196237,0
2016-12-06,34.09,35.03,33.71,34.82,1476554,0
2016-12-07,34.12,34.94,33.07,33.91,1487413,0
2016-12-08,33.91,34.58,33.13,34.49,1144948,0
2016-12-09,34.81,35.38,32.59,32.66,1941930,0
2016-12-12,32.48,32.64,31.04,31.66,1777461,0
2016-12-13,31.59,32.33,31.28,31.82,1148684,0
2016-12-14,30.85,31.2,29.22,29.98,3384056,0
2016-12-15,29.96,31.08,29.36,30.53,1986336,0
2016-12-16,30.47,31.56,30.01,31.12,2418549,0
2016-12-19,30.97,31.47,29.69,30,1399865,0
2016-12-20,30.01,30.077,29.13,29.63,1657426,0
2016-12-21,29.37,29.92,28.6174,29.49,1989643,0
2016-12-22,30.72,31.2,28.08,28.16,2981326,0
2016-12-23,28.51,29.98,28.51,29.9,2108379,0
2016-12-27,30,30.18,28.65,28.92,1477857,0
2016-12-28,29.01,29.27,28.16,28.37,1220251,0
2016-12-29,28.3,28.5,27.14,27.63,1626170,0
2016-12-30,27.56,27.79,26.66,27.43,1565895,0
2017-01-03,28.35,28.42,27.1956,27.92,2121047,0
2017-01-04,27.59,29.89,27.52,29.24,2841519,0
2017-01-05,29.26,29.76,28.39,29.52,2266039,0
2017-01-06,29.77,31.16,29.25,30.08,3118570,0
2017-01-09,30.42,31.56,29.74,31.26,2655245,0
2017-01-10,31.44,39.36,27.84,37.89,14740646,0
2017-01-11,38.24,38.27,35.04,35.55,5416021,0
2017-01-12,35.92,37.35,35,36.73,3146624,0
2017-01-13,36.57,38.55,36.57,37.83,2528701,0
2017-01-17,37.5,37.5001,36.03,36.13,2093507,0
2017-01-18,36.27,36.92,35.7883,35.98,1654013,0
2017-01-19,36.04,36.23,34.02,34.23,2113249,0
2017-01-20,34.29,34.67,32.439,32.66,2137379,0
2017-01-23,32.55,32.63,31.22,31.41,1570340,0
2017-01-24,31.34,31.89,30.56,30.74,1960651,0
2017-01-25,30.74,31.39,29.88,30.25,1493236,0
2017-01-26,30.23,31.11,29.84,30.05,1226676,0
2017-01-27,30,31.0384,29.39,30.83,1799376,0
2017-01-30,30.62,30.62,28.75,28.97,2166808,0
2017-01-31,28.72,31.29,28.27,31.06,3717190,0
2017-02-01,30.51,30.8,28.58,29.11,3760296,0
2017-02-02,28.91,29.47,28.4,28.91,1678439,0
2017-02-03,29.15,29.36,28.82,29.33,1361351,0
2017-02-06,29.3,29.4011,28.62,29.07,1360541,0
2017-02-07,29.19,30.9,28.7445,29.17,3621458,0
2017-02-08,29.38,29.72,28.68,29.26,1369449,0
2017-02-09,29.5,29.82,28.61,29.34,2045327,0
2017-02-10,29.43,29.44,27.83,27.83,2028098,0
2017-02-13,27.81,27.85,26.26,27.67,3210813,0
2017-02-14,27.8,28.95,27.75,28.27,1813286,0
2017-02-15,28.48,28.83,27.6294,27.91,1574143,0
2017-02-16,27.93,28.35,26.96,27.97,1577369,0
2017-02-17,27.8,28.35,27.205,28.28,1247642,0
2017-02-21,28.88,29,28.08,28.68,2104128,0
2017-02-22,28.61,30.6,28.305,30.38,2880484,0
2017-02-23,30.6,31.29,29.6,30.15,2154050,0
2017-02-24,30.08,32.0892,29.7001,32.02,2888192,0
2017-02-27,32.06,32.82,31.22,32.71,2842491,0
2017-02-28,32.99,33.65,31,31.11,3012013,0
2017-03-01,29.65,31.91,28.5,30.38,8237568,0
2017-03-02,32,34.33,31.65,32.63,7346286,0
2017-03-03,33.05,34.85,32.76,34.39,3611265,0
2017-03-06,34.1,34.39,33.13,33.37,1656199,0
2017-03-07,32.81,33.34,32.14,32.29,1350990,0
2017-03-08,33,34.25,32.6301,33.43,1976762,0
2017-03-09,33.35,33.73,32.29,32.73,1417206,0
2017-03-10,33.21,33.45,31.685,32.63,2057096,0
2017-03-13,32.471,32.95,31.36,31.37,1674247,0
2017-03-14,31.09,31.65,29.795,30.16,1908893,0
2017-03-15,30.21,31.69,29.84,31.63,1552434,0
2017-03-16,31.56,31.7328,30.07,30.35,1412898,0
2017-03-17,30.31,30.67,29.5,30.3,1943559,0
2017-03-20,30.12,30.53,29.75,30.45,1037150,0
2017-03-21,30.6,30.85,28.8,28.93,1580990,0
2017-03-22,29.05,30.24,28.55,30.19,1665134,0
2017-03-23,30.06,30.55,29.52,29.68,1043241,0
2017-03-24,29.72,30.17,29.54,29.93,841241,0
2017-03-27,29.92,30.6,29.32,30.56,1211138,0
2017-03-28,31.5,31.54,29.33,29.8,1671902,0
2017-03-29,29.72,29.999,29.17,29.55,1204850,0
2017-03-30,29.49,29.75,28.7,29.01,1283873,0
2017-03-31,28.94,29.67,28.78,29.6,1125479,0
2017-04-03,29.76,30.45,29.24,29.7,1745443,0
2017-04-04,29.69,29.82,28.75,28.79,1186315,0
2017-04-05,29.9,31.16,28.89,29.21,3463260,0
2017-04-06,29.4,29.58,28.7173,29.32,1317679,0
2017-04-07,29.31,29.37,28.15,28.73,1829407,0
2017-04-10,28.81,29.3,28.5601,28.78,960810,0
2017-04-11,28.64,29,28.14,28.41,1031747,0
2017-04-12,28.29,29.89,28.16,29.41,1604612,0
2017-04-13,29.41,30.17,29.15,29.93,1196432,0
2017-04-17,29.84,31.35,29.84,30.78,1477912,0
2017-04-18,30.92,31.72,30.36,31.38,1651816,0
2017-04-19,31.46,32.323,30.41,31.83,1638294,0
2017-04-20,32,32.88,31.78,32.54,1570100,0
2017-04-21,32.54,32.78,31.52,32.61,1643623,0
2017-04-24,34.37,34.75,32.82,34.02,4424590,0
2017-04-25,34.3,36.02,34.22,35.81,3509056,0
2017-04-26,35.98,36.06,33.93,34.86,2836296,0
2017-04-27,35.1,35.51,34.15,34.72,2802243,0
2017-04-28,38,39.34,35.2,36.26,9469270,0
2017-05-01,36.39,38,36.01,36.72,4075941,0
2017-05-02,36.86,37.09,35.22,35.86,2128753,0
2017-05-03,35.77,35.8137,34.37,34.4,1763372,0
2017-05-04,34.33,34.55,32.76,33.4,2100332,0
2017-05-05,33.38,33.5699,32.32,32.65,1571031,0
2017-05-08,32.4,32.8156,31.52,32.39,1571702,0
2017-05-09,32.42,32.94,31.92,32.75,1476691,0
2017-05-10,32.6,33.05,31.88,32.84,1316854,0
2017-05-11,32.64,33.99,31.88,33.53,1842705,0
2017-05-12,33.54,34.75,33.54,34.29,1363224,0
2017-05-15,34.25,34.7676,33.99,34.42,932132,0
2017-05-16,34.62,35.35,34.391,35.33,871586,0
2017-05-17,34.88,35.26,34.2,34.43,1332314,0
2017-05-18,34.49,36.35,34.3001,35.84,2276756,0
2017-05-19,36.18,37.405,34.6,34.64,2263043,0
2017-05-22,34.7,34.795,32.26,32.68,2855824,0
2017-05-23,32.76,33,31.06,32.27,2184400,0
2017-05-24,32.33,33.4,31.5027,32.49,2260887,0
2017-05-25,32.5,32.949,30.35,30.85,2627132,0
2017-05-26,30.76,30.89,29.4,30.01,2127676,0
2017-05-30,29.96,30,28.83,29.12,2302926,0
2017-05-31,29.49,29.97,28.82,29.84,1695973,0
2017-06-01,29.86,30.96,29.83,30.7,1672401,0
2017-06-02,31.02,31.57,30.5,31.36,1236634,0
2017-06-05,31.49,31.775,30.63,31.44,1111668,0
2017-06-06,31.38,32.27,31.01,31.5,871369,0
2017-06-07,31.37,32.1532,31.153,31.4,973268,0
2017-06-08,31.91,31.91,31.27,31.55,603319,0
2017-06-09,31.55,33.11,31.225,31.47,2059346,0
2017-06-12,31.47,32.0901,30.09,31.95,1180251,0
2017-06-13,31.84,32.85,31.23,32.83,1407074,0
2017-06-14,32.96,34.64,32.76,33.14,2074500,0
2017-06-15,32.95,33.81,32.15,32.38,970966,0
2017-06-16,32.13,32.647,31.8,32.41,1292680,0
2017-06-19,32.53,33.79,32.489,33.31,1309584,0
2017-06-20,33.26,34.3899,33.15,33.51,1440096,0
2017-06-21,33.83,35.49,33.56,35.37,1904883,0
2017-06-22,36.05,36.8,35.32,35.48,2207478,0
2017-06-23,35.36,35.433,34.2814,35.02,2047660,0
2017-06-26,35.14,35.4,34.373,34.65,1037675,0
2017-06-27,34.52,35.059,32.96,33.03,1451290,0
2017-06-28,33.25,34.1,32.361,33.86,1205156,0
2017-06-29,35,35.35,33.03,33.37,2719022,0
2017-06-30,33.23,33.96,33.14,33.71,773346,0
2017-07-03,33.81,35.04,33.64,34.85,656071,0
2017-07-05,34.91,35.88,34.09,35.26,1518795,0
2017-07-06,35,35.48,33.8612,34.06,1261625,0
2017-07-07,34.19,34.58,33.61,34.34,962283,0
2017-07-10,34.38,34.85,33.87,34.05,644304,0
2017-07-11,34.48,34.77,33.75,34.19,761572,0
2017-07-12,34.46,35.11,34.08,34.65,1220493,0
2017-07-13,34.45,35.634,33.72,35.25,1240509,0
2017-07-14,35.29,35.45,34.99,35.25,887897,0
2017-07-17,35.5,36.15,34.83,34.95,1408286,0
2017-07-18,35.55,35.55,33.45,33.89,1814380,0
2017-07-19,34.05,34.53,32.8,34.08,3920318,0
2017-07-20,41.22,43.69,39.5601,40.93,19889690,0
2017-07-21,41.55,44.07,41.49,43.41,7591964,0
2017-07-24,42.63,44.24,42.25,43.95,6673860,0
2017-07-25,42.84,43.25,41.55,42.54,11222823,0
2017-07-26,43.01,44.08,42.24,42.45,3483794,0
2017-07-27,42.51,42.77,40.12,40.56,4134597,0
2017-07-28,41.29,41.46,39.82,40.81,2824795,0
2017-07-31,40.79,41.45,38.48,38.58,3558279,0
2017-08-01,38.75,39.2,37.41,38.74,3436298,0
2017-08-02,38.98,39.38,37.15,38.08,2086004,0
2017-08-03,38.01,38.56,37.25,37.88,1498060,0
2017-08-04,37.73,38.75,37.53,38.52,1499463,0
2017-08-07,38.43,39.31,38.05,39.1,1479233,0
2017-08-08,39.19,39.955,38.34,38.69,1684847,0
2017-08-09,38.29,38.81,37.91,37.97,1126531,0
2017-08-10,37.75,37.9,36.17,37.02,1843338,0
2017-08-11,37,38.5,36.63,38.34,1726061,0
2017-08-14,38.56,38.9,37.68,37.82,1401903,0
2017-08-15,37.83,37.8868,36.41,36.71,1839288,0
2017-08-16,36.89,37.75,36.5,37.43,1497515,0
2017-08-17,37.43,37.88,36.45,36.87,1310707,0
2017-08-18,36.78,37.2,36.5,36.7,1271993,0
2017-08-21,36.67,36.95,35.33,35.73,1745730,0
2017-08-22,35.75,37.15,35.26,36.95,1804045,0
2017-08-23,36.57,37.35,35.7,36.07,1763528,0
2017-08-24,36.12,36.53,35.52,36.32,1663170,0
2017-08-25,36.41,36.73,35.8,36.51,1004494,0
2017-08-28,36.97,38.2,36.14,38,1598105,0
2017-08-29,37.56,38.9,37.13,38.25,1864287,0
2017-08-30,38.41,39.5,38.235,39.27,1752142,0
2017-08-31,39.58,40.66,38.64,40.29,2617815,0
2017-09-01,40.35,41.251,39.25,41.23,1953919,0
2017-09-05,40.93,41.5,39.79,41.08,1559951,0
2017-09-06,46.34,47.96,44.77,46.73,12370909,0
2017-09-07,47.58,47.59,44.99,45.38,3787888,0
2017-09-08,45.25,45.4842,42.73,43.01,2882487,0
2017-09-11,43.68,45.07,42.35,44.58,2648680,0
2017-09-12,44.49,44.925,43.571,44.1,1556275,0
2017-09-13,44.12,45.425,43.77,44.79,1454192,0
2017-09-14,44.66,46.3,44.15,46.19,2220650,0
2017-09-15,46.2,47.07,45.61,46.51,3465706,0
2017-09-18,46.53,47.41,46.06,46.83,1798137,0
2017-09-19,47.17,47.48,45.71,45.77,1638509,0
2017-09-20,45.75,46.86,45.26,46.73,1587830,0
2017-09-21,46.5,47.28,45.95,47.1,1222554,0
2017-09-22,46.97,46.97,45.03,45.17,1822314,0
2017-09-25,45.37,45.9727,43.64,43.9,2301344,0
2017-09-26,44.21,44.88,43.43,44.34,1381316,0
2017-09-27,44.48,46.84,44.37,46.6,1783347,0
2017-09-28,46,47.78,45.78,47.15,1982384,0
2017-09-29,47.15,47.72,42.97,45.36,9171487,0
2017-10-02,47,49.58,46.55,49.55,4551929,0
2017-10-03,50,50.19,48.19,49.18,1892482,0
2017-10-04,48.83,50.48,48.36,49.78,1356837,0
2017-10-05,49.75,50.41,49.35,50.26,946625,0
2017-10-06,50.5,51.97,49.74,50.71,1849580,0
2017-10-09,51.03,52.03,50.3,51.26,2119917,0
2017-10-10,51.21,51.599,49.77,51.07,1765741,0
2017-10-11,50.75,51.765,50.42,51.17,1155795,0
2017-10-12,50.97,52.12,50.76,51.28,1505648,0
2017-10-13,51.15,51.29,50.37,50.57,1229674,0
2017-10-16,50.65,52.0905,50.3,50.73,1880434,0
2017-10-17,51.03,51.83,50.75,51.72,1030899,0
2017-10-18,51.935,52.67,51.29,51.42,1064728,0
2017-10-19,50.42,51,49.15,50.72,1584453,0
2017-10-20,50.8,52.11,50.375,51.94,1669506,0
2017-10-23,52.24,52.57,51.21,51.47,1894717,0
2017-10-24,51.25,51.925,48.54,48.96,2658470,0
2017-10-25,49.39,50.04,47.1163,48.36,2958658,0
2017-10-26,48.2,49.739,46.07,47.64,3764799,0
2017-10-27,48.24,48.773,46.13,47.79,1872003,0
2017-10-30,47.7141,48.98,46.97,47.95,1233056,0
2017-10-31,47.64,50,47.25,49.31,1564661,0
2017-11-01,49.56,50.5,48.81,49.39,1256851,0
2017-11-02,49.03,51.23,48.77,51.04,1443736,0
2017-11-03,51.28,54.42,51.2,53.46,2515503,0
2017-11-06,53.78,57.29,53.73,55.52,3161313,0
2017-11-07,56,57.57,55.66,55.85,1435057,0
2017-11-08,54.35,54.6552,52.41,52.44,3621607,0
2017-11-09,52.09,52.58,50.51,52.17,4129827,0
2017-11-10,51.94,54.31,51.86,54.16,2420548,0
