2016-01-04,10.216,10.435,10.216,10.427,11027,0
2016-01-05,10.404,10.494,10.404,10.494,11157,0
2016-01-06,10.487,10.487,10.291,10.487,5588,0
2016-01-07,10.216,10.419,10.216,10.419,4781,0
2016-01-08,10.375,10.381,10.375,10.381,265,0
2016-01-11,10.382,10.493,10.339,10.339,1821,0
2016-01-12,10.404,10.404,10.299,10.299,2393,0
2016-01-13,10.299,10.299,10.299,10.299,732,0
2016-01-14,10.299,10.352,10.239,10.34,6727,0
2016-01-15,10.389,10.389,10.162,10.239,3672,0
2016-01-19,10.375,10.45,10.375,10.45,6376,0
2016-01-20,10.262,10.389,10.239,10.389,4711,0
2016-01-21,10.389,10.389,10.283,10.283,1528,0
2016-01-25,10.435,10.435,10.171,10.36,7171,0
2016-01-26,10.162,10.45,10.162,10.45,1604,0
2016-01-27,10.317,10.352,10.316,10.352,2923,0
2016-01-28,10.352,10.352,10.352,10.352,133,0
2016-01-29,10.366,10.45,10.352,10.367,1533,0
2016-02-01,10.45,10.45,10.45,10.45,1195,0
2016-02-02,10.487,10.487,10.352,10.352,3801,0
2016-02-03,10.367,10.367,10.367,10.367,133,0
2016-02-05,10.276,10.39,10.276,10.389,5665,0
2016-02-08,10.26,10.26,10.178,10.26,1992,0
2016-02-09,10.193,10.259,10.193,10.259,265,0
2016-02-10,10.178,10.45,10.162,10.45,1462,0
2016-02-11,10.149,10.149,10.149,10.149,152,0
2016-02-16,10.194,10.222,10.103,10.119,7779,0
2016-02-17,10.103,10.3,10.103,10.21,7152,0
2016-02-19,10.406,10.406,10.17,10.17,984,0
2016-02-22,10.127,10.156,10.127,10.149,528,0
2016-02-24,10.398,10.398,10.198,10.198,890,0
2016-02-25,10.384,10.384,10.384,10.384,1435,0
2016-02-29,10.217,10.24,10.126,10.126,4674,0
2016-03-01,10.126,10.126,9.966,9.966,1774,0
2016-03-02,9.974,9.989,9.973,9.989,397,0
2016-03-03,9.944,10.005,9.928,9.95,6812,0
2016-03-04,9.966,10.217,9.966,10.217,2232,0
2016-03-08,10.036,10.036,9.966,9.966,2580,0
2016-03-09,10.012,10.012,10.012,10.012,1870,0
2016-03-10,10.028,10.028,9.966,9.966,7550,0
2016-03-11,9.997,9.997,9.989,9.997,3687,0
2016-03-14,9.966,9.981,9.966,9.981,2109,0
2016-03-15,10.064,10.064,10.036,10.053,6317,0
2016-03-16,10.05,10.05,10.042,10.042,1843,0
2016-03-17,10.056,10.056,10.056,10.056,566,0
2016-03-18,10.022,10.023,9.997,9.997,1215,0
2016-03-21,10.064,10.139,10.064,10.139,523,0
2016-03-22,10.03,10.142,10.03,10.142,1445,0
2016-03-23,10.03,10.03,10.03,10.03,411,0
2016-03-24,10.064,10.064,10.064,10.064,529,0
2016-03-28,10.064,10.064,10.02,10.064,1986,0
2016-03-29,10.194,10.202,10.036,10.036,2572,0
2016-03-30,10.103,10.354,10.036,10.064,17605,0
2016-03-31,10.064,10.064,10.064,10.064,132,0
2016-04-01,10.042,10.157,10.042,10.042,1584,0
2016-04-04,10.064,10.064,10.064,10.064,263,0
2016-04-05,10.24,10.24,10.24,10.24,132,0
2016-04-06,10.064,10.252,10.064,10.252,3327,0
2016-04-08,10.16,10.189,10.103,10.103,754,0
2016-04-11,10.103,10.26,10.103,10.111,1553,0
2016-04-12,10.111,10.119,10.111,10.119,4982,0
2016-04-13,10.194,10.202,10.142,10.142,2125,0
2016-04-15,10.162,10.24,10.162,10.162,1201,0
2016-04-18,10.156,10.308,10.149,10.149,1471,0
2016-04-19,10.354,10.725,10.324,10.673,152030,0
2016-04-20,10.787,10.787,10.56,10.634,263560,0
2016-04-21,10.817,10.817,10.634,10.696,7559,0
2016-04-22,10.666,10.666,10.59,10.634,29466,0
2016-04-25,10.596,10.748,10.596,10.748,34362,0
2016-04-26,10.642,10.825,10.642,10.788,49809,0
2016-04-27,10.71,10.78,10.634,10.681,52023,0
2016-04-28,10.702,10.825,10.642,10.71,72476,0
2016-04-29,10.71,10.744,10.71,10.744,788,0
2016-05-02,10.71,10.806,10.65,10.65,15668,0
2016-05-03,10.791,10.791,10.642,10.65,29899,0
2016-05-04,10.71,10.744,10.642,10.658,23434,0
2016-05-05,10.634,10.634,10.596,10.634,2181,0
2016-05-09,10.65,10.787,10.642,10.724,4344,0
2016-05-11,10.688,10.748,10.688,10.713,1998,0
2016-05-12,10.71,10.71,10.65,10.65,25448,0
2016-05-13,10.65,10.702,10.626,10.634,29367,0
2016-05-16,10.718,10.718,10.718,10.718,685,0
2016-05-17,10.672,10.715,10.666,10.697,4697,0
2016-05-18,10.666,10.666,10.666,10.666,1193,0
2016-05-19,10.718,10.737,10.666,10.737,1035,0
2016-05-20,10.596,10.726,10.596,10.726,10315,0
2016-05-23,10.666,10.722,10.603,10.603,1032,0
2016-05-24,10.626,10.689,10.611,10.614,8142,0
2016-05-25,10.611,10.666,10.611,10.611,9210,0
2016-05-26,10.618,10.718,10.611,10.611,2249,0
2016-05-27,10.674,10.674,10.611,10.611,2219,0
2016-05-31,10.65,10.65,10.581,10.622,2829,0
2016-06-01,10.603,10.626,10.603,10.626,1492,0
2016-06-02,10.535,10.535,10.535,10.535,658,0
2016-06-03,10.535,10.581,10.535,10.543,978,0
2016-06-06,10.535,10.65,10.535,10.536,6443,0
2016-06-07,10.535,10.618,10.527,10.527,14095,0
2016-06-08,10.443,10.443,10.443,10.443,677,0
2016-06-09,10.383,10.383,10.383,10.383,913,0
2016-06-10,10.344,10.344,10.344,10.344,2872,0
2016-06-13,10.367,10.367,10.367,10.367,131,0
2016-06-14,10.434,10.434,10.367,10.367,2153,0
2016-06-17,10.495,10.603,10.495,10.496,725,0
2016-06-21,10.459,10.481,10.42,10.481,5658,0
2016-06-22,10.42,10.42,10.389,10.389,1565,0
2016-06-23,10.488,10.527,10.488,10.504,3141,0
2016-06-24,10.367,10.367,10.059,10.229,5603,0
2016-06-27,10.223,10.337,10.223,10.337,260,0
2016-06-29,10.174,10.273,10.08,10.273,1666,0
2016-06-30,10.527,10.527,10.349,10.52,393,0
2016-07-01,10.42,10.52,10.206,10.206,5583,0
2016-07-05,10.174,10.174,10.174,10.174,1238,0
2016-07-06,10.166,10.266,10.143,10.266,4919,0
2016-07-08,10.106,10.109,10.106,10.109,1437,0
2016-07-11,10.245,10.459,10.174,10.36,4308,0
2016-07-12,10.459,10.459,10.381,10.389,1565,0
2016-07-13,10.412,10.42,10.266,10.266,5742,0
2016-07-14,10.263,10.459,10.263,10.381,13351,0
2016-07-15,10.436,10.459,10.436,10.459,2938,0
2016-07-19,10.527,10.527,10.527,10.527,782,0
2016-07-20,10.65,10.65,10.527,10.595,5220,0
2016-07-21,10.574,10.574,10.527,10.528,3394,0
2016-07-22,10.527,10.642,10.527,10.642,782,0
2016-07-25,10.65,10.65,10.65,10.65,456,0
2016-07-26,10.404,10.535,10.404,10.535,923,0
2016-07-27,10.535,10.551,10.428,10.428,4211,0
2016-07-28,10.57,10.574,10.529,10.559,4046,0
2016-07-29,10.422,10.559,10.42,10.559,11761,0
2016-08-01,10.558,10.606,10.552,10.606,5123,0
2016-08-02,10.603,10.603,10.559,10.559,913,0
2016-08-03,10.65,10.65,10.559,10.611,2143,0
2016-08-04,10.535,10.65,10.535,10.65,6937,0
2016-08-05,10.6,10.6,10.559,10.559,5664,0
2016-08-08,10.574,10.65,10.574,10.647,4308,0
2016-08-10,10.543,10.543,10.543,10.543,131,0
2016-08-11,10.574,10.65,10.574,10.596,3419,0
2016-08-12,10.581,10.61,10.574,10.61,5089,0
2016-08-15,10.551,10.65,10.551,10.611,9932,0
2016-08-16,10.6,10.727,10.574,10.611,10635,0
2016-08-17,10.6,10.6,10.558,10.558,775,0
2016-08-18,10.574,10.592,10.558,10.558,3111,0
2016-08-19,10.589,10.596,10.55,10.579,7350,0
2016-08-23,10.55,10.596,10.55,10.57,3534,0
2016-08-24,10.558,10.602,10.558,10.602,3901,0
2016-08-25,10.555,10.57,10.546,10.558,2877,0
2016-08-26,10.581,10.596,10.581,10.596,3535,0
2016-08-29,10.571,10.603,10.55,10.598,4512,0
2016-08-30,10.581,10.589,10.55,10.55,19168,0
2016-08-31,10.563,10.602,10.542,10.596,4015,0
2016-09-01,10.586,10.596,10.58,10.596,906,0
2016-09-02,10.562,10.602,10.562,10.602,519,0
2016-09-06,10.603,10.603,10.542,10.551,1200,0
2016-09-07,10.581,10.603,10.581,10.603,1616,0
2016-09-08,10.596,10.596,10.542,10.57,1941,0
2016-09-09,10.56,10.586,10.477,10.572,26991,0
2016-09-12,10.566,10.566,10.481,10.484,8227,0
2016-09-13,10.473,10.603,10.473,10.536,4170,0
2016-09-14,10.473,10.589,10.473,10.503,9580,0
2016-09-15,10.481,10.534,10.458,10.511,4045,0
2016-09-16,10.434,10.511,10.286,10.286,42655,0
2016-09-19,10.398,10.47,10.386,10.386,4192,0
2016-09-20,10.428,10.428,10.386,10.386,647,0
2016-09-21,10.378,10.412,10.33,10.372,34721,0
2016-09-22,10.372,10.45,10.318,10.318,15310,0
2016-09-23,10.442,10.511,10.442,10.511,2063,0
2016-09-26,10.45,10.488,10.442,10.442,775,0
2016-09-27,10.503,10.511,10.442,10.503,12292,0
2016-09-28,10.503,10.526,10.442,10.442,1559,0
2016-09-29,10.458,10.484,10.458,10.484,3468,0
2016-09-30,10.458,10.515,10.458,10.495,3494,0
2016-10-03,10.466,10.485,10.458,10.485,2587,0
2016-10-04,10.458,10.481,10.458,10.481,7640,0
2016-10-05,10.413,10.542,10.378,10.49,2540,0
2016-10-06,10.371,10.488,10.366,10.486,6697,0
2016-10-07,10.426,10.534,10.402,10.534,647,0
2016-10-10,10.526,10.542,10.526,10.542,1682,0
2016-10-11,10.442,10.542,10.442,10.511,9163,0
2016-10-12,10.421,10.542,10.406,10.473,4400,0
2016-10-13,10.403,10.403,10.403,10.403,519,0
2016-10-17,10.402,10.458,10.402,10.458,1424,0
2016-10-18,10.395,10.458,10.347,10.442,15117,0
2016-10-19,10.357,10.495,10.294,10.495,16867,0
2016-10-20,10.458,10.458,10.458,10.458,258,0
2016-10-21,10.434,10.434,10.306,10.426,2847,0
2016-10-24,10.334,10.503,10.334,10.503,3106,0
2016-10-25,10.434,10.434,10.267,10.386,19279,0
2016-10-26,10.372,10.372,10.372,10.372,589,0
2016-10-27,10.278,10.278,10.166,10.222,7182,0
2016-10-28,10.242,10.242,10.156,10.186,2781,0
2016-10-31,10.202,10.242,10.182,10.182,1961,0
2016-11-01,10.205,10.205,10.162,10.162,677,0
2016-11-02,10.357,10.434,10.242,10.357,16453,0
2016-11-03,10.357,10.357,10.35,10.35,2057,0
2016-11-04,10.162,10.162,10.162,10.162,223,0
2016-11-07,10.414,10.414,10.162,10.242,3591,0
2016-11-08,10.125,10.173,10.125,10.173,2180,0
2016-11-09,10.39,10.39,10.162,10.162,906,0
2016-11-10,10.315,10.394,10.242,10.31,66197,0
2016-11-11,10.434,10.434,10.318,10.394,10682,0
2016-11-14,10.488,10.605,10.372,10.587,74129,0
2016-11-15,10.605,10.684,10.568,10.605,13542,0
2016-11-16,10.645,10.684,10.568,10.684,4574,0
2016-11-17,10.684,10.722,10.684,10.684,11060,0
2016-11-18,10.722,10.801,10.722,10.778,4216,0
2016-11-21,10.688,10.801,10.568,10.578,6569,0
2016-11-22,10.684,10.839,10.605,10.839,35780,0
2016-11-23,10.879,10.879,10.762,10.801,7751,0
2016-11-25,10.899,10.917,10.879,10.893,3365,0
2016-11-28,11.074,11.074,11.074,11.074,21751,0
2016-11-29,10.609,10.879,10.605,10.879,6504,0
2016-11-30,11.089,11.113,10.839,10.839,5306,0
2016-12-01,10.917,11.105,10.917,11.105,1562,0
2016-12-02,11.05,11.05,10.917,10.98,7375,0
2016-12-05,10.956,11.07,10.839,10.956,6290,0
2016-12-06,11.074,11.23,11.074,11.23,22496,0
2016-12-07,11.23,11.269,11.156,11.23,1814,0
2016-12-08,11.113,11.503,11.113,11.191,11379,0
2016-12-09,11.269,11.388,10.956,11.23,58764,0
2016-12-12,11.23,11.463,11.074,11.308,19626,0
2016-12-13,11.269,11.775,11.23,11.308,7477,0
2016-12-14,11.191,11.269,11.074,11.191,13963,0
2016-12-15,11.42,11.42,11.113,11.113,8184,0
2016-12-16,11.113,11.208,11.074,11.191,6692,0
2016-12-19,11.269,11.346,11.269,11.269,1594,0
2016-12-20,11.346,11.424,11.346,11.424,6993,0
2016-12-21,11.386,11.424,11.346,11.346,1095,0
2016-12-22,11.308,11.815,11.308,11.541,4662,0
2016-12-27,11.463,11.463,11.308,11.463,837,0
2016-12-29,11.672,11.694,11.672,11.694,1430,0
2016-12-30,11.698,11.698,11.507,11.698,1766,0
2017-01-03,11.698,11.737,11.6,11.737,13752,0
2017-01-04,12.049,12.049,12.049,12.049,145,0
2017-01-05,11.892,11.892,11.869,11.892,2152,0
2017-01-06,11.873,11.873,11.775,11.775,3921,0
2017-01-09,11.815,11.815,11.815,11.815,345,0
2017-01-10,11.97,11.985,11.507,11.528,9040,0
2017-01-11,11.698,11.892,11.698,11.775,2561,0
2017-01-12,11.737,11.758,11.698,11.698,5414,0
2017-01-13,11.922,12.009,11.815,12.009,12006,0
2017-01-17,11.97,11.97,11.737,11.775,1416,0
2017-01-18,11.737,11.839,11.698,11.839,3358,0
2017-01-19,11.762,11.97,11.762,11.97,9198,0
2017-01-20,11.943,12.005,11.943,12.005,2596,0
2017-01-23,11.823,12.009,11.823,12.009,2207,0
2017-01-24,12.009,12.009,11.932,11.932,586,0
2017-01-25,12.009,12.4,11.892,12.361,25865,0
2017-01-26,12.283,12.283,11.932,12.244,3110,0
2017-01-27,12.165,12.438,12.165,12.438,15000,0
2017-01-30,12.361,12.361,11.95,12.244,2536,0
2017-01-31,12.438,12.438,12.4,12.4,477,0
2017-02-01,12.4,12.4,11.892,12.009,2356,0
2017-02-03,12.283,12.438,12.204,12.24,1350,0
2017-02-06,12.091,12.091,12.091,12.091,793,0
2017-02-07,12.283,12.555,12.252,12.555,16250,0
2017-02-08,12.477,12.829,12.438,12.829,7499,0
2017-02-09,12.829,12.829,12.613,12.821,5120,0
2017-02-10,12.868,12.868,12.783,12.868,9856,0
2017-02-13,12.868,13.063,12.868,13.059,5989,0
2017-02-14,13.063,13.647,13.063,13.608,25505,0
2017-02-15,13.977,14.998,13.749,13.859,45205,0
2017-02-16,14.369,14.719,13.781,13.938,16717,0
2017-02-17,14.135,14.135,13.726,13.749,10995,0
2017-02-21,14.017,14.017,13.741,13.977,8613,0
2017-02-22,13.82,14.095,13.703,13.859,3525,0
2017-02-23,14.066,14.091,13.82,14.055,4874,0
2017-02-24,14.095,14.135,13.859,13.859,5018,0
2017-02-27,13.903,13.903,13.279,13.349,17163,0
2017-02-28,13.271,13.271,11.818,12.76,92817,0
2017-03-01,12.289,13.388,12.289,13.231,2637,0
2017-03-02,12.981,13.169,12.682,12.839,4756,0
2017-03-03,12.477,12.878,12.407,12.878,6622,0
2017-03-06,12.996,12.996,12.76,12.76,1848,0
2017-03-07,13.035,13.267,12.76,13.153,13174,0
2017-03-08,13.223,13.223,13.113,13.113,5674,0
2017-03-09,12.956,13.153,12.956,13.035,3730,0
2017-03-10,13.153,13.349,13.074,13.153,7231,0
2017-03-13,13.148,13.349,13.035,13.31,4146,0
2017-03-14,13.349,13.506,13.278,13.506,4100,0
2017-03-15,14.233,14.233,13.496,13.595,23360,0
2017-03-16,13.693,13.791,13.108,13.545,13797,0
2017-03-17,13.643,13.643,12.711,12.711,6649,0
2017-03-20,12.76,13.143,12.76,13.055,2050,0
2017-03-21,13.467,13.467,12.834,12.888,3621,0
2017-03-22,13.055,13.153,13.055,13.153,1520,0
2017-03-23,12.907,13.005,12.711,12.711,1725,0
2017-03-24,12.907,12.912,12.787,12.787,2518,0
2017-03-27,12.711,13.044,12.274,13.044,5098,0
2017-03-28,13.419,13.419,12.318,12.809,4774,0
2017-03-29,13.061,13.061,12.466,12.466,3182,0
2017-03-30,12.956,12.956,12.956,12.956,1224,0
2017-03-31,12.883,12.928,12.74,12.809,3246,0
2017-04-03,12.858,13.005,12.858,12.858,11276,0
2017-04-04,12.927,12.927,12.858,12.858,355,0
2017-04-05,12.459,12.956,12.459,12.765,12480,0
2017-04-06,12.417,12.809,12.318,12.613,12014,0
2017-04-07,12.662,12.672,12.466,12.662,4104,0
2017-04-10,12.367,12.809,12.367,12.76,5537,0
2017-04-11,12.613,12.768,12.515,12.515,2642,0
2017-04-12,12.781,12.781,12.781,12.781,382,0
2017-04-17,12.809,12.809,12.809,12.809,882,0
2017-04-18,12.564,12.564,12.564,12.564,121,0
2017-04-19,12.564,12.748,12.564,12.564,743,0
2017-04-20,12.521,12.662,12.367,12.564,25813,0
2017-04-21,12.466,12.733,12.466,12.466,1243,0
2017-04-24,12.687,12.777,12.564,12.593,2932,0
2017-04-25,12.665,12.76,12.466,12.564,27746,0
2017-04-26,12.564,12.858,12.564,12.564,4609,0
2017-04-27,12.564,12.849,12.564,12.809,2323,0
2017-04-28,12.75,12.858,12.75,12.858,9446,0
2017-05-01,12.956,12.956,12.907,12.907,1158,0
2017-05-02,12.956,13.104,12.858,13.055,5556,0
2017-05-03,12.996,12.996,12.76,12.858,4642,0
2017-05-04,13.179,13.179,12.956,12.956,2180,0
2017-05-05,12.936,12.936,12.682,12.76,4124,0
2017-05-08,12.809,12.809,12.809,12.809,144,0
2017-05-09,12.809,12.858,12.809,12.809,1278,0
2017-05-11,12.779,12.858,12.583,12.858,21052,0
2017-05-12,12.76,12.888,12.76,12.76,15490,0
2017-05-15,12.834,12.907,12.809,12.902,5453,0
2017-05-16,12.878,12.878,12.828,12.828,1160,0
2017-05-17,12.828,12.878,12.729,12.729,3011,0
2017-05-18,12.481,12.798,12.481,12.798,2741,0
2017-05-19,12.828,12.828,12.531,12.828,3903,0
2017-05-23,12.874,12.874,12.874,12.874,1575,0
2017-05-24,12.878,12.878,12.715,12.782,1317,0
2017-05-25,12.878,13.01,12.813,12.813,3358,0
2017-05-30,12.828,12.828,12.68,12.729,36414,0
2017-05-31,12.729,12.729,12.63,12.68,17990,0
2017-06-01,12.491,12.58,12.491,12.58,18913,0
2017-06-02,12.531,12.651,12.531,12.651,1309,0
2017-06-05,12.612,12.68,12.612,12.68,789,0
2017-06-06,12.68,12.714,12.58,12.58,2257,0
2017-06-07,12.481,12.63,12.481,12.58,54581,0
2017-06-08,12.63,12.68,12.63,12.68,2638,0
2017-06-09,12.68,12.878,12.585,12.729,9933,0
2017-06-12,12.531,12.878,12.531,12.878,3030,0
2017-06-13,12.79,12.878,12.79,12.878,1177,0
2017-06-14,12.828,12.878,12.828,12.878,3916,0
2017-06-15,12.828,12.828,12.828,12.828,611,0
2017-06-16,12.849,12.977,12.779,12.977,1542,0
2017-06-19,13.026,13.026,12.878,12.878,3352,0
2017-06-20,12.729,12.828,12.729,12.828,479,0
2017-06-21,12.849,12.878,12.773,12.779,2083,0
2017-06-22,12.745,12.745,12.684,12.684,867,0
2017-06-23,12.779,12.779,12.779,12.779,402,0
2017-06-26,12.729,13.076,12.68,13.076,79702,0
2017-06-27,13.274,13.274,13.031,13.224,2659,0
2017-06-28,13.125,13.125,12.828,12.828,1020,0
2017-06-29,12.729,12.828,12.481,12.828,9837,0
2017-06-30,12.531,13.522,12.531,12.878,4010,0
2017-07-03,12.68,12.878,12.68,12.878,3681,0
2017-07-05,13.208,13.208,13.09,13.09,1015,0
2017-07-06,13.051,13.373,13.051,13.348,1691,0
2017-07-07,13.224,13.224,13.036,13.036,365,0
2017-07-10,13.095,13.145,13.076,13.125,2465,0
2017-07-11,12.878,13.223,12.833,13.076,14736,0
2017-07-12,13.13,13.301,13.13,13.301,707,0
2017-07-13,13.224,13.393,12.882,12.977,3493,0
2017-07-14,12.729,12.927,12.68,12.68,4052,0
2017-07-17,12.63,13.274,12.63,12.878,4392,0
2017-07-18,12.932,12.932,12.68,12.878,12266,0
2017-07-19,12.878,12.878,12.684,12.833,2783,0
2017-07-20,12.68,12.883,12.63,12.878,7200,0
2017-07-21,12.739,12.739,12.739,12.739,621,0
2017-07-24,13.053,13.224,12.729,12.779,2024,0
2017-07-25,12.828,13.076,12.729,12.828,3736,0
2017-07-26,12.89,12.89,12.729,12.729,7632,0
2017-07-27,12.729,12.729,12.63,12.729,3528,0
2017-07-28,12.729,12.794,12.729,12.794,2034,0
2017-07-31,12.878,12.878,12.828,12.828,1148,0
2017-08-01,13.026,13.026,12.779,12.779,1150,0
2017-08-02,12.826,12.826,12.826,12.826,167,0
2017-08-03,12.878,12.878,12.854,12.873,1997,0
2017-08-04,12.807,12.807,12.807,12.807,712,0
2017-08-07,12.779,12.83,12.58,12.58,7063,0
2017-08-08,12.64,12.64,12.64,12.64,590,0
2017-08-09,12.68,12.68,12.58,12.59,2459,0
2017-08-11,12.63,12.63,12.036,12.382,7541,0
2017-08-14,12.377,12.779,12.377,12.63,15919,0
2017-08-15,11.65,12.7,11.65,12.5,21779,0
2017-08-16,12.5,12.6,12.5,12.6,21300,0
2017-08-17,12.65,12.65,12.65,12.65,349,0
2017-08-18,12.65,12.65,12.65,12.65,116,0
2017-08-21,12.59,12.895,12.51,12.51,6178,0
2017-08-22,12.75,12.8,12.45,12.8,16589,0
2017-08-23,12.25,12.6,12.25,12.45,410,0
2017-08-24,12.55,12.7,12.475,12.7,2186,0
2017-08-25,12.65,12.85,12.65,12.85,754,0
2017-08-28,12.55,12.795,12.15,12.25,11569,0
2017-08-29,12.35,12.55,12.3,12.55,2834,0
2017-08-30,12.3,12.55,12.3,12.55,1787,0
2017-08-31,12.7,12.7,12.35,12.35,2194,0
2017-09-01,12.4236,12.4286,12.25,12.2684,4147,0
2017-09-05,12.7,12.7,12.5,12.7,4313,0
2017-09-06,12.9,12.9,12.5,12.55,3133,0
2017-09-07,12.7,12.8,12.7,12.75,2413,0
2017-09-08,12.75,12.9,12.75,12.9,1357,0
2017-09-11,12.9,12.9,12.805,12.9,5877,0
2017-09-12,12.9,13.2,12.75,13,18315,0
2017-09-13,13,13,12.8,12.8,2408,0
2017-09-14,13.05,13.05,12.85,12.9,4734,0
2017-09-15,12.75,12.7661,12.3,12.3,7242,0
2017-09-18,12.35,12.3881,12.3,12.3,4940,0
2017-09-19,12.35,12.3745,12.35,12.35,1669,0
2017-09-20,12.3715,12.3715,12.25,12.3,1756,0
2017-09-21,12.35,12.6,12.35,12.6,3560,0
2017-09-22,12.6,12.7,12.6,12.65,5669,0
2017-09-25,12.65,12.7354,12.55,12.7,3472,0
2017-09-26,12.5,12.75,12.4,12.55,13644,0
2017-09-27,12.6,12.61,12.55,12.55,1230,0
2017-09-28,12.5,12.65,12.5,12.6,5196,0
2017-09-29,12.75,12.755,12.45,12.45,15036,0
2017-10-02,12.45,12.6132,12.45,12.6,9131,0
2017-10-03,12.6,12.75,12.5,12.55,17046,0
2017-10-04,12.5199,12.5199,12.5199,12.5199,1090,0
2017-10-05,12.525,12.7,12.5,12.55,3076,0
2017-10-06,12.55,12.675,12.55,12.6,11403,0
2017-10-10,12.6352,12.75,12.4,12.65,7738,0
2017-10-11,12.6,12.7,12.35,12.4,22971,0
2017-10-12,12.355,12.8655,12.25,12.25,11559,0
2017-10-13,12.15,12.35,12.15,12.3,3902,0
2017-10-16,12.145,12.3852,12.14,12.35,5523,0
2017-10-18,12.29,12.85,12.29,12.5252,5945,0
2017-10-20,13.135,13.135,12.5,12.5,3172,0
2017-10-23,12.8,12.955,12.7,12.7,8978,0
2017-10-24,12.65,12.95,12.55,12.95,919,0
2017-10-25,12.555,12.6,12.4,12.5,16765,0
2017-10-26,12.65,12.8,12.4,12.65,1927,0
2017-10-27,12.75,12.75,12.65,12.75,9700,0
2017-10-30,12.75,12.8214,12.75,12.75,1579,0
2017-10-31,12.75,12.755,12.6,12.75,2709,0
2017-11-01,12.7,12.7,12.4,12.65,2159,0
2017-11-02,12.455,12.455,12.455,12.455,1187,0
2017-11-03,12.65,12.65,12.5,12.55,4864,0
2017-11-06,12.6,12.6,12.6,12.6,542,0
2017-11-07,12.5,12.65,12.5,12.5,7510,0
2017-11-08,12.55,12.6,12.55,12.6,2450,0
2017-11-09,12.5,12.55,12.4,12.45,17988,0
2017-11-10,12.455,12.605,12.455,12.55,3909,0
