2016-01-04,37.995,38.014,37.034,37.518,227564,0
2016-01-05,37.61,37.995,37.446,37.895,99084,0
2016-01-06,37.4,38.188,37.356,37.986,171075,0
2016-01-07,37.382,37.427,36.721,36.778,220983,0
2016-01-08,36.778,37.181,36.578,36.639,182735,0
2016-01-11,36.711,37.208,36.586,36.788,219464,0
2016-01-12,37.043,37.075,36.447,36.823,211140,0
2016-01-13,36.924,37.026,36.211,36.447,271877,0
2016-01-14,36.513,37.446,36.303,37.143,167477,0
2016-01-15,36.621,37.061,36.331,37.061,176015,0
2016-01-19,37.153,37.382,36.403,36.813,196217,0
2016-01-20,36.273,37.995,36.1,37.739,339853,0
2016-01-21,37.923,38.133,36.951,36.951,199183,0
2016-01-22,37.244,38.022,37.244,37.711,217058,0
2016-01-25,37.483,37.666,36.191,36.438,200635,0
2016-01-26,36.529,37.327,36.529,37.244,151435,0
2016-01-27,37.244,37.803,37.108,37.299,195515,0
2016-01-28,37.518,37.63,36.979,37.364,145326,0
2016-01-29,37.474,38.59,37.373,38.443,375973,0
2016-02-01,38.198,38.453,37.84,37.849,164944,0
2016-02-02,37.548,37.548,36.86,36.914,139785,0
2016-02-03,37.217,37.63,36.346,37.08,141162,0
2016-02-04,36.843,37.518,36.77,37.043,149042,0
2016-02-05,37.034,37.224,36.303,36.337,177861,0
2016-02-08,36.072,37.465,36.028,37.264,197444,0
2016-02-09,36.979,38.032,36.586,37.382,116843,0
2016-02-10,37.427,37.721,36.934,36.979,145557,0
2016-02-11,36.504,37.446,36.447,37.336,138485,0
2016-02-12,37.5,37.822,37.08,37.391,178105,0
2016-02-16,37.666,37.977,36.404,37.299,186323,0
2016-02-17,37.492,38.343,37.226,38.114,182793,0
2016-02-18,33.628,34.371,27.063,34.077,1765397,0
2016-02-19,33.82,34.187,30.068,30.087,851908,0
2016-02-22,30.435,31.981,30.068,30.479,683472,0
2016-02-23,30.407,30.509,28.904,28.924,580103,0
2016-02-24,28.786,29.099,28.508,28.675,348047,0
2016-02-25,28.738,28.738,28.22,28.358,306059,0
2016-02-26,28.46,28.7,28.035,28.275,356142,0
2016-02-29,28.275,28.368,27.857,28.016,432311,0
2016-03-01,28.099,28.313,27.877,28.22,283877,0
2016-03-02,28.173,28.345,27.569,27.764,361278,0
2016-03-03,27.691,27.793,27.543,27.71,319358,0
2016-03-04,27.543,27.779,26.949,27.163,406352,0
2016-03-07,27.228,28.572,27.125,28.508,553478,0
2016-03-08,28.285,28.543,27.348,27.394,412820,0
2016-03-09,27.553,27.877,27.125,27.71,407317,0
2016-03-10,27.71,27.812,26.912,27.125,238738,0
2016-03-11,27.394,27.988,27.107,27.729,573885,0
2016-03-14,27.46,27.71,27.014,27.45,320989,0
2016-03-15,27.348,27.598,27.033,27.534,309111,0
2016-03-16,27.394,27.394,26.903,27.154,332410,0
2016-03-17,27.042,27.96,27.024,27.896,537166,0
2016-03-18,27.849,28.303,27.764,28.145,709508,0
2016-03-21,28.275,28.914,28.192,28.655,354411,0
2016-03-22,28.442,28.645,27.933,28.145,295846,0
2016-03-23,28.109,28.34,27.933,28.154,341036,0
2016-03-24,27.95,28.562,27.845,28.182,230790,0
2016-03-28,28.22,28.469,27.83,28.469,238594,0
2016-03-29,28.358,29.192,28.201,29.148,226009,0
2016-03-30,29.266,29.416,28.675,28.702,214550,0
2016-03-31,28.702,29.285,28.702,29.183,349222,0
2016-04-01,29.063,29.148,28.655,28.914,169919,0
2016-04-04,28.98,29.236,28.748,28.878,200192,0
2016-04-05,28.748,28.97,28.442,28.636,183316,0
2016-04-06,28.617,28.887,28.386,28.841,158766,0
2016-04-07,28.86,28.86,28.006,28.238,354467,0
2016-04-08,28.377,28.777,28.211,28.294,195882,0
2016-04-11,28.332,28.988,28.322,28.738,216793,0
2016-04-12,28.804,29.063,28.313,28.851,144944,0
2016-04-13,28.98,30.092,28.851,29.861,354240,0
2016-04-14,29.796,29.945,29.425,29.796,214296,0
2016-04-15,29.657,30.584,29.527,30.379,173340,0
2016-04-18,30.362,30.9,30.092,30.815,189576,0
2016-04-19,30.955,31.019,30.325,30.564,207972,0
2016-04-20,30.51,30.759,30.333,30.612,214916,0
2016-04-21,30.695,30.807,30.25,30.315,200685,0
2016-04-22,30.286,30.984,30.286,30.974,201091,0
2016-04-25,30.881,30.917,30.352,30.444,138088,0
2016-04-26,30.462,31.076,30.333,31.057,161908,0
2016-04-27,31.048,31.511,30.74,31.492,200698,0
2016-04-28,31.492,31.968,31.214,31.713,180474,0
2016-04-29,31.678,32.041,31.595,31.88,156101,0
2016-05-02,32.056,32.669,31.717,32.549,196153,0
2016-05-03,32.27,32.27,31.65,31.929,182926,0
2016-05-04,31.963,32.772,31.52,32.427,163672,0
2016-05-05,31.52,31.52,30.305,31.214,296064,0
2016-05-06,31.093,32.28,31.067,32.178,258120,0
2016-05-09,32.095,32.159,31.816,31.939,130295,0
2016-05-10,32.041,32.494,31.968,32.056,155182,0
2016-05-11,32.022,32.427,31.868,32.335,118207,0
2016-05-12,32.529,32.874,31.929,32.14,137065,0
2016-05-13,32.022,32.207,31.669,31.836,136009,0
2016-05-16,31.836,32.197,31.604,31.963,171982,0
2016-05-17,31.871,31.949,30.852,31.076,257303,0
2016-05-18,31.067,31.502,30.964,31.214,210951,0
2016-05-19,31.112,31.528,30.695,31.475,220222,0
2016-05-20,31.621,32.114,31.344,31.956,247685,0
2016-05-23,32.085,32.446,31.428,31.436,137865,0
2016-05-24,31.64,31.939,31.445,31.753,267769,0
2016-05-25,31.882,32.512,31.882,32.099,127387,0
2016-05-26,32.173,32.267,32.051,32.06,134710,0
2016-05-27,32.06,32.503,32.06,32.267,109066,0
2016-05-31,32.287,32.493,32.079,32.267,153994,0
2016-06-01,32.213,32.445,32.065,32.257,312735,0
2016-06-02,32.173,32.324,31.668,31.951,203537,0
2016-06-03,31.857,32.144,31.508,32.015,337648,0
2016-06-06,32.099,32.539,31.995,32.371,130149,0
2016-06-07,32.484,32.587,32.267,32.315,109643,0
2016-06-08,32.371,32.802,32.324,32.775,122215,0
2016-06-09,32.633,32.737,32.351,32.606,122681,0
2016-06-10,32.399,33.009,32.307,32.755,111433,0
2016-06-13,32.671,33.066,32.399,32.475,141958,0
2016-06-14,32.332,32.717,31.985,32.7,153631,0
2016-06-15,32.727,32.775,32.07,32.099,130331,0
2016-06-16,31.966,31.966,31.517,31.827,149878,0
2016-06-17,31.911,32.633,31.882,32.005,626153,0
2016-06-20,32.503,33.187,32.465,32.7,268373,0
2016-06-21,32.868,32.98,32.267,32.332,135617,0
2016-06-22,32.418,32.98,32.418,32.455,82622,0
2016-06-23,33.487,33.948,33.374,33.899,143489,0
2016-06-24,32.671,32.727,32.109,32.332,264432,0
2016-06-27,32.089,32.144,31.451,31.629,177296,0
2016-06-28,31.941,32.231,31.321,31.377,177081,0
2016-06-29,31.771,32.287,31.771,32.248,137313,0
2016-06-30,32.277,33.101,32.173,33.094,228335,0
2016-07-01,33.084,33.392,32.943,33.131,95025,0
2016-07-05,32.999,33.101,32.747,32.953,96167,0
2016-07-06,32.943,33.289,32.681,33.066,124745,0
2016-07-07,33.178,33.304,32.324,32.361,115911,0
2016-07-08,32.569,33.205,32.455,33.009,136044,0
2016-07-11,33.205,33.956,33.205,33.909,135237,0
2016-07-12,34.2,35.007,34.2,34.763,196733,0
2016-07-13,34.988,35.354,34.724,35.354,138062,0
2016-07-14,35.579,36.02,35.364,35.673,140428,0
2016-07-15,35.897,36.712,35.748,35.879,161539,0
2016-07-18,35.813,35.897,35.495,35.569,141721,0
2016-07-19,35.485,35.964,35.316,35.569,104223,0
2016-07-20,35.522,35.701,35.082,35.458,99263,0
2016-07-21,35.522,35.645,35.082,35.231,92756,0
2016-07-22,35.28,35.513,34.781,35.382,70798,0
2016-07-25,35.382,35.767,35.026,35.542,92526,0
2016-07-26,35.579,35.961,35.053,35.682,118924,0
2016-07-27,35.86,36.218,35.72,36.104,144161,0
2016-07-28,36.048,36.048,35.401,35.475,99491,0
2016-07-29,35.569,35.701,35.11,35.467,175097,0
2016-08-01,35.467,35.579,35.11,35.419,142564,0
2016-08-02,35.335,35.495,34.969,35.082,98625,0
2016-08-03,35.092,35.364,34.619,35.297,150922,0
2016-08-04,37.014,38.261,35.991,36.696,273731,0
2016-08-05,36.836,37.042,36.218,36.246,142267,0
2016-08-08,36.188,36.396,35.852,36.188,104536,0
2016-08-09,36.188,36.188,35.607,35.616,144291,0
2016-08-10,35.776,35.946,35.467,35.616,117209,0
2016-08-11,35.71,36.114,35.645,36,117358,0
2016-08-12,35.954,36.133,35.429,35.664,99311,0
2016-08-15,35.701,36.075,35.626,35.758,105818,0
2016-08-16,35.767,35.916,35.053,35.315,125331,0
2016-08-17,35.485,35.645,35.307,35.382,137172,0
2016-08-18,35.438,35.503,35.157,35.354,140369,0
2016-08-19,35.364,35.551,35.25,35.354,175074,0
2016-08-22,35.409,35.916,35.147,35.907,145312,0
2016-08-23,36.142,36.321,35.973,36.292,143534,0
2016-08-24,36.302,36.785,36.177,36.766,172694,0
2016-08-25,36.747,37.244,36.596,37.174,105582,0
2016-08-26,37.126,37.419,36.81,37.107,117126,0
2016-08-29,37.126,37.494,37.059,37.364,110146,0
2016-08-30,37.364,37.769,37.202,37.684,155391,0
2016-08-31,37.619,37.752,37.088,37.23,148275,0
2016-09-01,37.23,37.714,36.804,37.714,118798,0
2016-09-02,37.684,38.035,37.629,38.026,169595,0
2016-09-06,38.292,38.31,37.504,37.923,116754,0
2016-09-07,37.819,38.225,37.599,37.913,158307,0
2016-09-08,37.874,37.989,37.504,37.657,96150,0
2016-09-09,37.344,37.344,36.064,36.092,126367,0
2016-09-12,36.027,36.245,35.694,36.217,178388,0
2016-09-13,35.95,36.187,35.287,35.847,156729,0
2016-09-14,35.969,36.492,35.571,36.046,121022,0
2016-09-15,35.912,36.472,35.912,36.282,81247,0
2016-09-16,36.187,36.338,35.818,35.969,197777,0
2016-09-19,36.112,36.501,35.942,35.969,101829,0
2016-09-20,36.007,36.197,35.534,35.544,129894,0
2016-09-21,35.648,36.51,35.59,36.472,215296,0
2016-09-22,36.622,37.183,36.605,37.135,124263,0
2016-09-23,37.069,37.239,36.889,36.965,113241,0
2016-09-26,36.69,37.117,36.44,36.615,116584,0
2016-09-27,36.482,36.898,36.377,36.433,119994,0
2016-09-28,36.501,36.955,36.236,36.357,92129,0
2016-09-29,36.197,36.263,35.762,35.856,104225,0
2016-09-30,36.007,36.757,36.007,36.547,115796,0
2016-10-03,36.217,36.605,35.874,36.596,148208,0
2016-10-04,36.547,36.937,35.912,36.226,124546,0
2016-10-05,36.207,36.662,36.064,36.348,124983,0
2016-10-06,36.226,37.183,36.159,37.002,119481,0
2016-10-07,37.022,37.022,35.562,35.942,183907,0
2016-10-10,35.912,36.501,35.903,36.442,110561,0
2016-10-11,36.331,36.331,35.486,35.809,115479,0
2016-10-12,35.837,36.472,35.59,36.207,103264,0
2016-10-13,36.207,36.217,35.723,35.799,191346,0
2016-10-14,35.884,36.226,35.809,36.064,127303,0
2016-10-17,35.874,35.998,35.504,35.571,83258,0
2016-10-18,35.818,36.15,35.619,35.779,71070,0
2016-10-19,36.017,36.331,35.544,36.131,72437,0
2016-10-20,35.988,35.988,35.164,35.382,64308,0
2016-10-21,35.032,35.306,34.738,35.269,100501,0
2016-10-24,35.459,35.629,35.049,35.401,88038,0
2016-10-25,35.409,35.657,35.117,35.419,99940,0
2016-10-26,35.391,35.424,34.718,34.784,114469,0
2016-10-27,34.784,34.871,34.235,34.5,119343,0
2016-10-28,34.538,34.774,34.158,34.473,72681,0
2016-10-31,34.5,35.117,34.217,34.984,168168,0
2016-11-01,35.259,35.259,33.771,34.055,169266,0
2016-11-02,34.037,34.219,33.467,33.486,186357,0
2016-11-03,34.594,36.217,34.509,35.837,365095,0
2016-11-04,35.942,36.567,35.733,36.226,164425,0
2016-11-07,36.822,36.947,36.168,36.501,184764,0
2016-11-08,36.501,37.296,36.319,36.52,173258,0
2016-11-09,36.177,37.647,36.15,37.486,169645,0
2016-11-10,37.828,38.169,36.87,37.126,254739,0
2016-11-11,37.135,39.713,37.059,38.765,228268,0
2016-11-14,39.287,39.808,38.614,39.563,133821,0
2016-11-15,39.343,39.752,38.765,39.533,250506,0
2016-11-16,39.363,39.685,39.249,39.608,129870,0
2016-11-17,39.694,40.027,39.088,39.77,154246,0
2016-11-18,39.76,40.131,39.733,40.064,133027,0
2016-11-21,40.168,40.187,39.6,39.998,83109,0
2016-11-22,40.247,40.974,40.094,40.821,166766,0
2016-11-23,41.031,41.386,40.579,41.137,87742,0
2016-11-25,41.166,41.166,40.763,40.831,71084,0
2016-11-28,40.677,41.232,40.495,40.763,146534,0
2016-11-29,40.84,41.142,39.654,40.936,211641,0
2016-11-30,41.022,41.099,39.835,40.247,171457,0
2016-12-01,40.227,41.103,40.131,40.285,137328,0
2016-12-02,39.998,40.295,39.692,39.892,149307,0
2016-12-05,40.209,40.343,39.749,39.978,216263,0
2016-12-06,40.074,40.313,39.528,40.189,221125,0
2016-12-07,40.036,40.189,39.346,39.7,251314,0
2016-12-08,39.845,40.391,39.308,40.17,335182,0
2016-12-09,40.266,40.381,39.624,39.758,183581,0
2016-12-12,39.614,39.848,38.658,39.386,276431,0
2016-12-13,39.442,39.859,38.494,38.868,195416,0
2016-12-14,38.868,39.041,38.322,38.772,205738,0
2016-12-15,39.127,41.837,39.069,41.549,405143,0
2016-12-16,41.778,43.837,41.778,43.186,980511,0
2016-12-19,43.032,43.904,42.535,43.827,295398,0
2016-12-20,43.722,44.995,43.722,44.315,253602,0
2016-12-21,44.431,44.765,43.741,43.741,185721,0
2016-12-22,43.941,44.209,43.568,43.646,139696,0
2016-12-23,43.741,44.123,43.311,44.009,98877,0
2016-12-27,44.219,44.391,43.106,44.037,86351,0
2016-12-28,44.095,44.095,43.11,43.386,101650,0
2016-12-29,43.242,43.811,43.242,43.703,71813,0
2016-12-30,43.855,44.3,43.329,43.588,103727,0
2017-01-03,43.741,44.209,43.391,44.009,189741,0
2017-01-04,44.239,45.005,43.607,44.937,238074,0
2017-01-05,44.909,44.937,43.32,43.722,125536,0
2017-01-06,43.808,43.895,43.148,43.492,92167,0
2017-01-09,43.464,43.464,42.755,42.908,102930,0
2017-01-10,42.994,43.597,42.837,43.338,87493,0
2017-01-11,43.3,43.578,42.879,43.128,143398,0
2017-01-12,43.234,44.105,42.114,42.573,125001,0
2017-01-13,42.889,43.3,42.247,43.11,105929,0
2017-01-17,42.946,43.1,42.463,42.812,140225,0
2017-01-18,42.984,43.242,42.86,43.166,98178,0
2017-01-19,43.386,43.827,43.166,43.444,133984,0
2017-01-20,43.616,43.769,42.898,43.386,123220,0
2017-01-23,43.482,44.268,43.368,44.163,107917,0
2017-01-24,44.401,44.995,44.401,44.517,143182,0
2017-01-25,44.563,44.718,43.732,44.431,180373,0
2017-01-26,44.468,44.755,43.683,43.855,92794,0
2017-01-27,43.875,43.99,43.464,43.568,97053,0
2017-01-30,43.282,43.282,42.085,42.132,111040,0
2017-01-31,41.807,42.64,41.788,42.439,135546,0
2017-02-01,42.783,43.138,41.923,42.027,111961,0
2017-02-02,41.903,41.903,41.386,41.53,98886,0
2017-02-03,41.913,42.544,41.817,42.525,73054,0
2017-02-06,42.401,42.554,42.105,42.496,77699,0
2017-02-07,42.669,43.196,42.161,42.277,101765,0
2017-02-08,42.554,42.554,41.596,41.932,167250,0
2017-02-09,42.027,42.496,41.586,42.372,130731,0
2017-02-10,42.65,42.918,41.682,42.793,79148,0
2017-02-13,43.11,43.895,42.841,43.75,132795,0
2017-02-14,43.607,43.607,41.768,42.449,125353,0
2017-02-15,42.449,42.679,42.281,42.592,75052,0
2017-02-16,41.712,41.712,38.371,40.917,323483,0
2017-02-17,40.917,40.917,39.155,39.892,191856,0
2017-02-21,39.692,40.074,39.204,39.558,150326,0
2017-02-22,39.5,40.295,39.437,40.017,157942,0
2017-02-23,40.084,40.084,39.462,39.758,111808,0
2017-02-24,39.758,39.902,39.318,39.826,119376,0
2017-02-27,39.826,40.161,39.644,39.74,122876,0
2017-02-28,39.71,39.988,39.213,39.28,157572,0
2017-03-01,39.778,40.754,39.778,40.659,160026,0
2017-03-02,40.591,40.849,40.016,40.515,170357,0
2017-03-03,40.659,40.955,39.658,39.864,120067,0
2017-03-06,39.663,39.7,39.204,39.3,160915,0
2017-03-07,39.404,39.462,39.032,39.184,109373,0
2017-03-08,39.339,39.696,39.204,39.213,77140,0
2017-03-09,39.358,39.658,38.613,38.72,103272,0
2017-03-10,39.068,39.348,38.807,39.039,92658,0
2017-03-13,39.02,39.522,39.02,39.396,68027,0
2017-03-14,39.291,40.103,39.184,39.232,84438,0
2017-03-15,39.426,39.929,39.155,39.716,123099,0
2017-03-16,39.783,40.325,39.658,39.997,104705,0
2017-03-17,40.016,41.206,39.629,41.099,381946,0
2017-03-20,41.08,41.805,40.693,41.225,192667,0
2017-03-21,41.37,41.37,39.987,40.084,154980,0
2017-03-22,40.21,40.993,39.426,39.736,159796,0
2017-03-23,39.842,40.703,39.726,39.957,180861,0
2017-03-24,40.016,40.287,39.406,39.59,96713,0
2017-03-27,39.416,39.706,39.213,39.649,83669,0
2017-03-28,39.59,40.141,39.319,40.016,130323,0
2017-03-29,40.113,40.113,39.503,39.948,125194,0
2017-03-30,39.609,40.645,39.609,40.442,115022,0
2017-03-31,40.673,40.673,39.948,40.064,141958,0
2017-04-03,40.19,40.509,39.213,39.309,149143,0
2017-04-04,39.416,40.402,39.164,40.171,155241,0
2017-04-05,40.151,40.478,39.222,39.281,118144,0
2017-04-06,39.358,39.649,39.117,39.639,76453,0
2017-04-07,39.58,40.248,39.445,40.219,122809,0
2017-04-10,40.19,40.751,39.967,40.113,119111,0
2017-04-11,40.035,41.157,39.929,41.099,147144,0
2017-04-12,40.983,40.983,39.977,40.113,99884,0
2017-04-13,40.131,40.238,39.706,39.832,85189,0
2017-04-17,40.103,40.335,39.987,40.268,76401,0
2017-04-18,40.122,40.655,39.793,40.625,91735,0
2017-04-19,40.935,41.38,40.925,41.138,123649,0
2017-04-20,41.525,41.979,41.234,41.912,155895,0
2017-04-21,41.931,42.047,41.417,41.699,129437,0
2017-04-24,42.415,42.444,41.505,41.873,105432,0
2017-04-25,42.28,42.668,42.105,42.25,137154,0
2017-04-26,42.144,43.227,41.897,43.092,147267,0
2017-04-27,43.286,43.286,42.202,42.763,153216,0
2017-04-28,42.889,42.889,41.631,41.641,110566,0
2017-05-01,41.96,41.96,41.477,41.835,98823,0
2017-05-02,42.027,42.047,41.254,41.448,118377,0
2017-05-03,41.448,41.457,40.412,40.432,177896,0
2017-05-04,40.432,41.892,38.294,39.649,272060,0
2017-05-05,39.987,40.016,39.204,39.58,143052,0
2017-05-08,39.291,39.291,37.704,38.439,216145,0
2017-05-09,38.565,38.758,37.733,38.072,157417,0
2017-05-10,37.955,38.285,37.279,37.472,150983,0
2017-05-11,37.279,37.569,36.524,37.404,270904,0
2017-05-12,37.336,37.336,36.486,36.65,140756,0
2017-05-15,36.717,37.898,36.629,37.771,268690,0
2017-05-16,37.945,38.091,37.259,37.5,201388,0
2017-05-17,37.018,37.192,36.282,36.514,181561,0
2017-05-18,36.553,37.259,36.543,36.747,238062,0
2017-05-19,36.785,37.346,36.66,36.949,399696,0
2017-05-22,37.211,37.259,36.563,36.601,189800,0
2017-05-23,36.862,36.862,36.369,36.727,221110,0
2017-05-24,37.011,37.235,36.531,36.864,177554,0
2017-05-25,36.971,37.089,36.443,36.581,143375,0
2017-05-26,36.531,37.448,36.265,37.295,149943,0
2017-05-30,37.285,37.402,36.835,36.923,122940,0
2017-05-31,37.18,37.259,36.507,36.873,131834,0
2017-06-01,37.012,37.318,36.715,37.289,154947,0
2017-06-02,37.407,38.575,37.309,37.516,232211,0
2017-06-05,37.546,38.218,37.437,37.447,101295,0
2017-06-06,37.19,37.646,37.121,37.437,90291,0
2017-06-07,37.526,37.853,37.239,37.388,156454,0
2017-06-08,37.467,37.912,37.205,37.585,115512,0
2017-06-09,37.665,38.673,37.21,38.466,135685,0
2017-06-12,38.545,38.941,37.457,37.625,149263,0
2017-06-13,37.694,37.922,37.318,37.595,106386,0
2017-06-14,37.576,37.576,36.952,37.368,105290,0
2017-06-15,37.101,38.011,36.626,37.417,153085,0
2017-06-16,37.121,37.249,36.656,37.2,238551,0
2017-06-19,37.378,37.536,36.923,37.348,137533,0
2017-06-20,37.388,37.625,36.725,37.219,141048,0
2017-06-21,37.378,37.546,36.319,36.488,167136,0
2017-06-22,36.497,36.873,36.072,36.478,130296,0
2017-06-23,36.557,37.299,36.3,37.239,185938,0
2017-06-26,37.348,37.367,36.863,36.923,103005,0
2017-06-27,36.854,36.854,35.934,36.131,145024,0
2017-06-28,36.379,37.002,36.181,36.943,170957,0
2017-06-29,36.952,37.16,36.329,36.943,94907,0
2017-06-30,37.032,37.14,36.596,36.824,174018,0
2017-07-03,36.893,37.427,36.646,36.933,100052,0
2017-07-05,36.893,37.135,36.201,36.933,169670,0
2017-07-06,36.666,36.982,36.28,36.626,130288,0
2017-07-07,36.725,36.725,35.864,36.26,192770,0
2017-07-10,36.24,36.735,36.023,36.27,259716,0
2017-07-11,36.29,36.938,36.033,36.359,294331,0
2017-07-12,36.527,36.923,36.399,36.636,174451,0
2017-07-13,36.666,36.883,36.349,36.883,92297,0
2017-07-14,36.943,37.338,36.774,37.249,94226,0
2017-07-17,37.259,37.378,36.982,37.299,76468,0
2017-07-18,37.19,37.556,36.863,37.487,125732,0
2017-07-19,37.556,38.477,37.487,38.357,134932,0
2017-07-20,38.357,38.476,37.813,38.149,85028,0
2017-07-21,38.466,38.466,37.872,38.139,98167,0
2017-07-24,38.129,38.614,38.08,38.139,131499,0
2017-07-25,38.476,38.555,37.783,37.833,112882,0
2017-07-26,38.06,38.258,37.684,38.159,88519,0
2017-07-27,38.139,38.139,37.684,37.793,155325,0
2017-07-28,37.823,38.238,37.111,37.595,130542,0
2017-07-31,37.684,38.199,37.566,38.001,108354,0
2017-08-01,38.1,38.575,37.643,38.288,146687,0
2017-08-02,38.298,38.298,37.645,37.951,112823,0
2017-08-03,38.555,40.889,38.555,39.752,295521,0
2017-08-04,39.831,39.831,38.762,38.881,159448,0
2017-08-07,38.881,38.881,37.843,38.08,127759,0
2017-08-08,38.04,38.624,38.04,38.218,109844,0
2017-08-09,38.268,38.525,37.773,37.892,127625,0
2017-08-10,37.754,38.08,37.635,37.744,129783,0
2017-08-11,37.516,37.932,36.873,37.625,163315,0
2017-08-14,37.734,38.377,37.432,38.347,92762,0
2017-08-15,38.347,38.525,37.655,37.991,108034,0
2017-08-16,37.991,38.436,37.793,38.327,133930,0
2017-08-17,38.248,38.713,37.684,37.694,128920,0
2017-08-18,37.477,37.773,37.368,37.585,128334,0
2017-08-21,37.576,37.981,37.447,37.843,132358,0
2017-08-22,37.942,38.505,37.783,38.08,118062,0
2017-08-23,37.95,38.45,37.78,37.92,80486,0
2017-08-24,37.89,38.17,37.6,37.7,56737,0
2017-08-25,37.82,38.01,37.55,37.74,72248,0
2017-08-28,37.83,38.03,37.585,37.7,101651,0
2017-08-29,37.46,37.62,37.1,37.42,112826,0
2017-08-30,37.38,37.58,37.05,37.55,102640,0
2017-08-31,37.61,38.13,37.415,37.93,113402,0
2017-09-01,37.97,38.01,37.6,37.91,76093,0
2017-09-05,37.88,38.04,37.17,37.28,105524,0
2017-09-06,37.4,37.77,37.08,37.64,95448,0
2017-09-07,37.65,37.89,37.405,37.68,102163,0
2017-09-08,37.64,37.86,37.22,37.72,83728,0
2017-09-11,38,39.14,37.77,39.09,186898,0
2017-09-12,39.17,39.59,38.32,38.47,137874,0
2017-09-13,38.38,38.765,38.055,38.59,134081,0
2017-09-14,38.57,38.94,38.28,38.79,156986,0
2017-09-15,39.06,39.5,38.59,39.37,320638,0
2017-09-18,39.44,39.87,39.17,39.44,150795,0
2017-09-19,39.5,39.675,39.175,39.45,112389,0
2017-09-20,39.45,39.71,39.24,39.25,113965,0
2017-09-21,39.19,39.19,38.685,39.03,148296,0
2017-09-22,39.03,40,38.96,39.76,92990,0
2017-09-25,39.86,40.41,39.73,40.11,143532,0
2017-09-26,40.96,41.34,40.49,40.79,179807,0
2017-09-27,41.13,41.61,40.56,41.47,200576,0
2017-09-28,41.46,41.52,41.01,41.5,89307,0
2017-09-29,41.63,41.8,41.18,41.46,138249,0
2017-10-02,41.57,42.13,41.56,41.99,188223,0
2017-10-03,41.91,41.97,41.09,41.56,174333,0
2017-10-04,41.64,41.79,41.16,41.36,120531,0
2017-10-05,41.6,41.65,41.01,41.31,202014,0
2017-10-06,41.28,41.41,40.94,41.2,273417,0
2017-10-09,41.44,42.07,41.34,42.01,515894,0
2017-10-10,42,42.35,41.8,41.96,174290,0
2017-10-11,41.93,42.15,41.73,41.94,114434,0
2017-10-12,42,42.21,41.571,41.81,111583,0
2017-10-13,42,42.33,41.73,41.9,130613,0
2017-10-16,42,42.44,41.6,41.87,84622,0
2017-10-17,42,42,41.35,41.52,91489,0
2017-10-18,41.55,41.89,41.31,41.68,123401,0
2017-10-19,41.66,41.855,41.1848,41.54,84781,0
2017-10-20,41.95,42,41.51,41.6,81044,0
2017-10-23,41.58,42.1,41.01,41.55,116980,0
2017-10-24,41.82,42.27,41.51,42.05,240525,0
2017-10-25,42.05,42.33,41.305,41.71,125975,0
2017-10-26,41.84,42.17,41.64,41.93,107743,0
2017-10-27,41.99,42.38,41.55,42.31,96676,0
2017-10-30,42.1,42.19,41.41,41.78,92205,0
2017-10-31,42.11,42.64,41.78,42.23,130542,0
2017-11-01,42.54,42.66,41.64,42,85444,0
2017-11-02,44.56,46.4,43.56,45.66,314397,0
2017-11-03,45.45,45.62,43.41,44.1,182967,0
2017-11-06,44.08,44.34,43.8,43.96,121844,0
2017-11-07,44.1,44.29,43.55,43.58,94557,0
2017-11-08,43.54,43.82,42.98,43.76,165968,0
2017-11-09,43.65,44.21,43.65,43.98,113620,0
2017-11-10,43.85,44.295,43.21,43.7,203651,0
