2016-01-04,23.885,24.221,23.397,23.583,57239,0
2016-01-05,23.718,24.031,23.589,23.782,17122,0
2016-01-06,23.564,24.038,23.564,23.956,19005,0
2016-01-07,24.097,24.13,23.531,23.544,31698,0
2016-01-08,23.66,23.723,23.102,23.199,59067,0
2016-01-11,23.269,23.622,23.249,23.513,40073,0
2016-01-12,23.78,23.821,23.16,23.537,59887,0
2016-01-13,23.571,23.622,22.474,22.66,40833,0
2016-01-14,22.852,23.088,22.565,22.724,28524,0
2016-01-15,22.018,22.521,21.801,22.384,51501,0
2016-01-19,22.731,22.922,22.409,22.697,78447,0
2016-01-20,22.391,23.289,22.276,23.122,80489,0
2016-01-21,22.956,23.326,22.678,22.936,67248,0
2016-01-22,23.16,23.397,22.192,23.295,50005,0
2016-01-25,23.244,23.326,22.763,22.89,66668,0
2016-01-26,23.044,23.403,22.857,23.108,38137,0
2016-01-27,23.108,23.788,23.006,23.403,43512,0
2016-01-28,23.782,24.204,23.704,24.153,51965,0
2016-01-29,24.178,25.07,24.178,25.058,70703,0
2016-02-01,24.975,25.282,24.66,25.089,42790,0
2016-02-02,24.841,24.854,24.192,24.334,42986,0
2016-02-03,24.506,24.506,23.821,23.962,60407,0
2016-02-04,23.949,24.301,23.359,23.763,41489,0
2016-02-05,23.782,23.998,23.366,23.596,81122,0
2016-02-08,23.391,23.832,23.18,23.821,42039,0
2016-02-09,23.648,23.944,23.531,23.724,33890,0
2016-02-10,23.871,24.197,23.685,23.704,36204,0
2016-02-11,23.339,23.724,23.212,23.544,41241,0
2016-02-12,23.801,24.16,23.801,23.924,31755,0
2016-02-16,24.289,24.603,23.949,24.289,51200,0
2016-02-17,23.511,24.308,23.511,23.937,53844,0
2016-02-18,23.911,23.986,23.596,23.744,24974,0
2016-02-19,23.788,24.172,23.691,23.937,33565,0
2016-02-22,24.153,24.153,23.654,23.66,27643,0
2016-02-23,23.66,23.691,23.371,23.602,36108,0
2016-02-24,23.524,23.98,23.102,23.956,41005,0
2016-02-25,24.065,24.107,23.962,24.104,41201,0
2016-02-26,24.153,24.751,24.153,24.43,41548,0
2016-02-29,24.346,24.578,23.949,23.949,27633,0
2016-03-01,24.237,25.051,24.14,24.775,29268,0
2016-03-02,24.673,24.955,24.519,24.955,31077,0
2016-03-03,24.802,25.174,24.802,24.975,39713,0
2016-03-04,24.929,25.22,24.605,25.039,33586,0
2016-03-07,24.988,25.077,24.34,24.935,30138,0
2016-03-08,24.731,24.821,24.172,24.5,26487,0
2016-03-09,24.539,24.751,24.371,24.506,35384,0
2016-03-10,24.559,24.777,24.37,24.616,22000,0
2016-03-11,24.85,24.931,24.636,24.887,27219,0
2016-03-14,24.823,24.938,24.616,24.843,34782,0
2016-03-15,25.005,25.08,24.85,24.931,61851,0
2016-03-16,24.925,24.925,24.539,24.693,26089,0
2016-03-17,24.668,25.159,24.426,24.951,55396,0
2016-03-18,25.159,25.636,24.713,25.218,102002,0
2016-03-21,25.241,25.382,24.609,25.036,32089,0
2016-03-22,25.011,25.172,24.894,24.965,19897,0
2016-03-23,24.836,24.978,24.713,24.777,56918,0
2016-03-24,24.764,24.802,24.42,24.797,41897,0
2016-03-28,24.797,24.871,24.559,24.636,10770,0
2016-03-29,24.467,25.172,24.288,25.08,57637,0
2016-03-30,25.119,25.192,24.9,24.971,28815,0
2016-03-31,25.099,25.099,24.688,24.868,23130,0
2016-04-01,24.81,25.172,24.661,25.042,43164,0
2016-04-04,25.165,25.172,24.746,24.931,21710,0
2016-04-05,24.739,24.985,24.351,24.364,25590,0
2016-04-06,24.262,24.726,23.706,24.661,20560,0
2016-04-07,24.448,24.461,23.751,23.77,41802,0
2016-04-08,23.874,24.075,23.668,23.894,40940,0
2016-04-11,24.021,24.423,23.952,24.101,18899,0
2016-04-12,24.262,24.719,24.075,24.616,37590,0
2016-04-13,24.699,25.172,24.513,25.011,38105,0
2016-04-14,25.018,25.294,24.862,25.08,28741,0
2016-04-15,24.978,25.294,24.978,25.199,28397,0
2016-04-18,25.025,25.333,25.025,25.192,19607,0
2016-04-19,25.165,25.501,25.165,25.415,38124,0
2016-04-20,25.359,25.926,25.339,25.83,31352,0
2016-04-21,25.759,25.81,25.159,25.223,26888,0
2016-04-22,25.223,25.688,25.205,25.688,24498,0
2016-04-25,25.629,25.629,25.294,25.339,16016,0
2016-04-26,25.481,25.817,25.481,25.765,21908,0
2016-04-27,25.842,26.258,25.442,25.623,22503,0
2016-04-28,25.449,26.204,25.449,26.108,29774,0
2016-04-29,26.128,26.243,25.895,26.101,33802,0
2016-05-02,26.301,29.031,25.726,26.707,34712,0
2016-05-03,26.753,26.753,25.669,25.759,25629,0
2016-05-04,25.656,26.003,25.366,25.616,23703,0
2016-05-05,25.706,26.081,25.541,25.558,29025,0
2016-05-06,25.488,25.72,25.384,25.676,23578,0
2016-05-09,25.771,25.958,25.616,25.771,25689,0
2016-05-10,26.055,26.241,25.881,26.074,15278,0
2016-05-11,26.074,26.198,25.895,25.952,18136,0
2016-05-12,25.978,26.178,25.649,25.946,22246,0
2016-05-13,26.295,26.295,25.429,25.521,16057,0
2016-05-16,25.589,26.229,25.589,26.055,20747,0
2016-05-17,25.939,26.268,25.429,25.577,52508,0
2016-05-18,25.797,27.192,25.797,26.945,114465,0
2016-05-19,27.011,27.011,26.262,26.546,26820,0
2016-05-20,26.713,26.955,26.683,26.817,26243,0
2016-05-23,26.727,26.888,26.687,26.805,10285,0
2016-05-24,27.098,27.534,27.004,27.494,38112,0
2016-05-25,27.643,27.895,27.249,27.553,30804,0
2016-05-26,27.294,27.682,27.294,27.553,10761,0
2016-05-27,27.579,28.171,27.069,27.909,28030,0
2016-05-31,28.58,28.909,27.872,28.106,53779,0
2016-06-01,27.979,28.191,27.514,27.852,49210,0
2016-06-02,27.979,28.181,27.582,27.882,30456,0
2016-06-03,27.912,27.912,27.195,27.659,47155,0
2016-06-06,27.659,28.036,27.659,27.804,28565,0
2016-06-07,27.941,27.96,27.495,27.553,26365,0
2016-06-08,27.494,27.882,27.291,27.767,31294,0
2016-06-09,27.658,27.658,27.119,27.269,38844,0
2016-06-10,27.181,27.181,26.675,27.016,33103,0
2016-06-13,26.987,27.62,26.811,27.298,70570,0
2016-06-14,27.552,27.572,27.084,27.492,33597,0
2016-06-15,27.298,27.697,27.24,27.24,29453,0
2016-06-16,27.142,27.201,26.821,27.114,17010,0
2016-06-17,27.211,27.318,26.728,26.792,67980,0
2016-06-20,27.044,27.586,27.044,27.386,33588,0
2016-06-21,27.464,27.552,27.084,27.455,31293,0
2016-06-22,27.415,27.707,27.298,27.455,66390,0
2016-06-23,27.648,27.999,27.648,27.98,51273,0
2016-06-24,26.792,27.552,26.626,27.376,199655,0
2016-06-27,26.928,26.928,25.847,26.46,78944,0
2016-06-28,26.763,26.792,26.354,26.606,26989,0
2016-06-29,26.997,27.23,26.646,26.987,44809,0
2016-06-30,27.123,27.512,26.763,27.502,41984,0
2016-07-01,27.445,27.473,27.035,27.23,28685,0
2016-07-05,27.123,27.288,26.792,26.802,35477,0
2016-07-06,26.683,27.181,26.671,26.841,27925,0
2016-07-07,27.016,27.114,26.675,26.86,34901,0
2016-07-08,27.074,27.522,27.074,27.298,34503,0
2016-07-11,27.502,27.833,27.256,27.678,23802,0
2016-07-12,27.747,28.458,27.747,28.244,32947,0
2016-07-13,28.389,28.584,28.263,28.369,30673,0
2016-07-14,28.515,28.964,28.448,28.594,15503,0
2016-07-15,28.866,29.081,28.72,29.081,17332,0
2016-07-18,28.896,29.071,28.691,28.7,21182,0
2016-07-19,28.74,29.189,28.545,28.604,67061,0
2016-07-20,28.847,29.014,28.584,28.72,19989,0
2016-07-21,28.613,28.613,28.019,28.078,14855,0
2016-07-22,28.174,28.429,27.99,28.34,37648,0
2016-07-25,28.234,28.234,27.796,27.903,13927,0
2016-07-26,27.961,28.145,27.796,27.932,16932,0
2016-07-27,28.214,28.808,28.214,28.799,38563,0
2016-07-28,28.545,29.12,28.468,28.984,34464,0
2016-07-29,29.004,29.218,28.72,28.769,26810,0
2016-08-01,28.7,29.179,28.663,28.886,39345,0
2016-08-02,28.7,28.954,28.565,28.575,12398,0
2016-08-03,28.613,28.613,28.381,28.604,16469,0
2016-08-04,28.389,28.545,28.312,28.312,14419,0
2016-08-05,28.477,29.315,28.302,29.246,33239,0
2016-08-08,29.246,29.325,28.828,28.984,24351,0
2016-08-09,29.1,29.295,29.042,29.081,19316,0
2016-08-10,29.023,29.081,28.71,29.032,13732,0
2016-08-11,29.081,29.228,28.761,29.1,28084,0
2016-08-12,29.042,29.042,28.594,28.828,26217,0
2016-08-15,28.838,29.149,28.818,29.1,12960,0
2016-08-16,29.071,29.169,28.497,29.004,11341,0
2016-08-17,28.934,29.157,28.847,29.061,7124,0
2016-08-18,28.964,29.149,28.468,29.1,16874,0
2016-08-19,29.1,29.275,28.924,29.12,32042,0
2016-08-22,29.149,29.383,29.11,29.383,12482,0
2016-08-23,29.299,30.014,29.299,29.616,33516,0
2016-08-24,29.549,29.714,29.451,29.696,17894,0
2016-08-25,29.588,29.889,29.568,29.851,30858,0
2016-08-26,29.484,30.221,29.484,30.094,18236,0
2016-08-29,30.192,31.185,30.172,30.386,15727,0
2016-08-30,31.869,31.869,30.425,30.737,34182,0
2016-08-31,30.951,33.094,30.43,31.088,51716,0
2016-09-01,30.883,31.175,30.737,31.127,36627,0
2016-09-02,31.167,31.282,30.923,31.147,28265,0
2016-09-06,31.058,31.147,30.669,30.951,66007,0
2016-09-07,31.175,31.263,30.776,31.185,15432,0
2016-09-08,30.833,31.588,30.794,31.568,184577,0
2016-09-09,31.332,31.588,31.157,31.185,24420,0
2016-09-12,30.931,31.46,30.891,31.46,20347,0
2016-09-13,31.195,31.333,30.509,31.107,27266,0
2016-09-14,30.748,31.107,30.481,30.568,50154,0
2016-09-15,30.891,31.372,30.504,31.372,72710,0
2016-09-16,31.508,31.597,31.185,31.518,99501,0
2016-09-19,31.518,31.822,31.43,31.754,32125,0
2016-09-20,31.988,32.136,31.668,31.891,22905,0
2016-09-21,31.881,32.37,31.842,32.097,27679,0
2016-09-22,32.234,32.606,31.978,32.577,63993,0
2016-09-23,32.174,32.508,32.022,32.284,28624,0
2016-09-26,32.058,32.107,31.518,31.558,39447,0
2016-09-27,31.528,32.038,31.215,31.812,32275,0
2016-09-28,31.96,32.087,31.538,32.068,46845,0
2016-09-29,31.988,32.058,31.665,31.754,50061,0
2016-09-30,31.842,32.459,31.665,32.254,28550,0
2016-10-03,32.331,32.331,31.93,32.264,39249,0
2016-10-04,32.274,32.821,32.264,32.508,45222,0
2016-10-05,32.714,33.145,32.714,32.988,45889,0
2016-10-06,33.056,33.135,32.9,33.086,241512,0
2016-10-07,33.01,33.243,32.714,33.175,200078,0
2016-10-10,33.281,33.654,33.175,33.419,44448,0
2016-10-11,33.419,33.723,33.145,33.411,139180,0
2016-10-12,33.411,33.419,32.93,33.165,100602,0
2016-10-13,32.978,32.978,32.224,32.293,62005,0
2016-10-14,32.557,32.714,32.361,32.527,38074,0
2016-10-17,32.557,32.689,32.42,32.469,34220,0
2016-10-18,32.615,32.665,32.264,32.41,38171,0
2016-10-19,32.596,33.076,32.479,32.939,44009,0
2016-10-20,32.734,33.115,32.694,32.939,21942,0
2016-10-21,32.479,32.939,32.479,32.704,26354,0
2016-10-24,32.811,33.782,32.588,33.772,76239,0
2016-10-25,33.723,33.851,33.271,33.596,48574,0
2016-10-26,33.861,33.861,33.527,33.742,54294,0
2016-10-27,33.967,34.115,33.301,33.713,100790,0
2016-10-28,33.635,33.635,33.195,33.331,51324,0
2016-10-31,33.458,33.507,33.165,33.411,43388,0
2016-11-01,33.411,33.703,33.066,33.261,59169,0
2016-11-02,33.261,33.261,32.675,32.772,41149,0
2016-11-03,32.772,32.92,32.527,32.821,25914,0
2016-11-04,32.821,33.311,32.772,33.018,72421,0
2016-11-07,33.261,34.047,33.165,34.047,41379,0
2016-11-08,33.899,34.438,33.851,33.948,53931,0
2016-11-09,34.145,36.005,34.145,35.957,86474,0
2016-11-10,36.447,37.965,35.859,37.744,97970,0
2016-11-11,37.72,39.091,37.72,38.553,161617,0
2016-11-14,39.141,40.122,38.656,39.19,155011,0
2016-11-15,38.995,39.728,38.749,39.728,69780,0
2016-11-16,39.728,40.953,39.337,40.659,91678,0
2016-11-17,40.758,41.835,40.341,41.1,95830,0
2016-11-18,41.296,41.981,40.807,41.835,86241,0
2016-11-21,42.08,42.522,41.296,41.395,88696,0
2016-11-22,41.345,43.06,41.345,43.012,64245,0
2016-11-23,42.912,43.452,42.668,43.06,72504,0
2016-11-25,43.256,43.256,42.031,42.865,48971,0
2016-11-28,42.57,42.668,41.149,41.149,66710,0
2016-11-29,41.345,41.738,39.778,40.953,215326,0
2016-11-30,41.443,41.443,40.366,40.366,148216,0
2016-12-01,40.463,41.149,40.463,41.052,93565,0
2016-12-02,41.003,41.689,40.274,40.708,56197,0
2016-12-05,40.659,41.639,40.659,41.541,54515,0
2016-12-06,41.689,42.423,41.443,42.326,58198,0
2016-12-07,42.276,42.816,42.178,42.766,36113,0
2016-12-08,42.953,44.429,42.731,44.282,90797,0
2016-12-09,44.478,44.97,44.085,44.97,80325,0
2016-12-12,44.921,45.187,43.396,43.79,95008,0
2016-12-13,43.937,44.429,43.445,43.79,77463,0
2016-12-14,43.593,44.282,43.396,43.691,41440,0
2016-12-15,43.642,44.379,43.593,44.085,89851,0
2016-12-16,43.986,44.921,43.74,43.888,210383,0
2016-12-19,44.035,44.478,43.593,44.379,88246,0
2016-12-20,44.774,45.414,44.675,45.364,62820,0
2016-12-21,45.462,45.462,44.921,45.266,66509,0
2016-12-22,45.069,45.757,45.02,45.314,53438,0
2016-12-23,45.364,45.561,45.02,45.511,66281,0
2016-12-27,45.659,46.003,45.117,45.709,31074,0
2016-12-28,45.954,46.741,45.757,46.2,48206,0
2016-12-29,46.102,46.396,45.806,46.2,53546,0
2016-12-30,46.299,46.348,45.906,46.2,46611,0
2017-01-03,46.396,47.282,45.906,46.396,113492,0
2017-01-04,46.594,47.085,46.545,46.741,89140,0
2017-01-05,46.594,46.882,45.718,46.053,45836,0
2017-01-06,46.594,46.594,46.053,46.274,62043,0
2017-01-09,46.249,46.299,45.414,45.561,47041,0
2017-01-10,45.709,46.594,45.117,46.446,40167,0
2017-01-11,46.446,46.741,45.246,46.643,38531,0
2017-01-12,46.348,46.348,44.921,45.364,69158,0
2017-01-13,45.462,46.396,45.177,45.757,18826,0
2017-01-17,45.414,45.414,43.947,44.135,49213,0
2017-01-18,44.577,44.577,43.717,44.429,50544,0
2017-01-19,44.379,44.429,43.445,43.593,51574,0
2017-01-20,43.79,44.331,43.691,43.986,37494,0
2017-01-23,43.691,44.331,43.543,43.74,32231,0
2017-01-24,44.035,44.822,43.494,44.379,50276,0
2017-01-25,44.97,45.414,44.822,45.167,38107,0
2017-01-26,45.314,45.757,45.117,45.364,35958,0
2017-01-27,45.02,45.237,44.577,44.675,50365,0
2017-01-30,44.429,44.429,43.347,43.494,54687,0
2017-01-31,43.396,44.232,43.396,44.085,82404,0
2017-02-01,44.478,45.117,43.838,43.888,66729,0
2017-02-02,43.691,43.838,43.003,43.1,23850,0
2017-02-03,43.642,44.331,43.642,44.232,47484,0
2017-02-06,43.838,44.182,43.396,43.543,29091,0
2017-02-07,43.74,43.888,43.199,43.396,37294,0
2017-02-08,43.15,43.297,42.117,42.363,71449,0
2017-02-09,42.411,43.593,42.411,43.494,34764,0
2017-02-10,43.74,44.135,43.494,43.888,25710,0
2017-02-13,44.282,44.675,43.937,44.135,32635,0
2017-02-14,43.888,44.774,43.888,44.626,21354,0
2017-02-15,44.626,44.921,44.282,44.822,16083,0
2017-02-16,44.872,44.872,44.331,44.626,28313,0
2017-02-17,44.527,44.577,44.282,44.478,62825,0
2017-02-21,44.626,44.921,44.221,44.724,27488,0
2017-02-22,44.724,45.364,44.282,45.266,67815,0
2017-02-23,45.61,45.61,44.379,44.921,39240,0
2017-02-24,44.822,44.872,44.232,44.429,48424,0
2017-02-27,44.429,44.872,44.135,44.429,34157,0
2017-02-28,44.282,44.282,43.155,43.494,63264,0
2017-03-01,44.478,45.217,44.429,44.675,43255,0
2017-03-02,44.675,44.774,43.347,43.445,27298,0
2017-03-03,43.445,43.937,43.347,43.74,28046,0
2017-03-06,43.297,43.543,42.903,43.199,26606,0
2017-03-07,43.249,43.272,42.608,42.658,32230,0
2017-03-08,43.003,43.347,42.067,42.264,51121,0
2017-03-09,42.502,42.848,42.402,42.402,31812,0
2017-03-10,42.502,42.502,41.958,42.304,43808,0
2017-03-13,42.304,42.6,42.205,42.353,18030,0
2017-03-14,42.007,42.502,41.573,42.205,28213,0
2017-03-15,42.156,42.65,41.859,42.205,37390,0
2017-03-16,42.353,42.896,42.353,42.748,34131,0
2017-03-17,42.55,43.243,41.859,43.144,82597,0
2017-03-20,42.896,42.896,42.057,42.156,56819,0
2017-03-21,42.402,42.497,39.536,39.536,55884,0
2017-03-22,39.339,39.832,38.597,38.893,65800,0
2017-03-23,38.845,39.981,38.845,39.388,31675,0
2017-03-24,39.289,40.03,39.24,39.437,33013,0
2017-03-27,38.547,39.042,37.91,38.795,61551,0
2017-03-28,38.795,39.388,38.647,39.339,88360,0
2017-03-29,39.091,39.437,38.943,39.24,23282,0
2017-03-30,39.141,40.767,39.141,40.673,40078,0
2017-03-31,40.278,41.019,40.08,40.178,88386,0
2017-04-03,40.376,40.426,39.487,40.03,43732,0
2017-04-04,39.734,40.524,39.487,39.882,40536,0
2017-04-05,40.278,40.426,38.845,38.893,44355,0
2017-04-06,38.845,39.734,38.499,39.635,27281,0
2017-04-07,39.24,39.684,39.19,39.487,75779,0
2017-04-10,40.13,40.13,38.845,38.943,46893,0
2017-04-11,38.597,39.289,38.597,39.042,98037,0
2017-04-12,38.845,39.141,38.449,38.697,29681,0
2017-04-13,38.35,38.893,37.955,38.202,64849,0
2017-04-17,38.202,39.091,38.153,39.091,29697,0
2017-04-18,38.745,39.24,38.547,39.091,29364,0
2017-04-19,39.339,39.981,38.992,39.19,34181,0
2017-04-20,39.437,39.882,39.388,39.882,60646,0
2017-04-21,39.734,40.475,39.635,40.178,35536,0
2017-04-24,41.117,41.76,40.821,40.969,42464,0
2017-04-25,41.563,41.958,41.491,41.809,47253,0
2017-04-26,42.007,43.984,42.007,43.292,75562,0
2017-04-27,43.243,43.243,41.809,41.809,38473,0
2017-04-28,41.859,42.007,40.327,40.524,58803,0
2017-05-01,40.821,41.086,40.228,40.673,49148,0
2017-05-02,40.821,40.821,39.586,40.278,45247,0
2017-05-03,39.981,40.623,39.832,40.376,44547,0
2017-05-04,40.623,40.673,39.981,40.475,23653,0
2017-05-05,40.623,40.722,39.684,39.932,31843,0
2017-05-08,39.882,40.08,39.536,39.684,74282,0
2017-05-09,39.635,40.08,39.091,39.339,43837,0
2017-05-10,39.19,39.635,39.146,39.339,37286,0
2017-05-11,39.091,39.635,38.697,38.745,60847,0
2017-05-12,38.449,38.745,38.054,38.301,57106,0
2017-05-15,38.449,38.893,38.251,38.35,38982,0
2017-05-16,38.251,38.647,37.757,38.474,48464,0
2017-05-17,37.757,37.806,36.719,36.719,84017,0
2017-05-18,36.423,37.362,36.423,36.769,48705,0
2017-05-19,36.719,37.139,36.324,36.521,64474,0
2017-05-22,36.67,36.719,36.275,36.423,41378,0
2017-05-23,36.472,37.262,35.929,37.065,40619,0
2017-05-24,37.312,37.485,36.373,36.571,50162,0
2017-05-25,37.262,38.647,36.719,36.917,31304,0
2017-05-26,36.917,37.69,35.681,36.62,23718,0
2017-05-30,36.275,36.275,35.781,35.929,34445,0
2017-05-31,35.929,36.077,35.237,35.781,66477,0
2017-06-01,36.027,36.868,35.484,36.769,45787,0
2017-06-02,36.472,37.608,36.324,36.769,47010,0
2017-06-05,36.62,37.109,36.275,36.373,18482,0
2017-06-06,35.929,36.373,35.484,36.127,39525,0
2017-06-07,36.324,37.016,36.275,36.423,56025,0
2017-06-08,36.358,37.814,36.358,36.87,71750,0
2017-06-09,37.168,39.205,37.019,39.106,63128,0
2017-06-12,39.205,40,37.913,38.311,48162,0
2017-06-13,38.41,38.858,38.212,38.51,40082,0
2017-06-14,38.212,38.858,37.963,38.559,23171,0
2017-06-15,37.963,39.553,37.963,38.212,21164,0
2017-06-16,37.665,37.814,37.367,37.665,85662,0
2017-06-19,37.864,38.559,37.367,37.516,42079,0
2017-06-20,37.466,37.665,37.118,37.118,47115,0
2017-06-21,37.118,37.218,36.323,36.423,36193,0
2017-06-22,36.373,36.653,35.876,36.125,34727,0
2017-06-23,36.075,36.771,36.075,36.696,183096,0
2017-06-26,36.721,37.516,36.621,37.218,65186,0
2017-06-27,37.367,38.013,37.243,37.814,94021,0
2017-06-28,37.963,38.46,37.963,38.212,50185,0
2017-06-29,38.51,39.223,38.361,38.858,97339,0
2017-06-30,38.907,39.255,38.559,38.659,91430,0
2017-07-03,39.056,39.951,38.708,39.752,27158,0
2017-07-05,39.752,39.752,38.808,39.305,27963,0
2017-07-06,39.205,39.305,38.708,38.808,88652,0
2017-07-07,40.696,41.143,38.609,38.708,81120,0
2017-07-10,38.46,38.932,36.771,38.311,51158,0
2017-07-11,38.162,38.286,37.615,37.913,52294,0
2017-07-12,37.913,38.361,37.466,37.963,90830,0
2017-07-13,38.062,38.062,37.317,37.566,41118,0
2017-07-14,37.168,37.516,36.92,37.267,45813,0
2017-07-17,37.168,37.566,36.92,37.317,40315,0
2017-07-18,37.019,37.367,36.771,37.118,24580,0
2017-07-19,37.118,37.466,36.82,37.168,24612,0
2017-07-20,37.069,37.367,37.019,37.118,21972,0
2017-07-21,37.367,37.367,36.423,36.522,51579,0
2017-07-24,36.522,36.771,35.926,36.572,26408,0
2017-07-25,36.771,37.218,36.423,36.87,99467,0
2017-07-26,36.522,37.317,35.33,35.479,70451,0
2017-07-27,35.628,36.82,35.578,36.075,117880,0
2017-07-28,36.025,36.224,35.18,35.23,39820,0
2017-07-31,35.28,35.876,35.081,35.677,40499,0
2017-08-01,35.727,36.174,35.628,36.075,32270,0
2017-08-02,36.125,36.572,35.826,35.976,34607,0
2017-08-03,35.777,35.876,35.379,35.429,27279,0
2017-08-04,35.429,35.826,35.429,35.429,50456,0
2017-08-07,35.379,35.677,35.131,35.479,33801,0
2017-08-08,35.379,36.323,34.783,35.528,28377,0
2017-08-09,35.131,35.777,34.882,35.081,50157,0
2017-08-10,34.833,35.031,34.485,34.833,51145,0
2017-08-11,34.982,35.18,34.187,34.286,72461,0
2017-08-14,35.28,35.429,34.882,35.28,60430,0
2017-08-15,35.578,35.876,34.584,35.031,61184,0
2017-08-16,35.131,35.826,34.634,34.882,56224,0
2017-08-17,34.833,35.131,34.261,34.435,67905,0
2017-08-18,34.187,34.733,33.938,34.584,51264,0
2017-08-21,34.435,34.609,34.038,34.485,27135,0
2017-08-22,34.584,34.882,34.51,34.733,45018,0
2017-08-23,34.385,34.783,34.336,34.435,36335,0
2017-08-24,34.634,34.634,34.286,34.435,35830,0
2017-08-25,34.385,34.783,34.385,34.684,42562,0
2017-08-28,34.684,34.833,34.236,34.634,43868,0
2017-08-29,34.137,35.031,33.988,34.783,77407,0
2017-08-30,34.733,35.18,34.435,34.684,49282,0
2017-08-31,34.733,34.982,34.485,34.584,33903,0
2017-09-01,34.534,34.833,34.435,34.634,25879,0
2017-09-05,34.435,34.435,33.392,33.441,45527,0
2017-09-06,33.541,33.739,33.168,33.193,35984,0
2017-09-07,33.044,33.044,31.702,32.05,66907,0
2017-09-08,32,33,31.9,32.65,44559,0
2017-09-11,33,33.65,33,33.4,28410,0
2017-09-12,33.65,34.55,33.65,34.45,71790,0
2017-09-13,34.25,34.9,34.25,34.65,35484,0
2017-09-14,34.7,35.2,34.5,34.6,33916,0
2017-09-15,34.7,34.9,34.65,34.85,126553,0
2017-09-18,34.825,35.55,34.825,35.2,30854,0
2017-09-19,35.1,35.3083,35.1,35.25,18592,0
2017-09-20,35.3,36.1,35.1,35.8,27221,0
2017-09-21,35.8,36.495,35.8,36.15,141511,0
2017-09-22,36.15,36.7,35.95,36.65,47013,0
2017-09-25,36.6,36.7,36,36.3,23040,0
2017-09-26,36.25,36.5,36,36.25,46361,0
2017-09-27,36.6,37.95,35.675,37.6,74253,0
2017-09-28,37.45,37.55,36.95,37.55,34312,0
2017-09-29,37.7,38.1,37.5,37.95,62190,0
2017-10-02,38.05,38.4,37.75,38.35,51717,0
2017-10-03,38.3,38.45,37.75,38.4,40399,0
2017-10-04,38.3,38.45,37.4,37.75,29887,0
2017-10-05,37.95,38.35,37.9,38.25,34762,0
2017-10-06,38.3,38.4,38.1,38.35,34260,0
2017-10-09,38.35,38.35,37.7,37.75,49674,0
2017-10-10,38,38.55,37.65,38.55,43660,0
2017-10-11,38.45,38.7,37.725,38.65,54907,0
2017-10-12,38.65,38.7,37.95,38.05,38254,0
2017-10-13,38,38.25,37.85,37.95,44054,0
2017-10-16,38,38.5,37.8,38.05,51224,0
2017-10-17,38,38.25,37.6,37.75,31284,0
2017-10-18,37.85,38.47,37.7353,38.25,37365,0
2017-10-19,38.05,38.445,37,38.3,34029,0
2017-10-20,38.9,38.9,38.55,38.85,33720,0
2017-10-23,38.9,38.9,38.15,38.55,40493,0
2017-10-24,38.9,38.9,38.3,38.3,40463,0
2017-10-25,39.35,39.35,38.2,38.9,39559,0
2017-10-26,39,39.85,38.95,39.6,39038,0
2017-10-27,39.75,39.95,39.35,39.55,44402,0
2017-10-30,39.35,39.45,37.55,37.6,83959,0
2017-10-31,37.6,38.475,37.475,37.75,90989,0
2017-11-01,38.1,38.3,37.35,37.8,33230,0
2017-11-02,37.8,38.9,37.75,38.85,46655,0
2017-11-03,38.8,38.95,38.225,38.55,37669,0
2017-11-06,38.6,39.414,38.25,38.35,12281,0
2017-11-07,38.15,38.3,36.85,37.1,32017,0
2017-11-08,36.85,37.1,36.4,36.8,34775,0
2017-11-09,36.45,36.95,36,36.55,29924,0
2017-11-10,36.5,37.0048,36.4,36.5,15875,0
