2016-01-04,89.396,89.465,87.529,87.98,2138368,0
2016-01-05,88.076,88.956,87.941,88.83,1569299,0
2016-01-06,87.658,89.044,87.658,88.692,2132141,0
2016-01-07,87.5,88.036,86.016,86.435,2077079,0
2016-01-08,86.982,87.667,85.693,85.896,1613671,0
2016-01-11,86.152,86.465,84.714,85.544,1803979,0
2016-01-12,86.035,87.081,85.651,86.718,1572061,0
2016-01-13,87.539,89.669,86.787,87.285,3160318,0
2016-01-14,87.46,89.445,87.315,88.858,2028767,0
2016-01-15,87.129,89.221,86.718,89.043,2883722,0
2016-01-19,89.874,90.656,88.516,89.485,2746165,0
2016-01-20,88.359,89.634,86.562,88.937,2013769,0
2016-01-21,89.356,90.169,88.253,89.808,2120441,0
2016-01-22,90.491,91.82,90.334,91.78,1771223,0
2016-01-25,91.645,92.866,91.292,92.27,2756188,0
2016-01-26,92.356,93.979,91.879,93.844,2713361,0
2016-01-27,95.601,98.891,95.601,96.365,6701974,0
2016-01-28,96.687,96.868,94.332,95.104,3668045,0
2016-01-29,95.73,97.635,94.957,96.901,3219616,0
2016-02-01,94.595,97.341,94.371,96.921,2635548,0
2016-02-02,95.983,97.755,95.623,96.785,1911913,0
2016-02-03,97.645,97.725,95.279,96.844,2266817,0
2016-02-04,96.755,97.775,96.345,97.283,1631352,0
2016-02-05,96.795,97.161,94.302,94.713,2064581,0
2016-02-08,93.909,94.272,92.173,93.882,2197748,0
2016-02-09,92.779,95.114,92.779,94.449,1920766,0
2016-02-10,95.279,96.868,95.279,95.875,1573589,0
2016-02-11,94.292,95.172,93.502,93.979,1965676,0
2016-02-12,94.742,95.241,93.588,95.124,1316282,0
2016-02-16,96.217,96.217,94.791,95.192,1977150,0
2016-02-17,95.866,96.003,94.019,94.108,2967255,0
2016-02-18,93.863,95.279,93.618,94.742,1683373,0
2016-02-19,94.605,95.71,94.039,95.505,1617617,0
2016-02-22,96.266,96.872,95.879,96.795,1470525,0
2016-02-23,96.276,97.351,96.111,96.628,1358564,0
2016-02-24,96.111,97.44,95.562,97.312,845282,0
2016-02-25,97.244,99.63,97.234,99.493,1764680,0
2016-02-26,99.75,100.36,98.803,99.071,1588877,0
2016-02-29,98.754,98.991,97.566,97.616,1188263,0
2016-03-01,98.127,98.891,97.166,98.634,1094577,0
2016-03-02,98.704,99.343,98.137,99.223,1202581,0
2016-03-03,99.67,100.66,98.852,100.56,1659968,0
2016-03-04,100.21,101.65,100.21,101.11,1991978,0
2016-03-07,100.35,100.66,100,100.51,1476561,0
2016-03-08,99.373,100.83,95.779,100.45,2158345,0
2016-03-09,100.54,101.2,100.38,100.78,1629635,0
2016-03-10,101.15,101.75,99.98,101.4,1826913,0
2016-03-11,102.18,102.63,101.63,102.61,1839216,0
2016-03-14,102.47,103.1,101.83,102.8,1116123,0
2016-03-15,101.91,102.6,101.78,102.47,1274152,0
2016-03-16,101.66,103.19,101.66,102.81,1221100,0
2016-03-17,102.81,102.86,100.83,100.96,1864280,0
2016-03-18,101.5,102.73,100.54,102.56,2094972,0
2016-03-21,102.31,102.74,101.6,102.47,1119670,0
2016-03-22,102.4,102.97,102.02,102.55,1398412,0
2016-03-23,102.5,103.54,102.33,103.19,1647981,0
2016-03-24,103.27,103.5,101.99,102.83,1204135,0
2016-03-28,102.87,103.27,102.43,102.67,989576,0
2016-03-29,102.79,104.89,102.6,104.84,1033082,0
2016-03-30,105.29,105.77,104.87,105.02,1031269,0
2016-03-31,104.76,105.88,104.07,105.25,1507029,0
2016-04-01,104.69,106.92,104.23,106.44,1787287,0
2016-04-04,106.91,107.7,106.45,107.24,1259621,0
2016-04-05,106.78,107.2,104.62,105.01,2686347,0
2016-04-06,105.02,106.77,105.02,106.15,2115591,0
2016-04-07,105.74,106.27,105.26,105.88,1366265,0
2016-04-08,106.27,106.83,105.93,106.46,1251692,0
2016-04-11,106.41,106.85,106.1,106.17,1949879,0
2016-04-12,106.07,107.37,106.07,107.36,1308304,0
2016-04-13,107.17,107.84,106.91,107.53,1498242,0
2016-04-14,107.79,108.3,107.47,108.01,1067454,0
2016-04-15,107.82,108,106.85,107.71,1619415,0
2016-04-18,107.67,108.4,107.11,108.28,1059931,0
2016-04-19,108.32,108.85,106.92,107.64,1415504,0
2016-04-20,107.47,109.12,107.24,108.61,2007456,0
2016-04-21,110.35,111.67,106.34,107.22,3300039,0
2016-04-22,107.35,107.97,106.04,107.31,1873588,0
2016-04-25,107.24,107.53,106.76,107.4,1017888,0
2016-04-26,107.45,108.02,106.87,107.42,1159452,0
2016-04-27,108.21,108.87,107.04,107.95,1237207,0
2016-04-28,107.46,108.37,107.16,107.47,1555728,0
2016-04-29,104.68,107.37,104.68,106.92,1516239,0
2016-05-02,107.24,108.12,106.93,107.85,935210,0
2016-05-03,107.38,107.68,106.71,107.08,867899,0
2016-05-04,106.53,107.05,105.94,106.51,954988,0
2016-05-05,106.43,108.06,106.2,108.03,1740564,0
2016-05-06,107.73,109.08,107.43,109.08,1783409,0
2016-05-09,109,110.08,108.99,109.19,979307,0
2016-05-10,109.25,109.77,108.98,109.61,1702502,0
2016-05-11,109.67,110.22,109.24,109.35,1467995,0
2016-05-12,109.38,110.16,108.73,109.68,1068592,0
2016-05-13,109.77,109.86,108.3,108.78,1071187,0
2016-05-16,108.74,110.54,108.71,110.2,1052198,0
2016-05-17,109.9,110.27,107.67,108.05,1191402,0
2016-05-18,107.76,108.55,107.05,107.77,1018024,0
2016-05-19,107.14,107.52,106.54,107.4,820194,0
2016-05-20,108.08,108.63,107.71,108.14,1351699,0
2016-05-23,108.08,108.48,107.73,108.16,663265,0
2016-05-24,108.48,109.73,108.29,109.53,999452,0
2016-05-25,109.71,110.29,109.54,109.73,1107596,0
2016-05-26,109.64,110.24,109.34,109.44,778850,0
2016-05-27,109.45,109.95,109.13,109.63,709914,0
2016-05-31,109.22,109.81,108.46,109.03,2839607,0
2016-06-01,109.16,109.68,108.34,109.52,1022364,0
2016-06-02,109.66,110.52,109.16,110.51,1168178,0
2016-06-03,110.22,111.44,109.71,111.38,1650062,0
2016-06-06,111.25,111.93,111.17,111.35,1519648,0
2016-06-07,111.35,111.42,110.42,110.44,1434698,0
2016-06-08,110.35,112.12,110.24,112.11,1261719,0
2016-06-09,112.19,113.69,111.68,113.12,1503464,0
2016-06-10,112.65,112.81,111.71,112.37,909152,0
2016-06-13,112.37,113.33,112.17,112.25,1223618,0
2016-06-14,111.95,113.21,111.68,113.21,1482073,0
2016-06-15,113.21,113.57,111.72,112.15,1054475,0
2016-06-16,111.85,112.64,111.06,112.43,882097,0
2016-06-17,112.51,112.95,111.13,112.19,1371571,0
2016-06-20,113.34,114.75,113.29,113.87,1635345,0
2016-06-21,114.28,114.68,113.66,114.23,1064178,0
2016-06-22,114.5,115.03,114.23,114.39,1285800,0
2016-06-23,115.13,116.38,114.88,116.11,2005709,0
2016-06-24,112.67,115.67,112.22,114.36,4607376,0
2016-06-27,113.65,114.26,112.11,112.59,1369534,0
2016-06-28,113.42,114.33,112.96,114.12,1663777,0
2016-06-29,115.17,116.98,115.04,116.92,1570167,0
2016-06-30,116.96,117.93,116.52,117.93,1843840,0
2016-07-01,118.11,118.61,117.67,118.51,888830,0
2016-07-05,118.04,119.66,117.83,119.28,1141500,0
2016-07-06,118.68,119.48,118.42,119.16,1523643,0
2016-07-07,119.15,119.66,118.88,119.11,1236299,0
2016-07-08,119.8,120.46,119.15,120.35,1303773,0
2016-07-11,120.57,121.15,120.36,120.7,900025,0
2016-07-12,120.98,121.26,120.24,120.87,1253322,0
2016-07-13,121.25,121.42,120.22,120.56,1258575,0
2016-07-14,121.33,121.46,120.25,120.36,1298268,0
2016-07-15,121.02,121.6,119.35,120.14,2096764,0
2016-07-18,120.32,121.05,119.04,119.68,1755281,0
2016-07-19,119.53,120.49,119.48,119.82,1292059,0
2016-07-20,120.36,120.7,119.83,120.42,1318369,0
2016-07-21,120.27,120.69,119.73,120.61,1454429,0
2016-07-22,116.37,117.05,113.94,115.18,4767566,0
2016-07-25,114.97,115.59,113.13,114.09,2060072,0
2016-07-26,113.96,114.83,113.47,114.59,1621906,0
2016-07-27,114.34,114.51,112.63,113,1670721,0
2016-07-28,113.02,114.32,112.58,113.13,1235453,0
2016-07-29,113.14,114.77,113.14,114.43,1477156,0
2016-08-01,114.44,115.79,114.37,115.17,1035844,0
2016-08-02,114.9,115.02,113.45,113.86,1025899,0
2016-08-03,114.04,114.13,112.72,112.99,1097599,0
2016-08-04,113.29,113.5,112.63,113.02,957607,0
2016-08-05,113.21,113.5,112.5,113.07,1003948,0
2016-08-08,113.16,113.24,112.26,112.99,1029727,0
2016-08-09,113.25,114.07,113.01,113.62,847924,0
2016-08-10,113.66,113.75,113.02,113.7,623941,0
2016-08-11,113.69,114.21,113.24,113.7,794880,0
2016-08-12,113.53,113.73,112.97,113.73,631993,0
2016-08-15,113.67,113.96,113.4,113.4,577805,0
2016-08-16,113.05,113.08,111.68,111.68,1069045,0
2016-08-17,111.7,111.84,110.88,111.35,1119431,0
2016-08-18,111.23,112.08,110.77,111.95,934267,0
2016-08-19,111.52,112,110.91,111.97,895529,0
2016-08-22,112.05,112.59,111.82,112.33,739457,0
2016-08-23,112.37,112.79,111.68,111.81,908328,0
2016-08-24,111.91,112.05,110.61,110.84,1068288,0
2016-08-25,110.54,111.92,110.24,111.51,1223154,0
2016-08-26,111.87,113.25,111.44,112.63,1161152,0
2016-08-29,112.63,114.54,112.62,114.43,1695492,0
2016-08-30,114.27,114.84,113.61,114.1,888462,0
2016-08-31,114.07,114.53,113.31,113.82,828067,0
2016-09-01,114.06,114.06,112.6,113.4,954552,0
2016-09-02,114.5,114.5,113.41,113.76,880016,0
2016-09-06,113.76,115.04,113.17,115.04,1162608,0
2016-09-07,114.59,114.95,113.02,113.34,1221407,0
2016-09-08,112.96,113.74,112.82,113.04,1394548,0
2016-09-09,112.29,112.32,108.68,108.78,2526345,0
2016-09-12,108.47,111.07,108.47,110.91,1768665,0
2016-09-13,110.43,110.88,108.57,108.76,1082073,0
2016-09-14,108.57,109.47,108.38,109.25,1383825,0
2016-09-15,109.19,112.31,108.85,111.7,2026948,0
2016-09-16,111.91,112.61,111.21,112.51,2476179,0
2016-09-19,112.54,113.74,112.38,112.61,1151700,0
2016-09-20,113.27,113.46,112.72,112.78,1006735,0
2016-09-21,112.86,114.71,112.85,114.59,1108799,0
2016-09-22,114.97,117.01,114.53,116.55,1997015,0
2016-09-23,116.18,116.32,115.13,115.89,1255028,0
2016-09-26,115.33,115.62,114.12,114.37,1409408,0
2016-09-27,114.79,115.93,114.24,115.93,1174865,0
2016-09-28,115.93,116.05,115.01,115.83,930366,0
2016-09-29,115.42,115.74,113.65,114.23,670380,0
2016-09-30,114.84,115.44,114.5,114.94,1212253,0
2016-10-03,114.39,115.07,113.82,114.98,815445,0
2016-10-04,115.01,115.45,114.26,114.79,1087866,0
2016-10-05,114.87,115.49,114.58,115.19,1166993,0
2016-10-06,115.12,115.65,114.46,115.18,791456,0
2016-10-07,115.65,115.89,114.12,114.84,931886,0
2016-10-10,115.43,116.58,115.2,116.35,765687,0
2016-10-11,116.09,116.18,111.71,112.29,1451862,0
2016-10-12,112.46,113.02,112.15,112.48,839807,0
2016-10-13,111.94,112.46,111.09,112.14,903971,0
2016-10-14,114.71,114.71,112.17,112.21,1269708,0
2016-10-17,112.35,112.41,111.78,112.13,730940,0
2016-10-18,113.06,113.63,112.06,113.35,686349,0
2016-10-19,113.67,113.73,112.79,112.88,689733,0
2016-10-20,112.97,113.41,112.37,113.09,621238,0
2016-10-21,112.56,112.78,111.5,112.27,843363,0
2016-10-24,112.94,113.73,112.76,113.27,683001,0
2016-10-25,113.31,113.36,111.65,111.76,1036776,0
2016-10-26,110.84,111.04,108.45,108.5,2125668,0
2016-10-27,109.1,109.22,107.93,108.33,1773968,0
2016-10-28,110.1,116.46,109.2,112.82,3306704,0
2016-10-31,112.16,114.12,109.93,113.88,2331688,0
2016-11-01,114.52,115.16,112.68,113.33,1829908,0
2016-11-02,113.47,115.29,113.05,114.03,1509125,0
2016-11-03,114.37,114.88,113.93,114.18,1475308,0
2016-11-04,114.53,116,114.31,115.67,1781367,0
2016-11-07,117.09,118.88,117.01,118.17,1516304,0
2016-11-08,118.1,120.29,117.5,119.31,1551586,0
2016-11-09,118.27,120.07,111.87,114.77,3679119,0
2016-11-10,115.8,115.8,110.75,112.59,4431244,0
2016-11-11,111.94,112.54,108.69,108.96,2536757,0
2016-11-14,108.93,109.38,105.14,105.33,3731344,0
2016-11-15,105.99,109.3,105.77,108.35,2779411,0
2016-11-16,108.36,108.67,107,108.01,1110532,0
2016-11-17,107.94,109.91,107.18,109.25,1942941,0
2016-11-18,109.17,110.09,108.81,110.02,1520826,0
2016-11-21,110.01,111.13,109.63,110.05,1201866,0
2016-11-22,108.71,109.64,106.91,109.3,2983878,0
2016-11-23,108.78,110.43,108.61,110.33,1439690,0
2016-11-25,111.02,111.67,110.47,111.41,566490,0
2016-11-28,111.07,112.03,111.07,111.52,1314034,0
2016-11-29,112.73,116.41,112.3,113.94,1897934,0
2016-11-30,113.67,114.08,112.22,112.22,1867946,0
2016-12-01,111.93,112.63,109.5,110.33,1339989,0
2016-12-02,110.78,111.68,110.42,110.66,1226668,0
2016-12-05,111.14,111.26,110.15,110.59,1341735,0
2016-12-06,111.2,111.74,110.05,111.16,1252723,0
2016-12-07,110.77,112.27,109.81,112.23,1369383,0
2016-12-08,111.85,114.23,111.57,114.04,1423896,0
2016-12-09,114.28,115.37,114.28,115.03,1054154,0
2016-12-12,114.95,116.67,114.95,116.08,1196174,0
2016-12-13,116.24,117.08,115.52,116.13,987452,0
2016-12-14,116.47,116.87,114.8,115.26,1938844,0
2016-12-15,116.5,117.51,115.32,117.31,1678284,0
2016-12-16,117.72,117.85,116.78,117.24,2224995,0
2016-12-19,117.26,117.65,116.89,117.3,882971,0
2016-12-20,117.48,118.43,117.21,118,1041952,0
2016-12-21,117.9,118.42,117.37,117.89,882824,0
2016-12-22,117.84,119.22,117.6,118.96,1205579,0
2016-12-23,118.79,119.55,118.69,119.22,529997,0
2016-12-27,119.51,119.95,119.14,119.31,449265,0
2016-12-28,119.15,119.87,118.76,118.79,958020,0
2016-12-29,119.19,119.97,118.91,119.4,680916,0
2016-12-30,119.54,119.74,118.26,118.72,997277,0
2017-01-03,118.72,118.77,116.77,118.34,1848460,0
2017-01-04,118.55,119.53,118.26,119,1518772,0
2017-01-05,119,119.28,117.31,117.69,1788638,0
2017-01-06,116.41,117.29,115.44,116.66,2487049,0
2017-01-09,116.79,118.56,116.55,117.93,1368313,0
2017-01-10,118.47,121.6,117.96,120.78,2331852,0
2017-01-11,122.35,126.05,121.45,122.51,3170079,0
2017-01-12,121.74,122.23,120.72,122.14,1430614,0
2017-01-13,122.1,122.85,121.48,121.8,1680693,0
2017-01-17,121,121.87,120.56,121.43,1941715,0
2017-01-18,121.81,121.97,121.03,121.28,1206638,0
2017-01-19,120.88,121.5,120.27,121.01,1025390,0
2017-01-20,121.4,121.96,120.33,120.63,1203784,0
2017-01-23,120.44,121.17,119.72,120.29,1404608,0
2017-01-24,120.39,121.24,119.52,120.38,1560853,0
2017-01-25,121.06,123.8,119.93,119.99,2586079,0
2017-01-26,119.99,119.99,118.08,119.71,1909126,0
2017-01-27,119.91,122.52,119.61,122.16,1511501,0
2017-01-30,122.14,122.14,120.82,121.39,1260897,0
2017-01-31,121.01,122.44,120.88,122.39,1159204,0
2017-02-01,122.29,122.67,121.3,122,1601634,0
2017-02-02,121.76,122.33,121.17,122.25,1343262,0
2017-02-03,122.57,123.1,121.66,122.22,995116,0
2017-02-06,121.96,122.16,120.74,121.21,1182194,0
2017-02-07,121.24,121.72,121.04,121.39,1742458,0
2017-02-08,121.22,121.83,120.89,121.29,695965,0
2017-02-09,121.5,122.43,121.16,122.19,1506509,0
2017-02-10,122.15,122.56,121.66,122.18,850044,0
2017-02-13,122.3,123.61,122.2,123.18,1131654,0
2017-02-14,123.28,124.36,122.69,124.11,1135646,0
2017-02-15,123.55,124.83,123.46,124.61,1048668,0
2017-02-16,124.44,124.62,123.74,124.6,895842,0
2017-02-17,124.5,125.22,123.97,125.19,871149,0
2017-02-21,124.86,126.61,124.85,125.98,1370793,0
2017-02-22,125.87,126.78,125.67,126.11,813474,0
2017-02-23,126.32,127.54,125.83,127.49,1092871,0
2017-02-24,127.38,128.12,127.11,128.09,777901,0
2017-02-27,127.82,128.47,127.23,127.4,1014947,0
2017-02-28,127.56,128.02,126.01,127.38,1207873,0
2017-03-01,128.17,130.15,127.6,129.84,1283791,0
2017-03-02,129.73,130.1,128.67,129.58,949177,0
2017-03-03,129.3,129.64,128.47,128.99,1144308,0
2017-03-06,128.36,128.95,128.01,128.5,1386094,0
2017-03-07,128.17,128.62,127.61,127.96,1740930,0
2017-03-08,128.36,128.68,127.77,128.16,657047,0
2017-03-09,127.99,128.95,127.85,128.62,1032778,0
2017-03-10,129.09,129.48,128.11,128.81,1527376,0
2017-03-13,129,130.25,128.4,130.17,1346722,0
2017-03-14,129.61,130.14,129.27,129.76,1501015,0
2017-03-15,130.1,131.77,129.79,131.61,1121049,0
2017-03-16,131.41,131.41,129.3,130.29,1690679,0
2017-03-17,130.35,131.8,129.79,131.45,2069744,0
2017-03-20,131.41,131.69,130.93,131.38,721499,0
2017-03-21,131.57,132.35,130.2,131.17,976069,0
2017-03-22,131.49,132.02,130.4,131.24,797080,0
2017-03-23,131.17,131.55,130.07,130.38,1259473,0
2017-03-24,130.62,131.94,130.33,131.3,1248434,0
2017-03-27,130.79,131.41,130.52,131.28,704667,0
2017-03-28,131.01,131.67,130.23,131.49,757857,0
2017-03-29,131.13,131.45,130.35,131.11,1368018,0
2017-03-30,130.91,131.72,130.72,131.16,611496,0
2017-03-31,130.75,131.41,130.68,130.86,758398,0
2017-04-03,130.86,131.63,129.8,131.14,1004426,0
2017-04-04,131.13,131.34,129.84,130.62,715430,0
2017-04-05,130.42,131.47,130.15,130.39,673411,0
2017-04-06,130.51,130.51,129.47,130.05,757100,0
2017-04-07,130.1,130.54,129.74,130.05,873149,0
2017-04-10,129.88,130.54,129.76,129.94,765782,0
2017-04-11,129.66,130.39,129.15,129.8,779212,0
2017-04-12,129.65,130.06,129.03,129.62,1004544,0
2017-04-13,129.39,129.87,129.05,129.14,763307,0
2017-04-17,129.48,130.41,129.4,130.18,1616574,0
2017-04-18,129.76,130.37,129.27,130.12,797556,0
2017-04-19,130.77,131.48,130.2,131.03,1025252,0
2017-04-20,131.02,132.22,130.41,131.97,978688,0
2017-04-21,131.81,132.62,131.48,132.15,948795,0
2017-04-24,133.15,133.98,132.92,133.64,1308207,0
2017-04-25,134.12,135.23,133.65,134.78,1490671,0
2017-04-26,133.84,135.58,130.88,135.38,2330860,0
2017-04-27,135.54,135.77,134.45,134.56,1001364,0
2017-04-28,134.29,135.64,134.29,135.54,1542673,0
2017-05-01,135.6,135.88,134.6,134.96,857222,0
2017-05-02,135.21,135.96,134.69,135.36,1279095,0
2017-05-03,135.19,135.46,134.21,134.9,738417,0
2017-05-04,134.83,134.84,133.98,134.17,1044650,0
2017-05-05,134.62,135.19,133.96,135.15,714865,0
2017-05-08,134.98,135.19,133.79,134.04,752113,0
2017-05-09,134,134.65,133.69,134.06,932708,0
2017-05-10,133.78,133.85,132.7,133.23,1663330,0
2017-05-11,133.08,134.27,132.52,134.03,827774,0
2017-05-12,133.82,134.3,133.52,134.01,658807,0
2017-05-15,134,135.35,133.36,135.22,777169,0
2017-05-16,135.01,135.86,133.55,133.96,1116100,0
2017-05-17,133.25,134.18,132.67,132.73,942509,0
2017-05-18,132.73,134.82,131.65,134.03,987313,0
2017-05-19,134.29,136,133.98,135.98,1347505,0
2017-05-22,135.99,138.38,135.99,137.81,1483897,0
2017-05-23,137.87,139.45,137.87,139.05,1455330,0
2017-05-24,139.11,139.49,138.98,139.14,1129802,0
2017-05-25,139.41,140.36,138.92,140,1209176,0
2017-05-26,140.12,140.74,139.64,140.42,832477,0
2017-05-30,140.14,141.2,140,141.13,783967,0
2017-05-31,141.71,142.33,141.12,142.1,1775876,0
2017-06-01,141.95,143.83,141.59,143.83,977436,0
2017-06-02,144.39,144.75,143.18,143.61,1479218,0
2017-06-05,143.83,143.92,142.9,143.35,1105592,0
2017-06-06,142.88,143.79,142.88,143.18,782467,0
2017-06-07,143.73,144.14,142.66,143.57,689670,0
2017-06-08,143.35,143.75,140.68,141.58,1689108,0
2017-06-09,141.75,142.14,140.37,141.02,1201882,0
2017-06-12,140.73,140.91,137.37,139.77,1667429,0
2017-06-13,140.21,140.96,139.03,140.33,1008361,0
2017-06-14,140.9,141.81,140.37,141.04,1151235,0
2017-06-15,140.23,140.62,138.91,140.38,1044492,0
2017-06-16,140.65,141.51,139.98,141.39,1592871,0
2017-06-19,141.8,142.3,140.02,140.53,1315008,0
2017-06-20,140.59,141.47,139.97,140.13,1059984,0
2017-06-21,140.6,141.13,139.56,139.95,1466994,0
2017-06-22,139.6,140.55,139.49,140.37,1261099,0
2017-06-23,140.34,141.14,139.83,140.27,1168210,0
2017-06-26,140.32,140.87,138.95,139.06,707126,0
2017-06-27,139.06,139.7,138.4,138.75,809483,0
2017-06-28,139.53,139.77,139.06,139.38,703002,0
2017-06-29,139.58,139.79,137.36,138.4,1274218,0
2017-06-30,138.56,139.29,138.37,138.37,1085171,0
2017-07-03,138.82,139.01,137.68,137.81,489024,0
2017-07-05,138.15,139.56,137.78,139.32,1044041,0
2017-07-06,138.74,139.04,137.59,138.86,1185960,0
2017-07-07,139.36,140.79,138.94,140.7,1215817,0
2017-07-10,140.44,140.8,140.01,140.14,833560,0
2017-07-11,140.19,140.64,139.84,140.08,1009900,0
2017-07-12,140.61,144.67,140.46,143.93,1890461,0
2017-07-13,143.93,143.99,142.48,142.77,1135885,0
2017-07-14,142.86,145.56,142.86,144.97,904465,0
2017-07-17,145.02,145.35,144.01,144.38,704889,0
2017-07-18,144.17,145.14,143.57,144.94,925259,0
2017-07-19,145.11,146.01,144.95,145.78,735496,0
2017-07-20,145.92,147.34,145.9,146.96,998240,0
2017-07-21,146.99,147.71,145.48,145.75,1162082,0
2017-07-24,145.81,146.59,144.87,146.4,872048,0
2017-07-25,147.05,147.05,145.11,145.62,965437,0
2017-07-26,145.6,145.8,144.42,145.32,1111124,0
2017-07-27,145.35,145.56,142.54,143.62,1470098,0
2017-07-28,144.42,147.47,144.42,147.36,1932825,0
2017-07-31,147.47,147.47,146.14,146.66,1460011,0
2017-08-01,147.14,148.4,146.42,147.43,1184031,0
2017-08-02,147.25,147.46,144.25,144.71,1243008,0
2017-08-03,144.09,145.98,143.86,145.93,763340,0
2017-08-04,146.65,146.65,145.46,146.09,640313,0
2017-08-07,146.15,146.32,145.66,146.29,676960,0
2017-08-08,146.04,146.29,145.43,145.7,646901,0
2017-08-09,145.81,145.81,144.45,144.75,1084219,0
2017-08-10,144.39,144.65,143.38,143.48,770449,0
2017-08-11,144.09,144.36,143.11,143.75,850164,0
2017-08-14,144.55,145.84,144.28,145.57,1107847,0
2017-08-15,145.85,147.39,145.81,147,1433810,0
2017-08-16,147.42,147.6,146.73,146.97,878640,0
2017-08-17,146.91,146.99,144.9,144.93,711532,0
2017-08-18,144.49,145.01,143.65,143.86,1662543,0
2017-08-21,143.82,144.84,143.4,144.7,1073512,0
2017-08-22,144.79,146.25,144.53,145.08,1496217,0
2017-08-23,140.58,141.01,137.29,137.95,4325800,0
2017-08-24,138.09,138.58,137.73,138.36,1343962,0
2017-08-25,139.52,139.92,138.92,139.46,1401419,0
2017-08-28,140.18,140.18,138.69,139.15,1194168,0
2017-08-29,138.59,139.15,138.34,138.99,788386,0
2017-08-30,138.79,139.34,138.15,138.91,792391,0
2017-08-31,138.91,141.17,138.91,140.95,1309805,0
2017-09-01,141.12,141.37,139.78,140.67,935129,0
2017-09-05,140.05,141.84,140.03,141.19,1647547,0
2017-09-06,141.48,141.49,139.09,140.7,1069878,0
2017-09-07,140.91,142.14,140.58,141.8,749010,0
2017-09-08,141.81,142.64,141.8,142.08,866353,0
2017-09-11,142.78,143.26,142.01,143.26,1046751,0
2017-09-12,143.26,143.39,142.31,143.1,804996,0
2017-09-13,143.07,143.73,142.29,142.6,1427823,0
2017-09-14,142.36,144.5,142.33,144.06,1575138,0
2017-09-15,144.29,144.61,142.88,143.45,3151471,0
2017-09-18,143.72,144.4,143.34,144.1,813184,0
2017-09-19,144.52,144.52,142.47,142.61,820595,0
2017-09-20,143.03,143.28,141.28,142.28,657462,0
2017-09-21,141.88,142.22,140.22,140.25,829333,0
2017-09-22,140.59,140.76,139.85,140.47,707814,0
2017-09-25,140.47,140.91,138.53,139.72,919907,0
2017-09-26,140.37,141.1,139.86,140.66,859145,0
2017-09-27,140.88,141.08,139.32,140.55,740521,0
2017-09-28,140.83,141,139.51,140.22,686181,0
2017-09-29,140.41,142.08,140.21,142.02,1204232,0
2017-10-02,142.42,143.61,141.68,143.51,1053833,0
2017-10-03,143.8,144.47,143.43,143.63,1105398,0
2017-10-04,143.88,146.418,143.86,145.97,1177467,0
2017-10-05,145.96,148.35,145.5,148.31,1686179,0
2017-10-06,148.16,149.23,147.92,149,1129048,0
2017-10-09,147.81,148.14,145.52,145.93,1472739,0
2017-10-10,145.73,146.55,143.55,144.69,1714886,0
2017-10-11,145.49,146.6,144.91,146.41,1394433,0
2017-10-12,146.15,146.86,145.775,146.56,813923,0
2017-10-13,146.46,146.78,146.1,146.69,667239,0
2017-10-16,146.46,147.58,146.26,147.29,950518,0
2017-10-17,147,148.97,146.65,148.79,1249035,0
2017-10-18,149,150,148.46,148.64,866723,0
2017-10-19,148.82,149.33,148.05,149.32,869003,0
2017-10-20,149.88,150.51,148.89,150.49,1272242,0
2017-10-23,150.11,151.88,149.72,149.92,798143,0
2017-10-24,149.63,149.85,148.42,149.69,731900,0
2017-10-25,149.32,150.56,149.02,150.18,1100038,0
2017-10-26,150.21,150.675,148.78,148.82,1225786,0
2017-10-27,155,160.62,154.54,159.74,3209927,0
2017-10-30,159.16,159.67,153.84,155.37,2583470,0
2017-10-31,155.24,156.55,154.63,154.87,1339445,0
2017-11-01,155.08,155.24,153.53,154.43,1285058,0
2017-11-02,154.43,155.675,154.25,155.02,1348063,0
2017-11-03,154.78,156.22,154.4,156.18,1165594,0
2017-11-06,156.27,156.74,155.55,155.65,787465,0
2017-11-07,156.28,156.43,155.66,156.22,1114626,0
2017-11-08,156.02,156.79,155.63,156.46,710209,0
2017-11-09,156.18,157.07,155.62,156.62,728415,0
2017-11-10,156,156,152.25,154.48,1267279,0
