2016-01-04,78.75,79.07,77.16,77.85,342870,0
2016-01-05,77.86,78,70,70.87,1304297,0
2016-01-06,69.28,69.85,64.5201,66.54,1597200,0
2016-01-07,64.69,70.0145,64.35,68.15,1157235,0
2016-01-08,69.23,71.62,68.46,68.51,902580,0
2016-01-11,68.82,69.83,64.12,65,892978,0
2016-01-12,66.29,66.683,64.6,66.04,516128,0
2016-01-13,66.53,68.3,63.64,64.03,546992,0
2016-01-14,64.25,65.7,62.34,65.24,311662,0
2016-01-15,62.98,63.97,60.8,63.11,468640,0
2016-01-19,61.63,64.03,60.89,62.05,620700,0
2016-01-20,59.73,86.76,57.02,78.55,3494190,0
2016-01-21,78.36,78.99,70.18,71.94,1669180,0
2016-01-22,73.17,77.67,72.94,76.12,871087,0
2016-01-25,75.16,75.16,68.748,69.58,745386,0
2016-01-26,69.82,70.87,67.4,70.2,605055,0
2016-01-27,69.43,70.43,66.07,67.02,414746,0
2016-01-28,68.07,69.459,65.76,66.23,490565,0
2016-01-29,65.99,74.62,65.37,73.31,1053766,0
2016-02-01,73.04,75.5,72.78,73.68,397046,0
2016-02-02,72.73,73.6,70.73,71.54,320381,0
2016-02-03,72.65,73.22,66.525,68.32,579780,0
2016-02-04,68.52,72.2,67.47,71.93,440280,0
2016-02-05,71.16,74.12,68.35,73.55,790798,0
2016-02-08,72.19,74.38,69.96,70.24,771414,0
2016-02-09,69.45,72.98,69.17,71.48,327035,0
2016-02-10,71.65,76.14,70.79,74.93,651427,0
2016-02-11,73,74.5,71.48,72.62,334573,0
2016-02-12,73.14,74.05,70.92,73.28,272272,0
2016-02-16,74.24,79.48,74.03,79.08,501628,0
2016-02-17,79.98,82.7,79.085,79.57,508621,0
2016-02-18,79.6,80.55,77.91,78.09,304496,0
2016-02-19,77.68,79.8966,76.41,79.47,262883,0
2016-02-22,80.1,80.99,79.1,80.06,330766,0
2016-02-23,79.06,79.11,77.26,78.08,474354,0
2016-02-24,77.98,81,75.71,80.45,376359,0
2016-02-25,80.5,81.68,78.76,79.88,348204,0
2016-02-26,80.5,81.68,79.31,81.01,429825,0
2016-02-29,80.7,84.45,80.14,81.21,401460,0
2016-03-01,81.89,85.23,81.52,85.08,534876,0
2016-03-02,84.76,85.29,82.0401,83.14,463087,0
2016-03-03,83.14,84.3,81.8,84.14,301475,0
2016-03-04,84.43,84.89,82.4,83.72,315331,0
2016-03-07,83.28,85.79,82.66,85.6,493248,0
2016-03-08,85,86.5,84.15,85.12,420997,0
2016-03-09,85.11,85.68,82.59,83.69,371194,0
2016-03-10,84.21,85.5,83.1,85.26,311163,0
2016-03-11,85.96,86.59,84.6301,85.68,342040,0
2016-03-14,85.43,86.3425,82.22,83.08,532327,0
2016-03-15,82.85,83.81,81.38,83.15,361236,0
2016-03-16,83.2,85.35,83.0101,83.93,385367,0
2016-03-17,83.91,84.153,82.08,82.24,495503,0
2016-03-18,82.63,84.315,81.48,83.72,624385,0
2016-03-21,83.44,83.77,81,81.91,397162,0
2016-03-22,81.3,82.89,80.75,80.97,574489,0
2016-03-23,80.36,81.01,74.78,74.83,794057,0
2016-03-24,74.42,74.98,71.92,74.59,1028457,0
2016-03-28,74.59,74.59,71.51,72.3,790115,0
2016-03-29,72.13,77.0899,71.65,76.99,719703,0
2016-03-30,77.21,79.89,76.42,78.16,664372,0
2016-03-31,77.97,80.58,77.145,79.74,798266,0
2016-04-01,78.98,79.39,76.04,77.69,441949,0
2016-04-04,77.93,78.68,75.93,77.95,330765,0
2016-04-05,77.23,78.03,75.6501,76.57,232750,0
2016-04-06,76.79,78.08,75.25,78.04,254499,0
2016-04-07,77.18,77.36,75.41,75.79,264171,0
2016-04-08,76.4,78.93,76.17,77.5,337844,0
2016-04-11,77.25,77.719,75.1,75.69,314932,0
2016-04-12,76.17,78.2789,74.87,77.53,407788,0
2016-04-13,78.25,81.96,78.1179,81.27,528427,0
2016-04-14,87.7,90.91,85.9145,87.21,2559704,0
2016-04-15,87.87,88.53,85.67,86.19,667169,0
2016-04-18,85.35,88.08,85.305,87.35,416459,0
2016-04-19,87.1,87.7899,85.4,86.19,424151,0
2016-04-20,86,87.37,85.93,86.62,390530,0
2016-04-21,86.77,86.77,84.12,84.82,529206,0
2016-04-22,84.63,87.79,83.8,85.33,347735,0
2016-04-25,84.71,85.71,84.2,84.58,363634,0
2016-04-26,84.94,86.02,84.31,85.79,225002,0
2016-04-27,84.92,86.27,83.2,85.93,346951,0
2016-04-28,84.93,88.65,79.53,81.1,1747782,0
2016-04-29,70.59,72.46,68,71.52,3095646,0
2016-05-02,71.13,71.14,68.99,69.085,823705,0
2016-05-03,69.5,71.185,68.09,68.42,673965,0
2016-05-04,68.06,69.18,65.2,65.42,620437,0
2016-05-05,65.75,66.78,64.63,66.03,575664,0
2016-05-06,66.18,66.9499,65.2,66.62,434480,0
2016-05-09,66.54,66.97,65.35,65.74,380722,0
2016-05-10,65.72,66.28,64.76,65.98,472616,0
2016-05-11,65.85,67.3,65.85,66.47,718593,0
2016-05-12,67.25,67.28,64.38,65.1,970899,0
2016-05-13,64.58,65.84,64.56,65.13,348800,0
2016-05-16,65.06,65.7389,64.32,64.87,291822,0
2016-05-17,65,65.17,63.4,63.55,493695,0
2016-05-18,63.26,65.2,62.69,64.41,354688,0
2016-05-19,63.63,65.1,62.15,63.64,399923,0
2016-05-20,63.94,64.66,63.67,64.48,471019,0
2016-05-23,64.72,64.96,63.44,63.6,544143,0
2016-05-24,63.79,65.215,63.57,64.93,791192,0
2016-05-25,65.45,65.75,64.37,65.34,446297,0
2016-05-26,65.21,67.47,65.21,66.93,389640,0
2016-05-27,66.53,69.38,66.44,69.32,606329,0
2016-05-31,69.05,69.24,67.4,67.83,486419,0
2016-06-01,67.39,68.43,66.49,67.65,620999,0
2016-06-02,67.77,68.98,67.42,68.51,379295,0
2016-06-03,68.6,68.6,67.235,67.64,341424,0
2016-06-06,67.55,67.55,66.09,66.52,571343,0
2016-06-07,66.99,66.99,61.82,65.42,1765030,0
2016-06-08,65.24,65.24,62.8,64.01,1267257,0
2016-06-09,63.43,64,62.95,63.76,368921,0
2016-06-10,63.11,63.73,61.19,61.36,574912,0
2016-06-13,60.88,62.11,59.92,60.98,408586,0
2016-06-14,60.8,62.52,60.8,62.26,429335,0
2016-06-15,62.43,62.903,61.81,61.81,564925,0
2016-06-16,61.1,61.1,59.55,60.5,594586,0
2016-06-17,58.77,59.1,52.85,53.85,5474675,0
2016-06-20,54.19,56.3,54.04,54.28,1700549,0
2016-06-21,54.88,54.88,53.477,53.88,1061706,0
2016-06-22,54.49,55.2,53.55,54.26,577921,0
2016-06-23,54.92,56.83,54.2,56.72,538744,0
2016-06-24,53.5,54.5,51.8,52.22,933251,0
2016-06-27,51.69,51.8,49.22,50.12,989317,0
2016-06-28,50.02,52.78,49.605,52.43,873761,0
2016-06-29,52.44,53.38,52.2,52.32,759878,0
2016-06-30,52.21,53.77,52.09,53.75,388746,0
2016-07-01,53.41,54.1,52.14,52.43,622170,0
2016-07-05,51.95,52.2299,49.45,49.51,897756,0
2016-07-06,48.54,49.24,47.09,48.39,1503111,0
2016-07-07,48.9,50.13,47.74,48.31,686305,0
2016-07-08,48.88,49.68,48.46,49.39,1036950,0
2016-07-11,49.71,49.95,48.37,48.4,604259,0
2016-07-12,49.01,50.45,48.4,50.13,504833,0
2016-07-13,50.58,51.09,49.47,49.66,523689,0
2016-07-14,50.08,50.49,49.22,49.92,351600,0
2016-07-15,50.22,50.84,49.92,50.38,393447,0
2016-07-18,50.73,52.96,50.73,52.41,654875,0
2016-07-19,52.09,52.3,50.93,51.75,374962,0
2016-07-20,51.71,51.9,50.2,51.71,598057,0
2016-07-21,51.87,52.63,50.77,50.82,429912,0
2016-07-22,50.5,52.186,49.89,52.06,330175,0
2016-07-25,52.46,53.83,52.4599,53.54,471996,0
2016-07-26,53.43,55.16,53.43,54.31,795242,0
2016-07-27,54.33,54.935,53.31,53.59,579976,0
2016-07-28,53.13,54.238,52.97,53.78,711974,0
2016-07-29,53.24,53.24,48.64,51.95,894602,0
2016-08-01,51.83,57.32,51.37,57.22,1508464,0
2016-08-02,56.92,57.11,53.29,53.32,695188,0
2016-08-03,53.25,54.5499,53.25,54.19,593842,0
2016-08-04,54.12,55.12,53.93,54.9,436597,0
2016-08-05,55.23,56.91,55.23,55.49,694126,0
2016-08-08,55.73,56.58,55.02,55.44,376559,0
2016-08-09,55.54,56.37,55.36,55.57,302971,0
2016-08-10,55.6,56,54.62,55.32,230246,0
2016-08-11,55.56,56.3521,54.62,55.78,291588,0
2016-08-12,55.55,56.39,55.37,55.44,331236,0
2016-08-15,55.41,56.79,55.41,55.73,242705,0
2016-08-16,55.37,56.75,55.08,55.11,327811,0
2016-08-17,55,55.63,53.85,54.14,436306,0
2016-08-18,54.15,55.55,54.15,55.09,204868,0
2016-08-19,54.94,55.74,54.67,54.71,289727,0
2016-08-22,54.29,55.03,53.96,54.56,184182,0
2016-08-23,54.5,55.82,54.09,55.08,237712,0
2016-08-24,55.08,56.2,55.08,55.83,414936,0
2016-08-25,55.8,56.339,55.25,55.51,248792,0
2016-08-26,55.12,56.55,53.48,55.6,449101,0
2016-08-29,55.77,58.33,55.65,58.27,721864,0
2016-08-30,58.59,61.54,58.59,60.15,1166469,0
2016-08-31,59.83,60.28,56.92,56.97,820940,0
2016-09-01,56.91,58.11,56.1901,58.07,557878,0
2016-09-02,58.07,58.7,57.1,58.42,503015,0
2016-09-06,58.41,59.11,57.45,57.68,461929,0
2016-09-07,57.95,58.46,57.23,57.98,273166,0
2016-09-08,57.57,60.71,57.55,60.36,712863,0
2016-09-09,59.44,59.45,55.58,57.62,1124643,0
2016-09-12,56.61,58.54,56.12,58.12,656179,0
2016-09-13,57.75,58.5099,57.42,57.87,498429,0
2016-09-14,57.62,58.4,57.05,57.74,214698,0
2016-09-15,57.56,59.73,57.56,59.4,422780,0
2016-09-16,59.25,59.5,57.33,57.43,709174,0
2016-09-19,57.69,58.21,56.91,57.33,474593,0
2016-09-20,57.87,57.99,57.16,57.55,333918,0
2016-09-21,57.76,58.74,57.45,58.64,318591,0
2016-09-22,59,59.02,57.74,57.99,394545,0
2016-09-23,57.66,58.0888,56.67,56.67,403024,0
2016-09-26,56.31,57.11,55.24,56.4,634335,0
2016-09-27,56.52,58.58,56.44,58.16,287266,0
2016-09-28,58.48,59.19,57.98,58.68,303352,0
2016-09-29,58.36,58.42,54.4,55.055,1810743,0
2016-09-30,55.69,58.82,55.6397,58.58,714267,0
2016-10-03,59.73,59.84,58.32,59.78,597027,0
2016-10-04,59.73,60,58.73,58.91,377466,0
2016-10-05,58.79,61.93,58.6856,61.8,418282,0
2016-10-06,61.93,65.3,61.68,65.17,1122511,0
2016-10-07,65.17,66.32,64.02,66.3,784689,0
2016-10-10,66.93,68.37,66.49,67.27,637652,0
2016-10-11,67.2,67.56,64.76,65.44,612632,0
2016-10-12,65.29,65.86,64,65.76,360929,0
2016-10-13,67.13,67.13,64.18,65.55,644737,0
2016-10-14,66,67.74,65.15,66.38,433409,0
2016-10-17,66.12,66.99,65.53,65.67,368554,0
2016-10-18,66.43,66.7,65.33,65.93,192177,0
2016-10-19,65.8,67.63,65.03,66.14,346710,0
2016-10-20,66.19,68.49,65.57,68.2,399008,0
2016-10-21,67.71,67.88,66.51,67.79,229119,0
2016-10-24,68.06,69.45,68,68.93,489916,0
2016-10-25,68.37,68.97,66.81,67.68,405237,0
2016-10-26,67.55,68.1099,67.09,67.1,446226,0
2016-10-27,67.62,69.18,67.11,67.7,676396,0
2016-10-28,53.3,56,50.23,52.57,4963028,0
2016-10-31,52.35,52.86,51.41,52.12,1091129,0
2016-11-01,52.31,54.815,52.31,53.36,801368,0
2016-11-02,53.3,53.7528,52.3,53.19,576157,0
2016-11-03,53.52,53.93,53.01,53.27,441856,0
2016-11-04,53.54,54.53,53.1,53.14,646047,0
2016-11-07,53.77,54.98,53.64,54.96,491960,0
2016-11-08,52.32,52.79,48.87,52.16,2147649,0
2016-11-09,51.45,53.64,51.45,53.59,685990,0
2016-11-10,54.19,54.45,50.54,51.42,742523,0
2016-11-11,51.97,55.16,51.5,55.08,858167,0
2016-11-14,54.43,57.45,53.5,57.36,884939,0
2016-11-15,57.87,57.91,54.35,55.16,774214,0
2016-11-16,54.7,56.25,54.51,54.8,463630,0
2016-11-17,54.87,55.3862,54.15,54.37,451508,0
2016-11-18,54.16,54.8,53.02,54.23,494738,0
2016-11-21,54.66,55.07,53.49,54.48,388546,0
2016-11-22,54.72,55.095,53.98,54.83,455972,0
2016-11-23,54.76,55.2,54.09,54.97,380397,0
2016-11-25,54.88,55.2,54.36,54.95,182062,0
2016-11-28,54.74,54.77,53.23,53.34,289049,0
2016-11-29,53.38,53.76,52.6,53.17,463963,0
2016-11-30,53.34,55.14,53,54.58,541741,0
2016-12-01,54.81,54.94,51.1,52.22,613015,0
2016-12-02,52.22,52.76,51.45,52.3,463713,0
2016-12-05,52.93,54.99,52.64,54.7,397478,0
2016-12-06,54.95,55.2,54.23,54.29,344763,0
2016-12-07,54,55.18,53.28,54.91,455466,0
2016-12-08,55,55.4599,53.26,55,511780,0
2016-12-09,56,58,55.18,56.38,566941,0
2016-12-12,54.27,56.3,53.51,55.43,683286,0
2016-12-13,55.35,59.619,55.2601,57.29,840632,0
2016-12-14,57.2,59.01,55.18,55.29,574683,0
2016-12-15,55.71,57.86,55.01,57.28,515566,0
2016-12-16,57.18,57.67,56.35,56.5,779048,0
2016-12-19,56.89,57.08,55.83,56.91,440826,0
2016-12-20,57.05,57.23,54.58,55,496321,0
2016-12-21,54.95,55.6,54.84,55.05,289159,0
2016-12-22,55.36,55.5618,54.54,54.97,191652,0
2016-12-23,54.18,54.719,53.14,54.09,359002,0
2016-12-27,53.91,56,53.66,55.83,260991,0
2016-12-28,53.66,55.5054,53.17,53.48,403854,0
2016-12-29,53.5,54.35,53.1,53.97,353421,0
2016-12-30,53.54,54.05,53.1032,53.58,362037,0
2017-01-03,54.42,55.89,53.5733,55.81,531052,0
2017-01-04,56.5,57.0843,55.8,56.5,322345,0
2017-01-05,56.38,56.5,54.26,54.81,298580,0
2017-01-06,54.81,55.46,54.33,54.68,363130,0
2017-01-09,54.52,54.91,52.7,53.22,617579,0
2017-01-10,53.28,53.7796,52.09,52.9,507121,0
2017-01-11,53.14,54.45,52.87,54.45,370434,0
2017-01-12,54.21,54.345,51.63,52.78,579921,0
2017-01-13,53.09,55.4853,52.7801,53.71,522346,0
2017-01-17,53.01,54.54,52.69,54,399890,0
2017-01-18,54.39,54.45,53.27,53.86,413484,0
2017-01-19,53.88,54.79,52.85,53.27,342272,0
2017-01-20,53.22,56.75,53.22,54.61,905619,0
2017-01-23,54.01,55.49,54.01,54.9,653138,0
2017-01-24,55.5,57.67,55.335,56.89,849108,0
2017-01-25,59.24,60.5,58,59.86,1448267,0
2017-01-26,59.85,59.98,57.97,58.14,1272447,0
2017-01-27,61.95,61.95,53.91,54.36,1998928,0
2017-01-30,54.07,56.82,53.84,56.51,1110043,0
2017-01-31,56.43,56.66,54.86,56.38,765689,0
2017-02-01,56.96,57.67,56.21,56.7,689199,0
2017-02-02,56.13,57.11,55.81,56.51,493153,0
2017-02-03,57,57.05,55.55,56.75,517178,0
2017-02-06,56.48,57.03,56.26,56.98,527144,0
2017-02-07,56.8,57.21,56.01,56.71,747249,0
2017-02-08,56.7,56.7,55.74,56.41,372384,0
2017-02-09,56.48,56.8,56.1,56.41,374839,0
2017-02-10,56.83,56.931,55.905,56.31,400287,0
2017-02-13,56.86,57.33,55.95,56.93,862591,0
2017-02-14,56.93,57.15,56.38,57.01,510495,0
2017-02-15,57,57.46,56.77,57.24,406847,0
2017-02-16,57.4,57.91,57.14,57.85,368931,0
2017-02-17,57.83,58.91,57.39,58.87,462246,0
2017-02-21,58.52,59.99,57.86,58.2,656213,0
2017-02-22,58.23,58.46,56.38,56.7,735273,0
2017-02-23,56.7,56.73,55.76,56.04,296768,0
2017-02-24,55.38,55.99,54.86,55.54,399221,0
2017-02-27,55.48,56.08,54.87,55.82,511658,0
2017-02-28,55.82,56.37,53.05,53.16,782655,0
2017-03-01,53.65,54.74,53.13,53.74,512812,0
2017-03-02,53.78,53.91,52.21,52.28,662835,0
2017-03-03,52.53,53.35,49.92,50.88,1101810,0
2017-03-06,50.44,51.14,49.98,50.54,690131,0
2017-03-07,50.5,51.07,49.95,49.99,605572,0
2017-03-08,50.05,50.6,49.38,50.36,715653,0
2017-03-09,50.05,50.8238,49.92,50.53,628266,0
2017-03-10,50.73,51.59,50.59,51.03,459647,0
2017-03-13,50.905,51.02,49.87,49.89,515991,0
2017-03-14,49.85,50.04,49.3,49.43,445601,0
2017-03-15,49.78,50.54,49.07,49.55,525178,0
2017-03-16,51.28,51.28,49.99,50.29,717332,0
2017-03-17,50.25,50.92,50.16,50.71,709827,0
2017-03-20,50.7,51.54,50.0461,51.5,484712,0
2017-03-21,51.25,51.25,47.32,47.51,2037565,0
2017-03-22,47.61,48.85,47.61,48.81,729776,0
2017-03-23,48.9,50.32,48.68,49.54,566690,0
2017-03-24,50.05,50.47,48.89,49.18,399566,0
2017-03-27,48.77,49.81,48.405,49.49,332357,0
2017-03-28,49.39,49.78,48.715,48.89,470843,0
2017-03-29,48.76,49.35,48.66,49.02,450706,0
2017-03-30,49.03,49.81,48.77,49.7,598306,0
2017-03-31,50.02,50.05,49.27,49.51,471104,0
2017-04-03,49.31,49.32,48.085,48.8,784538,0
2017-04-04,48.42,48.77,47,48.71,852302,0
2017-04-05,48.97,49.47,47.96,48.06,659749,0
2017-04-06,48.11,49.4,47.68,49.31,427233,0
2017-04-07,50.97,53.11,50.8874,50.93,1524398,0
2017-04-10,50.74,52.24,50.68,51.74,579865,0
2017-04-11,51.26,51.83,50.02,51.8,599117,0
2017-04-12,51.15,51.33,50.23,50.6,734189,0
2017-04-13,50.31,50.5,49.68,50.01,521224,0
2017-04-17,50.22,51.31,49.51,50.97,410029,0
2017-04-18,50.97,51.24,50.1,50.47,368059,0
2017-04-19,51.03,51.89,50.16,50.46,373720,0
2017-04-20,50.8,51.6,50.565,51.1,644878,0
2017-04-21,51.08,51.08,49.58,50.76,631740,0
2017-04-24,51.76,52.24,51.12,51.7,705826,0
2017-04-25,52.21,52.89,51.85,52.54,492398,0
2017-04-26,52.33,52.98,51.9,52.5,470824,0
2017-04-27,52.53,52.99,51.01,52.87,1076037,0
2017-04-28,57,59.22,54.31,54.77,2212803,0
2017-05-01,54.93,54.96,53.28,53.65,842883,0
2017-05-02,53.61,54.195,53.13,53.69,667281,0
2017-05-03,53.52,53.87,53.18,53.52,438103,0
2017-05-04,53.78,54.01,52.87,53.27,390799,0
2017-05-05,53.41,54.94,53.24,54.92,713563,0
2017-05-08,54.73,55.45,54.27,54.91,524118,0
2017-05-09,55,57.29,55,57.11,914176,0
2017-05-10,57,57.54,56.49,57.23,386828,0
2017-05-11,56.92,57.86,56.03,57.35,423582,0
2017-05-12,57.06,57.31,56.02,56.15,427009,0
2017-05-15,56.15,56.95,55.65,56.28,526021,0
2017-05-16,56.06,56.66,55.78,56.26,399319,0
2017-05-17,55.19,56.18,54.46,54.58,638785,0
2017-05-18,54.5,55.31,54.13,54.91,437058,0
2017-05-19,55.11,56.48,55.11,55.69,405945,0
2017-05-22,55.8,56.19,55.34,56.1,464058,0
2017-05-23,56.21,56.22,55.37,55.77,370797,0
2017-05-24,55.84,56.28,55.02,56.05,315238,0
2017-05-25,56,56.9,55.8887,56,303138,0
2017-05-26,55.88,55.97,55.05,55.19,360616,0
2017-05-30,55.06,56.78,54.68,56.4,413902,0
2017-05-31,56.6,56.66,55.04,55.56,232455,0
2017-06-01,55.83,58.005,55.21,57.72,752878,0
2017-06-02,57.69,58.04,57.27,57.53,308789,0
2017-06-05,57.4,58.1,56.88,57.8,475337,0
2017-06-06,57.52,58.41,56.91,58.19,556070,0
2017-06-07,58.3,60.96,57.4009,60.82,1031371,0
2017-06-08,60.82,64.54,59.92,64.25,1372219,0
2017-06-09,64.53,64.53,59.02,59.66,1082728,0
2017-06-12,59.66,59.76,57.0819,58.79,797977,0
2017-06-13,59.85,60.975,52.15,54.14,2626593,0
2017-06-14,54.1,54.1,51.37,52.25,1404534,0
2017-06-15,51.75,53.07,50.88,52.89,830090,0
2017-06-16,52.8,53.35,51.62,52.28,1090610,0
2017-06-19,52.47,54.55,52.36,54.35,825029,0
2017-06-20,55.48,56.248,54.64,55.11,747169,0
2017-06-21,54.95,58.09,54.61,58.04,5906531,0
2017-06-22,58.12,60.13,57.16,59.55,1734534,0
2017-06-23,59.55,61.18,59.465,59.99,1316804,0
2017-06-26,59,59.67,56.65,58.36,1627170,0
2017-06-27,58.18,58.18,55.36,55.59,1492418,0
2017-06-28,56.15,56.15,55.13,55.82,681980,0
2017-06-29,55.71,55.9,52.62,52.86,1546278,0
2017-06-30,53.15,53.92,51.68,51.71,1033773,0
2017-07-03,52.15,52.695,51.36,51.95,379064,0
2017-07-05,52.25,53.1,50.97,51.5,924609,0
2017-07-06,51.02,51.49,50.28,50.7,1195214,0
2017-07-07,50.84,51.87,50.54,50.86,811532,0
2017-07-10,50.74,52.57,50.74,52.5,920360,0
2017-07-11,52.59,52.98,52.055,52.66,922231,0
2017-07-12,53.22,54.37,52.86,54.24,871992,0
2017-07-13,54.18,55.005,53.81,54.47,738299,0
2017-07-14,54.55,55.4,54.2,55.09,510327,0
2017-07-17,54.4,54.9,52.66,52.82,840794,0
2017-07-18,52.69,53.02,52.05,52.81,595106,0
2017-07-19,53.12,54.72,52.78,54.5,629500,0
2017-07-20,54.5,54.65,53.7209,54.14,418317,0
2017-07-21,54.06,54.06,52.9,53.39,509629,0
2017-07-24,53.4,53.88,52.75,53.84,350927,0
2017-07-25,53.91,54.85,53.161,53.99,611262,0
2017-07-26,54.19,54.79,53.59,53.93,408778,0
2017-07-27,54.47,57.32,54.3015,56.31,1268485,0
2017-07-28,55.9,56.01,53.91,54.05,685670,0
2017-07-31,54.25,54.53,52.55,52.61,559076,0
2017-08-01,53.46,54.17,52.21,53.91,579899,0
2017-08-02,53.14,53.56,50.65,51.52,1262690,0
2017-08-03,51.69,52.21,49.88,50.54,1745988,0
2017-08-04,46.8,48.31,44.92,45.32,4112815,0
2017-08-07,45.21,45.57,43.87,44.88,1607358,0
2017-08-08,44.81,44.81,42.5,42.58,2669374,0
2017-08-09,42.16,42.98,41.52,42.56,1814440,0
2017-08-10,42.3,42.36,40.01,40.27,1996441,0
2017-08-11,39.91,41.85,39.89,40.9,1527853,0
2017-08-14,41.36,42.25,41.03,41.68,1019838,0
2017-08-15,41.8,42.12,40.48,42.02,818426,0
2017-08-16,42.08,42.25,41.39,42.21,873128,0
2017-08-17,42,42.66,40.47,40.5,768273,0
2017-08-18,40.41,41.3369,39.94,40.36,676055,0
2017-08-21,40.5,40.73,39.14,39.35,941361,0
2017-08-22,38.57,40.48,38.5,40.29,802939,0
2017-08-23,39.91,40.44,39.68,39.74,598184,0
2017-08-24,40,40.22,39.45,39.7,395448,0
2017-08-25,39.79,40.5,39.7,40.33,535068,0
2017-08-28,40.59,41.29,40.41,41.21,451319,0
2017-08-29,41.01,41.7,40.88,41.47,467502,0
2017-08-30,41.85,42.41,41.63,42.38,457738,0
2017-08-31,42.42,42.42,41.46,41.57,483355,0
2017-09-01,41.63,41.93,40.9,41.18,733572,0
2017-09-05,41,41.62,40.71,41.21,1083501,0
2017-09-06,41.25,41.6,39.61,39.7,964473,0
2017-09-07,39.99,40.24,37.39,37.92,1573231,0
2017-09-08,37.73,39,37.395,38.11,1782562,0
2017-09-11,38.35,39.54,38.24,39.28,901661,0
2017-09-12,39.55,41.51,39.55,40.79,1146540,0
2017-09-13,40.74,41.1,39.65,40.85,807931,0
2017-09-14,40.82,41,40.25,40.6,793908,0
2017-09-15,40.6,41.62,40.11,40.8,1022925,0
2017-09-18,40.76,40.95,40.08,40.44,897206,0
2017-09-19,40.43,40.549,39.13,39.54,1073377,0
2017-09-20,39.69,39.99,38.885,39.31,602031,0
2017-09-21,39.3,39.83,38.79,39.4,613674,0
2017-09-22,39.43,39.53,37.9,37.98,1159712,0
2017-09-25,37.71,38.12,36.77,37.13,1078888,0
2017-09-26,37.43,38.4,37.42,37.57,1003135,0
2017-09-27,37.9,39.96,37.9,39.54,975034,0
2017-09-28,39.36,39.895,38.5,39.07,648384,0
2017-09-29,39.05,39.7399,38.88,39.15,458438,0
2017-10-02,39.04,39.32,37.96,38.65,796443,0
2017-10-03,38.53,38.75,37.41,38.38,935998,0
2017-10-04,38.14,38.59,38,38.26,847395,0
2017-10-05,38.42,38.96,38.23,38.5,839759,0
2017-10-06,38.44,38.97,38.25,38.49,715927,0
2017-10-09,38.11,38.11,36.64,37.03,1487227,0
2017-10-10,37.26,37.69,36.79,36.97,793061,0
2017-10-11,37.05,37.54,36.36,37.07,841383,0
2017-10-12,37.06,38.12,36.74,37.72,777584,0
2017-10-13,37.7,38.03,37.34,37.94,516706,0
2017-10-16,37.91,38.07,36.71,36.72,595834,0
2017-10-17,36.76,37.61,36.63,37.31,663362,0
2017-10-18,37.5,38.88,37.33,38.6,693634,0
2017-10-19,38.5,38.5,36.83,36.87,1108726,0
2017-10-20,37.36,37.72,36.68,36.72,470079,0
2017-10-23,36.71,36.89,35.31,35.38,1125536,0
2017-10-24,36.3,36.36,35.33,35.53,1089494,0
2017-10-25,35.48,35.54,34.25,35.21,1200533,0
2017-10-26,35.25,36.27,34.96,36.22,1209877,0
2017-10-27,36.365,36.98,35.94,36.83,628394,0
2017-10-30,36.85,37.19,36.36,36.74,542474,0
2017-10-31,36.85,37.13,36.445,37.12,568318,0
2017-11-01,37.28,37.38,36.25,36.96,622013,0
2017-11-02,37.03,37.44,35.46,35.73,1091805,0
2017-11-03,34.87,35,33.73,34.54,1753998,0
2017-11-06,34.94,37.18,34.54,36.6,2474123,0
2017-11-07,36.45,36.76,35.5,36.22,1901030,0
2017-11-08,40.62,44.68,40,42.95,6865484,0
2017-11-09,42.23,43.13,40.75,41.29,2622640,0
2017-11-10,41.02,41.97,40.1,40.27,1412840,0
