2016-01-04,14.67,14.797,14.381,14.747,998197,0
2016-01-05,14.688,14.849,14.638,14.815,103709,0
2016-01-06,14.638,14.722,14.342,14.392,58086,0
2016-01-07,14.089,14.418,13.979,14.367,47861,0
2016-01-08,14.326,14.326,13.794,13.836,46263,0
2016-01-11,13.65,13.71,13.498,13.592,79581,0
2016-01-12,13.592,13.608,13.448,13.474,66455,0
2016-01-13,13.498,13.523,13.262,13.271,57645,0
2016-01-14,13.271,13.532,13.203,13.474,132877,0
2016-01-15,13.203,13.203,13.069,13.119,98505,0
2016-01-19,13.355,13.413,13.144,13.211,95655,0
2016-01-20,13.026,13.123,12.832,12.916,184147,0
2016-01-21,12.739,13.49,12.739,13.347,116576,0
2016-01-22,13.456,13.508,13.288,13.508,103589,0
2016-01-25,13.456,13.498,13.329,13.422,77516,0
2016-01-26,13.338,13.508,13.179,13.237,92301,0
2016-01-27,13.271,13.347,13.085,13.085,15708,0
2016-01-28,13.211,13.211,12.985,13.059,44983,0
2016-01-29,13.161,13.498,13.161,13.338,53944,0
2016-02-01,13.195,13.199,13.086,13.161,35797,0
2016-02-02,13.085,13.161,13.059,13.059,54541,0
2016-02-03,13.237,13.303,13.059,13.237,83590,0
2016-02-04,13.217,13.515,13.211,13.254,47237,0
2016-02-05,13.347,13.413,13.187,13.245,23770,0
2016-02-08,13.203,13.203,12.933,12.959,30160,0
2016-02-09,12.824,12.959,12.554,12.554,27527,0
2016-02-10,12.655,12.908,12.638,12.638,45169,0
2016-02-11,12.343,12.494,12.039,12.452,88685,0
2016-02-12,12.528,12.714,12.452,12.494,89737,0
2016-02-16,12.748,13.005,12.748,12.992,42899,0
2016-02-17,13.059,13.219,13.026,13.153,47802,0
2016-02-18,13.211,13.303,13.119,13.229,61862,0
2016-02-19,13.187,13.338,13.187,13.288,30491,0
2016-02-22,13.448,13.596,13.423,13.549,30256,0
2016-02-23,13.413,13.547,13.398,13.398,40443,0
2016-02-24,13.279,13.474,13.245,13.389,62671,0
2016-02-25,13.187,13.401,13.144,13.219,24940,0
2016-02-26,13.271,13.406,13.077,13.081,73798,0
2016-02-29,13.094,13.326,13.094,13.219,21537,0
2016-03-01,13.329,13.515,13.303,13.464,33064,0
2016-03-02,13.583,13.726,13.583,13.726,39848,0
2016-03-03,13.583,13.76,13.583,13.734,17657,0
2016-03-04,13.803,14.005,13.742,13.987,55315,0
2016-03-07,13.844,13.869,13.766,13.836,27435,0
2016-03-08,13.742,13.742,13.684,13.718,54944,0
2016-03-09,13.887,13.921,13.76,13.831,24533,0
2016-03-10,13.869,13.869,13.592,13.693,16090,0
2016-03-11,13.895,14.046,13.895,13.962,31547,0
2016-03-14,13.869,13.962,13.769,13.903,15214,0
2016-03-15,13.811,13.895,13.777,13.819,25634,0
2016-03-16,13.827,13.921,13.742,13.887,31682,0
2016-03-17,13.962,14.224,13.921,14.123,100181,0
2016-03-18,14.089,14.291,14.089,14.207,22240,0
2016-03-21,14.224,14.291,14.224,14.291,21314,0
2016-03-22,14.181,14.3,14.181,14.266,47489,0
2016-03-23,14.242,14.242,14.038,14.106,41315,0
2016-03-24,13.945,14.096,13.945,13.997,24191,0
2016-03-28,14.038,14.123,13.869,13.869,60107,0
2016-03-29,13.734,14.094,13.667,13.997,54934,0
2016-03-30,14.139,14.308,14.139,14.308,49763,0
2016-03-31,14.308,14.486,14.308,14.444,60743,0
2016-04-01,14.291,14.462,14.147,14.392,36920,0
2016-04-04,14.342,14.376,14.181,14.181,49653,0
2016-04-05,14.081,14.096,13.874,13.916,44252,0
2016-04-06,13.945,14.173,13.945,14.173,74411,0
2016-04-07,14.106,14.106,13.997,13.998,39533,0
2016-04-08,14.115,14.257,14.115,14.19,22684,0
2016-04-11,14.317,14.367,14.232,14.3,87187,0
2016-04-12,14.249,14.464,14.249,14.426,23045,0
2016-04-13,14.67,14.764,14.67,14.705,34091,0
2016-04-14,14.696,14.806,14.696,14.739,64183,0
2016-04-15,14.73,14.857,14.73,14.73,43851,0
2016-04-18,14.67,14.865,14.67,14.764,52628,0
2016-04-19,14.772,14.967,14.772,14.873,48576,0
2016-04-20,14.806,14.84,14.722,14.73,22697,0
2016-04-21,14.739,14.81,14.73,14.772,19143,0
2016-04-22,14.925,14.925,14.705,14.713,47576,0
2016-04-25,14.57,14.747,14.57,14.73,40373,0
2016-04-26,14.78,14.925,14.78,14.925,33309,0
2016-04-27,14.831,14.974,14.831,14.899,36310,0
2016-04-28,14.772,14.854,14.57,14.764,50430,0
2016-04-29,14.62,14.655,14.545,14.655,88984,0
2016-05-02,14.612,14.646,14.553,14.553,75820,0
2016-05-03,14.468,14.468,14.359,14.448,58133,0
2016-05-04,14.359,14.498,14.317,14.334,28520,0
2016-05-05,14.426,14.511,14.3,14.317,46111,0
2016-05-06,14.147,14.232,14.068,14.139,61266,0
2016-05-09,14.047,14.115,13.962,13.971,31791,0
2016-05-10,14.022,14.169,13.971,14.063,52167,0
2016-05-11,13.979,14.093,13.979,14.055,53137,0
2016-05-12,14.139,14.139,13.888,13.952,52009,0
2016-05-13,13.895,13.895,13.752,13.785,75511,0
2016-05-16,13.794,14.063,13.794,13.913,52108,0
2016-05-17,13.937,13.979,13.869,13.913,31907,0
2016-05-18,13.971,14.038,13.794,13.844,83607,0
2016-05-19,13.785,13.819,13.676,13.71,28549,0
2016-05-20,13.734,13.916,13.667,13.734,77909,0
2016-05-23,13.726,13.827,13.726,13.819,55746,0
2016-05-24,13.836,14.022,13.832,14.022,47471,0
2016-05-25,13.921,14.157,13.921,14.089,92159,0
2016-05-26,14.097,14.275,14.047,14.132,136849,0
2016-05-27,14.216,14.257,14.03,14.115,50975,0
2016-05-31,14.19,14.291,14.165,14.173,79091,0
2016-06-01,14.097,14.308,14.097,14.266,52641,0
2016-06-02,14.266,14.545,14.257,14.418,87434,0
2016-06-03,14.435,14.554,14.41,14.502,39532,0
2016-06-06,14.468,14.629,14.468,14.57,32320,0
2016-06-07,14.595,14.713,14.595,14.62,48898,0
2016-06-08,14.595,14.747,14.553,14.646,79893,0
2016-06-09,14.586,14.662,14.46,14.604,83660,0
2016-06-10,14.494,14.494,14.3,14.376,63560,0
2016-06-13,14.291,14.334,14.139,14.139,95712,0
2016-06-14,14.123,14.213,13.997,14.081,49384,0
2016-06-15,14.072,14.216,14.072,14.157,80637,0
2016-06-16,13.997,14.083,13.887,14.038,34726,0
2016-06-17,13.945,14.123,13.945,13.987,43561,0
2016-06-20,14.181,14.347,14.181,14.232,38571,0
2016-06-21,14.216,14.342,14.216,14.291,37264,0
2016-06-22,14.376,14.46,14.299,14.401,68204,0
2016-06-23,14.502,14.655,14.458,14.545,81393,0
2016-06-24,14.081,14.207,14.037,14.115,73323,0
2016-06-27,14.106,14.106,13.821,13.962,26744,0
2016-06-28,14.173,14.384,14.137,14.232,62022,0
2016-06-29,14.384,14.52,14.359,14.418,55611,0
2016-06-30,14.435,14.646,14.31,14.619,56766,0
2016-07-01,14.688,14.772,14.646,14.68,43496,0
2016-07-05,14.68,14.68,14.401,14.468,45897,0
2016-07-06,14.376,14.52,14.308,14.468,43194,0
2016-07-07,14.451,14.595,14.435,14.468,26429,0
2016-07-08,14.545,14.723,14.545,14.713,33943,0
2016-07-11,14.722,14.772,14.713,14.713,44237,0
2016-07-12,14.849,14.974,14.849,14.941,28316,0
2016-07-13,14.941,14.95,14.815,14.84,41374,0
2016-07-14,14.899,15.037,14.89,14.983,27919,0
2016-07-15,14.958,15.084,14.958,15.076,59730,0
2016-07-18,15.034,15.144,15.025,15.109,40886,0
2016-07-19,14.999,15.043,14.991,15.023,41595,0
2016-07-20,15.076,15.135,15.059,15.098,24584,0
2016-07-21,15.169,15.185,15.093,15.135,24508,0
2016-07-22,15.076,15.173,15.076,15.144,39828,0
2016-07-25,15.059,15.101,14.983,15.043,26952,0
2016-07-26,15.178,15.27,15.16,15.203,42101,0
2016-07-27,15.295,15.295,15.101,15.169,45666,0
2016-07-28,15.144,15.262,15.127,15.236,58030,0
2016-07-29,15.185,15.312,15.135,15.279,56268,0
2016-08-01,15.245,15.303,15.245,15.245,30642,0
2016-08-02,15.346,15.346,15.179,15.194,56364,0
2016-08-03,15.169,15.169,15.118,15.151,21247,0
2016-08-04,15.144,15.236,15.101,15.185,50390,0
2016-08-05,15.295,15.405,15.295,15.354,16270,0
2016-08-08,15.498,15.54,15.312,15.473,63844,0
2016-08-09,15.598,15.598,15.49,15.506,21759,0
2016-08-10,15.514,15.553,15.456,15.493,68761,0
2016-08-11,15.54,15.599,15.532,15.583,49284,0
2016-08-12,15.548,15.65,15.548,15.641,82690,0
2016-08-15,15.835,15.953,15.835,15.886,41025,0
2016-08-16,15.725,15.843,15.725,15.835,59333,0
2016-08-17,15.708,15.852,15.658,15.751,79005,0
2016-08-18,15.777,15.852,15.777,15.802,21317,0
2016-08-19,15.693,15.843,15.641,15.759,56765,0
2016-08-22,15.701,15.717,15.645,15.683,20503,0
2016-08-23,15.743,15.827,15.725,15.725,25834,0
2016-08-24,15.65,15.759,15.565,15.608,30715,0
2016-08-25,15.591,15.658,15.561,15.583,78717,0
2016-08-26,15.557,15.734,15.54,15.617,61781,0
2016-08-29,15.591,15.759,15.591,15.746,40932,0
2016-08-30,15.785,15.852,15.759,15.809,65449,0
2016-08-31,15.802,15.818,15.701,15.81,23750,0
2016-09-01,15.827,16.004,15.777,15.997,56910,0
2016-09-02,16.106,16.19,16.106,16.173,54706,0
2016-09-06,16.291,16.426,16.291,16.388,75243,0
2016-09-07,16.527,16.552,16.366,16.519,153538,0
2016-09-08,16.426,16.582,16.289,16.462,122633,0
2016-09-09,16.307,16.417,16.06,16.188,48391,0
2016-09-12,15.94,16.148,15.922,16.106,77940,0
2016-09-13,15.987,16.021,15.757,15.825,99274,0
2016-09-14,15.675,15.904,15.675,15.804,45921,0
2016-09-15,15.849,15.94,15.794,15.84,255039,0
2016-09-16,15.757,15.812,15.739,15.785,45960,0
2016-09-19,15.804,15.922,15.785,15.868,183987,0
2016-09-20,16.023,16.023,15.83,15.922,67343,0
2016-09-21,16.023,16.17,15.904,16.142,162740,0
2016-09-22,16.16,16.27,16.16,16.17,29732,0
2016-09-23,16.087,16.16,16.078,16.133,76265,0
2016-09-26,16.224,16.289,15.964,15.977,255299,0
2016-09-27,16.078,16.353,16.078,16.316,413616,0
2016-09-28,16.334,16.334,16.215,16.279,52999,0
2016-09-29,16.243,16.3,16.032,16.108,31861,0
2016-09-30,16.133,16.224,16.106,16.15,29376,0
2016-10-03,15.968,16.115,15.968,16.106,26903,0
2016-10-04,16.188,16.233,15.996,16.041,73736,0
2016-10-05,16.17,16.262,16.17,16.252,64659,0
2016-10-06,16.224,16.27,16.151,16.27,47626,0
2016-10-07,16.216,16.243,16.087,16.206,33344,0
2016-10-10,16.252,16.343,16.252,16.316,74734,0
2016-10-11,16.17,16.17,16.014,16.05,261764,0
2016-10-12,16.069,16.115,16.005,16.096,60772,0
2016-10-13,15.849,15.885,15.767,15.863,50477,0
2016-10-14,15.886,16.005,15.886,15.977,49382,0
2016-10-17,15.84,15.931,15.748,15.812,43527,0
2016-10-18,16.032,16.041,15.977,16.041,38621,0
2016-10-19,16.06,16.072,15.959,16.032,16686,0
2016-10-20,15.95,16.005,15.94,15.977,41738,0
2016-10-21,15.858,15.968,15.858,15.959,47774,0
2016-10-24,16.014,16.096,15.987,16.088,54711,0
2016-10-25,16.069,16.16,16.005,16.096,50661,0
2016-10-26,16.014,16.014,15.849,15.895,28224,0
2016-10-27,15.83,15.83,15.757,15.794,28113,0
2016-10-28,15.785,15.821,15.739,15.739,46531,0
2016-10-31,15.83,15.858,15.804,15.849,30574,0
2016-11-01,15.913,15.92,15.794,15.83,54745,0
2016-11-02,15.83,15.83,15.528,15.537,41591,0
2016-11-03,15.354,15.657,15.254,15.622,111244,0
2016-11-04,15.565,15.62,15.547,15.574,61737,0
2016-11-07,15.748,15.855,15.684,15.794,79523,0
2016-11-08,15.72,15.895,15.647,15.821,92814,0
2016-11-09,15.547,15.591,15.441,15.547,179378,0
2016-11-10,15.492,15.519,15.345,15.51,56043,0
2016-11-11,15.537,15.537,15.317,15.345,79535,0
2016-11-14,15.198,15.299,15.134,15.272,43683,0
2016-11-15,15.336,15.483,15.336,15.455,40063,0
2016-11-16,15.364,15.437,15.286,15.373,52514,0
2016-11-17,15.4,15.469,15.226,15.373,38552,0
2016-11-18,15.317,15.51,15.308,15.427,51285,0
2016-11-21,15.483,15.556,15.418,15.432,53917,0
2016-11-22,15.62,15.647,15.499,15.519,63541,0
2016-11-23,15.418,15.556,15.418,15.492,23195,0
2016-11-25,15.61,15.684,15.584,15.629,25219,0
2016-11-28,15.593,15.702,15.584,15.601,57890,0
2016-11-29,15.62,15.647,15.382,15.427,181990,0
2016-11-30,15.519,15.615,15.5,15.547,253430,0
2016-12-01,15.519,15.629,15.519,15.565,119484,0
2016-12-02,15.437,15.565,15.426,15.464,121844,0
2016-12-05,15.418,15.474,15.354,15.354,89859,0
2016-12-06,15.373,15.403,15.29,15.336,88469,0
2016-12-07,15.373,15.483,15.373,15.455,80169,0
2016-12-08,15.409,15.528,15.406,15.464,57467,0
2016-12-09,15.437,15.5,15.437,15.437,82227,0
2016-12-12,15.382,15.382,15.18,15.18,74563,0
2016-12-13,15.278,15.379,15.222,15.296,91348,0
2016-12-14,15.148,15.356,15.148,15.222,102886,0
2016-12-15,15.102,15.204,14.788,15.056,75653,0
2016-12-16,14.973,15.056,14.899,14.945,106606,0
2016-12-19,14.945,15.093,14.88,15.056,159133,0
2016-12-20,14.991,15.047,14.973,15.019,100660,0
2016-12-21,15.037,15.037,14.843,14.945,128373,0
2016-12-22,14.843,14.926,14.843,14.926,33421,0
2016-12-23,14.852,14.899,14.797,14.825,80706,0
2016-12-27,14.825,14.922,14.825,14.917,204327,0
2016-12-28,14.973,15.056,14.815,15.047,141319,0
2016-12-29,15.056,15.185,15.037,15.13,110229,0
2016-12-30,15.167,15.213,15.093,15.139,165025,0
2017-01-03,15.296,15.352,15.231,15.324,53086,0
2017-01-04,15.472,15.472,15.37,15.398,48128,0
2017-01-05,15.481,15.535,15.444,15.527,47940,0
2017-01-06,15.518,15.601,15.481,15.509,51094,0
2017-01-09,15.472,15.61,15.472,15.583,64861,0
2017-01-10,15.638,15.69,15.601,15.675,89928,0
2017-01-11,15.638,15.777,15.564,15.74,40437,0
2017-01-12,15.629,15.73,15.629,15.712,31127,0
2017-01-13,15.684,15.712,15.592,15.592,17014,0
2017-01-17,15.546,15.601,15.481,15.481,17411,0
2017-01-18,15.601,15.625,15.583,15.61,56997,0
2017-01-19,15.518,15.62,15.518,15.601,32907,0
2017-01-20,15.527,15.712,15.527,15.696,78594,0
2017-01-23,15.73,15.786,15.71,15.786,36642,0
2017-01-24,15.758,15.934,15.758,15.906,90461,0
2017-01-25,15.962,16.128,15.952,16.1,66947,0
2017-01-26,16.091,16.239,16.091,16.239,51907,0
2017-01-27,16.137,16.239,16.082,16.174,34979,0
2017-01-30,16.017,16.09,16.008,16.045,168601,0
2017-01-31,16.017,16.119,15.999,16.072,82555,0
2017-02-01,16.091,16.276,16.058,16.239,67579,0
2017-02-02,16.128,16.396,16.128,16.34,74626,0
2017-02-03,16.313,16.359,16.27,16.331,37574,0
2017-02-06,16.294,16.35,16.294,16.331,40414,0
2017-02-07,16.294,16.387,16.267,16.304,44987,0
2017-02-08,16.414,16.433,16.34,16.405,31218,0
2017-02-09,16.479,16.645,16.427,16.636,86975,0
2017-02-10,16.553,16.59,16.498,16.498,58198,0
2017-02-13,16.507,16.581,16.507,16.516,31089,0
2017-02-14,16.516,16.599,16.516,16.562,48804,0
2017-02-15,16.562,16.664,16.562,16.645,33721,0
2017-02-16,16.562,16.701,16.559,16.664,45959,0
2017-02-17,16.516,16.645,16.516,16.609,28947,0
2017-02-21,16.645,16.756,16.645,16.729,29402,0
2017-02-22,16.747,16.803,16.738,16.803,46510,0
2017-02-23,16.821,16.821,16.705,16.789,34097,0
2017-02-24,16.609,16.793,16.59,16.793,52924,0
2017-02-27,16.738,16.849,16.716,16.821,81728,0
2017-02-28,16.867,16.877,16.756,16.877,55779,0
2017-03-01,16.997,17.052,16.932,16.978,83677,0
2017-03-02,16.84,17.024,16.766,16.793,103798,0
2017-03-03,16.756,16.877,16.738,16.793,39316,0
2017-03-06,16.849,16.877,16.618,16.673,67098,0
2017-03-07,16.692,16.801,16.659,16.7,17913,0
2017-03-08,16.692,16.969,16.692,16.775,34929,0
2017-03-09,16.682,16.923,16.553,16.636,31363,0
2017-03-10,16.664,16.664,16.387,16.544,45322,0
2017-03-13,16.599,16.698,16.547,16.636,33471,0
2017-03-14,16.572,16.636,16.525,16.59,56129,0
2017-03-15,16.599,16.756,16.59,16.71,81017,0
2017-03-16,16.738,16.84,16.738,16.793,147139,0
2017-03-17,16.775,16.858,16.766,16.803,74170,0
2017-03-20,16.756,16.997,16.756,16.95,58150,0
2017-03-21,17.006,17.043,16.904,16.978,92733,0
2017-03-22,16.997,17.163,16.927,17.117,29990,0
2017-03-23,17.089,17.154,17.006,17.117,37780,0
2017-03-24,17.043,17.145,17.043,17.108,45311,0
2017-03-27,17.071,17.08,16.978,17.071,41254,0
2017-03-28,16.978,17.237,16.96,17.237,31384,0
2017-03-29,17.117,17.274,17.108,17.246,47557,0
2017-03-30,17.145,17.283,17.108,17.283,37582,0
2017-03-31,17.219,17.366,17.219,17.366,64454,0
2017-04-03,17.357,17.438,17.329,17.422,35358,0
2017-04-04,17.413,17.912,17.403,17.727,137914,0
2017-04-05,17.81,17.884,17.718,17.718,58444,0
2017-04-06,17.736,17.774,17.634,17.653,43511,0
2017-04-07,17.644,17.691,17.607,17.616,50521,0
2017-04-10,17.579,17.607,17.505,17.57,33927,0
2017-04-11,17.524,17.585,17.45,17.533,56139,0
2017-04-12,17.542,17.57,17.473,17.487,54500,0
2017-04-13,17.56,17.607,17.459,17.487,46723,0
2017-04-17,17.394,17.551,17.394,17.533,62184,0
2017-04-18,17.45,17.45,17.228,17.311,59197,0
2017-04-19,17.329,17.339,17.255,17.265,38319,0
2017-04-20,17.45,17.45,17.339,17.394,36596,0
2017-04-21,17.422,17.45,17.339,17.339,45913,0
2017-04-24,17.403,17.514,17.385,17.459,52533,0
2017-04-25,17.514,17.551,17.329,17.329,120652,0
2017-04-26,17.459,17.508,17.413,17.468,41643,0
2017-04-27,17.431,17.533,17.378,17.533,43939,0
2017-04-28,17.45,17.579,17.431,17.56,32739,0
2017-05-01,17.56,17.681,17.44,17.44,102955,0
2017-05-02,17.468,17.496,17.302,17.366,115237,0
2017-05-03,17.329,17.468,17.329,17.357,40346,0
2017-05-04,17.357,17.357,17.201,17.311,40377,0
2017-05-05,17.191,17.403,17.191,17.357,36183,0
2017-05-08,17.348,17.348,17.28,17.292,25440,0
2017-05-09,17.292,17.514,17.292,17.496,56759,0
2017-05-10,17.403,17.623,17.403,17.597,35693,0
2017-05-11,17.671,17.671,17.533,17.607,15122,0
2017-05-12,17.597,17.727,17.597,17.727,9294,0
2017-05-15,17.699,17.902,17.699,17.902,27889,0
2017-05-16,17.856,17.866,17.764,17.792,49528,0
2017-05-17,17.708,17.764,17.644,17.718,43879,0
2017-05-18,17.56,17.773,17.533,17.727,27452,0
2017-05-19,17.755,17.949,17.755,17.93,55975,0
2017-05-22,17.967,18.023,17.93,17.949,122588,0
2017-05-23,18.013,18.013,17.855,17.856,46610,0
2017-05-24,17.856,17.923,17.847,17.884,18804,0
2017-05-25,17.995,18.101,17.865,17.939,63508,0
2017-05-26,17.976,18.004,17.902,17.986,16675,0
2017-05-30,17.902,18.06,17.902,18.023,26300,0
2017-05-31,18.06,18.06,17.98,18.041,68837,0
2017-06-01,17.976,18.189,17.976,18.115,43367,0
2017-06-02,18.198,18.226,18.106,18.226,37752,0
2017-06-05,18.124,18.374,18.097,18.161,37004,0
2017-06-06,18.198,18.261,18.198,18.254,17114,0
2017-06-07,18.189,18.238,18.189,18.198,21715,0
2017-06-08,18.309,18.377,18.264,18.375,37258,0
2017-06-09,18.337,18.568,18.337,18.439,100902,0
2017-06-12,18.439,18.439,18.3,18.346,27386,0
2017-06-13,18.365,18.475,18.365,18.411,17254,0
2017-06-14,18.392,18.49,18.392,18.392,13230,0
2017-06-15,18.309,18.309,18.115,18.198,47447,0
2017-06-16,18.198,18.198,18.124,18.17,24092,0
2017-06-19,18.328,18.466,18.328,18.448,24013,0
2017-06-20,18.448,18.448,18.3,18.402,47279,0
2017-06-21,18.448,18.568,18.448,18.503,28257,0
2017-06-22,18.651,18.78,18.549,18.725,22436,0
2017-06-23,18.707,18.808,18.623,18.762,19492,0
2017-06-26,18.827,18.891,18.78,18.827,26867,0
2017-06-27,18.864,18.882,18.706,18.753,33009,0
2017-06-28,18.799,18.827,18.77,18.808,15689,0
2017-06-29,18.827,18.827,18.673,18.707,12855,0
2017-06-30,18.753,18.753,18.642,18.642,34449,0
2017-07-03,18.716,18.79,18.623,18.633,55437,0
2017-07-05,18.586,18.642,18.549,18.633,47817,0
2017-07-06,18.494,18.725,18.365,18.577,129846,0
2017-07-07,18.716,18.975,18.577,18.836,301373,0
2017-07-10,18.854,18.947,18.845,18.91,95862,0
2017-07-11,19.095,19.15,19.002,19.149,74558,0
2017-07-12,19.28,19.344,19.233,19.289,64788,0
2017-07-13,19.326,19.344,19.239,19.344,38611,0
2017-07-14,19.363,19.557,19.363,19.437,76136,0
2017-07-17,19.418,19.474,19.364,19.464,54512,0
2017-07-18,19.437,19.483,19.289,19.474,55461,0
2017-07-19,19.622,19.732,19.603,19.714,39042,0
2017-07-20,19.742,19.742,19.654,19.742,18098,0
2017-07-21,19.64,19.677,19.612,19.658,21008,0
2017-07-24,19.779,19.843,19.705,19.816,45161,0
2017-07-25,19.834,19.834,19.622,19.732,56670,0
2017-07-26,19.779,19.787,19.691,19.769,38165,0
2017-07-27,19.862,19.917,19.722,19.797,35944,0
2017-07-28,19.825,19.825,19.726,19.825,21490,0
2017-07-31,19.927,19.954,19.853,19.871,32468,0
2017-08-01,20.01,20.017,19.871,19.871,46356,0
2017-08-02,19.89,19.932,19.825,19.862,30750,0
2017-08-03,19.732,19.816,19.661,19.668,53143,0
2017-08-04,19.714,19.714,19.585,19.603,49283,0
2017-08-07,19.575,19.658,19.566,19.585,40654,0
2017-08-08,19.723,19.843,19.649,19.834,47365,0
2017-08-09,19.779,19.779,19.575,19.612,62788,0
2017-08-10,19.594,19.594,19.058,19.113,94593,0
2017-08-11,18.901,19.335,18.365,19.28,168781,0
2017-08-14,19.418,19.418,19.267,19.372,34728,0
2017-08-15,19.427,19.52,19.372,19.52,43518,0
2017-08-16,19.612,19.779,19.612,19.668,48718,0
2017-08-17,19.649,19.667,19.511,19.575,39157,0
2017-08-18,19.474,19.594,19.46,19.585,21333,0
2017-08-21,19.788,19.788,19.668,19.714,102793,0
2017-08-22,19.797,20.457,19.797,20.01,85269,0
2017-08-23,19.991,20.093,19.918,20.093,30380,0
2017-08-24,20.01,20.167,19.991,20.121,31602,0
2017-08-25,20.204,20.481,20.158,20.459,88332,0
2017-08-28,20.463,20.675,20.384,20.629,71481,0
2017-08-29,20.352,20.629,18.716,20.573,254953,0
2017-08-30,20.573,20.712,20.546,20.657,54118,0
2017-08-31,20.703,20.712,20.62,20.647,32412,0
2017-09-01,20.694,20.694,20.564,20.629,42081,0
2017-09-05,20.61,20.638,20.537,20.592,135509,0
2017-09-06,20.62,20.745,20.62,20.731,132102,0
2017-09-07,20.768,20.86,20.739,20.86,248876,0
2017-09-08,21.02,21.1299,20.561,20.74,97035,0
2017-09-11,20.8,21.09,20.8,20.99,80464,0
2017-09-12,21.03,21.03,20.88,20.88,52739,0
2017-09-13,20.91,21.0013,20.91,20.99,40322,0
2017-09-14,21.09,21.09,20.8,20.91,115827,0
2017-09-15,20.97,21.14,20.9552,21.14,61327,0
2017-09-18,21.15,21.27,21.14,21.24,80930,0
2017-09-19,21.23,21.308,21.151,21.24,71415,0
2017-09-20,21.23,21.33,21.22,21.26,21411,0
2017-09-21,21.36,21.47,21.25,21.37,133863,0
2017-09-22,21.3,21.31,21.25,21.27,57157,0
2017-09-25,21.21,21.21,20.9,20.93,273214,0
2017-09-26,21.05,21.21,21.0192,21.14,225013,0
2017-09-27,21.14,21.19,20.94,20.94,87788,0
2017-09-28,20.92,20.92,20.8,20.8,29743,0
2017-09-29,20.74,20.8799,20.74,20.8,122544,0
2017-10-02,20.89,20.98,20.88,20.94,106351,0
2017-10-03,21.12,21.23,21.12,21.16,183333,0
2017-10-04,21.14,21.31,21.14,21.28,33643,0
2017-10-05,21.27,21.49,21.2501,21.39,40484,0
2017-10-06,21.41,21.41,21.24,21.26,22955,0
2017-10-09,21.36,21.3692,21.32,21.34,18681,0
2017-10-10,21.42,21.59,21.3862,21.57,27927,0
2017-10-11,21.6,21.61,21.53,21.55,41734,0
2017-10-12,21.74,21.74,21.6112,21.64,47997,0
2017-10-13,21.69,21.89,21.69,21.85,35522,0
2017-10-16,21.85,21.85,21.7,21.73,64575,0
2017-10-17,21.73,21.73,21.66,21.69,37152,0
2017-10-18,21.7,21.73,21.6401,21.66,88488,0
2017-10-19,21.65,21.77,21.4455,21.67,62605,0
2017-10-20,21.6527,21.6545,21.59,21.62,24639,0
2017-10-23,21.55,21.61,21.46,21.49,26581,0
2017-10-24,21.57,21.57,21.45,21.46,47983,0
2017-10-25,21.5,21.5,21.39,21.39,42525,0
2017-10-26,21.39,21.4,21.31,21.31,69482,0
2017-10-27,21.39,21.41,21.28,21.32,81010,0
2017-10-30,21.295,21.313,21.19,21.29,33511,0
2017-10-31,21.29,21.44,21.2801,21.42,120570,0
2017-11-01,21.55,21.68,21.55,21.66,83714,0
2017-11-02,21.75,21.75,21.64,21.74,28191,0
2017-11-03,21.72,21.72,21.55,21.65,21442,0
2017-11-06,21.73,21.73,21.5707,21.66,18046,0
2017-11-07,21.84,21.89,21.79,21.83,39355,0
2017-11-08,21.86,21.99,21.83,21.95,30855,0
2017-11-09,21.91,21.91,21.67,21.77,17132,0
2017-11-10,21.77,21.96,21.77,21.91,32368,0
