2016-01-04,29.26,29.62,28.31,29.43,2578255,0
2016-01-05,29.56,30.07,28.6,28.88,1955120,0
2016-01-06,28.2,28.32,26.57,27.28,3686928,0
2016-01-07,26.65,26.72,25.18,25.31,3429927,0
2016-01-08,25.49,26.37,24.96,25.34,2799025,0
2016-01-11,26.17,27.4096,25.46,25.78,2816970,0
2016-01-12,26.12,27.04,23.185,24.23,3856198,0
2016-01-13,24.26,24.68,21.91,22.63,4991214,0
2016-01-14,22.67,24.04,22.2,23.36,3852236,0
2016-01-15,22.44,23.205,21.96,23.08,3162986,0
2016-01-19,24.01,24.54,23.14,24.01,6115400,0
2016-01-20,23.46,25.08,22.34,24.69,4698251,0
2016-01-21,24.55,26.26,24.41,24.81,4860908,0
2016-01-22,25.63,26.39,24.63,25.07,2917273,0
2016-01-25,24.8,25.3999,24.5,24.8,1977833,0
2016-01-26,24.96,26.33,24.52,26.1,1866022,0
2016-01-27,25.98,27.79,25.74,26.67,2499288,0
2016-01-28,28.16,28.46,25.38,25.58,2578981,0
2016-01-29,25.78,27.2,25.64,27.12,2193980,0
2016-02-01,26.87,27.58,26.18,27.35,1923745,0
2016-02-02,26.71,26.84,25.96,26.08,1428332,0
2016-02-03,26.41,26.53,24.35,25.57,2466034,0
2016-02-04,25.47,26.8,25.25,26.47,1778957,0
2016-02-05,26.41,26.75,25.62,25.91,1783268,0
2016-02-08,25.36,25.47,23.48,24.15,2345654,0
2016-02-09,23.64,24.74,23.53,24.21,1973934,0
2016-02-10,24.35,25.69,24.28,24.92,1393477,0
2016-02-11,24.28,24.86,23.34,23.39,1778068,0
2016-02-12,23.7,24.03,22.88,24,1769303,0
2016-02-16,22.6,23.6,21.39,23.58,3764056,0
2016-02-17,23.77,25.69,23.675,25.05,1533354,0
2016-02-18,25.13,25.35,24.41,25.04,1423632,0
2016-02-19,24.82,24.89,23.46,23.82,2266327,0
2016-02-22,24.06,25.64,23.9,25.5,2651277,0
2016-02-23,24.43,26.1,23.17,25.1,5246341,0
2016-02-24,24.7,24.895,24.04,24.79,3363947,0
2016-02-25,24.95,25.85,24.4,24.81,2222230,0
2016-02-26,25.02,26.29,24.91,25.68,2801103,0
2016-02-29,25.72,25.81,24.8,24.82,1887822,0
2016-03-01,25.15,25.99,24.71,25.85,1653522,0
2016-03-02,25.63,26.23,25.28,26.22,1665172,0
2016-03-03,26.1,28.432,26.1,28.09,3111871,0
2016-03-04,28.09,28.79,26.79,27.06,2803860,0
2016-03-07,26.6,27.3,25.94,26.73,2085487,0
2016-03-08,26.52,26.86,25.73,25.83,1741096,0
2016-03-09,25.91,26.51,25.15,26.11,1585476,0
2016-03-10,26.28,26.718,25.31,25.5,1235445,0
2016-03-11,25.84,27.6626,25.84,27.6,2497231,0
2016-03-14,27.49,27.76,27,27.3,1499274,0
2016-03-15,26.91,26.95,25.12,25.37,1806381,0
2016-03-16,25.12,26.48,25.12,26.32,1913448,0
2016-03-17,26.23,27.09,25.92,26.57,2487995,0
2016-03-18,26.64,28.5,26.64,28.14,3781347,0
2016-03-21,28.15,29.07,27.58,28.42,1446472,0
2016-03-22,28.29,29.405,28.03,29.24,1975590,0
2016-03-23,29.21,30.07,28.62,29.01,2124933,0
2016-03-24,28.56,28.75,27.28,27.98,2264902,0
2016-03-28,28.13,28.45,27.58,28.01,1191599,0
2016-03-29,27.84,29.29,27.67,29.27,1409247,0
2016-03-30,29.51,29.9,28.83,28.93,1542487,0
2016-03-31,28.96,29.27,28.43,28.93,1210135,0
2016-04-01,28.79,29.15,28.23,28.89,1318497,0
2016-04-04,28.89,29.16,28.47,28.56,1272920,0
2016-04-05,28.26,28.77,27.85,28.2,1114745,0
2016-04-06,28.24,28.9,27.95,28.85,987464,0
2016-04-07,28.56,29.21,28.09,28.53,1193919,0
2016-04-08,28.7,29.34,28.09,29,2375312,0
2016-04-11,29.15,29.27,28.46,28.64,1436770,0
2016-04-12,28.7,29.11,28.57,29.04,1568729,0
2016-04-13,29.76,31.985,29.76,31.73,3587182,0
2016-04-14,31.86,32.8,31.66,32.23,3682715,0
2016-04-15,31.96,32.05,30.52,31.6,22093033,0
2016-04-18,31.4,32.04,31.07,31.87,1857760,0
2016-04-19,32.1,32.35,31.27,31.57,1639705,0
2016-04-20,31.73,32.6,30.66,32.06,2031288,0
2016-04-21,32.05,32.5,31.58,31.68,2303206,0
2016-04-22,31.74,33.21,31.68,32.56,1589837,0
2016-04-25,32.49,32.61,31.42,31.66,1270322,0
2016-04-26,31.87,32.86,31.665,32.59,1120313,0
2016-04-27,32.65,33.06,32.28,32.61,1405647,0
2016-04-28,32.62,34.0799,32.19,32.26,1768925,0
2016-04-29,32.12,32.205,30.93,31.69,1692294,0
2016-05-02,31.69,32,30.55,31.64,2539555,0
2016-05-03,33.34,33.39,31.71,31.95,4197065,0
2016-05-04,31.43,32.69,31.16,31.46,2147422,0
2016-05-05,31.32,32.18,31.26,31.6,1207670,0
2016-05-06,31.48,32.31,31.3,31.41,1273011,0
2016-05-09,31.37,31.77,31.14,31.14,1295501,0
2016-05-10,31.28,31.68,30.65,31.46,1191669,0
2016-05-11,31.42,32.14,31.26,31.5,1124128,0
2016-05-12,31.65,31.76,28.35,28.41,3369949,0
2016-05-13,28.5,28.89,27.99,28.43,2310781,0
2016-05-16,28.6,29.15,28.31,28.81,1657244,0
2016-05-17,28.77,29.875,28.55,29.18,2106568,0
2016-05-18,29.13,29.63,28.24,28.51,2144814,0
2016-05-19,28.25,28.97,27.59,27.79,2559734,0
2016-05-20,27.87,28.36,27.67,27.96,1421129,0
2016-05-23,27.86,27.93,26.97,27.68,1573335,0
2016-05-24,27.93,28.24,27.32,28.1,1303526,0
2016-05-25,28.3,29.03,28.11,28.91,1381475,0
2016-05-26,28.95,28.95,28,28.43,1251125,0
2016-05-27,28.36,29.2652,28.36,28.74,982310,0
2016-05-31,28.83,29.21,28.61,28.94,1110446,0
2016-06-01,28.74,29.82,28.59,29.62,1507009,0
2016-06-02,29.4,29.9,28.71,29.67,1097588,0
2016-06-03,29.64,29.69,28.61,28.91,1526790,0
2016-06-06,28.93,29.77,28.58,29.66,953377,0
2016-06-07,29.7,30.14,29.51,29.92,737544,0
2016-06-08,29.93,30.7624,29.93,30.32,991848,0
2016-06-09,30.19,30.315,29.69,29.95,741750,0
2016-06-10,29.46,29.46,28.74,28.9,1263013,0
2016-06-13,28.63,28.77,27.67,27.69,1527844,0
2016-06-14,27.54,27.94,26.99,27.62,1055087,0
2016-06-15,27.86,28.191,27.6,27.9,1503216,0
2016-06-16,27.48,27.57,27,27.44,1234449,0
2016-06-17,27.45,28.2,27.06,27.16,1821485,0
2016-06-20,27.73,28.29,27.5,27.65,1151151,0
2016-06-21,27.69,27.7838,26.97,27.56,1135147,0
2016-06-22,27.65,28.4,27.45,28,1093295,0
2016-06-23,28.41,29.52,28.32,29.38,1889324,0
2016-06-24,28.29,28.78,27.68,28,2131637,0
2016-06-27,27.6,27.7,25.71,26.04,2196015,0
2016-06-28,26.4,27.25,26.34,26.71,1081617,0
2016-06-29,27.15,28.39,26.9327,27.65,1230691,0
2016-06-30,27.65,27.69,26.77,27.64,1049464,0
2016-07-01,27.66,28.27,27.515,27.95,1201322,0
2016-07-05,27.65,27.65,26.63,27.2,1531398,0
2016-07-06,27.07,28.105,26.85,27.85,976237,0
2016-07-07,28.03,28.91,27.79,28,1465949,0
2016-07-08,28.26,29,28,28.88,1081708,0
2016-07-11,29.23,29.84,29.03,29.35,1131487,0
2016-07-12,29.77,30.03,29.47,29.75,1084185,0
2016-07-13,29.93,30.14,29.76,29.84,938618,0
2016-07-14,30.3,30.4,29.52,29.86,891572,0
2016-07-15,29.99,30.17,29.76,29.84,821443,0
2016-07-18,29.91,30.695,29.82,30.65,928321,0
2016-07-19,30.44,30.734,30.08,30.61,1234176,0
2016-07-20,30.65,31.095,30.49,30.89,498014,0
2016-07-21,30.76,31.84,30.76,31.19,1092519,0
2016-07-22,31.25,31.67,30.61,31.46,851620,0
2016-07-25,31.43,31.83,30.85,31.13,710931,0
2016-07-26,31.01,31.64,30.975,31.6,1087957,0
2016-07-27,30.44,31.22,29.96,30.72,1420947,0
2016-07-28,30.32,31.11,29.05,30.51,1591828,0
2016-07-29,30.24,30.75,29.78,30.61,1498119,0
2016-08-01,30.57,30.84,28.64,28.91,3161006,0
2016-08-02,28.76,30.59,27,27.57,4926346,0
2016-08-03,26.75,28.08,25.95,27.83,2853856,0
2016-08-04,27.63,27.82,27.19,27.3,1551890,0
2016-08-05,27.56,27.73,27.15,27.48,1232246,0
2016-08-08,27.58,27.85,27.125,27.32,1807927,0
2016-08-09,27.28,27.45,26.71,26.87,1337853,0
2016-08-10,26.9,27.07,26.28,26.37,1510828,0
2016-08-11,26.42,26.5799,25.13,25.61,2923536,0
2016-08-12,25.63,25.96,25.3926,25.5,1557677,0
2016-08-15,25.69,25.89,25.59,25.71,917441,0
2016-08-16,25.69,25.69,25.15,25.16,1293118,0
2016-08-17,25.07,25.16,24.07,24.32,2548047,0
2016-08-18,24.28,24.58,24.04,24.16,1755148,0
2016-08-19,23.96,24.16,23.74,24.02,2801248,0
2016-08-22,24,24.3219,23.76,24.22,1594789,0
2016-08-23,24.37,24.9,24.35,24.69,1711068,0
2016-08-24,24.7,24.96,23.56,23.68,1452159,0
2016-08-25,23.55,24.04,23.39,23.48,1643329,0
2016-08-26,23.535,23.83,23,23.22,1512655,0
2016-08-29,23.2,24.37,23.17,23.99,1457855,0
2016-08-30,23.8,24.29,23.73,24,1039153,0
2016-08-31,23.95,23.96,23.37,23.9,783326,0
2016-09-01,23.99,24.09,23.31,23.58,979044,0
2016-09-02,23.7,24.35,23.53,24.2,1184869,0
2016-09-06,24.09,24.1299,23.55,24.06,1083092,0
2016-09-07,24.09,24.86,23.99,24.68,2127188,0
2016-09-08,24.62,24.82,24.41,24.67,1233690,0
2016-09-09,24.4,24.4499,23.5603,23.62,1459450,0
2016-09-12,23.5,24.83,23.15,24.57,2089535,0
2016-09-13,24.25,24.28,23.19,23.81,2114404,0
2016-09-14,23.92,23.92,22.935,23.25,1731788,0
2016-09-15,23.23,23.34,22.46,22.8,2325196,0
2016-09-16,22.54,23.74,22.45,23.09,6984059,0
2016-09-19,23.13,23.72,22.84,23.04,1742535,0
2016-09-20,23.19,23.2,21.61,22.02,3851814,0
2016-09-21,22.08,22.45,20.93,21.37,3649007,0
2016-09-22,21.59,21.9,21.49,21.81,2258837,0
2016-09-23,21.98,22.2,21.77,21.97,2379042,0
2016-09-26,21.84,21.95,21.09,21.35,1776863,0
2016-09-27,21.4,21.7399,21.2,21.68,2784065,0
2016-09-28,21.74,22.55,21.15,22.36,2926463,0
2016-09-29,22.25,22.79,21.9,22,2154950,0
2016-09-30,22.06,22.9,21.68,22.66,2429593,0
2016-10-03,22.43,22.51,21.33,21.75,2050887,0
2016-10-04,21.85,22.07,21.48,21.5,1473884,0
2016-10-05,21.54,21.8488,21.24,21.68,2968431,0
2016-10-06,21.63,21.6447,21.055,21.07,1668146,0
2016-10-07,21.18,21.21,20.4,20.7,2244028,0
2016-10-10,20.88,21.52,20.88,21.35,1976021,0
2016-10-11,21.24,21.323,20.8,20.95,2151188,0
2016-10-12,20.91,21.5,20.87,21.28,1695201,0
2016-10-13,21.05,23.38,20.91,23.13,8745558,0
2016-10-14,23.32,23.33,22.435,22.78,3878996,0
2016-10-17,22.71,23.09,22.35,23.03,2147608,0
2016-10-18,23.3,23.87,23.19,23.68,2166277,0
2016-10-19,23.55,23.76,22.88,23.62,2285569,0
2016-10-20,23.57,23.78,23.2,23.52,1509976,0
2016-10-21,23.44,23.6,22.61,23.53,1195509,0
2016-10-24,23.9,23.9,23.19,23.82,1903414,0
2016-10-25,23.63,24.129,23.24,23.37,2043978,0
2016-10-26,23.11,23.11,21.49,21.6,3756340,0
2016-10-27,20.44,22.06,20.22,20.69,3387344,0
2016-10-28,20.63,21.12,19.825,20.25,3185001,0
2016-10-31,20.33,20.42,19.7,19.71,2859745,0
2016-11-01,20.65,20.95,18.86,19.12,6434395,0
2016-11-02,18.69,19.34,18.59,18.8,3527607,0
2016-11-03,18.86,19.19,17.47,17.47,3948671,0
2016-11-04,17.47,18.1,17.03,17.75,4527684,0
2016-11-07,18.62,20.43,18.56,19.82,4461440,0
2016-11-08,19.65,20.47,19.13,20.27,3537327,0
2016-11-09,14.57,15.82,14.51,15.21,17378444,0
2016-11-10,15.62,15.75,14.46,14.51,10304010,0
2016-11-11,14.8,14.87,14.06,14.55,8888060,0
2016-11-14,14.95,16.64,14.88,16.4,9357734,0
2016-11-15,16.66,16.68,15.9,16.5,3757625,0
2016-11-16,16.5,16.66,16.13,16.42,3183439,0
2016-11-17,16.5,17.29,16.5,17.24,2999419,0
2016-11-18,17.36,17.66,16.79,16.87,3743912,0
2016-11-21,16.89,17.505,16.851,17.01,2274526,0
2016-11-22,16.61,16.8,16,16.14,3398316,0
2016-11-23,15.93,16.39,15.7,16.26,1666095,0
2016-11-25,16.3,16.489,16.06,16.22,651020,0
2016-11-28,16.22,16.22,15.36,15.41,2567033,0
2016-11-29,15.25,15.42,14.71,14.99,3580047,0
2016-11-30,15.13,15.325,14.79,15.23,2260284,0
2016-12-01,15.23,15.79,15.14,15.18,2396000,0
2016-12-02,15.24,15.87,15.01,15.05,2474304,0
2016-12-05,15.21,15.47,15.15,15.35,1896968,0
2016-12-06,15.49,15.62,15.05,15.43,1482932,0
2016-12-07,15.4,15.5,14.93,14.96,2270553,0
2016-12-08,15.17,15.26,14.71,15.24,2693216,0
2016-12-09,15.3,15.35,15.01,15.18,1539920,0
2016-12-12,15.24,16.08,15.05,15.13,2945936,0
2016-12-13,15.21,15.445,14.66,15.03,5256540,0
2016-12-14,14.97,15.08,14.3,14.38,3335296,0
2016-12-15,14.38,14.805,14.36,14.7,1773213,0
2016-12-16,14.79,15.14,14.61,15.13,3224754,0
2016-12-19,15.05,15.27,14.86,14.98,1946617,0
2016-12-20,15.13,15.38,14.75,14.79,2466319,0
2016-12-21,14.9,15.01,14.51,14.88,2019392,0
2016-12-22,14.89,15.31,14.75,14.79,2128839,0
2016-12-23,14.85,15.34,14.8244,15.24,2381972,0
2016-12-27,15.23,15.39,15.01,15.02,1154479,0
2016-12-28,15.09,15.28,14.5,14.71,2535792,0
2016-12-29,14.65,15.23,14.57,15,3477790,0
2016-12-30,15.03,15.1,14.78,14.84,2342098,0
2017-01-03,14.98,15.4,14.73,15.4,2577433,0
2017-01-04,16.3,16.85,15.75,16.75,4695624,0
2017-01-05,16.6,16.9,16.28,16.6,2527091,0
2017-01-06,16.6,16.81,16.21,16.4,2492720,0
2017-01-09,16.38,17.5,16.2604,17.25,4944108,0
2017-01-10,17.22,17.69,16.94,17.52,3265663,0
2017-01-11,17.59,18.33,17.54,18.02,4386447,0
2017-01-12,18.02,18.14,17.84,18.09,2908092,0
2017-01-13,18.13,18.49,18.06,18.22,3034529,0
2017-01-17,18.22,19.64,18.03,18.99,4845437,0
2017-01-18,18.97,19.03,18.29,18.44,4744728,0
2017-01-19,18.29,18.29,17.91,18.05,2796102,0
2017-01-20,18.04,18.27,17.955,18.1,1716984,0
2017-01-23,17.95,18.265,17.51,18.2,3550442,0
2017-01-24,18.2,18.3593,17.69,18.28,2258458,0
2017-01-25,18.38,18.89,18.34,18.39,1874027,0
2017-01-26,18.35,18.545,18.29,18.35,1873800,0
2017-01-27,18.29,18.38,17.79,18.29,2395526,0
2017-01-30,18.16,18.21,17.245,17.38,3580549,0
2017-01-31,17.55,17.77,17.1801,17.59,2245857,0
2017-02-01,17.64,18.235,17.61,18.13,1920100,0
2017-02-02,17.97,18.12,17.78,17.79,2331330,0
2017-02-03,17.91,18.35,17.88,18.34,1939822,0
2017-02-06,18.35,18.51,18.115,18.38,2347971,0
2017-02-07,18.37,18.43,18.02,18.06,1435939,0
2017-02-08,17.99,18.42,17.81,18.34,1502148,0
2017-02-09,18.34,19.01,18.34,18.97,1884302,0
2017-02-10,19.11,19.125,18.78,18.97,1135417,0
2017-02-13,19.12,19.15,18.81,19,1169760,0
2017-02-14,18.98,19.3393,18.89,19.24,1317704,0
2017-02-15,19.37,19.88,19.1999,19.86,2008592,0
2017-02-16,19.87,20,19.33,19.48,1967889,0
2017-02-17,19.4,19.44,18.91,19.37,1553382,0
2017-02-21,19.92,20.91,19.9,20.8,3579097,0
2017-02-22,20.8,20.95,20.5295,20.65,1328249,0
2017-02-23,20.75,20.86,20.415,20.79,1482818,0
2017-02-24,21.05,22.22,20.88,21.99,4659625,0
2017-02-27,21.99,22.72,21.77,22.67,4309742,0
2017-02-28,19.96,20.04,19,19.3,11543651,0
2017-03-01,19.2,19.55,18.1,18.99,5136188,0
2017-03-02,18.95,19.31,18.67,19.12,2691260,0
2017-03-03,19.32,21.07,19.18,20.99,6053410,0
2017-03-06,21.16,21.39,20.24,20.81,3617827,0
2017-03-07,20.46,20.73,19.105,19.33,7728194,0
2017-03-08,19.33,20.12,19.33,19.62,4547532,0
2017-03-09,19.57,20.745,19.51,20.29,4123986,0
2017-03-10,20.28,20.46,18.79,19.22,6299315,0
2017-03-13,19.26,19.47,18.56,18.63,3108576,0
2017-03-14,18.37,18.37,17.47,18.02,3686734,0
2017-03-15,18.1,18.4,17.72,18.24,2697799,0
2017-03-16,18.31,18.55,17.75,18,2125826,0
2017-03-17,17.9,18.1554,17.8,17.95,2571061,0
2017-03-20,17.9,17.99,17.34,17.52,3078147,0
2017-03-21,17.6,17.72,16.4,16.44,4158322,0
2017-03-22,16.35,16.42,15.68,16.36,3677237,0
2017-03-23,16.45,17.23,16.35,17.02,6255827,0
2017-03-24,17.41,18.56,17.26,18.28,7677931,0
2017-03-27,18.66,19.74,18.295,18.54,8801655,0
2017-03-28,18.37,18.48,17.54,18.35,4365695,0
2017-03-29,18.26,18.57,17.835,17.93,2622833,0
2017-03-30,17.92,18.24,17.72,18.18,1522170,0
2017-03-31,18.18,18.239,17.64,17.71,1845839,0
2017-04-03,17.76,17.86,17.22,17.43,1666516,0
2017-04-04,17.36,17.36,16.5,16.99,3660782,0
2017-04-05,17.24,17.98,17.24,17.53,4256686,0
2017-04-06,17.52,17.59,17.21,17.47,2021221,0
2017-04-07,17.47,17.47,17.025,17.17,2163581,0
2017-04-10,17.17,17.59,17.1,17.37,2105474,0
2017-04-11,17.36,17.38,17.06,17.2,1960158,0
2017-04-12,17.12,17.63,17.0401,17.61,2559320,0
2017-04-13,17.58,17.78,17.3014,17.48,2207293,0
2017-04-17,17.15,17.18,15.83,16.08,6836303,0
2017-04-18,15.85,16,15.34,15.7,4096610,0
2017-04-19,15.79,15.99,15.44,15.48,2565626,0
2017-04-20,15.51,15.51,14.66,14.99,5874068,0
2017-04-21,15.01,15.67,14.83,15.35,5430504,0
2017-04-24,15.59,15.685,15.355,15.41,2983372,0
2017-04-25,15.54,15.68,15.34,15.6,2611029,0
2017-04-26,15.76,16.13,15.374,15.55,4655875,0
2017-04-27,15.56,15.67,15.125,15.47,3392843,0
2017-04-28,15.33,15.74,15.235,15.67,3659828,0
2017-05-01,15.58,15.91,15.29,15.35,6184679,0
2017-05-02,17.48,19.08,17.09,18.66,16931284,0
2017-05-03,18.63,19.05,17.255,17.34,6295383,0
2017-05-04,17.01,18.12,16.77,17.66,5824699,0
2017-05-05,17.71,18.1,17.51,17.83,2801351,0
2017-05-08,17.88,17.9599,17.5,17.9,3818526,0
2017-05-09,17.94,18.13,17.489,17.5,2786031,0
2017-05-10,17.48,18.44,17.38,18.16,2597520,0
2017-05-11,18.11,18.39,17.64,18.29,2235056,0
2017-05-12,18.3,18.38,17.74,18.08,1191188,0
2017-05-15,18.15,18.26,17.65,18.24,3614691,0
2017-05-16,18.43,18.43,17.69,17.73,2042207,0
2017-05-17,17.6,18.03,17.23,17.27,2249163,0
2017-05-18,17.2,17.34,16.85,16.98,2047616,0
2017-05-19,17.14,17.97,17.03,17.56,2283902,0
2017-05-22,17.57,17.72,17.22,17.32,1609477,0
2017-05-23,17.32,17.6,17.22,17.51,2051728,0
2017-05-24,17.43,17.535,17.16,17.28,1287876,0
2017-05-25,17.35,17.72,17.25,17.59,1328662,0
2017-05-26,17.4,17.48,16.98,17.45,2280129,0
2017-05-30,17.32,17.73,17.27,17.44,1314796,0
2017-05-31,17.43,17.43,16.405,16.54,4631744,0
2017-06-01,16.64,17.57,16.54,17.36,2175310,0
2017-06-02,17.46,17.67,17.045,17.23,3037047,0
2017-06-05,17.3,17.355,16.45,16.67,2185656,0
2017-06-06,17.4,17.5,16.9,17.01,2348949,0
2017-06-07,17.5,17.829,17.17,17.56,3345592,0
2017-06-08,17.53,17.8,17.22,17.64,1833779,0
2017-06-09,17.6,18.24,17.42,17.96,2033917,0
2017-06-12,17.99,18.5,17.99,18.28,2399861,0
2017-06-13,18.37,18.76,18.28,18.55,1344485,0
2017-06-14,18.67,19.02,18.43,18.88,1879184,0
2017-06-15,18.76,18.94,18.225,18.31,1754417,0
2017-06-16,18.28,18.2899,17.8,18.21,2019752,0
2017-06-19,18.23,18.63,17.86,18.62,2079619,0
2017-06-20,18.6,18.61,17.98,18.06,1603368,0
2017-06-21,18.05,18.53,17.4642,17.68,2202304,0
2017-06-22,17.63,19.26,17.54,18.9,6701549,0
2017-06-23,19.28,19.35,18.3301,18.52,10193543,0
2017-06-26,18.55,19.27,18.33,18.77,2678063,0
2017-06-27,18.88,19.74,18.88,19.09,3657173,0
2017-06-28,19.21,19.7,19.0464,19.67,2406085,0
2017-06-29,19.69,20,19.1693,19.46,3150427,0
2017-06-30,19.35,19.62,19.15,19.34,1667540,0
2017-07-03,19.42,19.42,19.06,19.22,729576,0
2017-07-05,19.22,19.3,18.79,19.11,1527776,0
2017-07-06,19,19,18.19,18.24,2816405,0
2017-07-07,18.27,18.78,17.91,18.65,1776325,0
2017-07-10,18.58,19.24,18.24,19.14,2361904,0
2017-07-11,19.08,19.29,18.66,18.9,1821370,0
2017-07-12,19,19.37,18.75,19.21,2274405,0
2017-07-13,19.29,19.29,18.9,18.99,1557044,0
2017-07-14,18.94,19.26,18.84,19.09,905195,0
2017-07-17,19.08,19.22,18.86,18.98,1141614,0
2017-07-18,19.39,19.51,18.8,19.2,3377054,0
2017-07-19,19.2,20.03,19.08,19.91,2574345,0
2017-07-20,19.91,20.71,19.88,20.67,4024440,0
2017-07-21,20.75,20.88,20.51,20.65,2421761,0
2017-07-24,20.67,21.19,20.57,21.11,1960806,0
2017-07-25,20.34,20.45,19.25,19.52,4799646,0
2017-07-26,19.22,19.27,18.3,19.06,4694602,0
2017-07-27,18.08,18.35,17.56,17.76,4498756,0
2017-07-28,17.75,18.22,17.25,17.78,3241574,0
2017-07-31,17.75,17.75,17.34,17.35,2473236,0
2017-08-01,17.5,17.66,17.08,17.32,2285966,0
2017-08-02,17.22,17.37,16.64,16.8,2880784,0
2017-08-03,16.67,17.025,16.56,16.9,2413008,0
2017-08-04,16.96,17.03,16.62,16.77,2636471,0
2017-08-07,16.49,16.77,16.33,16.69,4018830,0
2017-08-08,15.6,15.64,14.27,14.28,12914979,0
2017-08-09,14.06,14.26,13.31,13.53,10111229,0
2017-08-10,13.36,13.69,13.21,13.39,6744719,0
2017-08-11,13.28,14.4165,13.22,14.05,8988806,0
2017-08-14,14.14,14.19,12.975,13.03,8631107,0
2017-08-15,13.14,13.26,12.7767,13.07,5449821,0
2017-08-16,13.11,13.24,12.9,12.92,2759562,0
2017-08-17,12.84,13.09,12.54,12.65,3200215,0
2017-08-18,13.46,14.65,13.25,14.45,12079050,0
2017-08-21,15.19,17.47,15,16.56,18579744,0
2017-08-22,16.41,16.6699,15.38,15.58,6684104,0
2017-08-23,15.48,16.2,15.36,16.18,3313564,0
2017-08-24,16.16,16.93,16.16,16.5,3366193,0
2017-08-25,16.49,16.555,16.13,16.5,2601625,0
2017-08-28,16.6,17.63,16.56,17.48,7118851,0
2017-08-29,17.31,17.63,16.85,17.62,3642939,0
2017-08-30,17.6,17.6,16.955,17.21,4729884,0
2017-08-31,17.25,17.77,17,17.17,3884727,0
2017-09-01,17.51,18.16,16.91,18.12,5345962,0
2017-09-05,18.01,18.12,17.6,17.69,3883216,0
2017-09-06,17.86,17.89,16.77,17.15,4752054,0
2017-09-07,17.09,17.66,16.875,16.95,4192893,0
2017-09-08,16.86,16.92,16.46,16.6,4177726,0
2017-09-11,16.69,17.505,16.69,17.18,3580124,0
2017-09-12,17.2,17.5,16.98,17.15,3059416,0
2017-09-13,17.14,17.31,16.19,16.24,7757558,0
2017-09-14,17.44,17.56,16.51,17.16,10109868,0
2017-09-15,17.17,17.23,16.5,16.73,5471980,0
2017-09-18,16.64,16.769,15.38,15.72,6108113,0
2017-09-19,15.71,15.78,15.42,15.61,3022238,0
2017-09-20,15.67,15.83,15.36,15.57,3345979,0
2017-09-21,15.65,15.93,15.46,15.92,2317580,0
2017-09-22,15.8,16.53,15.695,16.32,3855177,0
2017-09-25,15.87,16.33,15.25,15.39,3293479,0
2017-09-26,15.57,15.97,15.33,15.51,2354173,0
2017-09-27,15.56,15.84,15.44,15.65,2971771,0
2017-09-28,15.62,15.985,15.59,15.94,2522734,0
2017-09-29,15.9,16.65,15.9,16.43,2663076,0
2017-10-02,16.47,16.92,16.4,16.75,2544582,0
2017-10-03,16.68,16.715,16.24,16.52,1864997,0
2017-10-04,16.59,16.59,15.6,15.69,2297702,0
2017-10-05,15.65,15.87,15.57,15.63,1258044,0
2017-10-06,15.51,15.99,15.51,15.65,1714450,0
2017-10-09,15.15,15.18,14.8,14.88,1976888,0
2017-10-10,14.71,15.04,14.37,14.4,2112568,0
2017-10-11,14.37,14.88,14.36,14.5,1985683,0
2017-10-12,14.43,14.4878,13.85,13.86,3182764,0
2017-10-13,12.52,13.49,12.25,13.15,5726573,0
2017-10-16,12.98,13.105,12.745,12.91,2997290,0
2017-10-17,12.96,13.81,12.77,13.6,6384279,0
2017-10-18,13.58,13.75,12.9,12.97,4001751,0
2017-10-19,12.75,13.38,12.75,13.35,4186016,0
2017-10-20,13.28,14.68,13.28,14.66,6337369,0
2017-10-23,14.68,14.96,14.31,14.69,3011318,0
2017-10-24,14.35,14.71,14.1,14.28,3471016,0
2017-10-25,14.15,14.27,13.8,14.17,3521695,0
2017-10-26,14,14.33,12.72,12.87,8391927,0
2017-10-27,14.11,14.83,13.25,13.37,6076981,0
2017-10-30,13.29,13.92,13.03,13.86,3146696,0
2017-10-31,13.83,14.37,13.83,14.28,4312910,0
2017-11-01,14.09,14.41,13.9,14.35,2252590,0
2017-11-02,14.34,14.6,13.81,13.84,3031020,0
2017-11-03,13.74,13.94,13.06,13.08,4433123,0
2017-11-06,13.11,13.13,12.49,12.65,5909711,0
2017-11-07,13.28,13.88,12.78,13.21,7041401,0
2017-11-08,13.22,13.68,12.91,13.63,3133643,0
2017-11-09,13.18,13.54,13.04,13.5,1942268,0
2017-11-10,13.5,13.96,13.5,13.82,3128427,0
