2016-01-04,4.4239,4.6497,4.2543,4.597,2800896,0
2016-01-05,4.5894,4.6344,4.5592,4.5894,229833,0
2016-01-06,4.5292,4.5668,4.4614,4.5215,226019,0
2016-01-07,4.4088,4.5141,4.3711,4.4163,168643,0
2016-01-08,4.4088,4.4389,4.3411,4.3711,179243,0
2016-01-11,4.3636,4.4012,4.2509,4.326,336341,0
2016-01-12,4.3185,4.3562,4.0176,4.0402,1063796,0
2016-01-13,4.01,4.0628,3.2277,3.363,1194851,0
2016-01-14,3.333,3.4458,3.1298,3.3931,1226718,0
2016-01-15,3.2654,3.3706,3.1674,3.3255,691673,0
2016-01-19,3.3255,3.4082,3.2427,3.3781,777958,0
2016-01-20,3.3029,3.3931,3.1813,3.3781,455581,0
2016-01-21,3.3554,3.5578,3.3367,3.4533,266503,0
2016-01-22,3.5059,3.6565,3.4684,3.6037,516582,0
2016-01-25,3.5888,3.7769,3.5361,3.6338,677919,0
2016-01-26,3.6188,3.7393,3.6188,3.6866,378937,0
2016-01-27,3.6565,3.7693,3.6264,3.6941,337924,0
2016-01-28,3.7167,3.7993,3.6941,3.7693,1617346,0
2016-01-29,3.7693,3.837,3.6677,3.7468,421868,0
2016-02-01,3.7617,3.7993,3.7017,3.7693,433640,0
2016-02-02,3.7167,3.7918,3.6338,3.7693,329323,0
2016-02-03,3.7617,3.837,3.6941,3.7693,347091,0
2016-02-04,3.7318,3.8447,3.7318,3.8219,431430,0
2016-02-05,3.8295,3.8596,3.7693,3.8219,147521,0
2016-02-08,3.7993,3.7993,3.709,3.7393,280849,0
2016-02-09,3.7468,3.7468,3.6338,3.7167,508890,0
2016-02-10,3.6941,3.7769,3.6338,3.6488,305654,0
2016-02-11,3.6264,3.664,3.4909,3.5661,337715,0
2016-02-12,3.5661,3.5888,3.4006,3.4383,431052,0
2016-02-16,3.4383,3.6866,3.4383,3.6866,260173,0
2016-02-17,3.679,3.8282,3.6715,3.7542,328726,0
2016-02-18,3.7468,3.7993,3.6866,3.7241,247582,0
2016-02-19,3.6866,3.8069,3.6866,3.7542,202711,0
2016-02-22,3.7693,3.7993,3.6941,3.7241,264229,0
2016-02-23,3.7393,3.7969,3.7167,3.7241,246924,0
2016-02-24,3.6866,3.7843,3.6866,3.7393,137431,0
2016-02-25,3.7017,3.7542,3.6565,3.7241,159718,0
2016-02-26,3.7241,3.8106,3.7241,3.7769,132044,0
2016-02-29,3.7468,3.9499,3.7468,3.9499,238635,0
2016-03-01,3.9914,4.01,3.8671,3.9122,342312,0
2016-03-02,3.8747,3.9747,3.8557,3.9349,148322,0
2016-03-03,3.9199,4.0477,3.9199,4.0477,174959,0
2016-03-04,4.0402,4.2509,4.0025,4.2358,182167,0
2016-03-07,4.2509,4.3939,4.2509,4.311,188790,0
2016-03-08,4.2582,4.2885,4.0778,4.1304,154223,0
2016-03-09,4.1078,4.153,3.9499,3.9724,220637,0
2016-03-10,3.9875,4.168,3.9084,3.9272,538158,0
2016-03-11,3.9499,4.0628,3.7617,3.7769,518869,0
2016-03-14,3.837,3.9122,3.7882,3.8822,483891,0
2016-03-15,3.9061,3.9539,3.8343,3.8902,204401,0
2016-03-16,3.8503,3.8941,3.8103,3.8183,232364,0
2016-03-17,3.8103,4.0815,3.8024,3.8503,409668,0
2016-03-18,3.8822,3.9012,3.7546,3.7626,349221,0
2016-03-21,3.7865,3.8583,3.7626,3.7785,188574,0
2016-03-22,3.7865,3.7944,3.6987,3.7626,219121,0
2016-03-23,3.7706,3.8103,3.6749,3.6829,143979,0
2016-03-24,3.6669,3.7068,3.5872,3.6431,202574,0
2016-03-28,3.6509,3.7865,3.6111,3.6829,269430,0
2016-03-29,3.627,3.7388,3.627,3.7068,182000,0
2016-03-30,3.7068,3.7467,3.6349,3.6829,254349,0
2016-03-31,3.7546,3.9379,3.6987,3.8264,559448,0
2016-04-01,3.8343,4.0096,3.8024,3.946,385935,0
2016-04-04,3.922,3.9778,3.8742,3.8822,121493,0
2016-04-05,3.8822,3.8822,3.7546,3.7626,158335,0
2016-04-06,3.7626,3.8423,3.7626,3.8423,80199,0
2016-04-07,3.8024,3.8024,3.7306,3.7706,97374,0
2016-04-08,3.7706,3.8662,3.7467,3.7626,96624,0
2016-04-11,3.7467,3.8583,3.7467,3.7865,120643,0
2016-04-12,3.8103,3.9139,3.7865,3.9139,171204,0
2016-04-13,3.898,4.0415,3.8662,3.97,222457,0
2016-04-14,3.9778,4.001,3.922,3.9618,126620,0
2016-04-15,3.93,3.9938,3.93,3.9618,110303,0
2016-04-18,3.9539,3.9938,3.9139,3.9379,184638,0
2016-04-19,3.97,4.0176,3.946,3.9938,96632,0
2016-04-20,3.97,4.0415,3.9539,4.0257,195485,0
2016-04-21,4.0018,4.0575,3.9938,4.0257,158186,0
2016-04-22,4.0176,4.0895,4.0176,4.0736,111912,0
2016-04-25,4.0736,4.1213,4.0257,4.0895,88475,0
2016-04-26,4.0736,4.185,4.0655,4.1611,139539,0
2016-04-27,4.1611,4.1691,4.0815,4.1532,141909,0
2016-04-28,4.1053,4.201,4.0815,4.1611,147160,0
2016-04-29,4.1452,4.1862,4.0736,4.1292,543805,0
2016-05-02,4.1133,4.1611,4.0018,4.0497,232998,0
2016-05-03,3.9858,4.0815,3.8902,4.0736,373489,0
2016-05-04,3.922,4.0126,3.922,3.9618,254122,0
2016-05-05,3.97,4.0176,3.9066,3.9858,289964,0
2016-05-06,3.97,4.0176,3.954,3.9858,354761,0
2016-05-09,3.97,4.0815,3.97,4.0176,342488,0
2016-05-10,4.0415,4.1452,4.0096,4.1213,326905,0
2016-05-11,4.1133,4.2808,4.1053,4.193,360514,0
2016-05-12,4.193,4.2569,4.1851,4.2407,200565,0
2016-05-13,4.2407,4.3205,4.2327,4.2727,331691,0
2016-05-16,4.2407,4.3605,4.2407,4.3046,338434,0
2016-05-17,4.2727,4.3525,4.2727,4.2967,247316,0
2016-05-18,4.2727,4.3445,4.2727,4.2808,255757,0
2016-05-19,4.2648,4.2887,3.9938,4.0895,579680,0
2016-05-20,4.0736,4.2249,4.0736,4.2169,236170,0
2016-05-23,4.2489,4.3924,4.201,4.3684,400299,0
2016-05-24,4.3766,4.5439,4.3525,4.5039,431548,0
2016-05-25,4.472,4.5517,4.4401,4.4401,399651,0
2016-05-26,4.472,4.5598,4.4401,4.488,316485,0
2016-05-27,4.5039,4.5199,4.4003,4.4641,341894,0
2016-05-31,4.496,4.5199,4.4322,4.472,777359,0
2016-06-01,4.472,4.5358,4.4481,4.4481,597793,0
2016-06-02,4.4401,4.496,4.4401,4.4641,536567,0
2016-06-03,4.4801,4.5439,4.4241,4.5119,1198547,0
2016-06-06,4.5199,4.6155,4.472,4.5119,694958,0
2016-06-07,4.5039,4.5757,4.472,4.5277,517689,0
2016-06-08,4.5439,4.5996,4.488,4.5598,435563,0
2016-06-09,4.5439,4.5955,4.488,4.5677,584523,0
2016-06-10,4.5598,4.5996,4.5277,4.5677,509905,0
2016-06-13,4.5837,4.5876,4.5439,4.5517,683154,0
2016-06-14,4.5098,4.6223,4.4678,4.4761,596644,0
2016-06-15,4.4594,4.577,4.4594,4.5267,470461,0
2016-06-16,4.5098,4.5349,4.4678,4.5267,286720,0
2016-06-17,4.5517,4.6022,4.5267,4.5603,438200,0
2016-06-20,4.5517,4.6022,4.5181,4.5267,454246,0
2016-06-21,4.5181,4.5238,4.4006,4.4258,405068,0
2016-06-22,4.4089,4.577,4.3839,4.4509,282092,0
2016-06-23,4.4931,4.5181,4.3922,4.4174,409683,0
2016-06-24,4.3754,4.4258,4.2074,4.367,487331,0
2016-06-27,4.3502,4.367,4.283,4.2915,370369,0
2016-06-28,4.3418,4.3754,4.3166,4.367,296092,0
2016-06-29,4.3839,4.4341,4.2494,4.2662,566508,0
2016-06-30,4.3839,4.5686,4.2998,4.4258,781476,0
2016-07-01,4.4678,4.5349,4.4271,4.5267,303418,0
2016-07-05,4.5267,4.5853,4.4509,4.5434,457901,0
2016-07-06,4.5181,4.5434,4.4678,4.5181,171544,0
2016-07-07,4.5098,4.5603,4.4931,4.5517,179837,0
2016-07-08,4.5349,4.6608,4.5349,4.6189,310116,0
2016-07-11,4.6106,4.6777,4.5939,4.6526,298730,0
2016-07-12,4.6944,4.7533,4.6441,4.7198,298120,0
2016-07-13,4.7198,4.7198,4.6651,4.6861,118984,0
2016-07-14,4.7029,4.7198,4.6608,4.6944,322055,0
2016-07-15,4.7029,4.7366,4.6694,4.7281,218734,0
2016-07-18,4.7281,4.7659,4.7198,4.7617,193324,0
2016-07-19,4.7617,4.8038,4.7449,4.7786,193812,0
2016-07-20,4.7617,4.8038,4.7449,4.7701,188401,0
2016-07-21,4.8038,4.8058,4.7029,4.7198,180323,0
2016-07-22,4.7281,4.7533,4.7029,4.7281,197322,0
2016-07-25,4.7198,4.7449,4.6861,4.7198,199908,0
2016-07-26,4.7029,4.7617,4.6944,4.7198,216707,0
2016-07-27,4.7198,4.7617,4.6944,4.7113,201441,0
2016-07-28,4.7281,4.7407,4.6785,4.7198,170017,0
2016-07-29,4.7281,4.7366,4.6861,4.7366,232054,0
2016-08-01,4.7449,4.7701,4.7113,4.7198,231538,0
2016-08-02,4.7113,4.7281,4.6526,4.6944,223118,0
2016-08-03,4.6944,4.7029,4.6441,4.6944,166408,0
2016-08-04,4.7869,4.8038,4.7198,4.7869,395968,0
2016-08-05,4.7533,4.7953,4.7281,4.7533,256024,0
2016-08-08,4.7869,4.9128,4.7701,4.9045,471103,0
2016-08-09,4.896,5.1875,4.896,5.148,797099,0
2016-08-10,5.148,5.1648,4.9884,5.022,465026,0
2016-08-11,5.0305,5.0976,4.9969,5.0473,184334,0
2016-08-12,5.0388,5.0809,5.0138,5.0726,258403,0
2016-08-15,5.0809,5.1262,5.0388,5.0726,279792,0
2016-08-16,5.0809,5.1144,5.0313,5.0473,317768,0
2016-08-17,5.0473,5.064,4.9969,5.0473,298637,0
2016-08-18,5.0388,5.0809,5.022,5.064,318265,0
2016-08-19,5.0726,5.1061,5.064,5.1061,286130,0
2016-08-22,5.1228,5.1439,5.1061,5.1311,353899,0
2016-08-23,5.1396,5.2488,5.1347,5.2404,307701,0
2016-08-24,5.2656,5.4587,5.2488,5.3832,771751,0
2016-08-25,5.4,5.4587,5.3832,5.4251,433855,0
2016-08-26,5.4168,5.4505,5.3579,5.4168,347566,0
2016-08-29,5.4419,5.4505,5.3579,5.3747,711251,0
2016-08-30,5.3496,5.3916,5.148,5.2656,1171647,0
2016-08-31,5.2909,5.3747,5.2237,5.3579,527876,0
2016-09-01,5.3747,5.4168,5.1648,5.2488,802879,0
2016-09-02,5.274,5.337,5.1817,5.1984,1055477,0
2016-09-06,5.316,5.316,5.1817,5.2572,980771,0
2016-09-07,5.2909,5.4505,5.2572,5.4419,677115,0
2016-09-08,5.4419,5.4587,5.3579,5.3916,640654,0
2016-09-09,5.4083,5.4083,5.2067,5.2404,728436,0
2016-09-12,5.2067,5.2404,5.0809,5.2237,805109,0
2016-09-13,5.19,5.2572,5.0895,5.1228,983106,0
2016-09-14,5.0875,5.2706,4.9553,5.1493,646425,0
2016-09-15,5.1846,5.2463,5.0699,5.1228,417497,0
2016-09-16,5.1405,5.1493,5.0347,5.0435,289711,0
2016-09-19,5.1493,5.1757,5.0258,5.0788,416872,0
2016-09-20,5.0788,5.1846,5.0523,5.1493,446337,0
2016-09-21,5.1228,5.2023,5.0258,5.0435,320760,0
2016-09-22,5.0523,5.0875,4.9906,5.0258,514455,0
2016-09-23,5.0523,5.1051,4.9906,5.0788,300319,0
2016-09-26,5.0347,5.0699,5.0258,5.0347,255311,0
2016-09-27,5.0523,5.1493,5.0436,5.1228,243008,0
2016-09-28,5.114,5.1493,5.0964,5.0964,126156,0
2016-09-29,5.0875,5.1228,5.0347,5.0611,148472,0
2016-09-30,5.1493,5.2401,5.1141,5.1316,441993,0
2016-10-03,5.158,5.1757,5.1316,5.1493,151803,0
2016-10-04,5.158,5.1934,5.0964,5.1934,232354,0
2016-10-05,5.167,5.2286,5.158,5.2023,230117,0
2016-10-06,5.2286,5.2375,5.1316,5.158,182191,0
2016-10-07,5.1934,5.1934,5.0258,5.0347,245050,0
2016-10-10,5.0435,5.1405,5.0435,5.0964,119776,0
2016-10-11,5.1051,5.1051,5.0435,5.0611,288246,0
2016-10-12,5.0611,5.1051,5.0435,5.1051,275421,0
2016-10-13,5.0699,5.114,5.051,5.114,149990,0
2016-10-14,5.114,5.1493,5.0435,5.0523,132984,0
2016-10-17,5.0435,5.0611,4.9466,4.973,250759,0
2016-10-18,4.973,4.9817,4.8672,4.92,304618,0
2016-10-19,4.9376,4.9817,4.9376,4.9641,126517,0
2016-10-20,4.9641,4.9817,4.9376,4.9553,216061,0
2016-10-21,4.9641,5.0081,4.9562,4.9994,80947,0
2016-10-24,4.9906,5.0435,4.9817,4.9906,135754,0
2016-10-25,4.9466,5.0338,4.9376,4.973,185247,0
2016-10-26,4.9376,4.9641,4.9023,4.92,186061,0
2016-10-27,4.9376,4.9906,4.9112,4.973,85142,0
2016-10-28,4.9641,5.0258,4.9023,4.973,204438,0
2016-10-31,5.0171,5.0171,4.8672,4.92,262907,0
2016-11-01,4.8936,4.9759,4.8804,4.92,289177,0
2016-11-02,4.8672,4.9553,4.8583,4.9466,395434,0
2016-11-03,4.9994,5.2286,4.9994,5.2198,607458,0
2016-11-04,5.2023,5.2198,5.0699,5.0875,227436,0
2016-11-07,5.114,5.1934,5.114,5.1846,281818,0
2016-11-08,5.2023,5.2463,5.1757,5.2023,241208,0
2016-11-09,5.114,5.3344,5.114,5.1934,360567,0
2016-11-10,5.2639,5.2991,5.2154,5.2198,391728,0
2016-11-11,5.2023,5.2639,5.2023,5.2286,260351,0
2016-11-14,5.2198,5.2815,5.1846,5.2198,292770,0
2016-11-15,5.2639,5.2728,5.1846,5.2023,237458,0
2016-11-16,5.2375,5.2815,5.1846,5.2815,322030,0
2016-11-17,5.2639,5.3255,5.2463,5.308,325533,0
2016-11-18,5.2815,5.4139,5.114,5.4139,585259,0
2016-11-21,5.4227,5.502,5.3785,5.4844,429585,0
2016-11-22,5.4755,5.5902,5.4755,5.5902,374662,0
2016-11-23,5.6695,5.7312,5.5548,5.7224,501264,0
2016-11-25,5.7312,5.8194,5.681,5.8194,286698,0
2016-11-28,5.8459,5.8459,5.7137,5.7841,484519,0
2016-11-29,5.7488,5.9341,5.7488,5.8899,601768,0
2016-11-30,5.9252,5.9341,5.8636,5.9164,399040,0
2016-12-01,5.9252,6.0221,5.9164,5.9957,456575,0
2016-12-02,5.9957,6.0221,5.9252,5.9957,459605,0
2016-12-05,6.0311,6.1369,6.0134,6.1369,654427,0
2016-12-06,6.1633,6.1721,6.1192,6.128,366556,0
2016-12-07,6.1545,6.1898,6.128,6.1721,385620,0
2016-12-08,6.1898,6.2425,6.1721,6.2161,536786,0
2016-12-09,6.2249,6.322,6.2161,6.2338,755837,0
2016-12-12,6.2779,6.3044,6.2161,6.2425,764054,0
2016-12-13,6.3044,6.3044,6.2338,6.2691,1092100,0
2016-12-14,6.2507,6.3611,6.0853,6.2323,795656,0
2016-12-15,6.2323,6.2507,6.1036,6.122,434929,0
2016-12-16,6.1128,6.2507,6.076,6.2048,327291,0
2016-12-19,6.2415,6.2693,6.0761,6.1128,352931,0
2016-12-20,6.1036,6.1036,5.7782,5.9289,748011,0
2016-12-21,5.9106,6.1496,5.8279,6.021,396200,0
2016-12-22,6.0025,6.1496,5.9474,5.9749,174201,0
2016-12-23,6.0116,6.0116,5.883,5.9841,184257,0
2016-12-27,6.0116,6.0669,5.9289,6.0025,367293,0
2016-12-28,5.9934,6.0393,5.8508,5.8922,170935,0
2016-12-29,5.883,6.0025,5.883,5.9289,208443,0
2016-12-30,6.0116,6.122,5.9289,6.076,457249,0
2017-01-03,6.1128,6.292,6.1128,6.2782,638022,0
2017-01-04,6.2782,6.3978,6.2415,6.3886,679673,0
2017-01-05,6.3886,6.4253,6.2691,6.3334,460311,0
2017-01-06,6.3243,6.4069,6.3243,6.3978,372927,0
2017-01-09,6.3978,6.428,6.3426,6.3611,251542,0
2017-01-10,6.3886,6.3886,6.2789,6.3334,215368,0
2017-01-11,6.3426,6.3426,6.2782,6.2967,250727,0
2017-01-12,6.2967,6.2984,6.122,6.1496,266565,0
2017-01-13,6.168,6.2323,6.1542,6.214,173702,0
2017-01-17,6.214,6.2231,6.1587,6.1772,284968,0
2017-01-18,6.1772,6.214,6.1587,6.1863,215888,0
2017-01-19,6.1955,6.1992,6.1128,6.122,368671,0
2017-01-20,6.122,6.1955,6.122,6.1312,172492,0
2017-01-23,6.1587,6.2782,6.1496,6.2048,364121,0
2017-01-24,6.2048,6.2782,6.2048,6.214,366140,0
2017-01-25,6.2507,6.2875,6.1955,6.214,291067,0
2017-01-26,6.2048,6.2598,6.1955,6.2323,339591,0
2017-01-27,6.2507,6.3702,6.2048,6.3517,321682,0
2017-01-30,6.3517,6.3978,6.3058,6.3334,340437,0
2017-01-31,6.3517,6.3978,6.2691,6.3334,374869,0
2017-02-01,6.3058,6.5264,6.2782,6.4897,465222,0
2017-02-02,6.4897,6.5724,6.4529,6.5173,344435,0
2017-02-03,6.5632,6.6092,6.5173,6.5816,478241,0
2017-02-06,6.5816,6.7011,6.5724,6.6735,621816,0
2017-02-07,6.7103,6.7103,6.5908,6.6735,465614,0
2017-02-08,6.6735,6.7287,6.6,6.7287,325696,0
2017-02-09,6.7287,6.7746,6.6735,6.7011,432064,0
2017-02-10,6.7654,6.8941,6.7103,6.8941,530477,0
2017-02-13,6.9217,7.1148,6.8941,7.0872,795191,0
2017-02-14,7.124,7.2894,7.0687,7.2894,492813,0
2017-02-15,7.3446,7.4273,7.2434,7.3353,759420,0
2017-02-16,7.3353,7.3446,6.986,7.1055,845695,0
2017-02-17,7.1331,7.2067,7.0781,7.1791,371426,0
2017-02-21,7.2619,7.3353,7.1331,7.3262,782589,0
2017-02-22,7.2802,7.2986,7.0963,7.2526,689941,0
2017-02-23,7.2894,7.3997,7.2158,7.3721,553110,0
2017-02-24,7.3814,7.5284,7.3078,7.4549,544521,0
2017-02-27,7.4733,7.4917,7.3538,7.4182,442937,0
2017-02-28,7.4182,7.4182,7.2619,7.3169,645372,0
2017-03-01,7.3169,7.4549,7.2158,7.2526,803242,0
2017-03-02,7.1423,7.1428,6.3886,6.6644,2423373,0
2017-03-03,6.6644,6.7094,6.4529,6.6,819065,0
2017-03-06,6.5908,6.793,6.5082,6.7563,814666,0
2017-03-07,6.6827,6.7287,6.5449,6.6092,641924,0
2017-03-08,6.6368,6.7195,6.5632,6.6092,480946,0
2017-03-09,6.6183,6.6597,6.5632,6.5908,467790,0
2017-03-10,6.6,6.6644,6.5908,6.6459,402331,0
2017-03-13,6.7365,6.885,6.6276,6.8206,814637,0
2017-03-14,6.7734,6.8962,6.7356,6.7734,397305,0
2017-03-15,6.7734,6.8017,6.6694,6.7639,551897,0
2017-03-16,6.7639,6.8301,6.7073,6.7261,475410,0
2017-03-17,6.7639,6.8962,6.72,6.8489,507579,0
2017-03-20,6.8584,6.8584,6.745,6.7734,320653,0
2017-03-21,6.7639,6.7922,6.6316,6.7073,352422,0
2017-03-22,6.7073,6.7073,6.6316,6.6316,291205,0
2017-03-23,6.6316,6.8489,6.6316,6.7922,277324,0
2017-03-24,6.7922,6.8679,6.7209,6.7734,184924,0
2017-03-27,6.7356,6.7545,6.627,6.6978,278953,0
2017-03-28,6.7073,6.8584,6.6978,6.8112,263056,0
2017-03-29,6.8206,6.9812,6.7951,6.9718,354756,0
2017-03-30,6.9907,7.0285,6.9717,7.0095,210878,0
2017-03-31,7.0285,7.0662,6.8867,6.9718,495937,0
2017-04-03,6.9623,7.0379,6.8962,6.9528,357955,0
2017-04-04,6.6789,7.0662,6.6694,7.0285,461886,0
2017-04-05,7.0568,7.0852,6.8867,6.9056,289640,0
2017-04-06,6.9528,6.9623,6.8584,6.9623,255555,0
2017-04-07,6.9623,6.9907,6.8867,6.9434,245029,0
2017-04-10,6.9623,7.0143,6.934,6.9434,224545,0
2017-04-11,6.9623,6.9718,6.8773,6.9718,225838,0
2017-04-12,6.9907,7.0095,6.9243,6.9528,155959,0
2017-04-13,6.9623,6.9811,6.8962,6.9151,301633,0
2017-04-17,6.8301,6.8489,6.7686,6.8206,311816,0
2017-04-18,6.8017,6.8489,6.8017,6.8112,163382,0
2017-04-19,6.8017,6.8395,6.7639,6.7828,247501,0
2017-04-20,6.7261,6.8017,6.7261,6.745,323753,0
2017-04-21,6.7545,6.8301,6.745,6.7639,224008,0
2017-04-24,6.8206,6.8425,6.745,6.7828,349983,0
2017-04-25,6.8017,6.8867,6.7828,6.8395,210044,0
2017-04-26,6.8395,7.019,6.8017,6.9812,344572,0
2017-04-27,7.0095,7.019,6.8867,6.934,189693,0
2017-04-28,6.9056,6.934,6.8206,6.9246,227728,0
2017-05-01,6.9434,6.9623,6.8489,6.9151,230205,0
2017-05-02,6.9056,7.0379,6.8963,6.9812,193893,0
2017-05-03,6.9718,6.9907,6.8962,6.9718,210291,0
2017-05-04,7.0095,7.0379,6.8017,6.8489,271240,0
2017-05-05,6.8962,6.934,6.8679,6.8962,150133,0
2017-05-08,6.9623,7.0568,6.8206,6.8773,388265,0
2017-05-09,6.8679,6.9241,6.8301,6.8584,173785,0
2017-05-10,6.8395,6.8773,6.7639,6.7828,311602,0
2017-05-11,6.7639,6.8395,6.745,6.7545,209093,0
2017-05-12,6.7545,6.8017,6.7073,6.7356,214698,0
2017-05-15,6.7167,6.8017,6.7073,6.7734,187714,0
2017-05-16,6.7734,6.7922,6.7073,6.7545,238965,0
2017-05-17,6.7356,6.7639,6.7073,6.7356,173770,0
2017-05-18,6.7356,6.7639,6.7073,6.7261,120401,0
2017-05-19,6.7261,6.7922,6.6978,6.6978,288607,0
2017-05-22,6.745,6.9718,6.7358,6.9623,397666,0
2017-05-23,6.9718,7.1419,6.8679,6.9246,811745,0
2017-05-24,6.9623,6.9827,6.8206,6.8206,179161,0
2017-05-25,6.8773,6.9063,6.7356,6.7356,206368,0
2017-05-26,6.7356,6.8679,6.7356,6.8301,255580,0
2017-05-30,6.8584,6.8867,6.7639,6.7922,317654,0
2017-05-31,6.7828,6.7869,6.6789,6.6978,460118,0
2017-06-01,6.7356,6.7639,6.6883,6.7545,265298,0
2017-06-02,6.7828,6.8489,6.7167,6.745,277226,0
2017-06-05,6.745,6.8962,6.745,6.8679,371264,0
2017-06-06,6.8584,6.9056,6.7545,6.8489,297787,0
2017-06-07,6.8679,6.9056,6.7828,6.8112,259370,0
2017-06-08,6.8301,6.9434,6.8301,6.9151,427602,0
2017-06-09,6.9151,6.9434,6.8301,6.9056,316740,0
2017-06-12,6.9246,6.9648,6.8867,6.9151,301715,0
2017-06-13,6.9434,7.0095,6.8679,7.0001,526682,0
2017-06-14,6.9418,7.0098,6.8448,6.9418,243744,0
2017-06-15,6.9418,6.9626,6.8156,6.9224,265086,0
2017-06-16,6.8933,6.9176,6.7768,6.8253,383538,0
2017-06-19,6.8836,6.8933,6.7574,6.8059,326608,0
2017-06-20,6.7962,6.8739,6.6603,6.7477,412039,0
2017-06-21,6.7671,6.8059,6.5049,6.5438,458585,0
2017-06-22,6.5438,6.67,6.4865,6.6215,254146,0
2017-06-23,6.6117,6.6117,6.5292,6.5729,192752,0
2017-06-26,6.5535,6.602,6.4176,6.4661,388675,0
2017-06-27,6.4564,6.5535,6.369,6.437,299044,0
2017-06-28,6.437,6.4883,6.1894,6.2234,698330,0
2017-06-29,6.3011,6.3108,5.9711,6.204,566606,0
2017-06-30,6.2719,6.2719,6.1263,6.1603,366480,0
2017-07-03,6.1651,6.6117,6.1166,6.437,1165001,0
2017-07-05,6.5535,6.7185,6.4079,6.6991,534525,0
2017-07-06,6.7283,6.8545,6.602,6.738,600664,0
2017-07-07,6.738,6.7477,6.4176,6.4952,454371,0
2017-07-10,6.5535,6.67,6.4855,6.6117,322132,0
2017-07-11,6.602,6.602,6.4661,6.5244,294742,0
2017-07-12,6.5632,6.6797,6.5049,6.6312,347365,0
2017-07-13,6.6603,6.7477,6.6117,6.7185,278605,0
2017-07-14,6.6991,6.7172,6.6312,6.6991,192439,0
2017-07-17,6.6603,6.738,6.5244,6.5729,336668,0
2017-07-18,6.5826,6.6312,6.4758,6.5632,246863,0
2017-07-19,6.5341,6.6506,6.4467,6.4661,251510,0
2017-07-20,6.5049,6.5147,6.4176,6.4564,240316,0
2017-07-21,6.4758,6.5049,6.4176,6.4273,395163,0
2017-07-24,6.4079,6.4273,6.3302,6.3302,294739,0
2017-07-25,6.3593,6.4564,6.3593,6.4079,185184,0
2017-07-26,6.437,6.4855,6.369,6.3982,268788,0
2017-07-27,6.3884,6.4467,6.3302,6.3884,182209,0
2017-07-28,6.3982,6.4564,6.3399,6.3496,147552,0
2017-07-31,6.3593,6.3884,6.3205,6.3399,165119,0
2017-08-01,6.3787,6.4952,6.3496,6.4855,249319,0
2017-08-02,6.5049,6.5049,6.3787,6.4176,171641,0
2017-08-03,6.4273,6.5244,6.3884,6.3982,215311,0
2017-08-04,6.4405,6.4758,6.3448,6.3982,160219,0
2017-08-07,6.4467,6.5244,6.437,6.5049,226656,0
2017-08-08,6.5923,6.6506,6.3787,6.437,328366,0
2017-08-09,6.4564,6.5826,6.437,6.5535,198355,0
2017-08-10,6.5632,6.602,6.4176,6.4176,264869,0
2017-08-11,6.4079,6.4661,6.3399,6.3884,284952,0
2017-08-14,6.3884,6.4758,6.3787,6.4564,164604,0
2017-08-15,6.5049,6.602,6.4976,6.5535,253414,0
2017-08-16,6.5729,6.5912,6.5147,6.5244,169406,0
2017-08-17,6.5147,6.5389,6.4564,6.4661,131823,0
2017-08-18,6.437,6.5923,6.437,6.4855,162118,0
2017-08-21,6.4661,6.5341,6.4079,6.4661,171716,0
2017-08-22,6.4564,6.5341,6.4273,6.4467,138003,0
2017-08-23,6.4467,6.5729,6.4467,6.5244,164945,0
2017-08-24,6.5244,6.5438,6.4758,6.4758,121467,0
2017-08-25,6.4855,6.5438,6.4564,6.4855,135770,0
2017-08-28,6.4952,6.5534,6.4855,6.5147,161363,0
2017-08-29,6.4855,6.5535,6.4855,6.5341,138846,0
2017-08-30,6.4661,6.5632,6.4564,6.5438,243572,0
2017-08-31,6.5535,6.602,6.4564,6.4564,349043,0
2017-09-01,6.4564,6.5923,6.4564,6.5535,225717,0
2017-09-05,6.5632,6.5922,6.4758,6.5244,225816,0
2017-09-06,6.5438,6.5826,6.4855,6.5049,206139,0
2017-09-07,6.4855,6.5923,6.477,6.5923,186655,0
2017-09-08,6.5341,6.7477,6.5147,6.7088,380912,0
2017-09-11,6.67,6.7768,6.67,6.7574,394992,0
2017-09-12,6.7574,6.7671,6.6506,6.6991,382266,0
2017-09-13,6.6506,6.7088,6.6312,6.67,410014,0
2017-09-14,6.66,6.68,6.56,6.63,337753,0
2017-09-15,6.63,6.73,6.58,6.61,241146,0
2017-09-18,6.63,6.68,6.59,6.68,332578,0
2017-09-19,6.7,6.73,6.61,6.73,241167,0
2017-09-20,6.69,6.73,6.591,6.67,196168,0
2017-09-21,6.68,6.72,6.63,6.69,190903,0
2017-09-22,6.7,6.75,6.7,6.74,169732,0
2017-09-25,6.75,6.75,6.6581,6.69,180706,0
2017-09-26,6.72,6.7224,6.6,6.64,264422,0
2017-09-27,6.7,6.75,6.66,6.74,298122,0
2017-09-28,6.72,6.8,6.6744,6.8,175224,0
2017-09-29,6.8,6.88,6.77,6.85,388762,0
2017-10-02,6.84,6.87,6.71,6.81,356323,0
2017-10-03,6.81,6.842,6.73,6.8,196126,0
2017-10-04,6.77,6.83,6.73,6.79,186671,0
2017-10-05,6.8,6.8,6.67,6.7,372560,0
2017-10-06,6.73,6.74,6.65,6.7,161532,0
2017-10-09,6.74,6.8,6.7,6.8,317310,0
2017-10-10,6.8,6.81,6.745,6.76,190167,0
2017-10-11,6.76,6.786,6.71,6.73,151398,0
2017-10-12,6.74,6.74,6.6646,6.71,236600,0
2017-10-13,6.72,6.74,6.69,6.72,133157,0
2017-10-16,6.72,6.8,6.7,6.71,180650,0
2017-10-17,6.73,6.75,6.67,6.68,200938,0
2017-10-18,6.7,6.7199,6.66,6.67,105043,0
2017-10-19,6.69,6.71,6.655,6.69,137871,0
2017-10-20,6.7,6.74,6.67,6.67,162927,0
2017-10-23,6.67,6.6822,6.58,6.64,274990,0
2017-10-24,6.68,6.7,6.65,6.66,165633,0
2017-10-25,6.66,6.68,6.57,6.61,192722,0
2017-10-26,6.61,6.65,6.55,6.56,211959,0
2017-10-27,6.57,6.58,6.5,6.51,230372,0
2017-10-30,6.53,6.6053,6.5,6.51,247076,0
2017-10-31,6.51,6.55,6.38,6.38,288996,0
2017-11-01,6.38,6.43,5.88,6.03,707418,0
2017-11-02,6,6,5.1701,5.42,1743065,0
2017-11-03,5.38,5.42,5.3001,5.36,505242,0
2017-11-06,5.72,6.03,5.58,5.93,690694,0
2017-11-07,5.97,6.1,5.87,5.97,412272,0
2017-11-08,5.96,6.03,5.95,5.98,145378,0
2017-11-09,6.04,6.18,6.01,6.14,311079,0
2017-11-10,6.14,6.2,6.02,6.03,247329,0
