2016-01-04,67.854,68.806,67.538,68.766,3871611,0
2016-01-05,68.776,69.882,68.525,69.843,4339625,0
2016-01-06,68.619,69.305,67.582,68.048,4587330,0
2016-01-07,66.991,68.757,66.991,67.95,4971063,0
2016-01-08,68.183,68.435,64.816,64.979,6277222,0
2016-01-11,65.144,66.096,65.048,65.825,3984069,0
2016-01-12,66.805,67.678,66.028,66.911,2848412,0
2016-01-13,67.203,67.222,65.669,65.716,3177549,0
2016-01-14,65.726,67.222,65.038,66.476,3472884,0
2016-01-15,64.548,65.998,64.548,65.543,4040794,0
2016-01-19,66.184,66.669,65.455,66.154,3380311,0
2016-01-20,65.388,66.115,63.725,65.483,3861640,0
2016-01-21,65.34,66.194,64.834,65.873,3936826,0
2016-01-22,66.718,67.746,66.589,66.941,3424769,0
2016-01-25,67.057,67.3,66.242,66.758,2481068,0
2016-01-26,66.861,68.115,66.639,67.66,2293758,0
2016-01-27,67.669,68.348,66.833,67.173,2309474,0
2016-01-28,67.523,67.582,66.768,67.368,1968167,0
2016-01-29,67.834,69.455,67.483,69.164,4169905,0
2016-02-01,68.872,70.376,68.416,70.104,3282679,0
2016-02-02,70.786,71.241,70.204,70.727,3724724,0
2016-02-03,71.018,71.155,68.931,69.882,3252036,0
2016-02-04,68.806,69.436,67.688,68.699,3219252,0
2016-02-05,69.232,69.445,65.921,65.98,4740744,0
2016-02-08,65.503,66.31,64.869,66.038,4500699,0
2016-02-09,65.764,68.384,65.755,67.83,4688270,0
2016-02-10,68.414,69.116,67.468,67.568,2769771,0
2016-02-11,66.387,67.587,65.649,66.134,3687459,0
2016-02-12,67.021,68.112,66.038,68.044,3305338,0
2016-02-16,69.184,69.943,68.493,69.504,4030526,0
2016-02-17,69.729,70.479,69.524,69.914,3520322,0
2016-02-18,69.729,70.117,68.91,69.739,3022695,0
2016-02-19,69.037,69.825,68.409,69.719,3044831,0
2016-02-22,70.499,71.413,70.137,71.121,3785857,0
2016-02-23,71.121,71.647,70.323,70.791,4721247,0
2016-02-24,71.268,72.699,69.864,72.298,9536764,0
2016-02-25,72.018,73.175,71.315,73.118,5195542,0
2016-02-26,73.05,73.848,72.397,73.664,6278347,0
2016-02-29,73.518,73.761,72.124,72.164,4717016,0
2016-03-01,72.417,73.527,72.144,73.498,2949456,0
2016-03-02,73.185,73.771,72.704,73.468,2300238,0
2016-03-03,73.118,73.274,72.065,73.255,2936590,0
2016-03-04,73.255,73.764,72.572,73.428,3281413,0
2016-03-07,73.265,74.2,73.011,73.4,3711096,0
2016-03-08,73.215,74.051,73.09,73.419,2518243,0
2016-03-09,73.741,73.78,72.728,72.991,1932019,0
2016-03-10,73.575,73.78,72.495,73.527,2376877,0
2016-03-11,73.761,74.131,72.952,73.518,2895328,0
2016-03-14,73.624,74.136,73.468,73.897,2324092,0
2016-03-15,73.428,74.608,73.293,74.061,2929002,0
2016-03-16,73.692,74.501,73.235,74.325,3035582,0
2016-03-17,74.131,75.465,74.131,75.202,2754762,0
2016-03-18,75.232,75.892,75.232,75.884,5497253,0
2016-03-21,75.688,76.411,75.534,75.815,3168023,0
2016-03-22,75.395,76.093,75.347,75.776,3162926,0
2016-03-23,75.505,75.981,75.081,75.688,2815429,0
2016-03-24,75.212,75.678,75.065,75.104,2750341,0
2016-03-28,75.395,76.177,75.192,75.728,1692247,0
2016-03-29,75.767,76.614,75.728,76.564,1848920,0
2016-03-30,76.76,76.941,76.195,76.624,2643213,0
2016-03-31,76.817,77.129,76.21,76.301,3844348,0
2016-04-01,76.177,76.926,75.971,76.721,4835429,0
2016-04-04,76.936,77.129,76.271,76.505,1960457,0
2016-04-05,76.058,76.44,75.544,75.678,2324272,0
2016-04-06,75.601,75.718,74.677,75.563,3388969,0
2016-04-07,75.162,75.252,73.848,74.2,3357785,0
2016-04-08,74.285,74.618,73.712,74.19,3192155,0
2016-04-11,74.014,74.529,73.4,73.478,2765355,0
2016-04-12,73.547,74.16,73.04,74.051,2739895,0
2016-04-13,74.558,74.763,74.026,74.628,2680287,0
2016-04-14,74.568,74.657,73.877,74.335,2793602,0
2016-04-15,74.424,75.366,74.335,75.28,2373472,0
2016-04-18,75.133,75.835,75.133,75.601,2557588,0
2016-04-19,76.058,76.158,75.319,75.688,1822225,0
2016-04-20,75.942,76.351,75.505,75.591,2720361,0
2016-04-21,75.495,75.952,74.881,74.998,1923979,0
2016-04-22,74.998,75.172,74.461,74.529,2490486,0
2016-04-25,74.434,74.792,74.032,74.501,2218390,0
2016-04-26,74.598,75.172,74.2,75.142,1839092,0
2016-04-27,75.142,76.009,74.851,75.708,2271427,0
2016-04-28,75.27,75.786,74.69,74.881,1736623,0
2016-04-29,74.763,74.763,73.518,73.838,2823748,0
2016-05-02,74.2,75.835,74.071,75.767,2945078,0
2016-05-03,75.172,75.425,74.256,75.017,2040671,0
2016-05-04,74.578,75.232,74.354,74.998,1735560,0
2016-05-05,74.841,75.123,74.041,74.538,2406353,0
2016-05-06,74.266,74.667,73.682,74.608,2235332,0
2016-05-09,74.939,76.168,74.461,75.748,2304506,0
2016-05-10,76.333,76.471,74.761,74.878,3703873,0
2016-05-11,73.109,73.411,72.306,72.336,6294774,0
2016-05-12,72.523,73.119,71.789,72.58,6744109,0
2016-05-13,71.448,73.091,70.92,71.018,7164429,0
2016-05-16,71.448,73.49,71.125,73.47,8326559,0
2016-05-17,76.373,76.587,72.659,73.861,14296035,0
2016-05-18,73.295,73.587,72.132,73.012,5943733,0
2016-05-19,73.061,74.379,72.854,74.065,4088365,0
2016-05-20,73.549,74.085,73.216,73.715,3658277,0
2016-05-23,73.744,74.165,72.913,72.992,2982459,0
2016-05-24,73.52,73.821,73.031,73.52,2810312,0
2016-05-25,73.821,74.036,73.041,73.597,2695228,0
2016-05-26,74.369,74.898,73.891,74.185,2972156,0
2016-05-27,74.27,74.926,74.115,74.898,2381933,0
2016-05-31,74.761,74.936,74.036,74.379,3612001,0
2016-06-01,74.135,74.995,74.07,74.848,2738381,0
2016-06-02,74.731,75.365,74.534,75.24,2786533,0
2016-06-03,74.711,75.121,74.515,74.682,2457041,0
2016-06-06,74.898,74.956,73.802,74.261,2062564,0
2016-06-07,74.165,75.103,74.105,74.515,2354657,0
2016-06-08,74.898,75.434,74.544,75.21,2484243,0
2016-06-09,75.103,75.629,74.965,75.543,1917669,0
2016-06-10,75.15,75.341,74.663,75.21,2450035,0
2016-06-13,74.711,75.19,74.251,74.261,2946686,0
2016-06-14,74.115,74.487,73.744,74.449,2807650,0
2016-06-15,74.487,74.995,74.115,74.185,3403629,0
2016-06-16,74.065,74.419,73.568,74.155,3228363,0
2016-06-17,74.095,74.27,73.43,73.921,5037230,0
2016-06-20,74.604,75.419,74.604,74.858,3229728,0
2016-06-21,75.18,75.738,74.644,75.494,3420561,0
2016-06-22,75.806,76.178,75.25,75.269,2340953,0
2016-06-23,75.875,76.089,74.848,75.121,2164768,0
2016-06-24,73.137,74.115,72.778,72.952,5085127,0
2016-06-27,72.376,72.532,70.774,71.848,5010636,0
2016-06-28,72.316,73.051,71.995,72.845,4531718,0
2016-06-29,73.411,74.701,73.305,74.564,3516350,0
2016-06-30,74.701,75.484,74.115,75.464,3195748,0
2016-07-01,75.484,75.835,74.995,75.2,2182345,0
2016-07-05,74.965,75.433,74.477,74.868,2310186,0
2016-07-06,74.828,75.884,74.609,75.835,3266988,0
2016-07-07,75.572,75.875,75.054,75.504,2752426,0
2016-07-08,75.972,77.193,75.933,77.154,2929213,0
2016-07-11,76.969,77.355,76.656,76.949,2752178,0
2016-07-12,76.979,77.022,76.481,76.716,3094944,0
2016-07-13,76.997,76.997,76.236,76.363,2554885,0
2016-07-14,76.989,77.027,76.089,76.264,2733676,0
2016-07-15,76.518,76.686,75.93,76.03,2631910,0
2016-07-18,76.587,77.653,76.547,77.447,3980060,0
2016-07-19,77.722,78.043,77.34,77.535,2670547,0
2016-07-20,77.769,78.053,77.427,77.847,2495580,0
2016-07-21,77.769,77.966,77.077,77.32,2306105,0
2016-07-22,77.604,78.141,77.281,78.004,2010438,0
2016-07-25,78.22,79.079,78.082,78.914,3076701,0
2016-07-26,78.874,79.392,78.591,79.343,3650256,0
2016-07-27,79.685,79.821,79.138,79.323,3548936,0
2016-07-28,79.148,79.499,78.678,79.382,2446703,0
2016-07-29,79.353,80.002,79.226,79.852,2848114,0
2016-08-01,79.812,80.193,79.412,79.987,2550374,0
2016-08-02,79.762,79.832,78.454,78.503,2648049,0
2016-08-03,77.722,78.864,77.35,78.864,2942194,0
2016-08-04,78.924,79.558,78.825,79.431,2640584,0
2016-08-05,79.743,80.193,79.508,80.106,2677804,0
2016-08-08,80.271,80.398,79.597,79.715,3296857,0
2016-08-09,79.695,79.941,79.136,79.302,2449480,0
2016-08-10,79.597,80.077,79.411,79.931,2795155,0
2016-08-11,81.362,81.892,79.695,80.803,3816149,0
2016-08-12,80.558,81.372,80.43,81.234,2780757,0
2016-08-15,81.987,81.987,80.769,81.136,5412361,0
2016-08-16,78.685,79.488,76.392,76.432,12769389,0
2016-08-17,76.282,77.529,75.97,76.647,6882440,0
2016-08-18,76.822,77.028,76.137,76.272,4012804,0
2016-08-19,76.352,77.866,76.263,77.783,6199505,0
2016-08-22,77.695,77.783,77.018,77.538,3369929,0
2016-08-23,77.861,77.881,77.131,77.136,2864364,0
2016-08-24,76.98,77.43,76.891,77.028,2623740,0
2016-08-25,76.921,77.42,76.696,77.244,4562382,0
2016-08-26,77.254,77.931,76.965,77.136,4134959,0
2016-08-29,77.018,77.577,76.872,77.018,2871609,0
2016-08-30,76.901,77.018,75.774,75.951,3524247,0
2016-08-31,75.941,76.266,75.46,75.911,3708527,0
2016-09-01,76.107,76.302,75.324,76.196,3476561,0
2016-09-02,76.215,76.282,75.685,76.147,3177631,0
2016-09-06,75.97,75.98,75.4,75.813,3210263,0
2016-09-07,75.813,76.243,75.646,76.018,2903560,0
2016-09-08,75.774,75.98,74.537,74.715,5031991,0
2016-09-09,74.217,74.227,73.284,73.284,4707357,0
2016-09-12,73.284,74.235,73.245,74.067,5074501,0
2016-09-13,73.51,73.802,72.607,72.843,3776956,0
2016-09-14,72.911,73.126,72.441,72.705,3631570,0
2016-09-15,72.627,73.735,72.481,73.558,4959907,0
2016-09-16,73.195,73.607,72.872,73.195,3560592,0
2016-09-19,73.568,73.774,73.205,73.215,2233647,0
2016-09-20,73.52,74.793,73.46,73.578,3582557,0
2016-09-21,73.705,74.637,73.627,74.597,2487951,0
2016-09-22,75.088,75.607,74.627,74.99,3104923,0
2016-09-23,74.97,75.185,74.402,74.518,3676151,0
2016-09-26,74.157,74.157,73.353,73.695,3056402,0
2016-09-27,73.783,74.027,73.46,73.755,2895297,0
2016-09-28,73.783,73.98,72.696,72.921,2731014,0
2016-09-29,73.079,73.18,72.382,72.412,2865303,0
2016-09-30,73.059,73.49,72.705,73.304,3175643,0
2016-10-03,72.96,73.343,72.843,72.881,3341975,0
2016-10-04,72.96,73.46,72.696,72.921,2767399,0
2016-10-05,72.95,73.42,72.656,72.735,2153597,0
2016-10-06,72.52,72.93,72.107,72.755,2627342,0
2016-10-07,73.392,73.667,71.793,72.283,5087894,0
2016-10-10,73.145,73.735,72.98,73.353,3072840,0
2016-10-11,73.059,73.363,72.715,72.765,2903428,0
2016-10-12,72.715,74.052,72.578,73.902,2884625,0
2016-10-13,73.597,73.607,72.441,73,2939527,0
2016-10-14,73.195,73.265,72.745,72.765,2631854,0
2016-10-17,72.597,72.715,71.745,71.872,2148532,0
2016-10-18,72.342,72.51,71.078,71.716,2137974,0
2016-10-19,71.952,72.147,71.343,72.01,2211928,0
2016-10-20,72.246,72.392,71.784,71.842,1586139,0
2016-10-21,71.803,72.246,71.363,72.038,2028223,0
2016-10-24,72.412,72.765,72.157,72.715,1988519,0
2016-10-25,72.216,72.431,71.529,72.167,2533219,0
2016-10-26,71.813,72.823,71.696,72.627,1813040,0
2016-10-27,72.568,72.804,71.667,71.736,2321798,0
2016-10-28,71.862,72.51,71.586,72.029,1506263,0
2016-10-31,72.097,72.372,71.784,72.293,2727116,0
2016-11-01,72.226,72.302,70.912,71.04,2913499,0
2016-11-02,70.902,71.706,70.872,71.303,2788097,0
2016-11-03,71.441,71.736,70.218,70.382,2709852,0
2016-11-04,70.646,71.078,70.313,70.501,3050613,0
2016-11-07,71.363,71.902,70.912,71.882,4344873,0
2016-11-08,71.942,72.502,71.626,72.039,3417421,0
2016-11-09,70.722,72.944,70.337,72.738,3939316,0
2016-11-10,73.18,74.843,73.18,74.165,5241558,0
2016-11-11,73.673,74.281,73.406,74.165,3518182,0
2016-11-14,74.291,74.804,72.758,73.014,5852160,0
2016-11-15,72.108,73.436,71.144,72.294,6274907,0
2016-11-16,72.304,75.276,72.304,75.147,6574638,0
2016-11-17,74.843,75.881,74.215,75.846,5301187,0
2016-11-18,75.689,76.663,75.227,76.467,4603968,0
2016-11-21,76.221,76.457,75.926,76.408,5043466,0
2016-11-22,76.693,78.424,76.525,78.02,5582438,0
2016-11-23,77.745,78.414,77.608,78.139,2613472,0
2016-11-25,78.07,78.493,77.784,77.953,1389226,0
2016-11-28,77.548,77.953,77.263,77.372,3007380,0
2016-11-29,77.499,77.873,77.395,77.529,3233424,0
2016-11-30,77.184,77.759,76.978,77.067,4215481,0
2016-12-01,76.811,77.283,76.278,76.408,3550543,0
2016-12-02,76.408,76.703,75.709,75.846,3249295,0
2016-12-05,75.886,76.713,75.64,76.072,4258163,0
2016-12-06,76.268,76.318,75.802,76.182,2645313,0
2016-12-07,76.182,76.988,76.033,76.919,3621308,0
2016-12-08,77.067,77.263,76.428,76.713,2979701,0
2016-12-09,76.83,76.988,75.946,76.761,2870029,0
2016-12-12,76.418,76.604,75.493,75.836,3979221,0
2016-12-13,76.082,77.312,75.699,76.988,3946139,0
2016-12-14,77.047,77.263,75.965,76.042,3700178,0
2016-12-15,76.172,76.653,75.821,76.162,3148927,0
2016-12-16,76.241,76.487,75.374,75.522,5809262,0
2016-12-19,75.483,76.202,75.393,75.689,3080921,0
2016-12-20,75.946,76.604,75.66,76.358,2560519,0
2016-12-21,76.122,76.604,75.763,76.192,2337621,0
2016-12-22,75.926,75.956,74.948,75.197,2793141,0
2016-12-23,75.197,75.65,75.04,75.197,1616816,0
2016-12-27,75.286,75.61,74.794,75.011,1270454,0
2016-12-28,75.06,75.137,74.007,74.085,2174670,0
2016-12-29,74.341,74.755,74.25,74.479,1896234,0
2016-12-30,74.705,75.02,73.742,73.909,2353621,0
2017-01-03,74.331,74.695,73.722,74.225,3885019,0
2017-01-04,74.577,75.483,74.557,75.374,3399994,0
2017-01-05,74.175,75.276,73.772,74.911,5061558,0
2017-01-06,74.804,75.303,74.577,74.745,3531334,0
2017-01-09,74.627,75.336,74.627,74.863,3272082,0
2017-01-10,74.677,75.956,74.577,75.443,3908946,0
2017-01-11,75.345,75.593,74.301,74.991,2951473,0
2017-01-12,74.745,74.863,73.998,74.695,3446115,0
2017-01-13,74.587,75.217,74.547,74.695,2660234,0
2017-01-17,74.843,75.946,74.764,75.503,3488841,0
2017-01-18,75.729,75.816,75.02,75.433,3268597,0
2017-01-19,75.266,75.453,73.829,73.859,4268761,0
2017-01-20,74.085,74.316,73.377,74.262,4204550,0
2017-01-23,73.959,74.149,73.18,73.279,3102905,0
2017-01-24,73.506,73.722,73.083,73.377,4049065,0
2017-01-25,73.702,74.291,73.426,74.205,3363211,0
2017-01-26,74.252,74.469,73.78,73.839,2412374,0
2017-01-27,74.075,74.24,72.768,73.053,2636078,0
2017-01-30,73.063,73.111,72.198,72.836,2720681,0
2017-01-31,72.256,73.772,72.058,73.702,5110635,0
2017-02-01,73.849,74.055,73.103,73.466,3880525,0
2017-02-02,73.426,74.301,73.093,73.712,4406215,0
2017-02-03,73.545,74.597,73.476,74.243,4317843,0
2017-02-06,73.829,74.411,73.722,74.105,3796348,0
2017-02-07,74.205,74.529,74.035,74.263,2366545,0
2017-02-08,74.155,74.796,74.085,74.539,4050580,0
2017-02-09,74.727,75.542,74.649,75.132,3217150,0
2017-02-10,75.26,76.209,74.944,76.059,3719352,0
2017-02-13,76.316,76.603,75.625,75.912,3531452,0
2017-02-14,75.813,77.146,75.655,77.077,4095991,0
2017-02-15,77.235,77.462,76.712,77.225,3426891,0
2017-02-16,77.047,77.077,75.635,75.842,5570285,0
2017-02-17,75.645,76.455,75.398,76.199,6222870,0
2017-02-21,76.406,76.416,75.048,75.26,9002976,0
2017-02-22,76.089,76.702,74.48,75.368,9253976,0
2017-02-23,75.813,77.866,75.813,76.81,9187317,0
2017-02-24,76.603,77.787,76.533,77.244,5473646,0
2017-02-27,77.244,77.856,77.151,77.61,4490795,0
2017-02-28,77.225,77.659,76.543,77.442,6340733,0
2017-03-01,77.966,77.985,76.879,77.442,6520335,0
2017-03-02,77.274,78.691,77.106,78.37,3976830,0
2017-03-03,78.083,78.251,77.402,77.807,2963993,0
2017-03-06,77.501,77.946,77.358,77.59,2873106,0
2017-03-07,77.363,77.985,77.215,77.294,3223596,0
2017-03-08,77.215,77.847,77.126,77.442,3230439,0
2017-03-09,77.353,77.54,76.84,76.939,2866399,0
2017-03-10,77.284,77.412,76.069,77.175,2967120,0
2017-03-13,76.988,77.462,76.613,77.057,2468435,0
2017-03-14,77.254,77.629,77.017,77.274,2414841,0
2017-03-15,77.244,78.3,77.166,78.163,3311610,0
2017-03-16,78.479,78.627,77.948,78.202,3889680,0
2017-03-17,78.587,78.617,77.748,78.202,5178274,0
2017-03-20,78.192,78.202,76.919,77.175,4004108,0
2017-03-21,77.491,77.709,76.672,77.087,2982152,0
2017-03-22,77.047,77.724,76.692,77.629,2534131,0
2017-03-23,77.719,78.064,77.274,77.422,2787968,0
2017-03-24,77.264,77.61,76.909,77.422,2842634,0
2017-03-27,76.84,77.482,76.643,77.343,3143081,0
2017-03-28,77.264,77.876,77.156,77.699,4737324,0
2017-03-29,77.797,78.933,77.531,78.656,3280452,0
2017-03-30,78.429,78.814,78.32,78.745,1905580,0
2017-03-31,78.617,78.943,78.004,78.064,2751043,0
2017-04-03,78.271,78.34,77.126,77.323,3586017,0
2017-04-04,77.304,77.323,75.635,75.725,5495638,0
2017-04-05,75.813,76.069,74.836,74.954,4838599,0
2017-04-06,75.368,76.381,75.368,75.813,3821273,0
2017-04-07,75.635,75.803,75.103,75.113,3641674,0
2017-04-10,75.122,75.832,74.826,75.043,3166722,0
2017-04-11,74.994,76.02,74.836,76.001,4330679,0
2017-04-12,76.218,76.218,75.625,76.099,3992397,0
2017-04-13,76.03,76.376,75.783,75.822,2890616,0
2017-04-17,76.089,76.189,75.211,75.498,2563068,0
2017-04-18,75.517,76.199,75.28,75.852,2200576,0
2017-04-19,76.149,76.248,75.755,75.912,2043949,0
2017-04-20,76.179,77.323,76.164,77.166,3195238,0
2017-04-21,77.126,77.58,76.929,77.55,3091607,0
2017-04-24,78.113,78.222,77.195,77.61,2446094,0
2017-04-25,77.699,77.941,77.264,77.767,2302175,0
2017-04-26,77.946,78.459,77.649,77.906,2230708,0
2017-04-27,77.936,78.078,77.472,77.956,2329112,0
2017-04-28,77.916,77.936,77.057,77.629,2744887,0
2017-05-01,77.876,77.916,76.653,76.653,2060247,0
2017-05-02,76.79,77.896,76.623,77.896,3244264,0
2017-05-03,77.876,78.3,77.56,78.123,2965380,0
2017-05-04,77.985,78.143,77.491,77.956,2398180,0
2017-05-05,78.212,78.232,77.422,77.679,2927642,0
2017-05-08,77.876,77.956,77.2,77.491,3318825,0
2017-05-09,77.583,78.723,77.474,78.277,3275791,0
2017-05-10,78.326,80.199,78.078,80.001,4981594,0
2017-05-11,79.486,79.496,78.019,78.762,4396068,0
2017-05-12,78.366,78.366,76.334,76.622,6006689,0
2017-05-15,76.81,77.137,75.948,76.215,5949523,0
2017-05-16,72.964,74.698,72.38,73.103,15456611,0
2017-05-17,73.103,75.244,73.094,74.104,10135425,0
2017-05-18,74.292,74.698,73.699,73.816,5863487,0
2017-05-19,74.114,74.134,72.479,73.608,8172474,0
2017-05-22,73.896,74.778,73.658,74.62,5478668,0
2017-05-23,74.59,74.62,73.598,73.738,5459889,0
2017-05-24,73.876,74.034,73.307,73.331,5614454,0
2017-05-25,73.718,75.056,73.531,74.698,4589961,0
2017-05-26,74.926,75.164,74.56,74.858,2767008,0
2017-05-30,74.66,75.026,74.094,74.184,3501165,0
2017-05-31,74.5,74.688,74.144,74.54,4013388,0
2017-06-01,75.086,75.377,74.373,75.224,2790114,0
2017-06-02,74.728,75.116,74.194,74.55,3507674,0
2017-06-05,74.352,74.916,74.104,74.362,2566365,0
2017-06-06,74.006,74.184,73.222,73.312,3923834,0
2017-06-07,73.668,74.015,73.361,73.53,2742594,0
2017-06-08,73.718,73.956,72.072,72.132,5191162,0
2017-06-09,72.142,73.42,71.646,73.024,4718966,0
2017-06-12,72.876,73.816,72.876,73.113,3742243,0
2017-06-13,73.182,73.559,72.895,73.252,3236238,0
2017-06-14,73.074,73.192,72.221,72.518,3890905,0
2017-06-15,72.479,72.648,71.042,71.894,3944739,0
2017-06-16,71.23,71.864,70.764,71.795,5824413,0
2017-06-19,71.964,72.052,70.956,71.706,3923817,0
2017-06-20,71.428,71.54,69.52,69.555,7265352,0
2017-06-21,69.277,70.118,68.237,68.782,7302310,0
2017-06-22,68.792,68.831,67.929,68.137,5966649,0
2017-06-23,68.108,68.753,66.809,68.653,6166432,0
2017-06-26,69.169,69.713,68.803,69.317,3775883,0
2017-06-27,69.079,69.605,69.03,69.337,3594760,0
2017-06-28,69.654,70.893,69.515,70.774,4867760,0
2017-06-29,70.744,70.952,70.161,70.447,4533799,0
2017-06-30,70.853,71.904,70.695,71.527,6267316,0
2017-07-03,72.003,72.558,70.893,70.933,2995721,0
2017-07-05,71.071,71.071,69.63,70.546,5184870,0
2017-07-06,70.021,70.223,69.49,69.664,4733997,0
2017-07-07,69.872,70.298,69.595,69.723,4247422,0
2017-07-10,69.565,69.664,67.989,68.069,3914280,0
2017-07-11,67.989,68.307,67.741,67.989,4802295,0
2017-07-12,68.157,68.535,68.099,68.317,3477595,0
2017-07-13,68.713,69.407,68.623,69.357,5055006,0
2017-07-14,69.595,69.892,68.961,69.179,3742166,0
2017-07-17,69.179,70.155,69.089,69.733,4279207,0
2017-07-18,69.644,69.838,69.069,69.327,2874156,0
2017-07-19,69.476,69.991,69.277,69.674,4987158,0
2017-07-20,69.684,70.051,68.911,68.98,4896015,0
2017-07-21,68.673,68.811,67.691,68.307,4854091,0
2017-07-24,67.989,67.989,66.062,66.305,7309481,0
2017-07-25,66.671,68.653,66.621,68.089,5918038,0
2017-07-26,68.317,68.336,67.503,67.861,5069143,0
2017-07-27,67.841,69.114,67.711,69.02,4716087,0
2017-07-28,69.059,69.431,68.535,68.98,3450034,0
2017-07-31,69.129,69.813,68.564,69.684,4265510,0
2017-08-01,69.773,70.308,69.644,70.09,3568382,0
2017-08-02,69.664,70.249,69.377,69.882,3233646,0
2017-08-03,69.882,69.991,68.45,68.98,4750461,0
2017-08-04,69.129,69.743,68.911,69.535,3352917,0
2017-08-07,69.426,70.249,69.426,70.051,2808157,0
2017-08-08,70.484,71.763,70.379,71.175,5399476,0
2017-08-09,70.917,71.185,70.24,70.937,3890567,0
2017-08-10,70.369,70.459,69.473,69.941,4585400,0
2017-08-11,69.792,71.225,69.662,70.747,4955841,0
2017-08-14,71.305,71.424,68.985,69.304,7718047,0
2017-08-15,69.433,71.484,68.577,69.842,8252186,0
2017-08-16,70.439,71.385,69.911,71.265,5745417,0
2017-08-17,70.757,70.797,69.861,69.931,5224679,0
2017-08-18,69.981,70.897,69.682,70.15,6656307,0
2017-08-21,70.17,71.34,69.832,71.136,5210367,0
2017-08-22,71.265,71.623,70.807,71.275,4448998,0
2017-08-23,71.156,71.504,70.757,71.265,4419207,0
2017-08-24,72.231,72.878,70.344,70.568,6720982,0
2017-08-25,70.976,71.803,70.688,71.345,2979465,0
2017-08-28,71.673,71.872,71.285,71.474,4755146,0
2017-08-29,71.016,71.285,70.518,71.166,3243525,0
2017-08-30,71.086,71.952,70.897,71.723,3231121,0
2017-08-31,71.504,72.111,71.499,71.972,4553357,0
2017-09-01,72.111,72.489,71.832,72.051,2837611,0
2017-09-05,71.842,72.236,71.394,72.012,3289663,0
2017-09-06,72.061,72.768,72.012,72.699,2975544,0
2017-09-07,73.166,73.316,72.221,72.589,2719598,0
2017-09-08,72.639,72.659,71.399,72.061,2693630,0
2017-09-11,72.061,72.669,71.673,72.509,3210839,0
2017-09-12,72.674,73.963,72.669,73.206,2870631,0
2017-09-13,73.336,73.883,73.067,73.156,3820057,0
2017-09-14,73.176,73.226,72.529,72.878,3502297,0
2017-09-15,72.858,73.455,72.231,73.405,3997360,0
2017-09-18,73.545,73.565,72.798,73.087,1953782,0
2017-09-19,73.256,73.326,72.48,72.499,2846274,0
2017-09-20,72.47,72.481,71.618,72.091,4902900,0
2017-09-21,72.211,72.838,72.101,72.489,3713623,0
2017-09-22,72.32,72.559,71.823,72.121,4105209,0
2017-09-25,72.191,73.654,71.972,73.495,5092058,0
2017-09-26,73.664,74.042,73.186,73.445,2945195,0
2017-09-27,73.515,74.043,73.037,73.823,2337728,0
2017-09-28,73.714,73.893,73.186,73.614,2469817,0
2017-09-29,73.754,74.032,73.286,73.395,3000087,0
2017-10-02,73.356,73.435,72.409,73.067,2940351,0
2017-10-03,73.176,73.634,72.947,73.485,1994704,0
2017-10-04,73.306,73.535,72.768,73.316,2816811,0
2017-10-05,73.097,73.555,72.869,73.475,3904588,0
2017-10-06,73.166,73.619,72.768,73.266,2072991,0
2017-10-09,72.858,73.007,72.48,72.699,1828368,0
2017-10-10,72.768,72.908,71.823,71.922,2924236,0
2017-10-11,72.131,72.27,71.882,72.221,2968433,0
2017-10-12,72.101,72.101,70.807,71.454,3488198,0
2017-10-13,71.464,72.131,71.225,71.743,2661598,0
2017-10-16,71.444,71.494,70.479,70.847,3105569,0
2017-10-17,70.797,71.564,70.737,71.474,2488378,0
2017-10-18,71.375,71.663,70.837,70.976,3452695,0
2017-10-19,70.976,71.375,70.747,71.086,3468035,0
2017-10-20,71.36,72.002,71.275,71.763,3366191,0
2017-10-23,71.683,72.509,71.504,71.872,2820341,0
2017-10-24,71.952,72.27,71.325,71.414,2664143,0
2017-10-25,71.414,71.623,70.747,71.116,3164230,0
2017-10-26,71.136,71.613,70.628,71.146,3294294,0
2017-10-27,71.006,71.016,69.911,70.22,4518357,0
2017-10-30,69.891,69.901,68.587,69.035,4536227,0
2017-10-31,70.608,70.837,69.195,69.483,3798104,0
2017-11-01,69.961,70.08,69.065,69.404,2931097,0
2017-11-02,69.682,70.23,69.304,69.891,2955109,0
2017-11-03,69.662,69.662,68.209,68.289,4319872,0
2017-11-06,68.328,68.876,67.841,67.92,4826126,0
2017-11-07,67.98,68.144,67.681,67.99,5004699,0
2017-11-08,67.8,68.47,67.47,67.98,4770869,0
2017-11-09,67.95,69.89,67.74,69.25,5173105,0
2017-11-10,69.38,70.24,69.14,70.22,6081699,0
