2016-01-04,12.292,12.556,12.061,12.538,74152,0
2016-01-05,12.58,12.58,12.25,12.444,50138,0
2016-01-06,12.188,12.188,11.699,11.789,66820,0
2016-01-07,11.472,11.608,11.183,11.209,72033,0
2016-01-08,11.173,11.361,10.875,11.131,140483,0
2016-01-11,11.215,11.215,10.374,10.551,85279,0
2016-01-12,10.62,10.952,9.621,10.065,173406,0
2016-01-13,10.167,10.382,9.1954,9.3401,80983,0
2016-01-14,9.2892,9.989,9.1562,9.971,103849,0
2016-01-15,9.672,9.757,9.3733,9.51,121074,0
2016-01-19,9.51,9.51,8.7853,9.0585,87578,0
2016-01-20,8.649,8.649,7.8813,8.3163,81453,0
2016-01-21,8.2566,8.9993,8.2353,8.8785,166070,0
2016-01-22,9.136,10.175,9.136,10.107,99955,0
2016-01-25,9.953,10.535,9.784,9.852,80475,0
2016-01-26,9.911,10.439,9.843,10.382,77812,0
2016-01-27,10.346,10.532,9.997,10.32,54895,0
2016-01-28,10.696,11.107,10.679,11.079,94489,0
2016-01-29,11.079,11.571,11.079,11.344,57799,0
2016-02-01,11.088,11.131,10.85,10.85,78659,0
2016-02-02,10.559,10.564,10.175,10.49,87920,0
2016-02-03,10.611,10.926,10.132,10.892,93759,0
2016-02-04,10.9,11.256,10.781,11.233,55854,0
2016-02-05,11.071,11.164,10.662,10.67,50504,0
2016-02-08,10.295,10.462,9.501,9.69,89844,0
2016-02-09,8.9993,9.3918,8.6318,8.9052,157982,0
2016-02-10,8.8111,9.2032,8.6571,8.8203,99481,0
2016-02-11,8.6236,8.9636,8.1969,8.4955,125388,0
2016-02-12,8.649,9.1,8.6236,9.0671,80429,0
2016-02-16,9.2281,9.616,9.2281,9.553,78518,0
2016-02-17,9.877,10.15,9.767,10.117,107996,0
2016-02-18,10.175,10.3,9.947,10.255,68820,0
2016-02-19,9.981,10.035,9.823,9.991,48507,0
2016-02-22,10.387,10.653,10.315,10.59,112048,0
2016-02-23,10.582,10.582,10.263,10.316,87587,0
2016-02-24,10.158,10.53,9.884,10.53,71607,0
2016-02-25,10.396,10.564,10.263,10.546,39117,0
2016-02-26,10.82,11.042,10.706,10.864,52514,0
2016-02-29,11.024,11.333,10.953,11.094,80376,0
2016-03-01,11.333,11.448,11.192,11.412,53865,0
2016-03-02,11.27,11.872,11.195,11.872,88756,0
2016-03-03,11.704,12.331,11.704,12.243,95709,0
2016-03-04,12.339,12.667,12.269,12.42,117467,0
2016-03-07,12.428,12.737,12.304,12.657,86880,0
2016-03-08,12.489,12.489,11.933,11.95,106823,0
2016-03-09,12.18,12.252,12.04,12.189,52488,0
2016-03-10,12.093,12.26,12.04,12.101,71353,0
2016-03-11,12.163,12.603,12.163,12.543,33578,0
2016-03-14,12.41,12.71,12.331,12.71,42995,0
2016-03-15,12.436,12.436,12.18,12.367,62782,0
2016-03-16,12.287,13.042,12.287,12.976,58509,0
2016-03-17,13.205,13.612,13.09,13.303,40728,0
2016-03-18,13.365,13.585,13.112,13.267,34878,0
2016-03-21,13.267,13.293,13.012,13.073,30218,0
2016-03-22,12.949,13.312,12.949,13.249,47549,0
2016-03-23,13.019,13.153,12.684,12.684,72420,0
2016-03-24,12.287,12.702,12.287,12.464,69437,0
2016-03-28,12.499,12.533,12.331,12.349,41301,0
2016-03-29,12.145,12.392,12.049,12.367,63778,0
2016-03-30,12.436,12.824,12.436,12.553,54142,0
2016-03-31,12.543,13.019,12.543,13.019,30116,0
2016-04-01,12.773,12.824,12.526,12.764,71594,0
2016-04-04,12.684,12.824,12.428,12.455,59422,0
2016-04-05,12.384,12.393,12.199,12.224,52771,0
2016-04-06,12.349,12.606,12.339,12.48,66565,0
2016-04-07,12.464,12.613,12.369,12.489,70494,0
2016-04-08,12.72,12.993,12.613,12.799,26952,0
2016-04-11,12.931,13.161,12.905,12.923,32876,0
2016-04-12,13.003,13.602,12.949,13.577,88470,0
2016-04-13,13.523,13.727,13.453,13.709,47496,0
2016-04-14,13.692,13.709,13.558,13.602,79590,0
2016-04-15,13.426,13.561,13.315,13.391,36381,0
2016-04-18,13.178,13.727,13.047,13.629,50188,0
2016-04-19,13.629,14.291,13.629,14.282,52357,0
2016-04-20,14.141,14.667,13.991,14.567,59353,0
2016-04-21,14.592,15.163,14.592,15.087,243775,0
2016-04-22,15.237,15.642,15.219,15.597,110394,0
2016-04-25,15.651,15.651,15.016,15.087,73851,0
2016-04-26,15.148,15.387,15.14,15.351,51359,0
2016-04-27,15.696,16.041,15.282,15.899,65403,0
2016-04-28,16.067,16.2,15.554,15.714,66818,0
2016-04-29,15.776,15.864,15.387,15.671,97019,0
2016-05-02,15.617,15.642,15.103,15.282,34263,0
2016-05-03,15.095,15.095,14.538,14.707,134455,0
2016-05-04,14.761,14.998,14.477,14.707,52026,0
2016-05-05,15.14,15.21,14.822,14.928,93323,0
2016-05-06,14.875,15.069,14.663,14.778,41657,0
2016-05-09,14.689,14.689,14.193,14.424,93408,0
2016-05-10,14.557,14.733,14.522,14.672,93957,0
2016-05-11,14.689,15.006,14.486,14.804,131853,0
2016-05-12,15.14,15.183,14.946,14.954,128446,0
2016-05-13,14.848,15.291,14.848,15.069,81214,0
2016-05-16,15.448,15.554,15.201,15.554,125689,0
2016-05-17,15.422,15.864,15.37,15.617,135213,0
2016-05-18,15.678,15.678,15.201,15.21,123738,0
2016-05-19,15.148,15.563,15.002,15.485,152275,0
2016-05-20,15.673,15.943,15.455,15.943,92901,0
2016-05-23,15.89,15.979,15.726,15.906,74891,0
2016-05-24,15.961,16.125,15.698,15.781,70937,0
2016-05-25,16.079,16.079,15.906,15.906,71162,0
2016-05-26,16.042,16.07,15.718,15.826,87394,0
2016-05-27,15.689,15.835,15.553,15.826,56826,0
2016-05-31,15.906,15.988,15.644,15.708,102391,0
2016-06-01,15.681,15.971,15.591,15.943,129894,0
2016-06-02,15.89,16.097,15.871,16.097,124872,0
2016-06-03,16.079,16.196,15.906,16.105,107173,0
2016-06-06,16.287,16.595,16.205,16.549,113511,0
2016-06-07,16.749,16.974,16.612,16.964,113510,0
2016-06-08,17.074,17.262,16.939,17.029,108568,0
2016-06-09,16.711,17.019,16.703,16.948,96304,0
2016-06-10,16.74,16.749,16.305,16.368,96369,0
2016-06-13,16.215,16.403,16.15,16.16,77171,0
2016-06-14,15.997,16.165,15.762,16.025,145446,0
2016-06-15,15.961,16.223,15.781,16.097,99462,0
2016-06-16,15.989,16.143,15.608,16.143,124551,0
2016-06-17,16.422,16.422,16.15,16.314,83870,0
2016-06-20,16.567,16.595,16.368,16.458,69113,0
2016-06-21,16.403,16.765,16.328,16.765,104136,0
2016-06-22,16.829,16.884,16.64,16.749,43842,0
2016-06-23,17.055,17.101,16.785,17.038,95970,0
2016-06-24,16.585,16.91,16.359,16.432,104003,0
2016-06-27,16.305,16.305,15.492,15.726,110510,0
2016-06-28,16.351,16.422,15.934,16.359,171327,0
2016-06-29,16.749,16.81,16.54,16.695,140388,0
2016-06-30,16.74,16.874,16.657,16.829,110360,0
2016-07-01,16.964,17.009,16.82,16.865,61216,0
2016-07-05,16.604,16.72,16.422,16.649,79204,0
2016-07-06,16.531,16.695,16.403,16.695,112568,0
2016-07-07,16.929,17.119,16.608,16.64,132549,0
2016-07-08,16.865,16.865,16.658,16.794,93687,0
2016-07-11,16.956,16.984,16.73,16.785,85174,0
2016-07-12,17.064,17.362,17.064,17.308,54721,0
2016-07-13,17.354,17.372,16.974,17.038,66494,0
2016-07-14,17.172,17.258,17.092,17.182,51118,0
2016-07-15,17.327,17.327,17.11,17.246,66302,0
2016-07-18,17.237,17.386,17.101,17.354,67644,0
2016-07-19,17.345,17.408,17.237,17.399,48945,0
2016-07-20,17.362,17.616,17.255,17.561,45380,0
2016-07-21,17.643,17.733,17.417,17.516,116319,0
2016-07-22,17.39,17.598,17.39,17.554,42449,0
2016-07-25,17.535,17.535,17.137,17.172,32293,0
2016-07-26,17.147,17.237,17.009,17.101,49134,0
2016-07-27,17.201,17.337,16.829,16.874,49714,0
2016-07-28,16.929,16.929,16.666,16.73,40043,0
2016-07-29,16.711,16.984,16.64,16.974,43033,0
2016-08-01,16.956,16.956,16.329,16.432,79294,0
2016-08-02,16.15,16.549,16.125,16.196,83223,0
2016-08-03,16.332,16.757,16.269,16.749,57770,0
2016-08-04,16.829,17.132,16.805,17.047,67910,0
2016-08-05,17.182,17.251,16.91,17.227,26500,0
2016-08-08,17.246,17.47,17.246,17.399,51789,0
2016-08-09,17.471,17.481,17.151,17.272,62487,0
2016-08-10,17.3,17.3,17.101,17.172,115337,0
2016-08-11,17.399,17.499,17.337,17.471,61045,0
2016-08-12,17.625,17.788,17.616,17.743,35176,0
2016-08-15,17.852,17.924,17.798,17.896,63278,0
2016-08-16,17.843,17.924,17.733,17.888,48380,0
2016-08-17,17.986,17.996,17.788,17.914,74331,0
2016-08-18,18.121,18.484,18.023,18.449,131738,0
2016-08-19,18.574,18.574,18.295,18.384,30541,0
2016-08-22,18.346,18.346,18.087,18.3,72395,0
2016-08-23,18.411,18.605,18.365,18.503,57754,0
2016-08-24,18.585,18.585,18.244,18.3,43321,0
2016-08-25,18.189,18.31,18.134,18.31,50606,0
2016-08-26,18.402,18.641,18.402,18.614,65616,0
2016-08-29,18.715,18.715,18.52,18.595,40031,0
2016-08-30,18.771,18.779,18.475,18.641,62347,0
2016-08-31,18.457,18.631,18.141,18.169,100432,0
2016-09-01,18.152,18.3,18.022,18.28,44111,0
2016-09-02,18.474,18.761,18.402,18.697,28863,0
2016-09-06,18.697,19.092,18.66,19.092,33041,0
2016-09-07,19.305,19.453,19.207,19.407,35806,0
2016-09-08,19.581,19.85,19.48,19.591,48005,0
2016-09-09,19.564,19.628,19.02,19.02,47734,0
2016-09-12,19.084,19.223,18.992,19.214,37648,0
2016-09-13,19.056,19.223,18.382,18.402,61613,0
2016-09-14,18.448,18.807,18.336,18.418,30191,0
2016-09-15,18.558,18.834,18.477,18.576,43857,0
2016-09-16,18.53,18.651,18.468,18.539,53851,0
2016-09-19,18.715,18.789,18.493,18.697,60108,0
2016-09-20,18.723,18.723,18.52,18.549,36357,0
2016-09-21,18.825,18.872,18.641,18.863,57145,0
2016-09-22,18.992,19.287,18.992,19.13,40680,0
2016-09-23,19.047,19.175,18.558,19.02,45302,0
2016-09-26,19.056,19.175,18.807,18.807,39229,0
2016-09-27,18.641,18.651,18.438,18.651,35846,0
2016-09-28,18.733,19.325,18.503,19.315,40870,0
2016-09-29,19.371,19.61,19.204,19.388,36692,0
2016-09-30,19.62,19.62,19.397,19.545,38547,0
2016-10-03,19.676,19.676,19.377,19.48,23410,0
2016-10-04,19.509,19.578,19.102,19.139,22540,0
2016-10-05,19.397,19.443,18.992,19.084,63121,0
2016-10-06,19.148,19.223,18.885,19.175,83532,0
2016-10-07,19.074,19.26,18.936,19.13,31721,0
2016-10-10,19.361,19.84,19.333,19.646,74058,0
2016-10-11,19.748,19.748,19.277,19.351,32271,0
2016-10-12,19.277,19.427,19.074,19.102,105098,0
2016-10-13,19.102,19.122,18.851,18.955,27083,0
2016-10-14,18.936,19.158,18.825,18.936,24922,0
2016-10-17,18.982,18.982,18.706,18.817,29460,0
2016-10-18,18.926,18.982,18.771,18.834,29840,0
2016-10-19,19.02,19.371,19.01,19.24,37232,0
2016-10-20,19.148,19.285,19.028,19.231,24623,0
2016-10-21,19.231,19.62,19.214,19.499,28718,0
2016-10-24,19.527,19.831,19.443,19.831,23712,0
2016-10-25,19.831,19.84,19.484,19.601,32350,0
2016-10-26,19.047,19.666,19.047,19.371,31357,0
2016-10-27,19.518,19.712,19.287,19.361,32508,0
2016-10-28,19.417,19.427,18.992,19.26,30687,0
2016-10-31,19.122,19.213,18.484,18.789,37036,0
2016-11-01,18.798,18.798,18.061,18.133,241362,0
2016-11-02,18.077,18.107,17.553,17.736,58294,0
2016-11-03,17.626,17.626,17.442,17.478,31432,0
2016-11-04,17.265,17.311,16.777,17.265,54317,0
2016-11-07,17.478,17.558,17.311,17.377,33797,0
2016-11-08,17.377,17.543,17.331,17.413,44614,0
2016-11-09,17.441,18.108,17.386,17.959,65910,0
2016-11-10,18.005,19.223,18.005,19.047,255208,0
2016-11-11,18.817,19.038,18.558,18.807,69434,0
2016-11-14,18.789,19.02,18.78,18.992,46541,0
2016-11-15,19.084,19.379,19.02,19.361,37019,0
2016-11-16,19.407,19.9,19.407,19.574,52415,0
2016-11-17,19.581,19.921,19.535,19.702,44918,0
2016-11-18,19.85,19.85,19.509,19.822,42689,0
2016-11-21,20.242,20.432,20.127,20.346,93479,0
2016-11-22,20.459,20.704,20.092,20.384,93661,0
2016-11-23,20.375,20.55,20.299,20.438,45345,0
2016-11-25,20.488,20.526,20.158,20.252,36680,0
2016-11-28,20.403,20.403,19.537,19.811,61924,0
2016-11-29,19.433,19.65,19.275,19.557,48931,0
2016-11-30,20.403,20.403,20.158,20.272,87893,0
2016-12-01,20.704,20.76,20.328,20.459,69642,0
2016-12-02,20.366,20.563,20.272,20.432,30699,0
2016-12-05,20.657,20.78,20.205,20.543,45554,0
2016-12-06,20.536,20.78,20.356,20.742,35729,0
2016-12-07,20.742,20.789,20.375,20.563,57768,0
2016-12-08,20.713,20.789,20.252,20.384,34849,0
2016-12-09,20.563,20.686,20.366,20.573,29903,0
2016-12-12,20.827,20.93,20.563,20.62,38634,0
2016-12-13,20.742,20.911,20.506,20.837,62943,0
2016-12-14,20.694,21.175,20.638,20.647,53014,0
2016-12-15,20.59,20.606,19.961,20.282,65825,0
2016-12-16,20.178,20.45,20.168,20.45,40289,0
2016-12-19,20.469,20.553,20.319,20.393,26201,0
2016-12-20,20.403,20.432,20.252,20.412,49253,0
2016-12-21,20.299,20.751,20.205,20.704,59391,0
2016-12-22,20.61,20.892,20.516,20.844,69696,0
2016-12-23,20.837,20.958,20.817,20.911,37146,0
2016-12-27,21.052,21.118,20.62,20.911,47632,0
2016-12-28,20.977,20.977,20.432,20.432,30725,0
2016-12-29,20.45,20.562,20.178,20.309,38381,0
2016-12-30,20.366,20.433,20.284,20.284,25795,0
2017-01-03,20.629,20.686,20.319,20.686,26133,0
2017-01-04,20.723,20.78,20.59,20.667,62167,0
2017-01-05,20.694,20.793,20.62,20.686,36134,0
2017-01-06,20.78,20.827,20.647,20.789,51648,0
2017-01-09,20.733,20.751,20.506,20.583,33501,0
2017-01-10,20.629,20.638,20.055,20.055,48382,0
2017-01-11,20.065,20.282,20.065,20.215,31193,0
2017-01-12,20.366,20.467,20.074,20.139,38119,0
2017-01-13,20.028,20.262,20.028,20.124,33775,0
2017-01-17,20.328,20.412,20.139,20.242,30491,0
2017-01-18,20.262,20.262,20.139,20.225,30109,0
2017-01-19,20.178,20.262,20.045,20.112,26045,0
2017-01-20,20.225,20.293,20.178,20.282,27234,0
2017-01-23,20.262,20.262,19.981,20.15,48613,0
2017-01-24,20.225,20.694,20.225,20.676,49863,0
2017-01-25,20.694,20.977,20.694,20.827,133054,0
2017-01-26,20.967,21.024,20.874,20.958,44866,0
2017-01-27,20.844,20.844,20.469,20.686,66087,0
2017-01-30,20.432,20.654,20.035,20.139,61509,0
2017-01-31,20.252,20.252,20.035,20.234,28831,0
2017-02-01,20.459,20.657,20.346,20.62,53050,0
2017-02-02,20.676,20.742,20.319,20.694,36706,0
2017-02-03,20.78,21.005,20.751,20.901,52832,0
2017-02-06,20.789,20.844,20.668,20.807,82158,0
2017-02-07,20.789,20.789,20.346,20.422,61012,0
2017-02-08,20.282,20.328,20.055,20.234,63843,0
2017-02-09,20.432,20.6,20.388,20.516,49703,0
2017-02-10,20.629,20.713,20.563,20.59,46815,0
2017-02-13,20.6,20.672,20.536,20.563,54017,0
2017-02-14,20.704,20.704,20.459,20.591,47454,0
2017-02-15,20.713,20.713,20.536,20.536,38537,0
2017-02-16,20.839,20.839,20.408,20.437,61442,0
2017-02-17,20.34,20.34,20.178,20.284,57853,0
2017-02-21,20.686,20.686,20.384,20.551,69838,0
2017-02-22,20.533,20.541,20.36,20.437,78977,0
2017-02-23,20.782,20.782,20.437,20.533,41145,0
2017-02-24,20.494,20.561,20.274,20.284,29400,0
2017-02-27,20.312,20.494,20.312,20.388,25366,0
2017-02-28,20.475,20.599,20.4,20.561,41730,0
2017-03-01,20.609,20.896,20.609,20.8,18544,0
2017-03-02,20.772,20.906,20.676,20.782,19885,0
2017-03-03,20.782,20.944,20.686,20.935,27828,0
2017-03-06,20.792,20.944,20.687,20.83,35633,0
2017-03-07,20.916,21.021,20.743,20.83,28124,0
2017-03-08,20.868,20.868,20.551,20.599,34514,0
2017-03-09,20.465,20.465,19.612,19.728,107558,0
2017-03-10,19.977,20.197,19.612,19.784,31913,0
2017-03-13,19.823,19.995,19.784,19.967,22426,0
2017-03-14,19.804,19.9,19.401,19.421,50720,0
2017-03-15,19.516,19.832,19.459,19.746,34131,0
2017-03-16,19.814,19.909,19.65,19.789,17339,0
2017-03-17,19.842,19.881,19.784,19.832,21802,0
2017-03-20,19.832,19.88,19.756,19.814,31539,0
2017-03-21,19.794,19.814,19.478,19.593,36464,0
2017-03-22,19.535,19.63,19.238,19.401,45529,0
2017-03-23,19.421,19.728,19.391,19.478,26755,0
2017-03-24,19.622,19.775,19.449,19.516,34232,0
2017-03-27,19.248,19.401,19.228,19.315,62087,0
2017-03-28,19.411,19.688,19.411,19.68,57608,0
2017-03-29,19.65,20.025,19.65,20.015,28710,0
2017-03-30,20.063,20.149,19.957,20.082,30348,0
2017-03-31,19.909,20.331,19.909,20.244,26759,0
2017-04-03,20.408,20.475,20.053,20.274,17443,0
2017-04-04,20.236,20.465,20.063,20.36,20260,0
2017-04-05,20.609,20.686,20.244,20.254,62981,0
2017-04-06,20.36,20.628,20.284,20.581,17864,0
2017-04-07,20.714,20.734,20.551,20.638,15552,0
2017-04-10,20.753,20.761,20.647,20.705,25119,0
2017-04-11,20.714,20.83,20.609,20.792,61147,0
2017-04-12,20.848,20.887,20.639,20.753,29717,0
2017-04-13,20.772,20.839,20.628,20.686,34564,0
2017-04-17,20.734,20.762,20.581,20.667,40658,0
2017-04-18,20.581,20.848,20.581,20.848,25555,0
2017-04-19,20.964,20.964,20.619,20.64,25506,0
2017-04-20,20.647,20.647,20.435,20.455,32605,0
2017-04-21,20.551,20.619,20.398,20.619,14044,0
2017-04-24,20.647,20.771,20.541,20.657,27674,0
2017-04-25,20.695,20.782,20.578,20.714,21564,0
2017-04-26,20.714,20.8,20.513,20.513,19700,0
2017-04-27,20.446,20.571,20.312,20.379,27482,0
2017-04-28,20.465,20.485,20.369,20.417,28904,0
2017-05-01,20.465,20.599,20.417,20.475,16635,0
2017-05-02,20.455,20.724,20.417,20.455,49567,0
2017-05-03,20.437,20.561,20.302,20.503,36287,0
2017-05-04,20.322,20.336,19.746,19.938,72049,0
2017-05-05,19.957,20.302,19.909,20.254,51838,0
2017-05-08,20.302,20.475,20.185,20.475,28589,0
2017-05-09,20.446,20.455,20.197,20.427,31815,0
2017-05-10,20.322,20.58,20.158,20.408,53193,0
2017-05-11,20.475,20.503,20.292,20.302,31962,0
2017-05-12,20.417,20.628,20.274,20.292,20132,0
2017-05-15,20.762,20.762,20.417,20.437,26015,0
2017-05-16,20.551,20.551,20.331,20.513,21910,0
2017-05-17,20.312,20.503,20.183,20.446,29649,0
2017-05-18,20.388,20.485,20.264,20.369,22821,0
2017-05-19,20.503,20.686,20.36,20.589,26068,0
2017-05-22,20.734,20.871,20.275,20.275,35282,0
2017-05-23,20.48,20.548,20.06,20.275,48931,0
2017-05-24,20.275,20.452,20.167,20.265,20666,0
2017-05-25,20.324,20.431,19.825,19.962,33019,0
2017-05-26,19.952,19.991,19.864,19.991,16235,0
2017-05-30,19.884,19.991,19.542,19.552,46264,0
2017-05-31,19.474,19.581,19.298,19.513,68117,0
2017-06-01,19.532,19.815,19.498,19.757,36067,0
2017-06-02,19.737,19.835,19.444,19.493,26816,0
2017-06-05,19.454,19.483,19.22,19.386,35405,0
2017-06-06,19.356,19.386,19.171,19.171,25946,0
2017-06-07,19.249,19.337,18.584,18.78,66031,0
2017-06-08,18.702,18.887,18.576,18.809,35304,0
2017-06-09,18.829,19.18,18.829,18.995,38887,0
2017-06-12,19.141,19.278,18.76,18.887,55241,0
2017-06-13,18.936,18.936,18.77,18.887,34865,0
2017-06-14,18.829,18.936,18.428,18.428,31843,0
2017-06-15,18.418,18.418,17.979,18.018,47707,0
2017-06-16,18.057,18.329,18.008,18.174,43138,0
2017-06-19,18.223,18.311,17.812,17.881,44149,0
2017-06-20,17.685,17.754,17.236,17.5,64328,0
2017-06-21,17.5,17.602,17.207,17.295,42392,0
2017-06-22,17.383,17.568,17.128,17.343,59689,0
2017-06-23,17.392,18.086,17.392,17.969,53461,0
2017-06-26,18.106,18.321,17.861,18.321,51476,0
2017-06-27,18.272,18.565,18.199,18.389,74699,0
2017-06-28,18.565,18.799,18.369,18.799,31362,0
2017-06-29,18.848,19.004,18.672,18.721,21523,0
2017-06-30,19.004,19.171,18.848,18.995,33391,0
2017-07-03,19.034,19.337,19.034,19.317,29760,0
2017-07-05,19.298,19.298,18.721,18.741,29828,0
2017-07-06,18.809,18.946,18.545,18.555,28343,0
2017-07-07,18.653,18.711,18.344,18.575,36979,0
2017-07-10,18.584,18.79,18.418,18.418,32652,0
2017-07-11,18.428,18.545,18.418,18.545,39539,0
2017-07-12,18.643,18.965,18.643,18.926,19317,0
2017-07-13,18.926,18.956,18.79,18.956,24568,0
2017-07-14,18.965,19.317,18.965,19.239,8015,0
2017-07-17,19.298,19.433,19.239,19.249,19690,0
2017-07-18,19.307,19.327,19.139,19.317,18307,0
2017-07-19,19.278,19.415,19.268,19.346,27064,0
2017-07-20,19.425,19.483,19.187,19.454,53885,0
2017-07-21,19.464,19.513,19.249,19.249,33650,0
2017-07-24,19.474,19.532,19.358,19.386,35987,0
2017-07-25,19.659,19.659,19.508,19.62,31638,0
2017-07-26,19.718,19.806,19.513,19.698,66441,0
2017-07-27,19.698,19.796,19.601,19.679,42218,0
2017-07-28,19.649,19.767,19.561,19.679,27006,0
2017-07-31,19.601,19.654,19.386,19.542,26432,0
2017-08-01,19.708,19.903,19.595,19.659,48792,0
2017-08-02,19.659,19.659,19.423,19.61,29892,0
2017-08-03,19.522,19.601,18.868,18.877,166056,0
2017-08-04,18.936,18.936,18.77,18.819,42009,0
2017-08-07,18.663,18.928,18.652,18.721,42377,0
2017-08-08,18.565,18.565,18.178,18.369,60461,0
2017-08-09,18.262,18.674,18.262,18.448,73856,0
2017-08-10,18.428,18.585,18.037,18.086,43084,0
2017-08-11,18.106,18.108,17.588,18.106,59219,0
2017-08-14,18.184,18.877,17.744,18.018,58274,0
2017-08-15,17.861,17.959,17.54,17.637,58444,0
2017-08-16,17.822,18.135,17.627,17.939,27089,0
2017-08-17,17.812,18.106,17.725,17.734,25422,0
2017-08-18,17.715,17.837,17.491,17.676,28763,0
2017-08-21,17.695,17.695,17.383,17.49,35943,0
2017-08-22,17.68,17.82,17.54,17.82,56164,0
2017-08-23,17.87,18.05,17.72,17.96,65581,0
2017-08-24,17.96,18.1,17.86,17.95,32554,0
2017-08-25,17.96,18.049,17.92,18,27055,0
2017-08-28,18.12,18.16,17.75,17.85,26565,0
2017-08-29,17.74,17.83,17.63,17.79,51171,0
2017-08-30,17.7,18.07,17.7,18.07,34070,0
2017-08-31,18.11,18.45,18.051,18.44,65469,0
2017-09-01,18.39,18.79,18.39,18.65,41374,0
2017-09-05,18.62,18.71,18.397,18.58,50006,0
2017-09-06,18.57,18.84,18.55,18.626,31017,0
2017-09-07,18.69,18.79,18.526,18.65,19724,0
2017-09-08,18.58,18.75,18.5102,18.6,34542,0
2017-09-11,18.72,18.84,18.5722,18.64,17994,0
2017-09-12,18.64,18.81,18.62,18.77,21042,0
2017-09-13,18.77,18.97,18.69,18.9045,28392,0
2017-09-14,18.94,19.2,18.89,19.03,27407,0
2017-09-15,18.99,19.25,18.921,18.94,18200,0
2017-09-18,19.1,19.1,18.87,18.96,25887,0
2017-09-19,18.9,18.99,18.89,18.95,29296,0
2017-09-20,18.91,19.0504,18.9,18.96,41675,0
2017-09-21,18.95,19.019,18.8,18.82,51232,0
2017-09-22,18.84,18.95,18.72,18.81,55533,0
2017-09-25,18.83,19.22,18.83,19.22,20493,0
2017-09-26,19.11,19.34,19.06,19.34,27856,0
2017-09-27,19.39,19.408,19.03,19.1294,25287,0
2017-09-28,19.22,19.275,19.09,19.13,28655,0
2017-09-29,19.06,19.34,19.06,19.26,19865,0
2017-10-02,19.05,19.4,19.05,19.3014,18913,0
2017-10-03,19.3,19.4299,19.21,19.342,38849,0
2017-10-04,19.27,19.41,19.23,19.26,20273,0
2017-10-05,19.3,19.3,19.19,19.3,55642,0
2017-10-06,19.19,19.35,19.0902,19.34,34333,0
2017-10-09,19.25,19.35,19.22,19.3,15189,0
2017-10-10,19.35,19.35,19.29,19.305,28347,0
2017-10-11,19.35,19.35,19.27,19.35,20063,0
2017-10-12,19.35,19.37,19.13,19.14,34795,0
2017-10-13,19.33,19.33,18.955,18.96,40890,0
2017-10-16,19.14,19.14,18.86,19.01,21942,0
2017-10-17,18.99,19.01,18.73,18.82,31986,0
2017-10-18,18.87,18.87,18.41,18.47,29032,0
2017-10-19,18.4,18.4271,18.2755,18.37,41766,0
2017-10-20,18.33,18.5,18.25,18.31,48477,0
2017-10-23,18.33,18.33,18.0408,18.19,48709,0
2017-10-24,18.23,18.38,18,18,43607,0
2017-10-25,18,18.01,17.3282,17.57,108093,0
2017-10-26,17.57,18.18,17.4,17.83,63034,0
2017-10-27,17.86,18.12,17.8,18.03,63504,0
2017-10-30,18.195,18.31,17.9,17.94,61042,0
2017-10-31,17.86,18,17.74,17.84,70238,0
2017-11-01,17.9,18.2037,17.9,18.02,85453,0
2017-11-02,17.95,18.1,17.401,17.65,87661,0
2017-11-03,17.65,17.94,17.6,17.83,69832,0
2017-11-06,18,18.2,17.6266,18.09,83740,0
2017-11-07,18.2,18.2,18.2,18.2,71875,0
2017-11-08,18.28,18.28,17.66,17.87,116407,0
2017-11-09,17.81,17.995,17.7,17.87,70232,0
2017-11-10,17.8,18,17.79,17.86,42223,0
