2016-01-04,22.433,22.673,21.653,22.067,234568,0
2016-01-05,22.2,22.2,21.614,21.759,87978,0
2016-01-06,21.489,21.796,21.422,21.673,146301,0
2016-01-07,21.412,21.643,21.166,21.334,104156,0
2016-01-08,21.353,21.596,21.239,21.334,138250,0
2016-01-11,21.47,21.663,21.268,21.48,116744,0
2016-01-12,21.623,21.644,21.075,21.432,113910,0
2016-01-13,21.526,21.653,20.824,21.161,192291,0
2016-01-14,21.219,22.25,20.862,21.942,143429,0
2016-01-15,21.432,21.576,20.911,21.489,175728,0
2016-01-19,21.605,21.643,20.988,21.373,197572,0
2016-01-20,21.075,21.821,20.718,21.536,109102,0
2016-01-21,21.48,21.826,21.19,21.48,167171,0
2016-01-22,21.69,21.99,21.526,21.739,134625,0
2016-01-25,21.69,21.965,21.576,21.884,114689,0
2016-01-26,21.942,22.501,21.787,22.481,133656,0
2016-01-27,22.374,23.049,22.087,22.934,322062,0
2016-01-28,23.128,24.001,23.098,23.763,356831,0
2016-01-29,23.782,24.07,23.357,24.02,380895,0
2016-02-01,23.927,24.05,23.597,23.782,226653,0
2016-02-02,24.07,24.07,23.511,23.597,192799,0
2016-02-03,23.828,24.001,23.424,23.754,96600,0
2016-02-04,23.724,23.917,23.415,23.531,122890,0
2016-02-05,23.434,23.434,22.355,22.355,143986,0
2016-02-08,22.182,22.596,21.801,22.423,133878,0
2016-02-09,22.192,22.626,21.98,22.134,117639,0
2016-02-10,22.28,22.76,22.134,22.327,129837,0
2016-02-11,23.32,23.734,21.286,21.854,281957,0
2016-02-12,21.806,21.806,19.857,21.065,360869,0
2016-02-16,21.112,22.125,20.65,22.018,407368,0
2016-02-17,22.182,22.408,21.749,22.23,198845,0
2016-02-18,22.2,22.557,22.106,22.163,140095,0
2016-02-19,22.134,22.577,22.042,22.557,262710,0
2016-02-22,22.799,23.8,22.799,23.415,199609,0
2016-02-23,23.347,23.694,23.118,23.241,121464,0
2016-02-24,22.973,23.754,22.673,22.982,182082,0
2016-02-25,23.098,23.183,22.741,23.088,134302,0
2016-02-26,23.146,23.146,22.519,22.77,124592,0
2016-02-29,22.654,23.311,22.312,22.866,142493,0
2016-03-01,23.068,23.338,22.631,23.301,166155,0
2016-03-02,23.251,23.541,23.138,23.521,97690,0
2016-03-03,23.597,23.763,23.424,23.724,112731,0
2016-03-04,23.724,23.887,23.454,23.597,77890,0
2016-03-07,23.376,23.907,23.088,23.782,82890,0
2016-03-08,23.704,23.704,23.088,23.138,85593,0
2016-03-09,23.173,23.173,22.51,22.731,121642,0
2016-03-10,22.876,22.876,21.874,21.99,150616,0
2016-03-11,22.134,22.384,21.96,22.163,192090,0
2016-03-14,22.134,22.153,21.864,22.008,191943,0
2016-03-15,21.769,21.99,21.368,21.864,188771,0
2016-03-16,21.836,22.173,21.749,21.826,97670,0
2016-03-17,21.681,22.654,21.536,22.519,137003,0
2016-03-18,22.673,23.138,22.413,23.009,191559,0
2016-03-21,22.876,23.088,22.587,22.799,147034,0
2016-03-22,22.636,22.895,22.496,22.751,96249,0
2016-03-23,22.636,22.636,21.942,21.952,136540,0
2016-03-24,21.864,22.25,21.291,22.134,97366,0
2016-03-28,22.25,22.25,21.903,22.106,61195,0
2016-03-29,21.854,22.664,21.551,22.654,99950,0
2016-03-30,22.654,22.818,22.238,22.538,65799,0
2016-03-31,21.949,23.314,21.949,23.148,107320,0
2016-04-01,22.896,23.08,22.354,22.896,55456,0
2016-04-04,22.867,23.264,22.18,23.11,155035,0
2016-04-05,22.877,22.935,22.18,22.19,79020,0
2016-04-06,21.977,22.47,21.977,22.402,33334,0
2016-04-07,22.306,22.306,21.76,21.909,70190,0
2016-04-08,21.996,22.141,21.571,21.686,36086,0
2016-04-11,21.609,22.198,21.581,21.695,87800,0
2016-04-12,21.695,22.171,21.493,21.765,57313,0
2016-04-13,21.832,22.442,21.725,22.402,85233,0
2016-04-14,22.325,22.654,22.315,22.547,53796,0
2016-04-15,22.432,22.761,22.044,22.315,85880,0
2016-04-18,22.074,22.392,22.074,22.288,150876,0
2016-04-19,22.422,22.442,22.103,22.238,86300,0
2016-04-20,22.335,22.335,22.064,22.131,47344,0
2016-04-21,22.044,22.457,21.909,22.015,53223,0
2016-04-22,21.929,22.18,21.812,22.123,149445,0
2016-04-25,22.064,22.626,21.899,22.49,126188,0
2016-04-26,22.509,22.567,22.248,22.5,90229,0
2016-04-27,22.422,23.066,22.297,22.664,47507,0
2016-04-28,22.509,22.916,22.288,22.47,71385,0
2016-04-29,22.47,23.442,20.622,21.319,470248,0
2016-05-02,21.531,21.909,21.174,21.531,134664,0
2016-05-03,21.338,22.044,21.145,21.387,94346,0
2016-05-04,21.202,21.668,21.184,21.387,109481,0
2016-05-05,21.406,21.832,21.328,21.628,187682,0
2016-05-06,21.445,21.832,21.338,21.832,140916,0
2016-05-09,21.715,22.034,21.436,21.842,89880,0
2016-05-10,21.87,22.49,21.802,22.402,143396,0
2016-05-11,22.344,22.438,21.987,21.996,42589,0
2016-05-12,22.084,22.306,21.88,22.094,52179,0
2016-05-13,22.141,22.354,22.074,22.218,75002,0
2016-05-16,22.19,22.857,22.19,22.693,108455,0
2016-05-17,22.703,22.887,21.967,22.171,175124,0
2016-05-18,22.034,22.19,21.677,22.103,88928,0
2016-05-19,21.939,22.412,21.793,21.87,64067,0
2016-05-20,22.015,22.149,21.832,22.113,240061,0
2016-05-23,22.151,22.48,22.054,22.094,73451,0
2016-05-24,22.131,22.965,22.131,22.751,125502,0
2016-05-25,23.08,23.555,22.36,23.001,431280,0
2016-05-26,22.867,23.021,22.791,22.8,267752,0
2016-05-27,22.867,23.061,22.664,22.837,184816,0
2016-05-31,22.828,23.323,22.673,23.11,118008,0
2016-06-01,22.992,23.525,22.992,23.409,62381,0
2016-06-02,23.304,23.632,23.225,23.592,69073,0
2016-06-03,23.612,23.612,22.926,22.992,296919,0
2016-06-06,22.992,23.448,22.818,23.284,159072,0
2016-06-07,23.215,23.341,22.847,22.906,63342,0
2016-06-08,22.857,23.166,22.741,23.11,82939,0
2016-06-09,22.916,23.148,22.771,22.975,76354,0
2016-06-10,22.818,23.036,22.654,22.673,82344,0
2016-06-13,22.422,22.741,22.402,22.536,83845,0
2016-06-14,22.402,22.8,22.402,22.761,80671,0
2016-06-15,22.606,22.925,22.518,22.683,63475,0
2016-06-16,22.557,23.215,22.47,23.158,138103,0
2016-06-17,23.13,23.225,22.442,22.809,281298,0
2016-06-20,23.14,23.679,22.872,23.158,108245,0
2016-06-21,23.215,23.36,23.046,23.314,57263,0
2016-06-22,23.244,23.584,23.153,23.428,122247,0
2016-06-23,23.652,23.893,23.438,23.883,90545,0
2016-06-24,22.809,23.399,22.5,22.751,112038,0
2016-06-27,22.422,22.847,21.705,22.452,220484,0
2016-06-28,22.693,22.975,22.547,22.828,112530,0
2016-06-29,23.101,23.421,22.809,23.392,117077,0
2016-06-30,23.528,23.977,23.421,23.947,176570,0
2016-07-01,23.947,24.198,23.542,23.839,55785,0
2016-07-05,23.839,24.083,23.655,23.811,66568,0
2016-07-06,23.801,24.043,23.461,23.528,117741,0
2016-07-07,23.49,23.743,23.071,23.131,126448,0
2016-07-08,23.227,23.639,23.227,23.528,221467,0
2016-07-11,23.693,24.093,23.674,23.986,85503,0
2016-07-12,24.142,24.307,23.782,24.208,169366,0
2016-07-13,24.063,24.666,24.063,24.423,145564,0
2016-07-14,24.549,24.588,24.203,24.423,80199,0
2016-07-15,24.423,24.491,24.142,24.228,96389,0
2016-07-18,24.198,24.268,23.888,24.014,67980,0
2016-07-19,24.014,24.122,23.616,23.763,79031,0
2016-07-20,23.947,24.287,23.811,24.228,75048,0
2016-07-21,24.287,24.287,16.829,19.249,3024124,0
2016-07-22,19.194,19.689,18.687,19.24,644340,0
2016-07-25,19.174,19.95,19.174,19.95,858424,0
2016-07-26,19.873,20.087,19.689,19.849,342564,0
2016-07-27,19.94,19.986,17.958,18.512,1401231,0
2016-07-28,18.569,18.744,18.376,18.541,958539,0
2016-07-29,18.609,19.259,18.404,19.24,564193,0
2016-08-01,19.184,19.931,19.144,19.834,471430,0
2016-08-02,19.864,20.32,19.693,19.94,341687,0
2016-08-03,19.854,20.271,19.756,20.232,265323,0
2016-08-04,20.854,21.263,20.379,20.485,312874,0
2016-08-05,20.544,20.933,20.497,20.777,329403,0
2016-08-08,20.729,20.914,20.154,20.63,260108,0
2016-08-09,20.719,21.029,20.583,20.864,197812,0
2016-08-10,20.942,21.019,20.66,20.923,146744,0
2016-08-11,20.933,21.312,20.933,21.049,124097,0
2016-08-12,20.962,21.204,20.914,20.991,145636,0
2016-08-15,20.864,21.604,20.768,21.273,558638,0
2016-08-16,21.282,21.438,20.952,20.962,121766,0
2016-08-17,20.904,21.108,20.564,20.574,175587,0
2016-08-18,20.495,20.884,20.495,20.583,277610,0
2016-08-19,20.583,20.894,20.389,20.436,265368,0
2016-08-22,20.465,20.593,20.223,20.3,188661,0
2016-08-23,20.427,20.564,20.213,20.32,416788,0
2016-08-24,20.389,20.583,20.072,20.165,165086,0
2016-08-25,20.067,20.35,20.067,20.115,210429,0
2016-08-26,20.077,20.32,20,20.067,216283,0
2016-08-29,20.165,20.285,20.067,20.165,157337,0
2016-08-30,20.232,20.417,20.165,20.213,276236,0
2016-08-31,20.446,20.942,20.446,20.515,431838,0
2016-09-01,20.564,20.69,20.31,20.525,219252,0
2016-09-02,20.544,20.825,20.544,20.699,265590,0
2016-09-06,20.65,20.69,20.125,20.232,172955,0
2016-09-07,20.145,20.389,20.115,20.389,143427,0
2016-09-08,20.31,20.475,20.223,20.281,99015,0
2016-09-09,20.195,20.31,19.892,19.892,132790,0
2016-09-12,19.892,20.36,19.824,20.35,122605,0
2016-09-13,20.145,20.16,19.717,19.985,97295,0
2016-09-14,19.97,20.072,19.747,19.94,147314,0
2016-09-15,19.873,20.35,19.873,20.223,120661,0
2016-09-16,20.417,20.758,20.203,20.739,314387,0
2016-09-19,20.758,20.84,20.593,20.758,160069,0
2016-09-20,20.874,21.117,20.709,20.874,212962,0
2016-09-21,21.049,21.282,20.825,21.254,147135,0
2016-09-22,21.448,21.613,21.331,21.497,124478,0
2016-09-23,21.467,21.7,21.36,21.595,206947,0
2016-09-26,21.457,21.457,21.079,21.244,209565,0
2016-09-27,21.185,21.632,21.131,21.622,127179,0
2016-09-28,21.622,21.905,21.565,21.895,136023,0
2016-09-29,21.837,21.922,21.495,21.553,164322,0
2016-09-30,21.573,21.661,21.446,21.603,235621,0
2016-10-03,21.553,21.553,21.221,21.309,135994,0
2016-10-04,21.27,21.337,19.95,20.215,510719,0
2016-10-05,20.215,20.786,20.146,20.723,298125,0
2016-10-06,20.762,20.938,20.507,20.84,160073,0
2016-10-07,20.83,20.938,20.567,20.762,160687,0
2016-10-10,20.869,21.186,20.85,20.957,196122,0
2016-10-11,20.938,20.938,20.527,20.82,161839,0
2016-10-12,20.743,21.261,20.468,20.869,95863,0
2016-10-13,20.713,21.006,20.644,20.889,173221,0
2016-10-14,20.967,20.967,20.703,20.723,118545,0
2016-10-17,20.615,21.006,20.518,20.713,112246,0
2016-10-18,20.957,21.055,20.664,20.859,65622,0
2016-10-19,20.909,21.075,20.664,20.957,165941,0
2016-10-20,20.957,20.957,20.371,20.615,81305,0
2016-10-21,20.518,20.81,20.322,20.762,106525,0
2016-10-24,20.909,21.495,20.762,20.909,156767,0
2016-10-25,20.81,20.949,20.615,20.664,84284,0
2016-10-26,20.567,20.738,20.518,20.518,71289,0
2016-10-27,20.615,20.957,20.42,20.664,178790,0
2016-10-28,20.664,22.423,18.563,18.857,839485,0
2016-10-31,18.711,19.346,18.368,18.662,507385,0
2016-11-01,18.662,19.052,18.173,18.416,406502,0
2016-11-02,18.416,18.563,18.173,18.32,237892,0
2016-11-03,18.173,18.368,18.124,18.173,214357,0
2016-11-04,18.27,18.563,18.221,18.27,282900,0
2016-11-07,18.612,18.612,18.416,18.515,211136,0
2016-11-08,18.466,18.808,18.416,18.466,126748,0
2016-11-09,18.221,18.954,18.221,18.905,198942,0
2016-11-10,19.1,19.296,18.758,18.808,302812,0
2016-11-11,18.808,19.541,18.662,19.246,332479,0
2016-11-14,19.442,19.492,18.808,19.004,329151,0
2016-11-15,19.004,19.199,18.857,19.15,264018,0
2016-11-16,19.052,19.296,18.905,19.296,279862,0
2016-11-17,19.296,19.394,18.905,19.004,318213,0
2016-11-18,19.004,19.1,18.857,18.954,236983,0
2016-11-21,18.857,19.004,18.563,18.857,210036,0
2016-11-22,18.857,19.052,18.758,19.052,222249,0
2016-11-23,19.004,19.296,18.954,19.246,132939,0
2016-11-25,19.246,19.492,19.246,19.442,60001,0
2016-11-28,19.442,19.492,19.199,19.442,228454,0
2016-11-29,19.442,19.472,19.15,19.296,165829,0
2016-11-30,19.442,19.492,19.052,19.15,205656,0
2016-12-01,19.246,19.541,19.052,19.1,318499,0
2016-12-02,19.052,19.1,18.808,18.954,372377,0
2016-12-05,19.1,19.296,18.32,19.052,320339,0
2016-12-06,19.15,19.442,18.954,19.199,382127,0
2016-12-07,19.15,19.541,19.004,19.541,219206,0
2016-12-08,19.492,20.273,19.346,19.931,307514,0
2016-12-09,20.03,20.322,19.98,20.322,166161,0
2016-12-12,20.322,20.518,20.03,20.42,235463,0
2016-12-13,20.42,20.713,19.931,19.98,289849,0
2016-12-14,19.98,20.518,19.541,19.638,221823,0
2016-12-15,19.688,20.054,19.638,19.883,244728,0
2016-12-16,19.931,20.225,19.784,20.078,423434,0
2016-12-19,20.03,20.371,19.688,19.931,235458,0
2016-12-20,20.03,20.225,19.588,19.688,316160,0
2016-12-21,19.688,19.736,19.346,19.442,185381,0
2016-12-22,19.394,19.541,18.954,19.1,183876,0
2016-12-23,19.15,19.199,18.905,19.15,138918,0
2016-12-27,19.199,19.442,18.954,19.15,147467,0
2016-12-28,19.11,19.257,19.013,19.061,114824,0
2016-12-29,19.061,19.651,18.865,19.552,115044,0
2016-12-30,19.552,19.701,19.357,19.504,183310,0
2017-01-03,19.601,19.995,19.367,19.945,332025,0
2017-01-04,20.044,20.388,19.896,20.24,133720,0
2017-01-05,20.142,20.192,19.651,19.945,195443,0
2017-01-06,19.995,20.192,19.945,19.995,191163,0
2017-01-09,19.945,20.535,19.798,20.486,138160,0
2017-01-10,20.436,20.658,20.142,20.633,168806,0
2017-01-11,20.683,21.1,20.547,21.076,204980,0
2017-01-12,21.616,21.764,20.683,20.83,224995,0
2017-01-13,20.928,21.124,20.879,21.076,141603,0
2017-01-17,20.928,21.244,20.633,20.78,330009,0
2017-01-18,20.879,20.879,20.584,20.732,119839,0
2017-01-19,20.732,20.78,20.436,20.683,105325,0
2017-01-20,20.683,20.78,20.486,20.683,144961,0
2017-01-23,20.683,20.928,20.535,20.879,120418,0
2017-01-24,20.928,21.026,20.584,20.977,97291,0
2017-01-25,21.026,21.124,20.879,20.977,85146,0
2017-01-26,20.977,21.026,20.584,20.83,81492,0
2017-01-27,20.879,22.058,20.683,21.517,626842,0
2017-01-30,21.37,21.567,20.928,21.468,183681,0
2017-01-31,21.37,21.517,21.026,21.517,665911,0
2017-02-01,21.616,22.008,21.37,21.959,223148,0
2017-02-02,21.861,22.599,21.517,22.452,274529,0
2017-02-03,22.599,22.843,22.205,22.647,195987,0
2017-02-06,22.549,24.022,22.156,22.255,201176,0
2017-02-07,22.303,22.599,21.959,22.058,124245,0
2017-02-08,22.058,22.402,21.764,22.108,119382,0
2017-02-09,22.108,22.549,22.065,22.5,112162,0
2017-02-10,22.5,22.647,22.108,22.599,134119,0
2017-02-13,22.696,22.893,22.452,22.893,157794,0
2017-02-14,22.746,23.04,22.452,22.843,113067,0
2017-02-15,22.796,23.09,22.452,22.991,78507,0
2017-02-16,22.943,23.434,22.746,23.187,217468,0
2017-02-17,22.5,22.5,20.142,21.026,976063,0
2017-02-21,20.977,21.223,20.683,20.879,431163,0
2017-02-22,20.879,21.026,20.535,20.584,318108,0
2017-02-23,20.388,20.732,20.388,20.584,198569,0
2017-02-24,20.388,20.535,20.044,20.289,344564,0
2017-02-27,20.192,20.388,19.798,19.945,334579,0
2017-02-28,19.848,20.02,19.701,19.798,295956,0
2017-03-01,19.749,20.092,19.601,19.995,181191,0
2017-03-02,20.044,20.044,19.601,19.749,184437,0
2017-03-03,19.749,19.896,19.651,19.749,149250,0
2017-03-06,19.651,19.701,19.504,19.552,168462,0
2017-03-07,19.454,19.536,19.307,19.454,137191,0
2017-03-08,19.504,19.504,19.16,19.208,190515,0
2017-03-09,19.11,19.454,19.061,19.11,165800,0
2017-03-10,19.208,19.601,19.061,19.16,223700,0
2017-03-13,19.257,19.651,19.11,19.307,145562,0
2017-03-14,19.208,19.257,19.085,19.16,175270,0
2017-03-15,19.11,19.405,18.865,19.257,241805,0
2017-03-16,19.307,19.601,19.085,19.208,149567,0
2017-03-17,19.061,19.945,19.061,19.552,533536,0
2017-03-20,19.504,19.749,19.135,19.257,122064,0
2017-03-21,19.357,19.357,18.816,18.963,191359,0
2017-03-22,18.913,19.257,18.865,18.913,177585,0
2017-03-23,18.865,19.208,18.816,18.913,131952,0
2017-03-24,18.913,19.041,18.669,18.816,296462,0
2017-03-27,18.619,19.11,18.619,19.013,140382,0
2017-03-28,18.963,19.155,18.816,19.013,187817,0
2017-03-29,18.963,19.16,18.865,19.16,107521,0
2017-03-30,19.173,19.567,19.173,19.419,123227,0
2017-03-31,19.469,19.938,19.37,19.865,145829,0
2017-04-03,19.865,19.913,19.271,19.37,188137,0
2017-04-04,19.37,19.519,19.221,19.321,130091,0
2017-04-05,19.419,19.469,19.025,19.073,165823,0
2017-04-06,19.123,19.667,19.025,19.667,154997,0
2017-04-07,19.567,19.715,19.321,19.715,139259,0
2017-04-10,19.617,19.74,19.173,19.469,155683,0
2017-04-11,19.419,19.74,19.37,19.617,167536,0
2017-04-12,19.617,19.617,19.271,19.271,95168,0
2017-04-13,19.271,19.419,19.173,19.271,113321,0
2017-04-17,19.271,19.865,19.271,19.865,158770,0
2017-04-18,19.765,20.111,19.519,20.013,161813,0
2017-04-19,20.013,20.457,19.963,20.309,147483,0
2017-04-20,20.359,20.507,20.21,20.359,169222,0
2017-04-21,20.259,20.309,19.913,19.913,269132,0
2017-04-24,20.259,20.407,20.061,20.309,198793,0
2017-04-25,20.457,20.951,20.457,20.853,181065,0
2017-04-26,20.803,21.198,20.753,21.001,189244,0
2017-04-27,21.001,21.248,20.803,21.099,187640,0
2017-04-28,22.137,22.483,20.013,20.111,232011,0
2017-05-01,19.123,19.765,18.579,18.827,526579,0
2017-05-02,18.876,19.765,18.777,19.765,256872,0
2017-05-03,19.617,19.715,19.123,19.37,207474,0
2017-05-04,19.321,19.519,19.221,19.419,130620,0
2017-05-05,19.469,19.469,19.123,19.321,140367,0
2017-05-08,19.321,19.519,19.271,19.321,154583,0
2017-05-09,19.37,19.419,19.173,19.271,106952,0
2017-05-10,19.321,19.519,19.173,19.469,92970,0
2017-05-11,19.37,19.419,19.073,19.123,95562,0
2017-05-12,19.073,19.173,19.025,19.073,98913,0
2017-05-15,19.221,19.321,19.123,19.321,91027,0
2017-05-16,19.321,19.321,19.073,19.173,117228,0
2017-05-17,18.925,19.025,18.9,18.925,195343,0
2017-05-18,18.827,19,18.827,18.876,150091,0
2017-05-19,18.827,19.073,18.777,18.827,140451,0
2017-05-22,18.777,19.073,18.777,19.025,130531,0
2017-05-23,18.975,19.296,18.975,19.025,134349,0
2017-05-24,19.073,19.271,19.073,19.173,124890,0
2017-05-25,19.271,19.37,19.123,19.221,83392,0
2017-05-26,19.123,19.37,19.025,19.271,131879,0
2017-05-30,19.173,19.321,19.123,19.271,69755,0
2017-05-31,19.321,19.469,19.073,19.321,124981,0
2017-06-01,19.221,19.667,19.221,19.617,153741,0
2017-06-02,19.715,20.111,19.715,19.913,129771,0
2017-06-05,19.963,19.963,19.321,19.321,188565,0
2017-06-06,19.271,19.567,19.123,19.469,129040,0
2017-06-07,19.567,19.667,19.346,19.394,105470,0
2017-06-08,19.271,19.667,19.271,19.37,168871,0
2017-06-09,19.37,19.419,19.073,19.173,183722,0
2017-06-12,19.123,19.617,19.073,19.221,155617,0
2017-06-13,19.221,19.37,18.975,18.975,236852,0
2017-06-14,18.975,19.123,18.925,18.975,165209,0
2017-06-15,18.679,19.025,18.654,18.777,218363,0
2017-06-16,18.579,18.95,18.431,18.777,409739,0
2017-06-19,18.876,19.073,18.679,18.925,178459,0
2017-06-20,18.876,18.975,18.777,18.827,112110,0
2017-06-21,18.925,19.221,18.777,18.777,104490,0
2017-06-22,18.777,18.975,18.53,18.777,193637,0
2017-06-23,18.777,18.95,18.679,18.777,961638,0
2017-06-26,18.827,18.975,18.727,18.777,99603,0
2017-06-27,18.727,18.727,18.481,18.579,194176,0
2017-06-28,18.679,18.925,18.481,18.629,342192,0
2017-06-29,18.691,18.691,18.045,18.145,294686,0
2017-06-30,18.145,18.343,17.995,18.194,150886,0
2017-07-03,18.244,18.443,17.896,18.145,62968,0
2017-07-05,18.145,18.194,17.648,17.747,610863,0
2017-07-06,17.697,17.995,17.548,17.846,409149,0
2017-07-07,17.846,18.045,17.747,17.995,92444,0
2017-07-10,17.995,18.045,15.659,17.896,230962,0
2017-07-11,17.896,18.169,17.846,18.095,229743,0
2017-07-12,18.145,18.443,18.095,18.443,91345,0
2017-07-13,18.393,18.393,17.995,17.995,89188,0
2017-07-14,17.946,18.145,17.896,17.995,111215,0
2017-07-17,17.946,18.343,17.896,18.244,189790,0
2017-07-18,18.145,18.542,17.995,18.443,146837,0
2017-07-19,18.443,18.816,18.219,18.741,128211,0
2017-07-20,18.741,18.791,18.542,18.642,107711,0
2017-07-21,18.791,18.841,18.443,18.542,180853,0
2017-07-24,18.443,18.716,18.319,18.691,104909,0
2017-07-25,18.791,19.139,18.642,18.841,563629,0
2017-07-26,18.791,18.99,18.542,18.691,100026,0
2017-07-27,18.741,18.89,18.294,18.343,137280,0
2017-07-28,18.145,19.039,17.797,18.592,277478,0
2017-07-31,18.493,19.338,18.493,18.741,1015604,0
2017-08-01,18.89,18.89,18.592,18.89,299525,0
2017-08-02,18.791,19.189,18.741,18.89,630376,0
2017-08-03,18.94,18.94,18.592,18.691,544572,0
2017-08-04,18.691,18.865,18.592,18.791,321332,0
2017-08-07,18.741,18.791,18.592,18.691,296497,0
2017-08-08,18.642,18.89,18.592,18.741,302722,0
2017-08-09,18.691,18.99,18.592,18.94,295315,0
2017-08-10,18.791,18.94,18.691,18.791,245545,0
2017-08-11,18.691,18.99,18.542,18.89,331240,0
2017-08-14,18.791,19.387,18.791,19.189,397348,0
2017-08-15,19.189,19.189,18.468,18.493,149364,0
2017-08-16,18.542,18.691,18.319,18.592,502116,0
2017-08-17,18.592,18.691,18.269,18.294,178272,0
2017-08-18,18.194,18.343,18.145,18.145,148882,0
2017-08-21,18.095,18.244,17.995,18.095,160884,0
2017-08-22,18.145,18.344,17.995,18.294,510454,0
2017-08-23,18.244,18.343,18.145,18.145,120329,0
2017-08-24,18.244,18.294,18.095,18.194,341404,0
2017-08-25,18.194,18.244,18.095,18.194,190147,0
2017-08-28,18.145,18.269,17.995,18.045,654559,0
2017-08-29,17.995,18.12,17.971,18.095,639885,0
2017-08-30,18.145,18.294,18.045,18.095,586662,0
2017-08-31,18.194,18.343,17.971,18.145,597996,0
2017-09-01,18.244,18.294,17.995,18.294,615735,0
2017-09-05,18.244,18.791,18.244,18.592,399577,0
2017-09-06,18.592,19.189,18.542,19.139,652937,0
2017-09-07,19.039,19.785,19.039,19.338,650510,0
2017-09-08,19.288,19.437,19.047,19.338,174050,0
2017-09-11,19.387,19.984,19.338,19.835,732226,0
2017-09-12,19.934,20.034,19.537,19.686,602755,0
2017-09-13,19.586,19.636,19.487,19.586,500261,0
2017-09-14,19.537,19.636,19.387,19.487,108490,0
2017-09-15,19.437,19.636,19.238,19.537,823309,0
2017-09-18,19.487,19.686,19.338,19.487,383238,0
2017-09-19,19.487,19.537,18.642,18.841,731396,0
2017-09-20,18.89,19.238,18.393,18.443,580771,0
2017-09-21,18.493,18.493,18.145,18.443,495193,0
2017-09-22,18.294,18.517,18.294,18.393,313111,0
2017-09-25,18.343,18.443,18.095,18.145,466625,0
2017-09-26,18.194,18.841,18.095,18.741,815199,0
2017-09-27,18.741,18.99,18.667,18.841,1015562,0
2017-09-28,18.841,19.015,18.493,18.94,573057,0
2017-09-29,18.95,19.375,18.85,19.25,353220,0
2017-10-02,19.25,19.625,19.15,19.5,323147,0
2017-10-03,19.5,19.65,19.25,19.55,929141,0
2017-10-04,19.6,19.6,19.3,19.575,1117292,0
2017-10-05,19.7,20,19.55,19.95,476236,0
2017-10-06,19.85,20.25,19.8,20.1,498946,0
2017-10-09,20.9,22,20.9,21.8,1574268,0
2017-10-10,22.05,22.3,21.5,21.65,884969,0
2017-10-11,21.65,21.85,21.5,21.7,329602,0
2017-10-12,21.75,22.1,21.6,21.95,261792,0
2017-10-13,22.15,22.25,21.9,22.2,336987,0
2017-10-16,22.1,22.19,21.85,22.1,245946,0
2017-10-17,22,22.4,21.9,22.25,310637,0
2017-10-18,22.25,22.4,22,22.35,186778,0
2017-10-19,22.35,22.85,21.925,21.95,378368,0
2017-10-20,22.15,22.5,21.65,21.9,370848,0
2017-10-23,22.05,22.8,21.8,22.05,301662,0
2017-10-24,22,22.4,21.95,22.3,358096,0
2017-10-25,22.25,22.65,22.05,22.6,564721,0
2017-10-26,22.8,22.8,22.3,22.5,234361,0
2017-10-27,23.05,23.05,22.45,22.7,331961,0
2017-10-30,22.75,22.85,22.55,22.7,290872,0
2017-10-31,22.1,23.2,22,23.05,562262,0
2017-11-01,23.35,23.5,22.8,23.3,316622,0
2017-11-02,23.2,23.5,22.95,23.5,231504,0
2017-11-03,23.4,23.6,23.25,23.45,497285,0
2017-11-06,23.5,24.05,23.4,24,419622,0
2017-11-07,24.1,24.1,23.7,24,505498,0
2017-11-08,23.9,24.25,23.6,24.15,332982,0
2017-11-09,24,24.1,23.6,23.95,156547,0
2017-11-10,23.75,23.95,23.7,23.85,210504,0
