2016-01-04,23.79,24.4,22.625,23.94,8403,0
2016-01-05,24.06,24.25,23.53,23.53,3271,0
2016-01-06,23.53,23.89,23.47,23.825,8197,0
2016-01-07,23.16,23.91,23.16,23.67,3836,0
2016-01-08,24.1,24.1,23.14,23.49,3052,0
2016-01-11,23.7,23.73,23.05,23.05,2408,0
2016-01-12,23.43,23.5373,22.32,23.34,5128,0
2016-01-13,22.1124,23.26,22.1124,23.02,4828,0
2016-01-14,22.89,23,21.7473,22.39,10710,0
2016-01-15,21.85,21.85,21.5,21.8,19998,0
2016-01-19,21.71,23.15,21.71,22.36,6700,0
2016-01-20,22.06,22.19,21.63,21.93,21528,0
2016-01-21,22.17,22.17,21.65,21.87,7224,0
2016-01-22,22.018,22.19,21.8,21.8,2866,0
2016-01-25,22.07,22.1,21.72,21.99,8392,0
2016-01-26,22.08,22.08,21.81,21.81,3994,0
2016-01-27,21.88,22.06,21.72,21.98,2300,0
2016-01-28,21.9463,22,21.7,21.95,12103,0
2016-01-29,21.6611,22.1,21.6611,21.67,4258,0
2016-02-01,22.073,22.78,21.1,21.45,29831,0
2016-02-02,21.15,21.9,21.15,21.76,8258,0
2016-02-03,21.2615,22.28,21.2615,21.54,6572,0
2016-02-04,21.61,21.99,21.61,21.64,4667,0
2016-02-05,21.682,21.91,21.64,21.64,4461,0
2016-02-08,21.74,21.74,21.01,21.11,14168,0
2016-02-09,21.02,21.72,20.88,21.1,20555,0
2016-02-10,21.63,21.765,21.26,21.29,4071,0
2016-02-11,21.088,21.18,20.5,20.52,11586,0
2016-02-12,21.2,21.2,20.59,20.76,2623,0
2016-02-16,20.894,21.2,20.894,21.18,6603,0
2016-02-17,21.2,21.2,20.92,21.15,25345,0
2016-02-18,21.21,21.21,20.99,20.99,6593,0
2016-02-19,21.1,21.2,20.85,20.85,6232,0
2016-02-22,22.7,23.84,21.28,21.64,17773,0
2016-02-23,21.34,23.24,21.34,22.27,11062,0
2016-02-24,22.46,22.84,21.18,22.31,68056,0
2016-02-25,22.19,22.95,22.12,22.18,4329,0
2016-02-26,22.3,22.74,21.28,22.43,6888,0
2016-02-29,22.64,22.9,21.72,22.37,9079,0
2016-03-01,22.5,23.32,21.7001,22.82,11747,0
2016-03-02,23.1,23.82,22.86,23.62,10426,0
2016-03-03,23.58,24.15,23.35,23.44,5629,0
2016-03-04,23.75,23.75,21.9,22.8,16980,0
2016-03-07,22.64,23.145,22.42,23.1,11227,0
2016-03-08,22.85,23.17,22.74,22.86,2910,0
2016-03-09,22.75,23.16,22.75,23.13,5718,0
2016-03-10,23.04,23.39,22.42,22.42,5561,0
2016-03-11,22.88,23.48,22.78,22.78,15006,0
2016-03-14,23.03,23.68,22.79,22.98,8933,0
2016-03-15,22.98,23.09,22.37,22.75,8652,0
2016-03-16,22.49,23,22.21,22.29,6161,0
2016-03-17,22.55,22.68,22.04,22.34,13801,0
2016-03-18,22.38,22.64,21.55,21.84,19044,0
2016-03-21,21.68,22.34,21.68,21.98,4569,0
2016-03-22,22.41,22.45,21.96,22.17,7369,0
2016-03-23,21.73,22.55,21.73,21.92,7975,0
2016-03-24,22.01,22.23,21.07,21.74,39214,0
2016-03-28,21.46,21.64,21.01,21.39,14584,0
2016-03-29,21.19,21.87,21.19,21.68,21619,0
2016-03-30,21.57,21.94,21.32,21.71,23350,0
2016-03-31,21.5,22.58,21.5,22.27,11585,0
2016-04-01,22.305,23,22.28,22.86,19792,0
2016-04-04,22.94,23,22.065,22.84,16441,0
2016-04-05,22.68,22.99,22.59,22.89,8952,0
2016-04-06,22.97,23,22.61,22.83,9970,0
2016-04-07,22.9,22.98,22.57,22.77,7849,0
2016-04-08,22.9,22.98,22.43,22.96,11652,0
2016-04-11,22.99,23,22.57,22.66,42378,0
2016-04-12,22.7411,22.98,22.56,22.98,10200,0
2016-04-13,22.96,23,22.56,22.97,12940,0
2016-04-14,22.88,22.96,22.33,22.8,8060,0
2016-04-15,22.82,22.95,22.54,22.63,9779,0
2016-04-18,22.64,22.85,22.64,22.83,18569,0
2016-04-19,22.86,22.99,22.78,22.81,3999,0
2016-04-20,22.82,22.99,22.6875,22.97,12664,0
2016-04-21,22.99,24.215,22.94,24.18,42156,0
2016-04-22,23.82,24.725,23.82,24.45,11623,0
2016-04-25,24.57,24.57,23.06,24.46,16532,0
2016-04-26,24.72,24.725,23.86,24.27,14069,0
2016-04-27,24.235,24.7195,23.18,24.57,10443,0
2016-04-28,24.6945,24.96,24.6,24.61,4552,0
2016-04-29,24.99,24.99,24.61,24.9,6488,0
2016-05-02,24.9,25.49,24.6,25.02,22156,0
2016-05-03,24.93,24.93,24.3,24.58,18988,0
2016-05-04,23.99,24.63,23.63,24.29,15344,0
2016-05-05,24.66,24.97,23.937,24.74,8365,0
2016-05-06,24.67,25.22,24.54,25.19,14917,0
2016-05-09,25.13,25.13,24.11,25,25597,0
2016-05-10,25.29,25.36,24.61,24.93,16785,0
2016-05-11,24.73,24.97,24.16,24.38,15659,0
2016-05-12,24.46,24.48,22.8401,22.88,20726,0
2016-05-13,23,23.19,22.4,22.51,15843,0
2016-05-16,22.77,22.87,22.19,22.64,15302,0
2016-05-17,22.62,22.68,21.15,21.48,16764,0
2016-05-18,21.36,22.14,21.22,21.93,24582,0
2016-05-19,21.55,22.06,21.16,21.41,23939,0
2016-05-20,21.41,21.81,21.13,21.14,10653,0
2016-05-23,21.17,21.245,20.86,21,46631,0
2016-05-24,21.09,21.49,20.98,21.05,16942,0
2016-05-25,21.15,21.29,20.91,21.11,30730,0
2016-05-26,21.26,21.35,20.91,21.11,23478,0
2016-05-27,21.05,21.57,21.05,21.26,30671,0
2016-05-31,21.2,21.96,21.19,21.51,35915,0
2016-06-01,21.42,21.78,21.38,21.45,15021,0
2016-06-02,21.3,21.31,20.9,20.9,47606,0
2016-06-03,20.94,21.44,20.52,21.09,19423,0
2016-06-06,21.35,21.675,20.906,21.48,9355,0
2016-06-07,21.31,21.9,21.296,21.44,9196,0
2016-06-08,21.52,22.09,21.43,21.75,9607,0
2016-06-09,21.1782,22.3,21.1777,22.02,25103,0
2016-06-10,21.62,22.73,21.37,22.41,17301,0
2016-06-13,23.135,23.135,20.71,21.01,24099,0
2016-06-14,20.91,21.105,20.42,20.92,20747,0
2016-06-15,20.86,21.39,20.81,21.24,13530,0
2016-06-16,21.27,21.36,20.62,20.98,11019,0
2016-06-17,20.75,20.96,20.5,20.62,17077,0
2016-06-20,20.81,21.18,20.45,20.46,27604,0
2016-06-21,20.63,21.26,20.46,20.85,53059,0
2016-06-22,21,21.45,20.5,20.65,184803,0
2016-06-23,20.66,21.73,20.62,21.68,31919,0
2016-06-24,20.99,22.74,20.98,21.03,393085,0
2016-06-27,21.07,22.27,20.4,20.72,20295,0
2016-06-28,20.81,21.19,20.52,20.69,7279,0
2016-06-29,20.91,21.68,20.83,21.35,493103,0
2016-06-30,21.5,22.71,21.5,22.53,16668,0
2016-07-01,22.73,23.14,22.36,22.63,21449,0
2016-07-05,22.235,22.84,21.695,22.43,20975,0
2016-07-06,22.24,22.67,22.1801,22.66,27919,0
2016-07-07,22.4,22.895,22.35,22.66,46742,0
2016-07-08,22.77,23.29,22.76,23.2,24096,0
2016-07-11,23.14,23.95,22.71,23.81,46099,0
2016-07-12,23.9499,24.515,23.73,23.97,74152,0
2016-07-13,24.06,24.19,22.78,23.09,30581,0
2016-07-14,23.31,23.63,22.49,22.75,22743,0
2016-07-15,22.97,23.19,22.28,23.09,30705,0
2016-07-18,23.09,23.45,22.38,22.87,25530,0
2016-07-19,22.65,23.26,22.53,22.94,23175,0
2016-07-20,22.94,23.31,22.405,23.2,14855,0
2016-07-21,23.31,23.61,22.605,23.21,22032,0
2016-07-22,23.05,23.2,22.305,23.06,23188,0
2016-07-25,23.19,23.68,22.85,23.29,12716,0
2016-07-26,24,24,22.73,23.31,34856,0
2016-07-27,23.35,23.97,23.24,23.95,30253,0
2016-07-28,23.87,23.87,23.12,23.22,18242,0
2016-07-29,23.37,23.37,22.57,22.89,28315,0
2016-08-01,22.46,23.44,22.46,23.33,40171,0
2016-08-02,23.47,24.53,23.47,24.15,30617,0
2016-08-03,24.22,24.55,23.17,24.08,48560,0
2016-08-04,24.09,24.43,23.58,23.94,18208,0
2016-08-05,23.68,24.41,23.6,23.99,19772,0
2016-08-08,23.96,24.2,23.6,23.65,7737,0
2016-08-09,23.98,24.075,23.4,23.52,6169,0
2016-08-10,23.61,23.87,23.2701,23.54,14323,0
2016-08-11,23.42,23.64,23.31,23.45,19569,0
2016-08-12,23.6,23.77,23.23,23.4,7396,0
2016-08-15,23.45,23.8899,23.45,23.665,20014,0
2016-08-16,23.4,23.95,23.4,23.77,6723,0
2016-08-17,23.67,24.32,23.45,23.87,13924,0
2016-08-18,23.79,24.07,23.75,24.04,4588,0
2016-08-19,23.91,24.23,23.91,24.14,14033,0
2016-08-22,24,24.07,22.8,23.9,14919,0
2016-08-23,23.74,24.49,23.705,24.16,8429,0
2016-08-24,24.12,24.49,23.94,24.28,10401,0
2016-08-25,24.15,24.62,23.892,24.61,17612,0
2016-08-26,24.22,24.53,22.79,24.47,16948,0
2016-08-29,24.24,25.14,24.21,25.14,18840,0
2016-08-30,25.19,25.53,24.955,25.1,16123,0
2016-08-31,25,25.2,24.45,24.84,50891,0
2016-09-01,24.8,25.38,24.21,25,19378,0
2016-09-02,25.24,25.46,24.91,25.25,10854,0
2016-09-06,25.18,25.54,25.1705,25.46,14357,0
2016-09-07,25.42,26.68,25.29,26.61,11622,0
2016-09-08,26.49,27.1199,26.49,27,17690,0
2016-09-09,26.68,26.68,24.95,25.21,7825,0
2016-09-12,25.3405,26.65,25.3405,25.92,32357,0
2016-09-13,25.57,26.22,24.78,24.98,17943,0
2016-09-14,25.12,25.55,24.3,24.7,26141,0
2016-09-15,24.49,26.23,24.49,25.46,52378,0
2016-09-16,25.55,26.41,25.51,26.1,34441,0
2016-09-19,26.09,27.03,25.59,26.84,28565,0
2016-09-20,26.64,27.12,26.64,26.9,13656,0
2016-09-21,27.34,27.35,26.57,27.02,20688,0
2016-09-22,26.9795,27.295,26.75,26.82,12833,0
2016-09-23,26.96,27.07,26.28,26.84,14748,0
2016-09-26,26.91,27.23,26.75,26.88,14059,0
2016-09-27,26.8,26.825,26.395,26.79,9204,0
2016-09-28,26.69,26.835,26.0901,26.73,11738,0
2016-09-29,26.81,26.81,26.42,26.42,4329,0
2016-09-30,26.57,26.77,26.37,26.5,13170,0
2016-10-03,26.09,26.66,25.8201,26.51,66472,0
2016-10-04,26.06,26.6517,25.29,26.31,2852,0
2016-10-05,26.44,26.68,26.185,26.53,72192,0
2016-10-06,26.25,26.29,26,26.13,6569,0
2016-10-07,26,26,25.46,25.56,4251,0
2016-10-10,25.65,25.97,25.252,25.55,10834,0
2016-10-11,25.4,25.95,25.3649,25.79,6049,0
2016-10-12,26.2697,26.58,26.2697,26.37,1968,0
2016-10-13,26.16,26.2,25.6,25.69,4047,0
2016-10-14,25.8,26.38,25.69,26.32,4951,0
2016-10-17,26.3,26.45,25.8,26.3,12752,0
2016-10-18,26.4,26.5,25.95,26,29354,0
2016-10-19,26.25,26.5,26.25,26.5,9993,0
2016-10-20,26.35,27.4,26.2,26.35,19728,0
2016-10-21,26.3,26.8,25.85,26.55,14309,0
2016-10-24,26.8,27.1,25.2889,26.8,9092,0
2016-10-25,26.85,27.1,26.85,26.95,5512,0
2016-10-26,26.85,27.05,26.7,26.75,11257,0
2016-10-27,26.9,26.9,26.7,26.75,8026,0
2016-10-28,27.5,27.5,26.75,26.75,3951,0
2016-10-31,26.95,27.25,26.7,26.7,15471,0
2016-11-01,26.85,26.95,26.05,26.05,14757,0
2016-11-02,25.7,26.575,25.2388,26.05,20787,0
2016-11-03,26,26,25.4,25.55,26072,0
2016-11-04,25,25.8,24.5,24.85,15074,0
2016-11-07,26.125,26.525,25,25.25,18478,0
2016-11-08,25.4,25.7,25.1,25.15,46368,0
2016-11-09,24.85,25.7,24.75,25.5,51191,0
2016-11-10,25.525,25.9,25.1,25.4,25816,0
2016-11-11,25.45,26.55,24.688,25.8,49896,0
2016-11-14,25.75,25.9,25.45,25.85,34982,0
2016-11-15,26.6,26.75,25.4,25.7,20726,0
2016-11-16,25.3,26.075,25.3,25.75,37092,0
2016-11-17,25.9,25.9,25.45,25.7,17884,0
2016-11-18,25.8,26.6,25.75,26.1,30597,0
2016-11-21,26.3,26.3,25.9136,26.15,22961,0
2016-11-22,26,26.35,25.5,25.55,33119,0
2016-11-23,25.45,25.6,25.4,25.5,13751,0
2016-11-25,25.45,25.55,25.4,25.5,3679,0
2016-11-28,25.4,25.7,24.9,25.1,29531,0
2016-11-29,25.25,25.5,24.5,25.15,19231,0
2016-11-30,25.55,25.65,24.9,25.2,56317,0
2016-12-01,25.1,25.45,24.85,24.95,29369,0
2016-12-02,24.8,25.15,24.75,24.85,12199,0
2016-12-05,24.85,25.45,24.85,25,41851,0
2016-12-06,25,25.2,24.6,24.95,21521,0
2016-12-07,25.1,26.175,25.1,25.45,27007,0
2016-12-08,25.2,26.1,25.025,26,43430,0
2016-12-09,26.1,26.5,25.95,26.05,40260,0
2016-12-12,25.65,26.248,25.55,25.6,27989,0
2016-12-13,25.3,26.25,24.525,25.9,52828,0
2016-12-14,25.95,26,25.1,25.2,14973,0
2016-12-15,25.3,26.8,25.3,25.9,37189,0
2016-12-16,26,26.35,25.85,25.95,45337,0
2016-12-19,25.75,26.15,25.4075,25.95,23721,0
2016-12-20,25.8,26.25,25.8,26.1,28332,0
2016-12-21,26.2,26.275,25.85,25.95,25348,0
2016-12-22,26.15,26.15,25.7,25.85,7422,0
2016-12-23,25.95,26.05,25.85,25.95,6144,0
2016-12-27,26.15,26.25,25.95,26.05,4233,0
2016-12-28,26,26.1,25.45,25.5,49524,0
2016-12-29,25.6,25.9,25.2,25.45,14885,0
2016-12-30,25.5,25.5,25.35,25.45,10681,0
2017-01-03,25.8,26,25.5,25.75,35140,0
2017-01-04,26,26,25.6,25.75,22659,0
2017-01-05,25.55,25.75,25.4,25.45,17227,0
2017-01-06,25.1,25.5,25.1,25.3,15940,0
2017-01-09,25,25.95,24.9384,25.15,9992,0
2017-01-10,25.1,25.45,24.675,25.2,18721,0
2017-01-11,25.1,25.45,24.701,25,13116,0
2017-01-12,24.7,25,23.8037,24.05,19672,0
2017-01-13,24.1,25.35,24.1,24.65,91208,0
2017-01-17,24.75,24.85,24.2,24.45,96022,0
2017-01-18,24.5,24.75,24.35,24.65,22683,0
2017-01-19,24.25,24.5,24.25,24.35,8878,0
2017-01-20,24.4,24.6,24.4,24.55,6079,0
2017-01-23,24.4,24.5,24.15,24.25,7544,0
2017-01-24,24.2,24.6,24.1,24.5,9395,0
2017-01-25,24.55,24.9,24.3,24.7,23429,0
2017-01-26,24.45,24.8,24.45,24.8,8691,0
2017-01-27,24.8,25.55,24.8,25.2,17336,0
2017-01-30,25,25.4653,24.55,25.05,4243,0
2017-01-31,24.9,25.05,24.6,24.95,13974,0
2017-02-01,25.4,25.4,24.5,24.5,18467,0
2017-02-02,24.3999,24.3999,23.7,23.8,11180,0
2017-02-03,24,25.03,23.75,23.8,12493,0
2017-02-06,23.65,23.75,23.15,23.2,10926,0
2017-02-07,23.25,23.4,23.05,23.15,17162,0
2017-02-08,23.1,23.35,22.95,23.1,6561,0
2017-02-09,23.45,23.8,23.45,23.65,10038,0
2017-02-10,23.8,24.85,23.6,24.35,13692,0
2017-02-13,24.05,24.7,24,24.7,8148,0
2017-02-14,24.45,24.7,24.3,24.4,6976,0
2017-02-15,24.3001,24.6,24.3,24.5,8132,0
2017-02-16,24.1606,24.6,24.15,24.45,12000,0
2017-02-17,24.6,24.6,24.4,24.45,11477,0
2017-02-21,24.45,24.7,24.2,24.7,27446,0
2017-02-22,25.1,25.1,24.25,24.35,34656,0
2017-02-23,24.45,24.5,24.05,24.2,6282,0
2017-02-24,23.6688,24.15,23.6,23.85,8350,0
2017-02-27,23.55,24.2,23.55,24.1,8042,0
2017-02-28,24.45,24.5,23.9,24,8589,0
2017-03-01,23.8,24.65,23.8,24.5,23060,0
2017-03-02,24.35,24.35,23.8,24.1,8731,0
2017-03-03,24,24.75,24,24.6,29917,0
2017-03-06,25,25.0499,24.15,24.9,42480,0
2017-03-07,24.7,25.15,24.6,24.8,228311,0
2017-03-08,25.15,25.15,24.15,24.7,96008,0
2017-03-09,24.85,25.1,24.65,24.85,49377,0
2017-03-10,25.25,26,24.7,25.8,36293,0
2017-03-13,26.15,26.25,25.3,25.7,23117,0
2017-03-14,25.8,26,25.35,25.65,38713,0
2017-03-15,25.95,26.1405,25.4,25.65,28751,0
2017-03-16,25.9,26.3,25.1501,25.6,15829,0
2017-03-17,25.5,25.9,24.9,25.55,54421,0
2017-03-20,25.5,25.8499,25.4,25.55,35138,0
2017-03-21,25.7,25.74,25.15,25.3,20049,0
2017-03-22,25.15,25.3,24,24.75,20540,0
2017-03-23,25,25.45,24.95,25.1,9791,0
2017-03-24,25.25,25.25,24.9,25,13132,0
2017-03-27,24.7,25.2,24.35,24.75,18183,0
2017-03-28,24.45,25.5,24.45,25.25,54959,0
2017-03-29,25.65,25.65,24.9,25,47131,0
2017-03-30,24.9,25.25,24.8,25,9026,0
2017-03-31,24.7,26.1,24.7,25.9,76634,0
2017-04-03,25.85,26.4,25.35,25.35,56281,0
2017-04-04,25.45,25.45,24.7,25,33705,0
2017-04-05,25.1,25.75,24.65,25,66449,0
2017-04-06,25.1,25.25,24.75,25.1,62081,0
2017-04-07,25.3,25.3,24.8,24.9,5980,0
2017-04-10,24.6,25.2,24.55,24.8,11399,0
2017-04-11,24.65,25.15,24.65,24.95,10725,0
2017-04-12,24.65,24.9,24.3501,24.5,10696,0
2017-04-13,24.4,25.05,24.05,24.95,15770,0
2017-04-17,25.05,25.9,25.05,25.8,20476,0
2017-04-18,25.7,25.85,25.3,25.7,7768,0
2017-04-19,25.4,25.85,25.3,25.5,10066,0
2017-04-20,25.7,26,25.35,26,9060,0
2017-04-21,26,26.35,25.8,26.2,10397,0
2017-04-24,26.5,26.6,26.1,26.3,11206,0
2017-04-25,26.3,26.449,25.85,26,8887,0
2017-04-26,25.85,26.9,25.85,26.85,14540,0
2017-04-27,26.75,26.85,26.4,26.75,27641,0
2017-04-28,26.75,26.8,26.5408,26.7,11834,0
2017-05-01,26.7,27,26.55,26.85,22634,0
2017-05-02,26.8,26.85,26.35,26.45,5973,0
2017-05-03,26.55,28.45,26.4015,26.5,52625,0
2017-05-04,27.5,27.5,26.6,26.9,4870,0
2017-05-05,27.146,27.146,26.4,26.45,20413,0
2017-05-08,26.55,27.05,26.25,26.75,31711,0
2017-05-09,26.6,26.75,26.25,26.45,39118,0
2017-05-10,26.5,26.75,26.5,26.65,45849,0
2017-05-11,26.55,26.85,26.4,26.8,15563,0
2017-05-12,26.65,26.75,26.5,26.65,9380,0
2017-05-15,26.7,26.9,26.57,26.85,17453,0
2017-05-16,26.7,26.95,26.65,26.9,16068,0
2017-05-17,26.4,26.9,26.4,26.75,15475,0
2017-05-18,26.7,26.825,26.6,26.75,11531,0
2017-05-19,26.6,27.075,26.6,26.95,40765,0
2017-05-22,26.95,27.4,26.9,27.3,29141,0
2017-05-23,27.3,27.55,27.25,27.45,14476,0
2017-05-24,27.3,27.55,27.3,27.4,22210,0
2017-05-25,27.35,27.45,27.3,27.4,7278,0
2017-05-26,27.3,27.6,27.3,27.45,15250,0
2017-05-30,27.4,27.55,27.4,27.5,19202,0
2017-05-31,27.6,27.6,27.3,27.35,61585,0
2017-06-01,27.35,27.75,27.3,27.6,61182,0
2017-06-02,27.65,28,27.6,27.75,31716,0
2017-06-05,27.85,27.95,27.6,27.65,34612,0
2017-06-06,27.35,27.45,26.75,27.05,52921,0
2017-06-07,27.05,27.4,27.05,27.3,33531,0
2017-06-08,26.9732,27.5,26.9732,27.5,29879,0
2017-06-09,27.4,27.8,27.25,27.5,28929,0
2017-06-12,27.55,28,27.5,27.75,47995,0
2017-06-13,27.75,27.8999,27.4,27.75,13826,0
2017-06-14,27.5,27.85,27.5,27.65,12943,0
2017-06-15,27.65,27.7,27.35,27.65,12251,0
2017-06-16,27.5,27.7,27.2,27.7,34553,0
2017-06-19,27.6,27.8,27.325,27.7,17856,0
2017-06-20,27.7,27.875,27.25,27.75,26363,0
2017-06-21,27.9,27.995,27.75,27.8,13409,0
2017-06-22,27.9,28,27.7,27.75,9546,0
2017-06-23,27.65,27.95,27.65,27.9,47535,0
2017-06-26,28,28,27.5,27.9,18579,0
2017-06-27,27.85,28,27.5,27.8,23696,0
2017-06-28,27.8,28,27.8,27.95,15422,0
2017-06-29,28,28.4,27.75,28.3,46338,0
2017-06-30,28.4,28.475,28.05,28.3,29340,0
2017-07-03,28.25,28.5,28.2,28.35,9904,0
2017-07-05,28.4,28.55,27.75,27.9,14932,0
2017-07-06,27.75,27.7875,27.5,27.55,16592,0
2017-07-07,27.6388,28.05,27.6,27.9,27039,0
2017-07-10,27.95,28.4,27.65,27.65,23022,0
2017-07-11,27.7,28.1,27.45,27.9,29608,0
2017-07-12,28,28.25,27.75,27.9,22025,0
2017-07-13,28.05,28.45,27.4,28.05,9664,0
2017-07-14,28,28.1,27.751,27.9,11099,0
2017-07-17,27.75,28.175,27.7,27.9,11691,0
2017-07-18,27.85,28,27.55,27.6,34780,0
2017-07-19,28.05,28.1,27.6501,27.8,18354,0
2017-07-20,27.7,27.9,27.6,27.65,3544,0
2017-07-21,27.75,27.95,27.25,27.35,29217,0
2017-07-24,27.4,27.45,27,27.35,12842,0
2017-07-25,27.3,27.65,27.25,27.5,50479,0
2017-07-26,27.55,28.15,27.55,28,28108,0
2017-07-27,28.05,28.2,27.95,28.1,14603,0
2017-07-28,28.1,28.55,28.1,28.4,20751,0
2017-07-31,28.45,29,28.4,28.85,27194,0
2017-08-01,28.8,29,28.75,28.9,12974,0
2017-08-02,28.8,28.85,28.5,28.7,27920,0
2017-08-03,28.5,28.5,27.9,27.95,15881,0
2017-08-04,28.15,28.35,27.65,28.05,11459,0
2017-08-07,28,28,27.45,27.8,17916,0
2017-08-08,27.65,28.4,27.65,28,18233,0
2017-08-09,27.8,28.1999,27.5,27.95,11130,0
2017-08-10,28,28.15,27.8,27.9,29931,0
2017-08-11,28,28.05,27.65,27.95,15366,0
2017-08-14,27.9,28.35,27.75,28.35,15935,0
2017-08-15,28.2,28.35,28.1,28.2,4866,0
2017-08-16,28.2999,28.35,28.1,28.2,7279,0
2017-08-17,28.05,28.15,27.55,27.55,15635,0
2017-08-18,27.35,28,27.35,27.7,20156,0
2017-08-21,27.75,27.85,27.65,27.75,13468,0
2017-08-22,27.85,27.95,27.7,27.8,5119,0
2017-08-23,27.8,27.85,27.45,27.5,9084,0
2017-08-24,27.6,27.65,27.3,27.4,11150,0
2017-08-25,27.85,27.85,27.2,27.3,8721,0
2017-08-28,27.35,27.35,26.75,26.75,28460,0
2017-08-29,26.7,27.05,26.7,26.95,6862,0
2017-08-30,27.1,27.1,26.85,27,12262,0
2017-08-31,27.2,27.3,26.55,26.6,17716,0
2017-09-01,26.75,26.95,26.25,26.6,11566,0
2017-09-05,26.65,26.85,26.05,26.75,9575,0
2017-09-06,26.8,27.15,26.65,26.75,9817,0
2017-09-07,26.55,26.6,26,26.2,17488,0
2017-09-08,26,26.575,25.875,26.05,7730,0
2017-09-11,26,26.6,26,26.45,25844,0
2017-09-12,26.35,26.8,26.35,26.5,12066,0
2017-09-13,26.25,27.1,26.25,26.9,19619,0
2017-09-14,27.1,27.9,27,27,9892,0
2017-09-15,27.1,27.15,26.5,26.55,21163,0
2017-09-18,26.55,26.8765,26.55,26.65,11370,0
2017-09-19,26.85,27.55,26.85,27.5,16968,0
2017-09-20,27.3,28.3,27.3,28,12988,0
2017-09-21,28.15,28.15,27.875,28.05,11897,0
2017-09-22,27.95,28.55,27.9,28.5,8633,0
2017-09-25,28.3,28.45,27.9,27.9,10450,0
2017-09-26,27.9,28.375,27.9,28.25,10657,0
2017-09-27,28.15,29,28.05,28.85,14140,0
2017-09-28,28.7,28.95,28.35,28.55,8326,0
2017-09-29,28.65,28.65,28,28.1,12137,0
2017-10-02,28.05,28.75,28.05,28.75,17521,0
2017-10-03,28.65,29.05,28.5,28.95,13029,0
2017-10-04,28.3,28.9,28,28.35,9257,0
2017-10-05,28.55,28.55,27.905,28.2,11588,0
2017-10-06,28.2,28.4,28.15,28.35,9082,0
2017-10-09,28.5,28.6,28.15,28.25,7692,0
2017-10-10,28.3,28.8,27.8,28.35,32380,0
2017-10-11,28.35,28.7,28,28.15,23361,0
2017-10-12,28.2,28.95,28.1,28.7,20413,0
2017-10-13,28.9,30.3,28.9,30.25,22373,0
2017-10-16,30.45,30.45,29.975,30.1,8932,0
2017-10-17,30,30.3,29.55,29.75,22061,0
2017-10-18,29.7,30.4,29.55,30.25,6385,0
2017-10-19,30,30.1,28.501,30.05,7496,0
2017-10-20,30.1,30.15,29.9,30.15,27096,0
2017-10-23,30.3,30.8,29.896,29.9,12725,0
2017-10-24,30,30.7,30,30.55,11719,0
2017-10-25,30.15,31.2,30.05,31.15,7864,0
2017-10-26,31.05,31.5,30.95,31.45,22193,0
2017-10-27,31.2,31.3,30.7,31.1,11385,0
2017-10-30,30.7,30.7,29.675,30.05,9278,0
2017-10-31,30.05,31.15,30.05,30.85,13425,0
2017-11-01,31.15,31.15,29.5,30.1,15145,0
2017-11-02,29.8,29.8,27.3,27.3,30786,0
2017-11-03,26.95,27.5,26.75,27.05,41779,0
2017-11-06,27,27.15,26.25,26.7,53901,0
2017-11-07,26.95,27.5,26.75,26.8,40618,0
2017-11-08,26.8,27.3,26.65,26.85,15605,0
2017-11-09,26.85,27,26.05,26.7,18725,0
2017-11-10,26.65,26.65,26.15,26.3,6118,0
