2016-01-04,154.23,156.28,152.215,155.54,644478,0
2016-01-05,156.38,159.96,149.16,150.04,733967,0
2016-01-06,148.91,150.39,145.08,147.12,767726,0
2016-01-07,144.43,148.59,142.49,144.42,584275,0
2016-01-08,146.9,148.45,141.21,141.5,497329,0
2016-01-11,141.95,143,135.934,138.34,695862,0
2016-01-12,141.03,145.26,137.42,143.23,953799,0
2016-01-13,143.34,144.652,134.805,135.82,492533,0
2016-01-14,136.83,138.775,132.835,136.22,742951,0
2016-01-15,133.44,135.97,120.52,133.05,436353,0
2016-01-19,134.54,136.23,126.78,129.17,671500,0
2016-01-20,127.43,131.14,124.08,128.61,723816,0
2016-01-21,129.61,131.225,124.69,125.81,628028,0
2016-01-22,128.23,130.6,125.967,129.44,492713,0
2016-01-25,128.48,129.41,126.26,126.94,725379,0
2016-01-26,127.26,129.72,124.41,127.64,663678,0
2016-01-27,127.89,129.19,124.22,125.45,370785,0
2016-01-28,126.74,127.44,120.07,122.79,621435,0
2016-01-29,122.63,125.54,121.27,123.04,423201,0
2016-02-01,123.08,126.53,121.99,125.61,675181,0
2016-02-02,124.29,125.4,119.74,122.68,535943,0
2016-02-03,122.39,123.52,116.6,122.77,515941,0
2016-02-04,121.87,125.98,119.8,122.75,471600,0
2016-02-05,121.2,122.545,116.6,118.45,996147,0
2016-02-08,116.82,119.745,114.5,115.75,688923,0
2016-02-09,114.96,121.2,113.2,119.32,477208,0
2016-02-10,120.83,126.08,119.59,119.74,552842,0
2016-02-11,117.79,122.85,117.08,121.61,650008,0
2016-02-12,124.18,128.2,121.71,126.56,586869,0
2016-02-16,128.4,131.39,127.58,129.83,610189,0
2016-02-17,130.45,133.84,129.015,131.62,399498,0
2016-02-18,132,133.22,126.6,127.89,629290,0
2016-02-19,128.49,128.67,123.5,127.32,872570,0
2016-02-22,128.37,130.51,126.98,128.13,561853,0
2016-02-23,128.2,130.82,127.48,127.73,387215,0
2016-02-24,126.26,130.37,124.56,129.17,544960,0
2016-02-25,128.75,129,119.05,124.83,708524,0
2016-02-26,125.83,128.85,120.5,123.8,779733,0
2016-02-29,123.01,127.31,121.54,121.94,674335,0
2016-03-01,122.14,127.09,121.84,126.54,704897,0
2016-03-02,126.94,129.04,125.74,128.88,530060,0
2016-03-03,128.48,129.64,124.97,126,716709,0
2016-03-04,126,129.72,124.1,127.64,489107,0
2016-03-07,127,133.69,125.26,131.87,509327,0
2016-03-08,131.38,133.69,124.5,124.8,498184,0
2016-03-09,125.19,125.19,121.37,123.97,471076,0
2016-03-10,125.22,127.85,121.92,122.61,519425,0
2016-03-11,124.13,127,123.13,124.64,486833,0
2016-03-14,125.08,128.71,125,126.69,850711,0
2016-03-15,125.57,125.57,119.55,120.26,733861,0
2016-03-16,121.22,124.85,119.61,121.44,725376,0
2016-03-17,121.41,123.345,117.03,118.02,903705,0
2016-03-18,117.71,123.4,116.5,122.78,959956,0
2016-03-21,122.19,126.24,121.295,124.64,591164,0
2016-03-22,124.76,127.38,124.24,126.47,656470,0
2016-03-23,126,126.81,121.42,121.6,626484,0
2016-03-24,117.99,118.205,107.51,108.87,1928372,0
2016-03-28,109.67,112.85,108.4,108.47,1011540,0
2016-03-29,109.01,112.32,107.04,109.62,954809,0
2016-03-30,110.96,113.93,108.66,109.94,649343,0
2016-03-31,110.42,112.67,110.17,111.43,632558,0
2016-04-01,111.2,113.49,109.85,112.93,807830,0
2016-04-04,113,117.19,113,113.52,765161,0
2016-04-05,112.98,114.37,111.49,111.95,910237,0
2016-04-06,112.85,117.65,112.12,115.54,1298108,0
2016-04-07,115.55,115.85,112,112.97,853511,0
2016-04-08,113.65,115.04,112.17,112.94,662851,0
2016-04-11,112.4,112.4,108.31,109.81,627989,0
2016-04-12,110.21,111.11,109.05,110.15,706515,0
2016-04-13,111.39,116.08,111.11,115.14,746602,0
2016-04-14,115.44,115.86,113,114.68,345230,0
2016-04-15,114.32,116.27,113.8,115.43,438104,0
2016-04-18,114.62,116.69,114.09,116.06,301069,0
2016-04-19,116.24,116.51,113.21,114.89,382038,0
2016-04-20,115.53,117.49,114.6,115.25,360401,0
2016-04-21,115.02,117.79,114.31,117.65,549143,0
2016-04-22,117.9,119.74,116.01,119.61,417733,0
2016-04-25,118.41,119.36,116.21,117.3,398725,0
2016-04-26,117.56,118.86,116.25,117.45,353375,0
2016-04-27,117.11,119.19,116.2,117.68,691021,0
2016-04-28,105.93,110.18,102.5,104.84,2176792,0
2016-04-29,103.74,107.59,103.74,105.2,812243,0
2016-05-02,105.49,110.55,104.9,110.19,776155,0
2016-05-03,109.68,113,108.51,110.55,635346,0
2016-05-04,110.36,111.23,107.77,108.2,672463,0
2016-05-05,108.88,109.43,106.98,107.77,361209,0
2016-05-06,107.65,109.44,105.515,108.16,518419,0
2016-05-09,108.58,112.48,108.254,111.61,452792,0
2016-05-10,112.19,112.985,110.01,111.86,672545,0
2016-05-11,112.27,112.27,108.04,108.44,424658,0
2016-05-12,108.98,110.42,108.09,109.23,720327,0
2016-05-13,109.47,113.33,109.47,111.48,488781,0
2016-05-16,111.23,111.35,107.68,110.62,526503,0
2016-05-17,109.95,112.49,108.75,110.84,402797,0
2016-05-18,110.21,114.03,109.83,112.45,403694,0
2016-05-19,111.97,114.26,109.69,110.8,349405,0
2016-05-20,111.02,114.12,110.79,113.62,338723,0
2016-05-23,113.78,115.96,113.47,114.13,314765,0
2016-05-24,114,117.81,113.99,116.62,535983,0
2016-05-25,117.83,119.98,116.85,117.77,442656,0
2016-05-26,117.5,118.895,116.87,117.15,319858,0
2016-05-27,116.98,117.89,115.64,117.72,266839,0
2016-05-31,118.37,119.31,117.54,119.03,489262,0
2016-06-01,118.34,119.59,118.08,119.13,438837,0
2016-06-02,118.79,121.69,118.58,121.03,516229,0
2016-06-03,120.53,120.53,115.75,116.31,391267,0
2016-06-06,116.77,119.77,114.55,119.31,333536,0
2016-06-07,118.46,118.99,116.091,116.34,289858,0
2016-06-08,116.62,117.51,114.22,117.04,230491,0
2016-06-09,116.76,117.83,113.13,113.13,432923,0
2016-06-10,111.63,112.71,109.51,111.35,261755,0
2016-06-13,111.06,112.75,109.4,110.06,433129,0
2016-06-14,109.63,110.37,106.27,107.26,594616,0
2016-06-15,105,106.08,101.52,104.51,881477,0
2016-06-16,104.2,106.52,103.1,106.28,448706,0
2016-06-17,106,107.49,101.47,102.11,758436,0
2016-06-20,103.84,105,102.63,103.62,494608,0
2016-06-21,104.27,104.27,101.03,101.8,502009,0
2016-06-22,102.61,106.36,102.33,103.36,466075,0
2016-06-23,104.35,105.4,102.92,105.28,461502,0
2016-06-24,101.28,104.93,101.1,102.08,496476,0
2016-06-27,101.46,102.57,97.52,98.33,609668,0
2016-06-28,99.25,102,98.605,101.72,453665,0
2016-06-29,102.95,104.88,100.7,103.54,477807,0
2016-06-30,103.76,106.09,103.3,105.92,528106,0
2016-07-01,106.27,109.04,105.33,108.89,483159,0
2016-07-05,109.06,109.86,106.46,107.73,498491,0
2016-07-06,107.6,110.83,106.26,110.17,669356,0
2016-07-07,110.63,111.89,108.83,109.58,350704,0
2016-07-08,109.44,111.87,109.38,111.16,559417,0
2016-07-11,112.06,112.06,108.501,110.23,390562,0
2016-07-12,111.2,113.77,110.21,112.93,475924,0
2016-07-13,113.44,113.44,108.4,109.24,437777,0
2016-07-14,110.58,110.94,109.18,110.21,356750,0
2016-07-15,111,112.55,110.25,110.75,354968,0
2016-07-18,111.01,112.06,110.011,110.86,267895,0
2016-07-19,111.07,112.029,109.71,110.87,342154,0
2016-07-20,112,115.12,111.77,114.83,571809,0
2016-07-21,115.25,115.87,111.83,112.43,447589,0
2016-07-22,113,113.43,111.29,111.41,362365,0
2016-07-25,111.65,112.5,110.72,112.13,318980,0
2016-07-26,111.75,113.19,111.57,112.45,295055,0
2016-07-27,112.52,114.12,111.19,113.2,436428,0
2016-07-28,114.01,119.92,112.73,118.99,827718,0
2016-07-29,118.97,122.23,118.185,121.01,722337,0
2016-08-01,121.01,126.65,121.01,125.08,836397,0
2016-08-02,124.79,127.01,124.111,125.85,671254,0
2016-08-03,126.05,126.36,123.95,124.86,399333,0
2016-08-04,125.29,126.48,124.54,125.48,487556,0
2016-08-05,126.03,126.8,125.15,125.21,268915,0
2016-08-08,125.75,128.28,124.695,127.83,516686,0
2016-08-09,127.83,128.84,125.06,125.37,391736,0
2016-08-10,125.4,126.419,122.31,123.08,339444,0
2016-08-11,123.25,124.84,122.89,124.33,203673,0
2016-08-12,124.33,125.28,122.15,125.19,221759,0
2016-08-15,125.34,127.27,125.01,126.58,267693,0
2016-08-16,126.14,126.29,124.001,125.22,243856,0
2016-08-17,125.42,126.855,124.8,125.59,324068,0
2016-08-18,125.18,126.81,124.66,125.61,180353,0
2016-08-19,124.91,127.15,124.91,126.92,288839,0
2016-08-22,127.92,130.99,127.5,129.45,462779,0
2016-08-23,129.92,130.55,128.73,129.64,407607,0
2016-08-24,129.64,130.95,124.215,124.83,430974,0
2016-08-25,124.58,126.89,121.64,123.26,490527,0
2016-08-26,123.85,124.8,119.7,121.76,519755,0
2016-08-29,121.75,122.84,120.71,122.04,285778,0
2016-08-30,121.61,124.17,121.57,121.91,224305,0
2016-08-31,121.75,122.85,120.15,122.28,472007,0
2016-09-01,122.75,123.47,121.41,123.21,333694,0
2016-09-02,123.36,123.49,121.58,122.91,349908,0
2016-09-06,123.19,123.92,121.73,122.47,387748,0
2016-09-07,122.12,123.88,121.61,121.89,401820,0
2016-09-08,121.89,124.56,121.13,124.45,315947,0
2016-09-09,123.44,123.83,119.93,119.96,300154,0
2016-09-12,120.16,124.85,120.08,124.57,427376,0
2016-09-13,123.14,123.172,120.08,121.81,408718,0
2016-09-14,122.51,123.833,121.55,122.44,234754,0
2016-09-15,122.3,123.285,120.44,122.78,392103,0
2016-09-16,122.17,124.62,122.17,123.31,733379,0
2016-09-19,124,124.334,122.52,122.76,506002,0
2016-09-20,123.64,124.495,122.02,123.44,386362,0
2016-09-21,124.17,124.67,122.06,123.47,438389,0
2016-09-22,123.88,127.18,123.045,127.01,485384,0
2016-09-23,126.54,127.79,125.73,127.21,361953,0
2016-09-26,126.3,126.76,125.13,125.57,250675,0
2016-09-27,125.43,125.88,120.45,121.97,753883,0
2016-09-28,121.76,122.215,116.7,118.67,730982,0
2016-09-29,118.55,119.08,115.04,115.04,421928,0
2016-09-30,115.84,118.36,114.38,118.08,595586,0
2016-10-03,117.85,118.54,117.01,118.34,378991,0
2016-10-04,118.92,119.42,116.56,117.26,235062,0
2016-10-05,118.03,121.68,117.598,121.46,375217,0
2016-10-06,121.6,121.93,119.78,121.22,287810,0
2016-10-07,121.14,123.74,120.435,123.52,340883,0
2016-10-10,124.14,125.29,123.705,124.56,208555,0
2016-10-11,124,124,120.45,121.11,306161,0
2016-10-12,120.84,121.92,117.49,117.59,461026,0
2016-10-13,116.25,119.05,116,117.59,357957,0
2016-10-14,118.48,119.99,116.03,116.89,440877,0
2016-10-17,116.41,118.41,116.05,117.5,286857,0
2016-10-18,118.34,119.65,116.855,116.97,288916,0
2016-10-19,117.2,118.73,115.01,116.49,488157,0
2016-10-20,115.79,116.79,111.11,113.04,703458,0
2016-10-21,113.36,114.94,110.9,111.68,491819,0
2016-10-24,112.39,113.3,111.572,111.8,417424,0
2016-10-25,112.07,112.85,111.11,112.17,631298,0
2016-10-26,112.15,114.09,111.191,113.08,851421,0
2016-10-27,114.83,119.21,112.556,116.34,994842,0
2016-10-28,117.97,119.18,115.13,118.14,678089,0
2016-10-31,118.41,121.46,118,120.07,653381,0
2016-11-01,119.08,120.86,118.095,119.89,547426,0
2016-11-02,119.26,120.26,118.7,118.94,447259,0
2016-11-03,119.21,119.81,113.25,113.42,679571,0
2016-11-04,113.76,116.83,113.514,114.14,535820,0
2016-11-07,116.51,119.87,115.045,119.55,474158,0
2016-11-08,118.55,122.01,117.28,121.29,512708,0
2016-11-09,125.59,130.33,124.84,129.98,1102345,0
2016-11-10,131,134.5,128.09,129.25,929124,0
2016-11-11,128.67,128.82,123.76,127,754690,0
2016-11-14,127.22,134.48,126.9,134.35,962444,0
2016-11-15,133,135.71,131.25,135.19,496038,0
2016-11-16,134.65,136.88,132.74,133.01,440815,0
2016-11-17,133.05,133.99,132.16,133.51,409224,0
2016-11-18,133.5,133.5,130.49,130.94,426360,0
2016-11-21,131.41,131.85,130.1,131.45,338579,0
2016-11-22,131.45,132,127.03,129.1,392516,0
2016-11-23,127,131.5,125.47,131.39,359148,0
2016-11-25,132.22,135.19,131.16,134.55,237227,0
2016-11-28,134.62,135.26,132.18,132.74,445133,0
2016-11-29,129.26,130.42,126.38,126.57,517176,0
2016-11-30,127.7,128.13,125.06,125.61,554534,0
2016-12-01,126.47,127.96,125.39,126.88,436677,0
2016-12-02,127.16,128.33,125.69,126.49,403354,0
2016-12-05,127.28,131.134,127.28,129.37,462406,0
2016-12-06,130.13,136.78,129.42,136.73,552673,0
2016-12-07,134.38,134.38,129.13,131.51,684620,0
2016-12-08,132.25,133.42,129.14,131.88,524351,0
2016-12-09,132.72,136.49,131.45,131.66,366727,0
2016-12-12,131.82,140.39,130.55,138.95,784244,0
2016-12-13,139.05,139.642,135.24,136.76,547712,0
2016-12-14,137.41,139.75,136.32,138.09,445867,0
2016-12-15,140.19,145.5,139.435,144.92,731979,0
2016-12-16,144.43,145.98,143.67,144.54,1063368,0
2016-12-19,145.19,147.595,142.58,143.24,557123,0
2016-12-20,143.92,145.78,142.32,145.38,494569,0
2016-12-21,145.06,145.55,142.48,143.04,505382,0
2016-12-22,143.93,143.93,138.67,139.43,509091,0
2016-12-23,139.85,142.88,139.4,142.01,494479,0
2016-12-27,142.95,145.6,141.77,143.53,417069,0
2016-12-28,143.81,144.985,141.95,142.97,378982,0
2016-12-29,143.57,144.985,142.99,143.94,392266,0
2016-12-30,144.5,145.4,142.65,143.43,528419,0
2017-01-03,144.12,146.96,141.3,143.99,627397,0
2017-01-04,144.61,149.09,143.835,148.12,562429,0
2017-01-05,148.33,149.3,144.42,145.89,541236,0
2017-01-06,146.98,148.745,146.1,146.96,465225,0
2017-01-09,147.83,148.93,145.775,147.86,540045,0
2017-01-10,148.78,152.66,147.32,152.46,689617,0
2017-01-11,151.86,153.075,142.09,142.78,963255,0
2017-01-12,142.5,147.34,141.86,147.07,662643,0
2017-01-13,147.53,150.78,147.53,150.22,633343,0
2017-01-17,149.5,149.8,147.37,147.94,476738,0
2017-01-18,148.61,152.89,147.98,152.8,623369,0
2017-01-19,152.93,154.84,151.04,153.44,624634,0
2017-01-20,153.81,154.535,151.78,152.6,527751,0
2017-01-23,152.3,153.48,151.43,153,469759,0
2017-01-24,152.88,156.74,152.02,156.62,525553,0
2017-01-25,157.25,158.2,155.77,157.29,503094,0
2017-01-26,156.13,161.47,155.18,156.94,703434,0
2017-01-27,157.59,162.92,155.59,162.43,507356,0
2017-01-30,161.12,161.12,157.11,159.67,489738,0
2017-01-31,159.13,163.99,157.576,163.62,516815,0
2017-02-01,163.35,164.92,161.77,164.03,725820,0
2017-02-02,163.6,166.05,160.86,165.1,492676,0
2017-02-03,166.43,166.676,163.29,163.68,601054,0
2017-02-06,162.58,165.09,162.58,164.33,445080,0
2017-02-07,165.26,165.26,162.49,162.82,382561,0
2017-02-08,163.05,165.98,161.37,164.78,469944,0
2017-02-09,163.99,165.62,162.64,164.58,444212,0
2017-02-10,165.39,165.39,163.13,164.08,229302,0
2017-02-13,164.05,165.31,163.5,164.48,227044,0
2017-02-14,164.23,165.83,163.24,165.67,291969,0
2017-02-15,165.63,168.7,164.83,167.88,309716,0
2017-02-16,167.57,168.82,166.5,168.32,413568,0
2017-02-17,167.06,168.64,166.13,168.16,314824,0
2017-02-21,169.31,169.89,165.76,167.92,500933,0
2017-02-22,160.92,161.296,146.84,146.98,1613581,0
2017-02-23,146.17,148.535,142,147.44,1080522,0
2017-02-24,145.96,147.19,145.57,146.71,375709,0
2017-02-27,146.77,152.95,146.77,152.5,555551,0
2017-02-28,153.58,153.58,146.65,147.72,810087,0
2017-03-01,150.46,152.86,147.55,148.03,1039736,0
2017-03-02,148.4,149.64,146.6,147.19,484341,0
2017-03-03,147.61,149.56,147.08,149.47,349762,0
2017-03-06,146.7,148.27,144.57,147.13,522436,0
2017-03-07,145.34,147.09,144.15,144.99,488136,0
2017-03-08,145.77,149.07,145.77,146.97,466059,0
2017-03-09,147.45,149.15,145.04,146.44,316048,0
2017-03-10,146.1,149.71,146.1,149.45,596498,0
2017-03-13,148.89,151.16,148.03,150.6,658744,0
2017-03-14,149.85,150.49,145.06,145.53,595664,0
2017-03-15,145.18,147.095,144.69,146.03,555605,0
2017-03-16,143.26,144.5,137.07,139.11,890426,0
2017-03-17,138.32,142.48,138.32,142.08,1097147,0
2017-03-20,141.44,142.75,140.07,141.51,317011,0
2017-03-21,141.65,142.94,138.04,138.28,443285,0
2017-03-22,139.11,141.24,138.45,139.37,416628,0
2017-03-23,139.08,141.36,137.63,139.13,427834,0
2017-03-24,139.83,141.485,138.495,140.05,376058,0
2017-03-27,138.85,141.7,138.85,140.5,309981,0
2017-03-28,139.85,141.82,139.68,141.19,296486,0
2017-03-29,141.13,141.77,138.61,138.76,423511,0
2017-03-30,135.6,137.5,132.13,136.35,784126,0
2017-03-31,136.93,140.4,133.07,135.45,925762,0
2017-04-03,121.5,129.35,121.23,123.96,2115124,0
2017-04-04,123.26,125.47,122.45,124.45,695865,0
2017-04-05,124.46,126.78,122.84,123.22,553700,0
2017-04-06,123.29,124.28,120.97,122,777306,0
2017-04-07,122.23,123.13,121.9,122.53,571865,0
2017-04-10,122.53,124.66,122.1,122.24,409379,0
2017-04-11,122.68,124.04,120.99,121.78,737160,0
2017-04-12,122.41,123.542,121.31,121.95,418355,0
2017-04-13,122.41,123.37,121.37,121.53,347013,0
2017-04-17,121.69,122.47,120.5,121.23,357971,0
2017-04-18,120.8,121.55,119.54,121.08,361645,0
2017-04-19,121.56,122.22,120.63,120.79,508278,0
2017-04-20,121.03,121.9,120.55,121.21,602838,0
2017-04-21,121.33,121.9,120.06,120.98,821620,0
2017-04-24,122.13,123.09,120.62,122.71,803506,0
2017-04-25,123.6,123.7,121,121.74,674378,0
2017-04-26,116,121.32,112.01,119.99,1700346,0
2017-04-27,120.72,121.26,119.8,120.5,950442,0
2017-04-28,121.21,126.15,120.115,125.7,1133176,0
2017-05-01,125.7,125.75,122.02,123,584090,0
2017-05-02,123.25,124.44,120.06,121.23,694927,0
2017-05-03,121.22,122.47,120.425,122.16,383288,0
2017-05-04,122.79,123.575,121.22,122.32,346285,0
2017-05-05,122.59,122.95,120.81,122.84,486133,0
2017-05-08,123.22,123.87,121.65,122.23,487145,0
2017-05-09,122.66,125.63,122.11,124.79,504983,0
2017-05-10,125.1,125.47,122.59,123.48,625263,0
2017-05-11,123.09,124.598,120.95,122.25,526548,0
2017-05-12,122.47,123.805,121.64,123.18,340940,0
2017-05-15,122.94,124.43,122.51,123.06,464615,0
2017-05-16,122.83,123.94,121.8,122.82,379634,0
2017-05-17,121.32,123.31,120.76,120.9,357873,0
2017-05-18,120.01,121.91,119.59,121.19,497875,0
2017-05-19,121.33,123.14,121.15,121.64,378445,0
2017-05-22,122.31,123.5,121.17,122.57,375132,0
2017-05-23,122.55,122.55,120.505,121.46,274179,0
2017-05-24,121.35,121.94,120.46,121,384878,0
2017-05-25,121,121.67,118.06,118.34,458227,0
2017-05-26,118.74,120.375,118.56,119.08,561393,0
2017-05-30,119.2,120.76,118.245,118.91,490542,0
2017-05-31,119.54,121.16,118.52,120.89,789508,0
2017-06-01,121.35,126.79,121.35,125.89,1003521,0
2017-06-02,126.29,128.975,126.28,127.64,572910,0
2017-06-05,127.84,127.84,124.88,126.05,452139,0
2017-06-06,125.8,127.32,125.1,126.13,355043,0
2017-06-07,126.5,128.62,126.3,128.19,518730,0
2017-06-08,128.36,131.12,128.225,129.67,658102,0
2017-06-09,130.2,131.71,129,130.19,655087,0
2017-06-12,130.85,131.48,130.08,131.42,666639,0
2017-06-13,131.63,132.85,130.48,131.15,616196,0
2017-06-14,131.22,131.29,129.29,130.16,585883,0
2017-06-15,130,130.97,129.33,130.48,449529,0
2017-06-16,130.15,130.36,128.34,129.92,578514,0
2017-06-19,130.69,131.2,129.15,130.59,377687,0
2017-06-20,130.12,132.46,129.94,130.12,348088,0
2017-06-21,130.39,132.72,130.135,131.93,465119,0
2017-06-22,131.9,133.45,130.13,131.7,383499,0
2017-06-23,131.86,132.87,130.76,131.59,1195642,0
2017-06-26,131.72,134.16,131.72,133.12,478562,0
2017-06-27,133,133.22,130.42,130.94,511982,0
2017-06-28,132.01,132.68,131.07,132.3,324500,0
2017-06-29,132.56,132.56,129.7,131.32,669123,0
2017-06-30,131.83,132.03,128.651,129.73,452404,0
2017-07-03,130.59,132.99,130.59,131.92,223848,0
2017-07-05,131.12,134.79,131.12,133.86,558857,0
2017-07-06,132.61,134.49,130.34,131.76,425736,0
2017-07-07,132.39,133,130.36,131.05,637698,0
2017-07-10,131.22,131.71,129.3,130.96,434619,0
2017-07-11,131.48,131.48,128.27,129.87,499806,0
2017-07-12,130,132.515,129.83,129.94,414693,0
2017-07-13,130.37,133,129.29,131.7,662882,0
2017-07-14,131.87,132.27,130.54,130.62,409328,0
2017-07-17,130.98,131.61,129.73,130.21,420716,0
2017-07-18,130.39,131.3,129.5,129.95,748026,0
2017-07-19,130.56,132.92,130.56,131.25,416299,0
2017-07-20,131.55,132.45,130.83,131.35,423693,0
2017-07-21,130.65,131.15,128.73,129.98,483558,0
2017-07-24,130.05,132.18,129.85,131.49,378296,0
2017-07-25,131.66,133.61,129.22,132.38,834603,0
2017-07-26,132.99,133.06,131.3,131.4,639238,0
2017-07-27,134.01,134.33,123.05,125.1,1430489,0
2017-07-28,124.25,129.05,124.25,128.35,583094,0
2017-07-31,127.68,129.4,127.68,128.4,391262,0
2017-08-01,128.51,128.91,126.04,128.02,461988,0
2017-08-02,128.35,128.5,127.03,127.92,512296,0
2017-08-03,127.48,128.392,125.27,126.96,449560,0
2017-08-04,139,139.1,135.2,136.81,2165869,0
2017-08-07,137.75,137.82,133.85,135.46,787044,0
2017-08-08,135.23,135.38,130.69,131.04,862080,0
2017-08-09,129.99,131.01,128.22,129.03,682266,0
2017-08-10,128.13,128.16,126.34,127.02,711369,0
2017-08-11,127.4,130.48,127.4,128.23,457333,0
2017-08-14,128.92,130.68,128.46,129.68,529993,0
2017-08-15,129.33,131.22,128.39,129.76,449405,0
2017-08-16,129.67,134.1,129.53,132.04,577125,0
2017-08-17,131.89,133.57,130.97,131.06,615709,0
2017-08-18,130.69,131.27,128.79,129.1,557656,0
2017-08-21,128.57,130.96,128.4,129.81,484772,0
2017-08-22,130,131.83,129.74,131.28,433488,0
2017-08-23,130.52,131.3,129.81,130.72,333035,0
2017-08-24,130.69,131,129.11,129.86,332712,0
2017-08-25,129.9,131.48,128.23,128.45,412064,0
2017-08-28,129.17,130.588,128.66,129.61,320744,0
2017-08-29,129.3,129.945,128.34,128.39,363199,0
2017-08-30,128.09,129.93,128.09,129.17,342882,0
2017-08-31,129.32,131.95,129.15,130.8,655808,0
2017-09-01,130.57,134.43,129.94,133.35,508569,0
2017-09-05,133.48,134.08,131.91,133.53,526280,0
2017-09-06,133.77,136.17,133.77,135.03,695913,0
2017-09-07,134.48,134.48,132.37,133.52,915749,0
2017-09-08,125,125.205,119.13,120.82,2279193,0
2017-09-11,121,121.62,119.67,120.75,696960,0
2017-09-12,121.04,124.04,120.17,123.38,480487,0
2017-09-13,123.42,124.62,122.3,123.18,456883,0
2017-09-14,123.51,123.51,120.91,121.01,348972,0
2017-09-15,120.85,121.73,120.46,120.79,843117,0
2017-09-18,120.9,121.16,119.45,119.8,415686,0
2017-09-19,120,121.51,117.47,117.53,470837,0
2017-09-20,117.43,118.52,117.07,117.57,488291,0
2017-09-21,117.65,118.16,115.35,115.45,653408,0
2017-09-22,115.5,115.635,114.54,114.6,372309,0
2017-09-25,115.14,120.12,115.038,119.64,418139,0
2017-09-26,119.3,120.23,117.855,118.3,453996,0
2017-09-27,119.08,120.565,117.92,119.48,308218,0
2017-09-28,119.08,120.64,118.08,118.76,456441,0
2017-09-29,118.78,119.91,116.65,117.19,447882,0
2017-10-02,117,123.16,116.79,122.56,520000,0
2017-10-03,122.98,124,120.37,122.81,402516,0
2017-10-04,123.22,123.22,121.96,122.21,251627,0
2017-10-05,122,124.15,120.82,123.95,216379,0
2017-10-06,122.87,124.89,122.39,123.87,215179,0
2017-10-09,123.48,123.69,120.6,122.04,332384,0
2017-10-10,122.25,123.35,121.4,121.52,279328,0
2017-10-11,121.71,121.71,118.77,120.15,672869,0
2017-10-12,120.11,121.02,119.53,120.27,256919,0
2017-10-13,121,121.88,120.2,120.51,166834,0
2017-10-16,121,122.06,119.24,119.78,301811,0
2017-10-17,119.49,123.22,119.49,121.79,237686,0
2017-10-18,121.62,123.15,119.805,120.12,367917,0
2017-10-19,120.15,120.15,118,119.06,432384,0
2017-10-20,119.71,121.46,118.65,121.01,402257,0
2017-10-23,121.16,122.06,119.7,121.23,562265,0
2017-10-24,122.08,122.31,118.59,118.9,513152,0
2017-10-25,126.58,130.69,120.73,122.89,1089178,0
2017-10-26,121.8,123.25,118.52,119.1,494356,0
2017-10-27,118.99,121,115.785,120.05,462617,0
2017-10-30,120.7,121.86,119.23,119.86,302523,0
2017-10-31,120.51,120.7,118.37,118.59,304002,0
2017-11-01,119.09,121.07,118.495,120.21,469151,0
2017-11-02,120.6,120.93,117.08,118.9,422359,0
2017-11-03,118.37,121.19,118.37,120.95,319086,0
2017-11-06,121.46,122.51,120.5,121.99,363147,0
2017-11-07,122.39,122.52,121.39,122.26,377031,0
2017-11-08,122.01,123.78,122.01,123.45,361729,0
2017-11-09,123.68,123.68,120.24,121.23,303622,0
2017-11-10,120.59,121.27,118.79,121,190618,0
