2016-01-04,21.71,21.71,20.636,21.377,909380,0
2016-01-05,21.396,21.396,20.322,20.606,675877,0
2016-01-06,20.285,20.636,20.074,20.34,725508,0
2016-01-07,19.657,19.932,18.678,18.678,964109,0
2016-01-08,19.01,19.666,18.82,19.02,696315,0
2016-01-11,19.105,19.418,18.63,18.886,319799,0
2016-01-12,19.076,19.181,17.983,18.687,672171,0
2016-01-13,18.82,18.895,17.167,17.499,641989,0
2016-01-14,17.584,17.983,16.9,17.649,460942,0
2016-01-15,17.062,18.06,17.033,17.86,535665,0
2016-01-19,18.011,18.011,16.882,17.157,589160,0
2016-01-20,16.852,17.185,15.397,16.766,955499,0
2016-01-21,16.862,17.262,16.482,16.758,385041,0
2016-01-22,17.118,17.946,17.109,17.469,444955,0
2016-01-25,17.386,17.479,16.857,16.928,293775,0
2016-01-26,17.138,17.569,17.005,17.376,320017,0
2016-01-27,17.177,17.614,16.635,16.89,453755,0
2016-01-28,17.099,17.441,16.738,16.795,455977,0
2016-01-29,16.91,17.821,16.73,17.812,639257,0
2016-02-01,17.718,17.917,17.28,17.479,550956,0
2016-02-02,17.223,17.699,16.996,17.317,348190,0
2016-02-03,17.394,17.433,16.661,17.204,411239,0
2016-02-04,17.071,17.499,16.492,16.882,500638,0
2016-02-05,16.786,16.937,15.655,15.703,663499,0
2016-02-08,15.608,16.586,15.075,16.444,444913,0
2016-02-09,16.121,16.245,15.313,15.713,760017,0
2016-02-10,15.817,16.843,15.713,16.33,835674,0
2016-02-11,16.006,16.149,15.521,15.625,420666,0
2016-02-12,16.149,16.339,15.722,15.882,421402,0
2016-02-16,16.085,16.886,15.94,16.841,326013,0
2016-02-17,17.014,17.675,16.841,17.023,391348,0
2016-02-18,17.014,18.164,16.966,18.029,412499,0
2016-02-19,17.982,18.079,17.301,17.417,511934,0
2016-02-22,17.579,18.173,17.561,18.02,391953,0
2016-02-23,17.973,18.01,17.264,17.532,506085,0
2016-02-24,17.36,18.164,17.148,18.039,577612,0
2016-02-25,18.989,19.574,17.254,18.556,1270012,0
2016-02-26,18.616,19.038,18.428,19.038,723644,0
2016-02-29,18.865,19.023,18.491,18.71,619376,0
2016-03-01,18.816,18.93,18.309,18.865,659867,0
2016-03-02,18.884,19.113,18.826,19.083,416498,0
2016-03-03,19.038,19.275,18.241,18.347,653806,0
2016-03-04,18.347,18.467,17.753,17.819,634299,0
2016-03-07,17.753,17.982,17.637,17.935,668361,0
2016-03-08,17.714,18.241,17.576,17.685,678299,0
2016-03-09,17.704,18.146,17.589,18.069,345805,0
2016-03-10,18.069,18.146,17.264,17.369,358610,0
2016-03-11,17.513,18.029,17.32,17.877,282509,0
2016-03-14,17.781,17.819,17.379,17.541,304999,0
2016-03-15,17.35,17.837,17.315,17.809,239157,0
2016-03-16,17.695,18.354,17.646,18.338,363980,0
2016-03-17,18.164,18.692,17.877,18.606,293831,0
2016-03-18,18.719,18.884,18.029,18.164,438113,0
2016-03-21,18,18.413,17.847,18.039,211325,0
2016-03-22,17.905,17.935,17.429,17.493,341137,0
2016-03-23,17.513,17.557,17.264,17.417,292597,0
2016-03-24,17.264,17.317,16.257,16.602,664188,0
2016-03-28,16.632,16.946,16.632,16.927,374138,0
2016-03-29,16.927,17.272,16.553,17.1,394090,0
2016-03-30,17.254,17.427,17.014,17.206,351804,0
2016-03-31,17.196,17.483,16.956,17.062,415811,0
2016-04-01,16.909,17.196,16.668,16.909,401777,0
2016-04-04,16.909,16.986,16.449,16.487,413396,0
2016-04-05,16.314,16.449,16.123,16.151,393620,0
2016-04-06,16.151,16.294,15.94,15.979,286825,0
2016-04-07,15.865,15.96,15.721,15.845,406598,0
2016-04-08,15.979,16.228,15.767,15.97,287659,0
2016-04-11,16.026,16.507,15.777,15.816,420902,0
2016-04-12,15.845,15.94,15.638,15.731,281015,0
2016-04-13,15.835,16.534,15.835,16.534,358583,0
2016-04-14,16.553,16.582,16.19,16.257,222538,0
2016-04-15,16.209,16.266,16.095,16.16,154184,0
2016-04-18,16.026,16.382,15.921,16.16,335561,0
2016-04-19,16.151,16.219,15.95,15.979,300109,0
2016-04-20,16.007,16.756,15.912,16.622,412276,0
2016-04-21,16.553,16.717,15.882,15.93,351851,0
2016-04-22,15.882,16.429,15.835,16.324,350044,0
2016-04-25,16.219,16.382,16.055,16.228,192840,0
2016-04-26,16.238,16.497,16.026,16.419,255975,0
2016-04-27,16.363,16.507,16.104,16.382,283642,0
2016-04-28,16.276,16.756,16.17,16.449,297892,0
2016-04-29,16.449,17.071,16.391,16.881,407814,0
2016-05-02,16.976,17.139,16.717,16.861,420042,0
2016-05-03,16.996,17.291,16.209,16.65,533935,0
2016-05-04,16.487,16.641,16.132,16.363,307628,0
2016-05-05,16.582,16.784,16.343,16.622,853399,0
2016-05-06,16.544,17.091,16.516,17.081,341242,0
2016-05-09,17.071,17.379,16.851,17.33,245074,0
2016-05-10,17.397,17.637,17.282,17.473,268534,0
2016-05-11,17.513,17.599,17.124,17.225,238209,0
2016-05-12,17.35,17.541,17.272,17.464,287407,0
2016-05-13,17.454,18.088,17.389,17.743,329928,0
2016-05-16,17.837,18.546,17.733,18.338,412470,0
2016-05-17,18.374,18.413,17.857,18,505763,0
2016-05-18,17.847,18.452,17.772,18.309,411129,0
2016-05-19,18.328,18.404,17.982,18.182,240057,0
2016-05-20,18.202,18.433,18.059,18.423,307091,0
2016-05-23,18.452,18.52,17.887,18,303371,0
2016-05-24,18.222,18.682,18.039,18.586,342261,0
2016-05-25,18.692,18.748,18.299,18.299,253800,0
2016-05-26,18.491,18.92,18.413,18.682,272194,0
2016-05-27,18.654,18.911,18.442,18.586,330740,0
2016-05-31,18.596,18.758,18.491,18.634,240049,0
2016-06-01,18.616,18.95,18.404,18.95,255986,0
2016-06-02,18.865,18.865,18.529,18.673,196404,0
2016-06-03,18.566,18.616,18.338,18.52,168556,0
2016-06-06,18.51,18.787,18.5,18.576,186398,0
2016-06-07,18.566,18.71,18.359,18.52,329687,0
2016-06-08,18.462,18.773,18.155,18.682,282851,0
2016-06-09,18.529,18.654,18.279,18.433,235733,0
2016-06-10,18.241,18.51,18.146,18.289,233000,0
2016-06-13,18.172,18.318,17.834,17.844,264474,0
2016-06-14,18.309,19.099,18.309,18.666,440927,0
2016-06-15,18.666,18.742,18.077,18.086,199356,0
2016-06-16,17.971,18.057,17.68,18.018,319266,0
2016-06-17,18.067,18.221,17.646,17.739,349965,0
2016-06-20,18.008,18.106,17.759,17.768,260315,0
2016-06-21,17.854,17.854,17.487,17.555,184410,0
2016-06-22,17.604,17.71,17.382,17.565,245389,0
2016-06-23,17.806,18.145,17.768,18.145,184184,0
2016-06-24,17.4,17.971,17.382,17.526,662398,0
2016-06-27,17.303,17.41,16.715,16.725,401574,0
2016-06-28,16.898,17.082,16.762,16.966,435109,0
2016-06-29,17.169,17.526,17.065,17.4,430252,0
2016-06-30,17.392,17.951,17.353,17.942,367606,0
2016-07-01,17.922,18.172,17.834,18.106,313099,0
2016-07-05,18.057,18.126,17.517,17.632,297806,0
2016-07-06,17.575,17.907,17.313,17.759,311923,0
2016-07-07,17.806,17.854,17.449,17.69,257551,0
2016-07-08,17.787,18.251,17.777,18.047,298749,0
2016-07-11,18.106,18.538,18.077,18.299,315707,0
2016-07-12,18.493,19.089,18.405,18.935,479826,0
2016-07-13,19.07,19.391,18.925,19.341,352858,0
2016-07-14,19.446,19.738,19.302,19.621,215611,0
2016-07-15,19.679,19.785,19.544,19.66,334446,0
2016-07-18,19.574,20.065,19.515,20.027,350017,0
2016-07-19,19.922,20.085,19.708,19.931,263740,0
2016-07-20,20.017,20.413,19.95,20.162,213367,0
2016-07-21,20.047,20.307,19.997,20.085,324103,0
2016-07-22,20.075,20.501,19.892,20.472,261111,0
2016-07-25,20.442,20.51,19.902,19.902,341550,0
2016-07-26,19.902,20.194,19.738,19.823,175992,0
2016-07-27,19.823,20.007,19.728,19.912,292580,0
2016-07-28,19.813,20.22,19.795,20.153,229351,0
2016-07-29,21.022,21.609,20.741,20.993,560942,0
2016-08-01,21.003,21.244,20.665,20.751,216580,0
2016-08-02,20.636,20.761,20.384,20.567,240072,0
2016-08-03,20.626,20.741,20.23,20.279,250357,0
2016-08-04,20.279,20.646,20.279,20.482,252616,0
2016-08-05,20.557,20.829,20.394,20.819,356818,0
2016-08-08,20.896,20.915,20.423,20.848,399210,0
2016-08-09,20.867,21.302,20.761,21.187,304656,0
2016-08-10,21.177,21.302,21.051,21.205,189682,0
2016-08-11,21.205,21.379,21.177,21.302,217419,0
2016-08-12,21.224,21.34,21.061,21.167,174457,0
2016-08-15,21.292,21.292,21.088,21.215,204149,0
2016-08-16,21.187,21.379,21.013,21.282,231164,0
2016-08-17,21.234,21.621,21.195,21.408,245607,0
2016-08-18,21.494,21.756,21.428,21.756,236238,0
2016-08-19,21.553,21.842,21.534,21.756,200267,0
2016-08-22,21.736,21.988,21.514,21.988,217132,0
2016-08-23,22.103,22.132,21.997,22.006,248274,0
2016-08-24,22.065,22.33,21.988,22.19,248521,0
2016-08-25,22.19,22.768,22.19,22.624,232732,0
2016-08-26,22.624,23.155,22.614,23.08,288461,0
2016-08-29,23.04,23.561,23.011,23.319,263472,0
2016-08-30,23.319,23.769,23.319,23.744,240954,0
2016-08-31,23.774,24.121,23.658,23.928,268421,0
2016-09-01,24.024,24.121,23.04,23.377,480443,0
2016-09-02,23.407,23.774,23.253,23.725,317406,0
2016-09-06,23.879,23.958,23.542,23.879,260714,0
2016-09-07,23.909,24.826,23.648,24.826,409016,0
2016-09-08,24.816,24.895,24.342,24.573,211472,0
2016-09-09,24.408,24.593,23.603,23.826,347928,0
2016-09-12,23.603,24.292,23.554,24.282,276541,0
2016-09-13,24.079,24.137,23.389,23.475,261177,0
2016-09-14,23.429,23.525,23.195,23.321,259699,0
2016-09-15,23.244,23.593,23.08,23.574,227777,0
2016-09-16,23.36,23.466,23.106,23.331,239713,0
2016-09-19,23.379,23.798,23.283,23.633,171345,0
2016-09-20,23.68,23.933,23.525,23.535,249616,0
2016-09-21,23.758,24.137,23.603,24.079,272617,0
2016-09-22,24.224,24.807,24.224,24.631,267010,0
2016-09-23,24.554,24.856,24.282,24.302,201689,0
2016-09-26,24.177,24.272,23.7,23.719,168720,0
2016-09-27,23.66,23.933,23.505,23.738,219813,0
2016-09-28,23.7,24.612,23.545,24.516,376768,0
2016-09-29,24.536,24.651,24.236,24.302,209999,0
2016-09-30,24.351,24.641,24.214,24.467,199508,0
2016-10-03,24.438,24.438,23.03,23.301,462775,0
2016-10-04,23.02,23.153,21.623,22.147,707415,0
2016-10-05,22.127,22.652,21.545,21.583,608737,0
2016-10-06,21.107,21.224,17.544,18.942,4111257,0
2016-10-07,21.456,22.817,20.865,21.69,3058145,0
2016-10-10,21.311,22.233,20.535,21.409,631533,0
2016-10-11,21.166,21.699,21.166,21.456,412217,0
2016-10-12,21.555,21.798,21.263,21.456,308047,0
2016-10-13,21.36,21.992,21.166,21.456,250415,0
2016-10-14,21.651,22.185,21.505,22.137,279232,0
2016-10-17,22.088,22.913,22.088,22.817,692332,0
2016-10-18,22.913,23.835,22.185,22.331,550992,0
2016-10-19,22.283,22.526,21.943,22.185,230769,0
2016-10-20,22.137,22.137,21.311,21.36,247948,0
2016-10-21,21.166,21.409,20.971,21.166,417273,0
2016-10-24,21.263,21.845,21.215,21.456,231699,0
2016-10-25,21.555,21.603,21.117,21.505,249793,0
2016-10-26,21.456,21.603,20.971,21.215,239828,0
2016-10-27,21.263,21.263,20.34,20.389,180594,0
2016-10-28,20.437,20.583,19.953,20.293,285484,0
2016-10-31,20.34,20.728,20.098,20.681,249191,0
2016-11-01,20.632,20.728,19.806,20.293,367336,0
2016-11-02,20.389,20.487,19.666,20.147,428663,0
2016-11-03,21.456,21.456,19.031,19.272,603880,0
2016-11-04,19.272,20,19.031,19.127,522767,0
2016-11-07,19.37,19.515,18.787,18.836,451488,0
2016-11-08,18.738,19.031,18.349,18.981,642173,0
2016-11-09,18.593,20.194,18.447,20.098,487465,0
2016-11-10,20.389,21.505,20.389,21.36,449888,0
2016-11-11,21.36,21.943,21.117,21.798,510392,0
2016-11-14,22.137,22.428,21.798,22.137,391836,0
2016-11-15,21.992,21.992,21.36,21.894,400317,0
2016-11-16,21.894,22.331,21.749,22.185,351160,0
2016-11-17,22.331,23.181,22.233,23.011,341982,0
2016-11-18,23.011,23.835,22.865,23.738,464454,0
2016-11-21,23.884,23.884,23.011,23.641,292496,0
2016-11-22,23.738,24.564,23.69,24.516,319770,0
2016-11-23,24.516,24.807,24.177,24.661,449491,0
2016-11-25,24.661,24.661,24.127,24.418,206144,0
2016-11-28,24.272,24.516,24.079,24.224,356870,0
2016-11-29,24.243,24.587,24.119,24.195,240412,0
2016-11-30,24.195,24.39,23.36,23.557,284392,0
2016-12-01,23.654,24.047,23.41,24.047,269005,0
2016-12-02,23.95,24.243,23.654,23.704,154005,0
2016-12-05,23.85,24.758,23.803,24.343,285063,0
2016-12-06,24.44,24.882,24.343,24.833,313430,0
2016-12-07,24.833,25.25,24.783,25.176,329098,0
2016-12-08,25.275,25.323,25.029,25.275,373447,0
2016-12-09,25.275,25.323,25.126,25.226,327102,0
2016-12-12,25.176,25.471,24.931,25.372,239839,0
2016-12-13,25.519,25.618,25.004,25.226,168503,0
2016-12-14,25.275,25.716,25.126,25.471,217233,0
2016-12-15,25.422,26.158,25.372,25.962,409751,0
2016-12-16,26.158,26.403,25.765,26.207,481026,0
2016-12-19,26.403,27.091,26.355,27.041,216488,0
2016-12-20,27.091,27.728,26.992,27.728,278646,0
2016-12-21,27.581,28.071,27.531,27.974,361847,0
2016-12-22,27.974,28.022,27.483,27.728,360063,0
2016-12-23,27.777,27.924,27.581,27.876,211615,0
2016-12-27,27.876,27.974,27.409,27.581,480176,0
2016-12-28,27.679,27.728,27.188,27.483,307479,0
2016-12-29,27.531,27.876,27.385,27.777,195855,0
2016-12-30,27.777,28.071,27.586,27.876,236241,0
2017-01-03,28.022,28.327,27.827,28.219,352810,0
2017-01-04,28.415,28.66,28.219,28.563,509128,0
2017-01-05,28.514,28.514,27.139,27.238,395434,0
2017-01-06,27.238,27.531,26.992,27.238,234373,0
2017-01-09,27.041,27.531,26.698,27.091,282434,0
2017-01-10,27.287,27.827,26.845,27.728,313060,0
2017-01-11,27.876,27.876,27.238,27.483,262531,0
2017-01-12,27.287,27.36,26.698,26.992,185324,0
2017-01-13,27.139,27.483,27.091,27.139,152814,0
2017-01-17,27.139,27.139,26.403,26.452,169155,0
2017-01-18,26.502,27.238,26.403,27.188,182304,0
2017-01-19,27.188,27.385,26.551,26.648,121820,0
2017-01-20,26.648,26.943,26.599,26.698,176055,0
2017-01-23,26.502,26.747,26.163,26.305,169247,0
2017-01-24,26.305,26.747,26.109,26.551,172302,0
2017-01-25,26.795,27.335,26.795,26.992,206229,0
2017-01-26,27.091,27.091,26.502,26.648,241963,0
2017-01-27,26.747,26.747,26.305,26.452,103712,0
2017-01-30,26.355,26.355,25.667,25.863,181918,0
2017-01-31,25.716,25.912,25.422,25.667,193836,0
2017-02-01,26.059,26.551,26.011,26.158,152826,0
2017-02-02,25.962,26.403,25.912,26.255,124589,0
2017-02-03,26.648,26.747,26.059,26.502,283598,0
2017-02-06,26.502,26.698,26.059,26.305,110217,0
2017-02-07,26.305,26.452,25.471,25.471,248705,0
2017-02-08,25.323,25.323,24.587,24.783,354979,0
2017-02-09,24.735,25.667,24.735,25.422,213648,0
2017-02-10,25.765,26.059,25.618,25.912,175068,0
2017-02-13,26.011,26.255,25.422,25.618,183613,0
2017-02-14,25.519,25.912,25.519,25.765,148666,0
2017-02-15,25.854,26.396,25.794,26.396,117075,0
2017-02-16,26.199,26.545,26.15,26.545,119603,0
2017-02-17,26.496,26.496,25.46,25.706,182674,0
2017-02-21,25.755,26.051,25.656,25.805,197346,0
2017-02-22,26.643,27.285,25.755,26.939,386421,0
2017-02-23,26.939,27.038,26.051,26.743,270027,0
2017-02-24,26.396,26.939,26.396,26.791,140816,0
2017-02-27,26.743,26.939,26.323,26.545,272357,0
2017-02-28,26.446,26.743,26.298,26.594,262136,0
2017-03-01,26.841,27.013,26.545,26.743,318072,0
2017-03-02,26.743,26.841,25.953,25.953,162717,0
2017-03-03,26.051,26.249,25.854,26.15,327454,0
2017-03-06,26.002,26.002,25.508,25.706,177740,0
2017-03-07,25.508,25.706,25.015,25.163,226239,0
2017-03-08,25.213,25.508,25.113,25.163,126843,0
2017-03-09,25.113,25.46,24.768,24.917,142909,0
2017-03-10,25.113,25.41,24.571,24.768,180090,0
2017-03-13,24.62,24.867,24.177,24.177,211643,0
2017-03-14,24.127,24.473,23.792,24.325,166609,0
2017-03-15,24.275,24.917,24.275,24.768,251144,0
2017-03-16,24.768,25.065,24.078,24.177,174633,0
2017-03-17,24.127,24.177,23.485,23.979,450450,0
2017-03-20,23.88,24.127,23.732,23.782,139240,0
2017-03-21,23.782,23.782,22.844,23.042,241703,0
2017-03-22,22.795,23.288,22.745,23.19,238328,0
2017-03-23,23.14,23.683,23.14,23.485,158071,0
2017-03-24,23.485,23.693,23.239,23.437,179973,0
2017-03-27,22.943,23.585,22.943,23.485,92821,0
2017-03-28,23.437,23.782,23.234,23.634,137858,0
2017-03-29,23.585,23.683,23.485,23.535,122412,0
2017-03-30,23.585,24.127,23.535,23.979,138410,0
2017-03-31,23.93,24.325,23.683,24.177,180981,0
2017-04-03,24.275,24.867,23.485,23.485,228817,0
2017-04-04,23.535,23.979,23.412,23.634,224397,0
2017-04-05,23.782,23.807,22.499,22.697,312540,0
2017-04-06,22.697,22.894,22.45,22.499,254221,0
2017-04-07,22.499,22.745,22.252,22.499,360346,0
2017-04-10,22.45,22.697,22.4,22.548,163864,0
2017-04-11,22.499,22.894,22.45,22.844,158159,0
2017-04-12,22.844,22.844,22.351,22.499,145884,0
2017-04-13,22.4,22.499,21.809,21.956,188488,0
2017-04-17,22.005,22.647,22.005,22.647,194133,0
2017-04-18,22.499,22.745,22.351,22.597,138511,0
2017-04-19,22.597,22.992,22.499,22.499,147877,0
2017-04-20,22.697,22.795,22.45,22.597,164873,0
2017-04-21,22.597,22.697,22.351,22.4,195045,0
2017-04-24,22.894,23.091,22.548,22.597,188099,0
2017-04-25,22.943,23.14,22.844,23.042,255175,0
2017-04-26,23.683,26.199,23.683,25.706,721430,0
2017-04-27,25.656,25.755,24.818,25.262,322393,0
2017-04-28,25.361,26.249,25.065,25.706,284117,0
2017-05-01,25.706,26.002,25.46,25.854,198875,0
2017-05-02,25.953,26.002,25.311,25.41,139439,0
2017-05-03,25.262,25.361,24.571,24.62,200631,0
2017-05-04,24.818,25.065,24.522,24.818,221644,0
2017-05-05,24.818,24.867,24.473,24.768,185520,0
2017-05-08,24.818,25.015,24.473,24.571,101573,0
2017-05-09,24.62,24.768,24.225,24.423,136323,0
2017-05-10,24.275,24.695,24.275,24.522,145301,0
2017-05-11,24.473,24.67,23.93,24.522,187041,0
2017-05-12,24.423,24.423,24.028,24.078,120493,0
2017-05-15,24.078,24.67,24.078,24.473,139853,0
2017-05-16,24.522,24.64,23.93,24.127,146628,0
2017-05-17,23.683,24.225,23.683,23.979,199797,0
2017-05-18,23.979,24.571,23.782,24.225,154520,0
2017-05-19,24.275,24.571,24.078,24.177,160095,0
2017-05-22,24.127,24.473,24.127,24.373,109374,0
2017-05-23,24.373,24.67,24.078,24.571,128560,0
2017-05-24,24.67,24.67,24.177,24.325,137874,0
2017-05-25,24.373,24.67,24.275,24.571,170952,0
2017-05-26,24.473,24.547,24.275,24.473,246819,0
2017-05-30,24.473,24.571,23.683,23.782,167875,0
2017-05-31,23.782,24.473,23.585,24.325,227253,0
2017-06-01,24.423,24.867,24.275,24.768,169825,0
2017-06-02,24.72,25.213,24.571,24.768,147932,0
2017-06-05,24.67,24.768,24.177,24.225,152146,0
2017-06-06,24.028,24.645,23.979,24.473,137385,0
2017-06-07,24.423,24.67,24.25,24.423,133491,0
2017-06-08,24.522,25.311,24.177,25.262,161470,0
2017-06-09,25.361,26.15,25.262,25.558,223606,0
2017-06-12,25.697,26.044,25.588,25.796,176024,0
2017-06-13,25.796,25.846,25.449,25.498,109979,0
2017-06-14,25.449,25.697,25.102,25.598,131596,0
2017-06-15,25.3,25.548,25.002,25.201,105165,0
2017-06-16,25.002,25.102,24.655,24.953,199679,0
2017-06-19,25.201,25.3,24.605,24.705,119200,0
2017-06-20,24.705,25.052,24.159,24.655,100031,0
2017-06-21,24.754,25.002,24.357,24.705,165254,0
2017-06-22,24.754,25.002,24.556,24.754,119022,0
2017-06-23,24.903,25.201,24.754,25.102,284876,0
2017-06-26,25.052,25.598,25.002,25.548,179767,0
2017-06-27,25.647,25.821,25.399,25.746,158157,0
2017-06-28,25.746,26.044,25.498,25.647,190552,0
2017-06-29,25.796,25.846,25.201,25.598,106813,0
2017-06-30,25.697,25.746,24.804,25.002,160384,0
2017-07-03,25.151,26.193,25.102,25.746,152712,0
2017-07-05,25.746,25.746,24.605,24.953,131924,0
2017-07-06,24.804,25.102,24.556,24.705,156853,0
2017-07-07,24.804,25.052,24.457,25.002,160712,0
2017-07-10,24.854,25.102,24.63,24.754,148141,0
2017-07-11,24.854,25.027,24.407,24.953,132980,0
2017-07-12,25.201,25.498,24.903,25.201,166254,0
2017-07-13,25.25,25.3,24.705,24.854,143068,0
2017-07-14,24.804,25.052,24.605,24.903,101246,0
2017-07-17,24.903,24.953,24.407,24.556,168135,0
2017-07-18,24.357,24.457,23.415,23.762,266153,0
2017-07-19,23.762,24.06,23.613,23.713,139499,0
2017-07-20,23.713,23.812,23.415,23.613,144616,0
2017-07-21,23.812,23.812,23.316,23.316,119096,0
2017-07-24,23.316,23.564,23.167,23.465,139902,0
2017-07-25,23.564,23.861,23.365,23.564,291189,0
2017-07-26,23.564,23.713,22.72,22.968,281236,0
2017-07-27,22.869,23.167,22.324,22.572,417732,0
2017-07-28,22.572,23.564,22.572,23.365,183985,0
2017-07-31,23.514,23.807,23.316,23.663,202651,0
2017-08-01,23.812,24.06,22.82,23.514,245846,0
2017-08-02,23.316,23.514,22.671,23.167,198672,0
2017-08-03,23.216,24.556,23.216,24.209,335394,0
2017-08-04,24.308,24.457,23.961,24.01,197074,0
2017-08-07,24.109,24.209,23.465,23.465,157751,0
2017-08-08,23.415,23.861,23.316,23.316,169752,0
2017-08-09,23.167,23.415,22.919,23.167,206212,0
2017-08-10,23.068,23.167,22.671,22.671,191655,0
2017-08-11,22.572,23.365,22.15,22.472,366221,0
2017-08-14,22.572,23.465,22.572,23.415,169410,0
2017-08-15,23.415,23.564,22.919,23.117,142424,0
2017-08-16,23.216,23.465,22.621,22.671,124117,0
2017-08-17,22.671,22.968,22.472,22.522,145903,0
2017-08-18,22.324,23.167,22.324,23.018,140171,0
2017-08-21,22.968,23.117,22.472,22.671,129667,0
2017-08-22,22.671,22.82,22.522,22.671,217184,0
2017-08-23,22.572,22.77,22.324,22.373,119020,0
2017-08-24,22.472,22.522,22.224,22.224,93732,0
2017-08-25,22.224,22.82,22.175,22.72,182313,0
2017-08-28,22.671,22.671,22.274,22.373,159289,0
2017-08-29,22.175,22.567,21.976,22.472,150265,0
2017-08-30,22.373,22.572,22.175,22.373,146928,0
2017-08-31,22.373,22.373,21.083,21.282,428470,0
2017-09-01,21.282,21.803,21.232,21.381,206680,0
2017-09-05,19.843,19.843,17.363,18.256,1658492,0
2017-09-06,17.908,19.099,17.412,18.504,1475997,0
2017-09-07,18.454,18.454,15.527,16.371,2218832,0
2017-09-08,15.775,18.156,14.957,17.71,3440295,0
2017-09-11,20.35,20.95,19.6,20.05,2296456,0
2017-09-12,20,20.5,19.55,20.4,759763,0
2017-09-13,20.45,21.45,20.305,21,590715,0
2017-09-14,20.9,21.05,20.7,20.95,329931,0
2017-09-15,21,21.45,20.95,21.25,553388,0
2017-09-18,21.15,21.15,20.35,20.4,708328,0
2017-09-19,20.4,20.65,20.4,20.65,445801,0
2017-09-20,20.6,20.9,20.55,20.65,361990,0
2017-09-21,20.6,20.85,20.3,20.4,258511,0
2017-09-22,20.4,21.3336,20.25,21.25,374071,0
2017-09-25,21.1,22.075,21.1,21.7,521482,0
2017-09-26,21.6,22.05,21.5,21.8,181097,0
2017-09-27,22.1,22.975,21.75,22.65,390767,0
2017-09-28,22.6,23.25,22.2,23.1,326718,0
2017-09-29,23,23.2,22.75,23,240867,0
2017-10-02,22.9,23.8,22.85,23.8,341579,0
2017-10-03,23.75,23.8,23.05,23.4,263679,0
2017-10-04,23.4,23.7,23.1,23.15,270349,0
2017-10-05,23.15,23.3,22.9,23.25,225922,0
2017-10-06,23.3,23.6,23.05,23.2,173961,0
2017-10-09,23.35,23.45,23.15,23.4,233099,0
2017-10-10,23.4,23.9,23.35,23.65,223496,0
2017-10-11,23.5,24.15,23.5,23.95,306801,0
2017-10-12,24,24.25,23.8,24.2,191111,0
2017-10-13,24.2,24.55,23.95,24.25,173498,0
2017-10-16,24.25,24.9,24.25,24.4,299640,0
2017-10-17,24.6,24.6,24.15,24.4,208076,0
2017-10-18,24.5,25.05,24.5,24.75,287049,0
2017-10-19,24.6,24.95,24.45,24.7,172383,0
2017-10-20,24.8859,24.95,24.2,24.2,239251,0
2017-10-23,24.1,24.3,23.8,24.1,252198,0
2017-10-24,24.15,24.3,23.7,23.85,162416,0
2017-10-25,23.95,24.3,23.455,23.95,222064,0
2017-10-26,24.1,24.75,24,24.55,181197,0
2017-10-27,24.35,24.55,24.15,24.5,192249,0
2017-10-30,24.3,24.6,23.925,24.05,215235,0
2017-10-31,24,24.45,23.85,23.85,232477,0
2017-11-01,24.05,24.3,23.5,23.65,146112,0
2017-11-02,23.7,23.75,23.2,23.4,189925,0
2017-11-03,23.4,23.5,22.95,23.3,226795,0
2017-11-06,23.3,23.5,23.1,23.3,208148,0
2017-11-07,23.4,24,23.4,23.4,220902,0
2017-11-08,23.2,23.575,23.1,23.4,159688,0
2017-11-09,23.4,25.25,23.05,25.25,479577,0
2017-11-10,25.25,25.45,24.95,25.25,256504,0
