2016-01-04,11.24,11.24,10.67,10.79,45660,0
2016-01-05,10.84,11,10.75,10.8,27828,0
2016-01-06,10.69,10.909,10.57,10.84,42676,0
2016-01-07,10.67,10.88,10.5,10.56,49817,0
2016-01-08,10.54,10.68,10.49,10.54,38218,0
2016-01-11,10.55,11.04,10.46,11,68708,0
2016-01-12,11.12,11.22,10.75,11.07,76273,0
2016-01-13,11.07,11.15,10.66,10.81,46233,0
2016-01-14,10.82,11.09,10.79,11.01,27268,0
2016-01-15,10.74,10.92,10.38,10.68,35351,0
2016-01-19,10.77,10.77,10.36,10.64,40500,0
2016-01-20,10.51,10.84,10.27,10.8,31799,0
2016-01-21,10.79,10.8233,10.58,10.74,41090,0
2016-01-22,10.91,11.13,10.75,11.13,29980,0
2016-01-25,11.13,11.13,10.59,10.59,43876,0
2016-01-26,10.61,10.94,10.44,10.9,62721,0
2016-01-27,10.82,11.05,10.79,10.82,28271,0
2016-01-28,10.97,11.16,10.96,11.06,47200,0
2016-01-29,11.14,11.87,11.14,11.82,42933,0
2016-02-01,11.72,11.841,11.63,11.69,23707,0
2016-02-02,11.5,11.71,11.16,11.3,38383,0
2016-02-03,11.45,11.45,11.1,11.23,26829,0
2016-02-04,11.23,11.53,11.03,11.18,16574,0
2016-02-05,11.18,11.19,10.72,10.72,34928,0
2016-02-08,10.67,11.23,10.67,11.15,29950,0
2016-02-09,11.02,11.02,10.61,10.71,20037,0
2016-02-10,10.75,11.07,10.577,10.62,18487,0
2016-02-11,10.46,10.58,10.44,10.49,10193,0
2016-02-12,10.45,10.73,10.4,10.5,12615,0
2016-02-16,10.61,10.94,10.61,10.66,32726,0
2016-02-17,10.68,10.965,10.68,10.95,28088,0
2016-02-18,11.01,11.16,10.85,11.08,48581,0
2016-02-19,11.15,11.35,10.8911,11.07,138862,0
2016-02-22,11.31,11.59,11.1,11.44,109392,0
2016-02-23,11.49,11.81,11.49,11.7,57313,0
2016-02-24,11.59,11.99,11.59,11.9,48423,0
2016-02-25,11.95,11.95,11.63,11.75,21968,0
2016-02-26,11.71,11.89,11.7,11.76,42191,0
2016-02-29,11.82,12,11.69,11.72,39872,0
2016-03-01,11.85,11.94,11.71,11.76,46144,0
2016-03-02,11.73,11.99,11.73,11.95,41704,0
2016-03-03,11.9,12.15,11.895,12.04,125386,0
2016-03-04,12.05,12.25,12,12.14,40839,0
2016-03-07,12.1,12.16,12.07,12.15,79625,0
2016-03-08,12.13,12.3,12.118,12.17,147306,0
2016-03-09,12.25,12.48,12.2,12.4,72934,0
2016-03-10,12.5,13,12.488,12.79,93537,0
2016-03-11,12.86,12.99,12.763,12.88,47703,0
2016-03-14,12.95,13.1,12.76,12.99,37808,0
2016-03-15,13,13.05,12.88,12.93,47443,0
2016-03-16,12.93,12.95,12.79,12.89,65013,0
2016-03-17,12.88,12.96,12.77,12.88,106883,0
2016-03-18,12.94,13.11,12.91,13.02,129809,0
2016-03-21,13.04,13.44,12.99,13.28,106390,0
2016-03-22,13.2,13.35,13.1,13.25,81061,0
2016-03-23,13.17,13.369,13.17,13.3,85086,0
2016-03-24,13.26,13.91,13.26,13.85,58352,0
2016-03-28,13.92,14.09,13.738,13.9,57524,0
2016-03-29,13.77,14.28,13.69,14.23,85178,0
2016-03-30,14.35,14.45,14.28,14.4,71772,0
2016-03-31,14.48,14.67,13.94,14.01,88943,0
2016-04-01,13.91,14.525,13.8912,14.47,59362,0
2016-04-04,14.64,15.48,14.64,15.11,164568,0
2016-04-05,15.09,15.26,14.94,15.1,82928,0
2016-04-06,15.11,15.16,14.899,15.16,43873,0
2016-04-07,15.11,15.14,14.94,15.1,52528,0
2016-04-08,15.2,15.2599,14.99,15.12,89489,0
2016-04-11,15.04,15.25,14.71,14.75,76889,0
2016-04-12,14.62,15.13,14.5008,14.98,48865,0
2016-04-13,15.07,15.21,14.97,15.19,50909,0
2016-04-14,15.19,15.21,15,15.16,39060,0
2016-04-15,15.15,15.2,14.96,14.97,40368,0
2016-04-18,14.81,15.25,14.81,15.22,39821,0
2016-04-19,15.27,15.3,15.09,15.1,45045,0
2016-04-20,14.88,15.04,14.75,14.95,34997,0
2016-04-21,14.88,15.13,14.88,15.06,21299,0
2016-04-22,15.1,15.23,14.76,14.89,31009,0
2016-04-25,14.76,14.8479,14.4275,14.75,30954,0
2016-04-26,14.85,15.1,14.8,15.01,21537,0
2016-04-27,15.1,15.29,14.972,15.2,29706,0
2016-04-28,15.05,15.23,14.92,15.01,34287,0
2016-04-29,15.01,15.11,14.8,14.96,23817,0
2016-05-02,15.05,15.08,14.86,14.93,27924,0
2016-05-03,14.76,14.89,14.59,14.69,93726,0
2016-05-04,14.48,14.48,13.91,14.11,68733,0
2016-05-05,14.18,14.25,13.9,14,74655,0
2016-05-06,13.96,14.2,13.9,14.12,28625,0
2016-05-09,14.08,14.31,13.855,14.06,32119,0
2016-05-10,14.05,14.24,13.99,14.06,38527,0
2016-05-11,14,14.24,13.65,14.09,58517,0
2016-05-12,14.17,14.23,13.45,13.6,58246,0
2016-05-13,13.62,13.67,13.14,13.33,58619,0
2016-05-16,13.37,13.56,13.28,13.32,30888,0
2016-05-17,13.39,13.48,13.05,13.07,55637,0
2016-05-18,13.07,13.31,13.05,13.21,31516,0
2016-05-19,13.18,13.18,12.97,13,27667,0
2016-05-20,13.04,13.34,13.04,13.3,20362,0
2016-05-23,13.3,13.4599,13.19,13.24,20487,0
2016-05-24,13.41,13.67,13.38,13.54,27372,0
2016-05-25,13.52,13.52,13.18,13.38,19739,0
2016-05-26,13.36,13.72,13.32,13.56,28158,0
2016-05-27,13.79,13.79,13.43,13.57,17191,0
2016-05-31,13.6,13.6,13.31,13.51,55440,0
2016-06-01,13.51,13.53,13.28,13.5,24894,0
2016-06-02,13.46,13.47,13.28,13.33,26267,0
2016-06-03,13.36,13.36,13.25,13.28,19945,0
2016-06-06,13.21,13.4,13.07,13.32,31395,0
2016-06-07,13.31,13.41,13.15,13.39,15588,0
2016-06-08,13.46,13.91,13.27,13.85,34985,0
2016-06-09,13.78,13.85,13.57,13.6,35519,0
2016-06-10,13.57,13.7,13.46,13.6,62201,0
2016-06-13,13.53,13.57,13.36,13.4,61422,0
2016-06-14,13.39,13.4,13.14,13.18,37847,0
2016-06-15,13.18,13.46,13.11,13.38,33213,0
2016-06-16,13.47,13.47,13.07,13.35,18014,0
2016-06-17,13.39,13.5,12.97,13,113916,0
2016-06-20,13.17,13.59,13.02,13.37,66422,0
2016-06-21,13.4,13.45,13.14,13.43,22471,0
2016-06-22,13.4,13.51,13.23,13.33,50514,0
2016-06-23,13.38,13.9,13.38,13.69,27257,0
2016-06-24,13.17,13.48,13.13,13.33,71149,0
2016-06-27,13.18,13.19,12.83,12.92,47846,0
2016-06-28,12.94,13.1,12.94,13.05,33783,0
2016-06-29,13.11,13.4,13.11,13.27,25156,0
2016-06-30,13.35,13.5,13.29,13.42,30666,0
2016-07-01,13.36,13.5,13.28,13.34,11419,0
2016-07-05,13.24,13.43,13.24,13.28,21634,0
2016-07-06,13.18,13.317,13.18,13.26,16721,0
2016-07-07,13.485,13.485,13.18,13.38,16976,0
2016-07-08,13.5,13.5,13.34,13.39,32731,0
2016-07-11,13.4,13.715,13.24,13.61,21811,0
2016-07-12,13.66,13.8799,13.57,13.74,26321,0
2016-07-13,13.83,13.93,13.68,13.92,41841,0
2016-07-14,13.95,14.17,13.83,13.97,56981,0
2016-07-15,14.07,14.43,14.07,14.4,27994,0
2016-07-18,14.52,14.52,14.03,14.34,22688,0
2016-07-19,14.37,14.48,14.14,14.19,28461,0
2016-07-20,14.15,14.25,14.06,14.13,14067,0
2016-07-21,14.03,14.1543,13.84,13.9,6608,0
2016-07-22,13.83,13.94,13.75,13.76,10178,0
2016-07-25,13.76,13.76,13.65,13.68,10880,0
2016-07-26,13.64,13.64,12.97,13.27,42275,0
2016-07-27,13.3,13.57,13.16,13.47,10221,0
2016-07-28,13.44,13.66,13.11,13.28,9080,0
2016-07-29,13.31,13.46,13.12,13.15,42621,0
2016-08-01,13.24,13.67,13.24,13.63,18824,0
2016-08-02,13.55,13.55,13.35,13.39,17924,0
2016-08-03,13.385,13.52,13.25,13.44,11647,0
2016-08-04,13.48,13.48,13.33,13.39,13050,0
2016-08-05,13.41,13.93,13.41,13.93,29743,0
2016-08-08,13.94,14.27,13.94,14.23,23762,0
2016-08-09,13.99,13.99,12.83,13,105772,0
2016-08-10,12.91,12.91,11.7501,12.4,99332,0
2016-08-11,12.36,13.96,12.125,13.93,125129,0
2016-08-12,13.91,14.09,13.77,13.95,38589,0
2016-08-15,14.05,14.78,14.05,14.71,54220,0
2016-08-16,14.76,14.98,14.35,14.39,45123,0
2016-08-17,14.35,14.56,14.23,14.48,75966,0
2016-08-18,14.5,14.68,14.45,14.63,104624,0
2016-08-19,14.65,15.09,14.63,15.05,46924,0
2016-08-22,15.1,15.26,15,15.19,25736,0
2016-08-23,15.23,15.39,15.23,15.26,21147,0
2016-08-24,15.26,15.33,15.11,15.21,27134,0
2016-08-25,15.18,15.27,15.13,15.22,24776,0
2016-08-26,15.19,15.35,15.18,15.31,21570,0
2016-08-29,15.24,15.39,15.22,15.25,85449,0
2016-08-30,15.39,15.47,15.32,15.34,27089,0
2016-08-31,15.34,15.34,15.23,15.27,41972,0
2016-09-01,15.25,15.39,15.145,15.3,132427,0
2016-09-02,15.28,15.3,15.21,15.27,21558,0
2016-09-06,15.3,15.48,15.25,15.35,21386,0
2016-09-07,15.38,15.42,15.26,15.36,151729,0
2016-09-08,15.29,15.55,15.24,15.52,46715,0
2016-09-09,15.5,15.58,15.5,15.5,67201,0
2016-09-12,15.51,15.62,15.5,15.55,47319,0
2016-09-13,15.5,15.59,15.5,15.5,66267,0
2016-09-14,15.43,15.57,15.43,15.5,117748,0
2016-09-15,15.52,15.86,15.52,15.82,122217,0
2016-09-16,15.84,16.11,15.82,16.08,103349,0
2016-09-19,16.12,16.32,15.89,15.9,22072,0
2016-09-20,15.91,15.91,15.52,15.66,51435,0
2016-09-21,15.78,15.92,15.68,15.9,16638,0
2016-09-22,15.9,15.9,15.79,15.85,38550,0
2016-09-23,15.84,15.88,15.76,15.77,37713,0
2016-09-26,15.75,15.77,15.51,15.75,63173,0
2016-09-27,15.8,16.095,15.74,16,40202,0
2016-09-28,15.97,15.97,15.88,15.89,39732,0
2016-09-29,15.9,16.04,15.89,16.01,26978,0
2016-09-30,16.04,16.07,15.9,16.03,64972,0
2016-10-03,16,16.07,15.97,16.01,17094,0
2016-10-04,16.04,16.2,15.95,16.02,36790,0
2016-10-05,16.05,16.05,15.95,16.01,15120,0
2016-10-06,16.03,16.03,15.84,15.95,212238,0
2016-10-07,15.98,16.01,15.85,15.86,23121,0
2016-10-10,15.88,15.91,15.63,15.81,41276,0
2016-10-11,15.85,15.9,15.6,15.7,93215,0
2016-10-12,15.68,15.77,15.61,15.67,14580,0
2016-10-13,15.72,15.7885,15.645,15.7,34343,0
2016-10-14,15.82,15.82,15.6,15.68,35939,0
2016-10-17,15.7,15.99,15.7,15.86,109299,0
2016-10-18,15.96,16.022,15.6,15.6,38971,0
2016-10-19,15.61,15.81,15.5628,15.6,26799,0
2016-10-20,15.58,15.73,15.58,15.61,17312,0
2016-10-21,15.6,15.64,15.5,15.51,22826,0
2016-10-24,15.64,15.64,15.53,15.56,17037,0
2016-10-25,15.55,15.67,15.47,15.63,32617,0
2016-10-26,15.54,15.71,15.54,15.67,21538,0
2016-10-27,15.71,15.71,15.58,15.6,26692,0
2016-10-28,15.67,15.74,15.49,15.62,14465,0
2016-10-31,15.65,15.9,15.65,15.7,20945,0
2016-11-01,15.8,15.8,15.5,15.55,16563,0
2016-11-02,15.6,15.7,15.5,15.55,26159,0
2016-11-03,15.55,15.75,15.5,15.6,14620,0
2016-11-04,15.7,15.85,15.6,15.7,31681,0
2016-11-07,16,16.09,15.7,15.7,45876,0
2016-11-08,15.75,16.75,15.75,16.55,38257,0
2016-11-09,16.5,17.3,16.35,17.3,48689,0
2016-11-10,17.15,17.95,17,17.8,49527,0
2016-11-11,17.65,19.3,17.45,19,96418,0
2016-11-14,19.05,19.05,17.1,18.05,76149,0
2016-11-15,18.05,18.05,17.5,17.8,52244,0
2016-11-16,17.8,18.75,17.8,18.1,40176,0
2016-11-17,18.15,18.7,17.825,18.6,38199,0
2016-11-18,18.6,18.925,18.6,18.85,49105,0
2016-11-21,18.85,18.85,18.524,18.8,20878,0
2016-11-22,18.75,19.15,18.65,19,21350,0
2016-11-23,19.2,19.445,18.95,18.95,33400,0
2016-11-25,19,19.175,18.9,19,10160,0
2016-11-28,19.1,19.15,18.6,18.7,15087,0
2016-11-29,18.75,18.75,18.35,18.4,23594,0
2016-11-30,18.55,18.65,18.2,18.25,21373,0
2016-12-01,18.2,18.65,17.9,18.2,17306,0
2016-12-02,18.15,18.3719,17.75,17.8,10565,0
2016-12-05,17.8,19.2,17.8,19.1,27035,0
2016-12-06,19.05,19.05,18.7,19,30375,0
2016-12-07,18.8,19.05,18.8,18.85,23933,0
2016-12-08,19,19.1,18.9,18.95,26958,0
2016-12-09,19.15,19.225,18.8,19,31207,0
2016-12-12,18.85,19.05,18.85,18.9,32410,0
2016-12-13,18.95,19,18.7,18.75,22659,0
2016-12-14,18.7,18.9,18.35,18.55,20017,0
2016-12-15,18.55,18.8,18.4,18.7,30650,0
2016-12-16,18.7,19,18.5,19,64750,0
2016-12-19,18.95,19,18.8,18.9,23149,0
2016-12-20,19,19,18.7,18.85,20063,0
2016-12-21,18.8,18.9,18.7,18.75,9202,0
2016-12-22,18.8,18.8727,18.6,18.65,19615,0
2016-12-23,18.7,19,18.7,19,9924,0
2016-12-27,18.95,19.05,18.717,18.9,15237,0
2016-12-28,18.9,19,18.55,18.75,13588,0
2016-12-29,18.75,18.85,18.35,18.75,11770,0
2016-12-30,18.45,19,18.45,18.9,38996,0
2017-01-03,19.1,19.15,18.05,18.9,45894,0
2017-01-04,19,19.05,18.9423,19,45744,0
2017-01-05,19.05,19.05,18.75,18.85,13606,0
2017-01-06,18.9,19,18.55,18.95,17485,0
2017-01-09,18.95,18.95,18.7,18.7,13771,0
2017-01-10,18.7,18.85,18.5,18.65,42891,0
2017-01-11,18.7,18.8,18.4,18.45,25356,0
2017-01-12,18.45,18.6,18.1,18.2,82025,0
2017-01-13,18.3,18.5,17.655,17.95,37735,0
2017-01-17,17.9,18,17.7501,17.8,16210,0
2017-01-18,17.8,17.9,17.55,17.55,18447,0
2017-01-19,17.6,17.7,17.225,17.25,11463,0
2017-01-20,17.25,17.4,16.85,16.9,22188,0
2017-01-23,16.7,16.96,16.55,16.6,14519,0
2017-01-24,16.65,17,16.55,17,16464,0
2017-01-25,17.1,17.35,17,17.3,14410,0
2017-01-26,17.35,17.35,16.9,16.9,11215,0
2017-01-27,16.85,17.3,16.8,17.25,14287,0
2017-01-30,17.2,17.3,16.6,17,16003,0
2017-01-31,16.9,16.9,16.6,16.65,30546,0
2017-02-01,16.8,17.1,16.65,16.7,12308,0
2017-02-02,16.65,16.95,16.1,16.15,15076,0
2017-02-03,16.2,16.65,16.2,16.6,31267,0
2017-02-06,16.45,16.5,16.25,16.3,38934,0
2017-02-07,16.4,16.5,16.35,16.4,11283,0
2017-02-08,16.4,16.65,16.35,16.45,15873,0
2017-02-09,16.45,17,16.25,16.85,9351,0
2017-02-10,16.9,17.15,16.7,17.05,14557,0
2017-02-13,17.05,17.05,16.45,16.8,28074,0
2017-02-14,16.65,16.95,16.65,16.85,12449,0
2017-02-15,16.75,16.975,16.55,16.9,18243,0
2017-02-16,16.95,17.15,16.85,17.05,12827,0
2017-02-17,17.2,17.2,16.95,17,29916,0
2017-02-21,17.05,17.05,16.6,16.85,28322,0
2017-02-22,16.95,16.95,16.25,16.35,103860,0
2017-02-23,16.25,16.55,16.25,16.35,22880,0
2017-02-24,16.2,16.5,15.85,16.3,36131,0
2017-02-27,16.3,16.725,16.3,16.5,52244,0
2017-02-28,16.5,16.55,16,16.1,63627,0
2017-03-01,16.25,16.425,16.1,16.1,34868,0
2017-03-02,16.2,16.275,15.95,16,34491,0
2017-03-03,15.855,16.1,15.85,16,18610,0
2017-03-06,15.95,16.2,15.75,15.8,162880,0
2017-03-07,15.75,15.9,15.35,15.6,46508,0
2017-03-08,15.7,15.9,15.55,15.7,77448,0
2017-03-09,15.7,16.2157,15.6,15.9,40922,0
2017-03-10,16,16,15.45,15.55,30313,0
2017-03-13,15.65,15.7225,15.25,15.4,31407,0
2017-03-14,15.35,15.45,15.1,15.2,18861,0
2017-03-15,15.25,16.3161,15.25,15.75,50879,0
2017-03-16,15.8,16.1,15.75,15.95,27867,0
2017-03-17,15.95,16.125,15.85,15.85,48975,0
2017-03-20,15.85,16,15.7,15.85,21760,0
2017-03-21,15.85,16.05,15.55,15.6,37853,0
2017-03-22,15.55,15.7,15.26,15.35,19228,0
2017-03-23,15.35,15.8,15.35,15.75,20617,0
2017-03-24,15.75,16,15.7,15.75,23203,0
2017-03-27,15.6,15.95,15.35,15.75,17681,0
2017-03-28,15.65,15.85,15.4768,15.75,21848,0
2017-03-29,15.65,15.95,15.65,15.85,40707,0
2017-03-30,16,16.15,15.9,16.1,28451,0
2017-03-31,16.1,16.15,15.75,15.8,53256,0
2017-04-03,15.8,15.9,15.65,15.8,36736,0
2017-04-04,15.75,15.85,15.45,15.55,13733,0
2017-04-05,15.55,15.65,15.35,15.5,35922,0
2017-04-06,15.75,16.05,15.55,15.85,25104,0
2017-04-07,15.8,16.1,15.8,15.8,17695,0
2017-04-10,15.8,16.1,15.75,15.8,25887,0
2017-04-11,15.75,15.8,15.55,15.8,23931,0
2017-04-12,15.7,15.7,15.375,15.55,31025,0
2017-04-13,15.5,15.7,15.4,15.55,22568,0
2017-04-17,15.6,15.75,15.5,15.7,51087,0
2017-04-18,15.65,16.1,15.65,16.1,11908,0
2017-04-19,16.1,16.4,15.9,16.25,16476,0
2017-04-20,16.25,16.8,16.25,16.75,16295,0
2017-04-21,16.65,16.9,16.4,16.8,32794,0
2017-04-24,17.05,17.55,16.95,17.35,39506,0
2017-04-25,17.3,17.4,17.15,17.2,18665,0
2017-04-26,17.1,17.25,16.85,17,29453,0
2017-04-27,17,17.1,16.95,17,25783,0
2017-04-28,16.95,17.55,16.95,17.2,37998,0
2017-05-01,17.3,17.3,16.95,16.95,14514,0
2017-05-02,16.9,17.05,16.8,16.9,20339,0
2017-05-03,17,17.55,16.95,17.35,61705,0
2017-05-04,17.6,17.7,17.5,17.6,51271,0
2017-05-05,17.7,17.8,17.5,17.7,37143,0
2017-05-08,17.7,17.75,17.55,17.6,21102,0
2017-05-09,17.5,18,17.5,17.8,20756,0
2017-05-10,17.65,18,17.65,17.8,34311,0
2017-05-11,17.65,17.85,17.6,17.75,23111,0
2017-05-12,17.75,18,17.25,17.85,36642,0
2017-05-15,17.75,18,17.65,17.95,44864,0
2017-05-16,17.9,17.95,17.8,17.95,27996,0
2017-05-17,17.7,17.9,17.7,17.8,46701,0
2017-05-18,17.9,17.9,17.6,17.7,39480,0
2017-05-19,17.7,17.9,17.55,17.9,44359,0
2017-05-22,17.85,18,17.75,17.95,24990,0
2017-05-23,18,18,17.55,17.65,25426,0
2017-05-24,17.7,17.7,17.5,17.55,81971,0
2017-05-25,17.55,17.55,17.3,17.55,22920,0
2017-05-26,17.4,17.5,17.4,17.45,11639,0
2017-05-30,17.4,17.6,17.35,17.6,23696,0
2017-05-31,17.6,17.6,17.3,17.3,11277,0
2017-06-01,17.35,17.55,17.31,17.5,25325,0
2017-06-02,17.5,17.85,17.5,17.7,42437,0
2017-06-05,17.7,17.9,17.7,17.7,11258,0
2017-06-06,17.6,17.85,17.55,17.55,16201,0
2017-06-07,17.55,17.6,17.35,17.5,19502,0
2017-06-08,17.7,17.8,17.55,17.8,20443,0
2017-06-09,17.8,17.9,17.6,17.65,27290,0
2017-06-12,17.6,17.85,17.25,17.45,29908,0
2017-06-13,17.55,17.75,17.35,17.4,45177,0
2017-06-14,17.4,17.46,17.05,17.25,38222,0
2017-06-15,17.15,17.45,17.15,17.45,20145,0
2017-06-16,17.3,17.5,17.2137,17.35,54078,0
2017-06-19,17.35,17.7,17.15,17.45,30325,0
2017-06-20,17.35,17.65,17.35,17.4,23135,0
2017-06-21,17.65,17.65,17,17.15,18797,0
2017-06-22,17.05,17.5,17.05,17.3,45786,0
2017-06-23,17.3,17.65,17.25,17.4,172485,0
2017-06-26,17.5,17.9,17.2,17.35,34355,0
2017-06-27,17.25,17.5133,17.05,17.15,26194,0
2017-06-28,17.2,17.625,17.2,17.4,19013,0
2017-06-29,17.45,17.75,17.35,17.45,22442,0
2017-06-30,17.45,17.5,17.25,17.3,19170,0
2017-07-03,17.3,17.55,17.3,17.4,9052,0
2017-07-05,17.6,18.1,17.2,17.25,28529,0
2017-07-06,17.15,17.55,17.15,17.2,17612,0
2017-07-07,17.35,17.45,17.1,17.3,35639,0
2017-07-10,17.35,17.75,17.25,17.65,29145,0
2017-07-11,17.65,17.65,17.2,17.5,18105,0
2017-07-12,17.55,17.7,17.3,17.5,40854,0
2017-07-13,17.5,17.55,17.15,17.55,41213,0
2017-07-14,17.55,17.8,17.45,17.5,21431,0
2017-07-17,17.55,17.925,17.4,17.5,17376,0
2017-07-18,17.35,17.45,17.35,17.4,5331,0
2017-07-19,17.35,17.7,17.35,17.45,15009,0
2017-07-20,17.45,17.65,17.35,17.55,11128,0
2017-07-21,17.65,17.65,17.45,17.6,21573,0
2017-07-24,17.5,17.775,17.35,17.65,17351,0
2017-07-25,17.7,18.1,17.7,17.95,18228,0
2017-07-26,18.05,18.05,17.75,17.85,14063,0
2017-07-27,17.85,18,17.7,17.7,12279,0
2017-07-28,17.6,17.85,17.5,17.5,13354,0
2017-07-31,17.6,17.85,17.35,17.5,12280,0
2017-08-01,17.6,17.6,17.4,17.45,9623,0
2017-08-02,17.4,17.55,17.35,17.45,9359,0
2017-08-03,17.4,17.5,17.35,17.45,11691,0
2017-08-04,17.45,17.45,17.05,17.1,8096,0
2017-08-07,17.05,17.05,16.55,16.6,20675,0
2017-08-08,18.1,18.8,17.75,17.9,76393,0
2017-08-09,17.9,18.345,17.85,17.85,77610,0
2017-08-10,17.9,18.45,17.9,18.2,70540,0
2017-08-11,18.25,18.55,18.195,18.45,93358,0
2017-08-14,18.65,19.35,18.65,19.2,78541,0
2017-08-15,19.25,20.1,19.25,19.9,129930,0
2017-08-16,20,20,19.8,19.95,47856,0
2017-08-17,20,20.45,19.85,19.85,72708,0
2017-08-18,19.75,20.3,19.75,19.9,68293,0
2017-08-21,20.2,20.95,20.15,20.7,54121,0
2017-08-22,20.8,21.5,20.7,21.5,38535,0
2017-08-23,21.5,22,21.4,21.9,44984,0
2017-08-24,21.65,22.1,21.65,22.05,35060,0
2017-08-25,22.05,22.4,22.05,22.4,32106,0
2017-08-28,22.5,22.8,22.3,22.7,33570,0
2017-08-29,22.5,22.5,21.5,21.65,51654,0
2017-08-30,21.05,21.2,20.65,21.05,88556,0
2017-08-31,21.05,21.875,21.05,21.85,51182,0
2017-09-01,21.8,22.15,21.65,21.95,25073,0
2017-09-05,22.05,22.1,21.45,21.55,39917,0
2017-09-06,21.55,21.95,21.45,21.85,46513,0
2017-09-07,21.75,21.85,21.7,21.7,30327,0
2017-09-08,21.6,22,21.55,21.75,20859,0
2017-09-11,21.65,21.9,21.555,21.65,35319,0
2017-09-12,21.65,21.95,21.59,21.8,19196,0
2017-09-13,21.65,21.95,21.4,21.95,28058,0
2017-09-14,21.9,22.15,21.65,22.1,32094,0
2017-09-15,22.15,22.45,21.6,22.3,97928,0
2017-09-18,22.4,23.1,22.15,22.7,55545,0
2017-09-19,22.75,22.95,22.15,22.3,43201,0
2017-09-20,22.35,22.45,22.05,22.15,33613,0
2017-09-21,22.15,22.4,22.055,22.1,24069,0
2017-09-22,22.2,22.4,22.05,22.3,40205,0
2017-09-25,22.15,22.9,22.15,22.85,32880,0
2017-09-26,22.95,23.4,22.885,23.25,32886,0
2017-09-27,23.25,24.05,23.25,23.85,44871,0
2017-09-28,23.85,24.15,23.45,24.05,25769,0
2017-09-29,24,24.45,23.5,24.4,47030,0
2017-10-02,24.6,24.8,24.05,24.4,37036,0
2017-10-03,24.5,24.55,23.7,24.25,32597,0
2017-10-04,24.15,24.25,23.8,24.05,30099,0
2017-10-05,24.05,24.25,23.75,24.15,12127,0
2017-10-06,24.25,24.3,24.05,24.2,16115,0
2017-10-09,23.65,23.65,23.155,23.45,21658,0
2017-10-10,23.6,24.2,23.45,24.2,26339,0
2017-10-11,24.2,24.4,23.85,23.95,18142,0
2017-10-12,23.85,24.15,23.85,23.95,12489,0
2017-10-13,24.15,24.6,23.9601,24.3,20985,0
2017-10-16,24.25,24.45,24.2,24.35,20846,0
2017-10-17,24.5,24.5,23.75,23.85,22919,0
2017-10-18,24,24.4,23.95,24.4,22513,0
2017-10-19,24.4,24.4,23.55,23.75,16704,0
2017-10-20,23.8825,24.2,23.7023,24,35594,0
2017-10-23,23.9,23.9,23.4,23.65,22726,0
2017-10-24,23.6,24.15,23.5,23.9,18252,0
2017-10-25,23.8,24.2999,23.2,24.2,27916,0
2017-10-26,24.1,24.6,24,24.45,19267,0
2017-10-27,24.65,24.65,24.4,24.45,17254,0
2017-10-30,24.4,24.5,23.95,24.4,25310,0
2017-10-31,24.5,24.85,24.5,24.55,55884,0
2017-11-01,24.85,24.9,24.05,24.5,23004,0
2017-11-02,24.4,24.95,24.25,24.8,27520,0
2017-11-03,25,25.05,24.5,24.65,28124,0
2017-11-06,24.755,24.95,23.2,23.2,47758,0
2017-11-07,23.55,23.55,20.5,21.95,57766,0
2017-11-08,22.6,24,22.4,23.75,43677,0
2017-11-09,23.75,23.85,23.25,23.75,42636,0
2017-11-10,23.75,25.45,23.75,24.95,65229,0
