2016-01-04,31.613,32.034,30.959,31.531,614650,0
2016-01-05,33.353,33.977,33.174,33.786,2189162,0
2016-01-06,33.732,33.922,33.013,33.8,555691,0
2016-01-07,33.46,33.678,32.999,33.542,234534,0
2016-01-08,33.678,34.642,33.625,33.991,495667,0
2016-01-11,34.193,34.193,33.187,33.339,364285,0
2016-01-12,32.89,33.583,32.605,33.57,304034,0
2016-01-13,33.446,33.65,32.13,32.251,170335,0
2016-01-14,32.265,32.605,31.776,32.524,199753,0
2016-01-15,32.007,32.116,31.776,31.939,157276,0
2016-01-19,33.081,34.942,32.808,34.901,9327500,0
2016-01-20,34.547,37.128,34.234,36.816,4463331,0
2016-01-21,37.4,38.528,36.816,36.952,3031890,0
2016-01-22,37.224,38.134,37.156,37.795,2074215,0
2016-01-25,37.537,38.052,37.291,37.537,913686,0
2016-01-26,37.808,38.175,37.468,38.134,1588154,0
2016-01-27,37.998,38.406,37.454,37.563,1568594,0
2016-01-28,38.025,38.161,37.332,37.617,831580,0
2016-01-29,37.821,38.269,37.53,38.269,1230070,0
2016-02-01,38.039,38.324,37.767,38.065,545654,0
2016-02-02,37.93,37.984,37.087,37.712,639214,0
2016-02-03,37.984,38.31,37.427,38.269,877218,0
2016-02-04,38.365,38.84,38.229,38.54,626025,0
2016-02-05,38.365,38.514,37.4,37.496,540944,0
2016-02-08,37.224,37.318,36.72,36.938,572347,0
2016-02-09,36.748,37.427,36.545,36.952,722491,0
2016-02-10,37.087,37.712,37.034,37.304,369235,0
2016-02-11,36.952,37.427,36.912,37.346,539755,0
2016-02-12,37.496,38.853,37.496,38.649,751060,0
2016-02-16,38.977,39.628,38.977,39.48,1187239,0
2016-02-17,39.806,40.498,39.682,39.832,612362,0
2016-02-18,39.994,40.646,39.9,40.579,469463,0
2016-02-19,40.376,40.43,39.914,40.225,209043,0
2016-02-22,40.525,40.633,39.139,39.764,508714,0
2016-02-23,39.614,39.778,39.22,39.48,382445,0
2016-02-24,40.484,40.579,39.506,40.091,1655948,0
2016-02-25,40.484,41.341,40.239,40.551,890728,0
2016-02-26,40.687,41.746,40.687,40.715,1028284,0
2016-02-29,40.81,41.163,40.157,40.62,2262061,0
2016-03-01,40.823,41.585,40.823,41.381,1108436,0
2016-03-02,41.203,41.53,40.81,41.231,901895,0
2016-03-03,41.135,41.502,40.511,41.463,553356,0
2016-03-04,41.502,41.693,41.217,41.313,607120,0
2016-03-07,41.176,41.571,40.973,41.516,292005,0
2016-03-08,41.245,41.829,41.231,41.516,696068,0
2016-03-09,41.611,42.086,41.611,41.843,801047,0
2016-03-10,41.884,42.29,41.653,42.006,353641,0
2016-03-11,42.29,42.427,42.033,42.1,832440,0
2016-03-14,41.843,41.925,41.449,41.693,541966,0
2016-03-15,41.53,42.141,41.409,42.006,466951,0
2016-03-16,41.938,42.345,41.787,42.29,539272,0
2016-03-17,42.385,43.064,42.277,42.82,394576,0
2016-03-18,42.93,42.93,42.48,42.589,393853,0
2016-03-21,42.399,42.631,42.263,42.263,328275,0
2016-03-22,42.196,42.454,42.033,42.359,504027,0
2016-03-23,42.304,42.399,41.898,41.911,299552,0
2016-03-24,41.76,41.992,41.543,41.898,488927,0
2016-03-28,41.898,41.925,41.409,41.571,313938,0
2016-03-29,41.653,42.607,41.625,42.554,396491,0
2016-03-30,42.703,42.784,41.899,41.994,326655,0
2016-03-31,42.047,42.498,42.007,42.335,374099,0
2016-04-01,42.103,42.445,42.061,42.417,345764,0
2016-04-04,42.471,42.471,42.185,42.307,684639,0
2016-04-05,40.096,40.998,38.365,40.903,5841290,0
2016-04-06,40.998,41.571,40.766,41.243,709975,0
2016-04-07,41.134,41.706,40.974,41.706,334981,0
2016-04-08,42.144,42.213,41.585,41.625,427891,0
2016-04-11,41.693,42.007,41.463,41.543,410146,0
2016-04-12,41.543,41.789,41.393,41.543,478287,0
2016-04-13,41.693,42.307,41.611,42.213,440227,0
2016-04-14,42.158,42.279,41.865,41.98,247908,0
2016-04-15,41.257,42.089,41.188,41.858,260440,0
2016-04-18,41.747,42.075,41.557,42.034,311936,0
2016-04-19,42.185,42.349,41.939,42.047,1187224,0
2016-04-20,42.047,42.471,41.872,42.172,676857,0
2016-04-21,42.172,42.375,41.747,41.939,532737,0
2016-04-22,41.967,42.361,41.926,42.307,382653,0
2016-04-25,42.361,42.361,41.953,42.047,666354,0
2016-04-26,42.103,42.403,41.939,42.293,710443,0
2016-04-27,42.293,42.526,41.994,42.361,889855,0
2016-04-28,41.858,43.754,41.844,43.712,1335426,0
2016-04-29,43.658,44.04,43.181,43.944,382081,0
2016-05-02,44.054,44.355,43.767,44.355,219556,0
2016-05-03,44.081,44.361,43.971,44.313,441798,0
2016-05-04,44.026,44.476,43.944,44.245,321643,0
2016-05-05,44.421,44.901,44.395,44.435,330564,0
2016-05-06,44.313,44.887,44.287,44.845,294243,0
2016-05-09,44.819,45.485,44.654,45.283,426536,0
2016-05-10,45.54,45.65,45.323,45.623,208152,0
2016-05-11,45.65,45.828,45.446,45.581,211199,0
2016-05-12,45.752,46.218,45.574,45.752,269102,0
2016-05-13,45.658,45.78,45.37,45.78,173811,0
2016-05-16,45.821,46.136,45.63,45.67,117471,0
2016-05-17,45.588,45.67,45.205,45.356,535575,0
2016-05-18,45.328,45.411,44.726,44.891,706939,0
2016-05-19,44.726,45.616,44.412,45.491,420283,0
2016-05-20,45.684,46.86,45.63,46.218,341317,0
2016-05-23,46.218,46.218,45.342,45.698,100320,0
2016-05-24,45.999,46.108,45.738,46.067,304145,0
2016-05-25,46.094,46.122,44.521,44.521,855502,0
2016-05-26,44.714,44.863,43.851,44.029,720737,0
2016-05-27,44.029,45.205,43.865,44.823,620904,0
2016-05-31,44.48,44.754,43.099,43.236,2755872,0
2016-06-01,43.135,44.328,43.135,44.242,5453087,0
2016-06-02,44.249,45.797,44.249,45.559,5646939,0
2016-06-03,45.855,47.126,45.519,46.331,5509172,0
2016-06-06,46.338,47.805,46.338,47.746,10867582,0
2016-06-07,47.707,48.45,47.534,48.18,2764633,0
2016-06-08,48.34,48.885,48.2,48.555,3434136,0
2016-06-09,48.147,48.399,47.474,47.937,2214235,0
2016-06-10,48.075,48.648,47.541,48.405,1636161,0
2016-06-13,47.845,48.036,47.279,47.628,2337987,0
2016-06-14,47.326,48.549,47.299,48.009,2335029,0
2016-06-15,47.957,48.2,47.765,47.904,2191658,0
2016-06-16,47.548,47.886,47.179,47.707,1560677,0
2016-06-17,47.561,47.74,46.428,46.758,2809083,0
2016-06-20,47.119,47.332,46.616,46.791,1850836,0
2016-06-21,46.791,46.968,46.192,46.389,2143927,0
2016-06-22,46.58,46.58,46.079,46.298,1523718,0
2016-06-23,46.534,46.896,46.298,46.338,1696805,0
2016-06-24,45.277,46.653,45.277,45.659,2919468,0
2016-06-27,45.539,45.974,44.953,45.744,1562213,0
2016-06-28,46.072,46.916,46.072,46.791,1787173,0
2016-06-29,47.152,47.897,47.028,47.534,2403993,0
2016-06-30,47.474,47.647,47.008,47.449,1815543,0
2016-07-01,47.581,47.753,46.962,47.359,939225,0
2016-07-05,47.541,48.213,47.528,47.99,1624734,0
2016-07-06,47.884,48.12,47.534,48.068,986962,0
2016-07-07,48.174,48.635,47.838,48.003,900618,0
2016-07-08,48.088,48.523,47.877,48.246,800993,0
2016-07-11,48.24,48.568,48.2,48.266,647770,0
2016-07-12,48.456,48.562,47.852,47.865,952596,0
2016-07-13,47.865,48.549,47.714,48.193,1177365,0
2016-07-14,48.568,48.965,48.154,48.399,1244049,0
2016-07-15,48.543,48.543,48.062,48.213,1313521,0
2016-07-18,48.437,48.642,47.984,48.107,636172,0
2016-07-19,47.852,48.353,47.825,48.353,727880,0
2016-07-20,48.28,48.911,48.224,48.865,991521,0
2016-07-21,48.852,48.891,48.34,48.865,936761,0
2016-07-22,48.682,48.852,48.313,48.753,808168,0
2016-07-25,48.509,48.76,48.372,48.734,1037964,0
2016-07-26,48.682,49.083,48.682,49.024,1278667,0
2016-07-27,49.274,49.334,48.075,48.668,900564,0
2016-07-28,48.543,49.024,48.543,48.938,796415,0
2016-07-29,48.928,49.198,48.638,49.145,1354952,0
2016-08-01,49.35,49.35,48.802,48.961,545468,0
2016-08-02,49.021,49.128,48.335,48.492,786321,0
2016-08-03,48.348,48.374,47.885,48.096,1046135,0
2016-08-04,48.558,50.515,48.558,50.05,3815992,0
2016-08-05,50.234,51.409,49.951,51.179,2183670,0
2016-08-08,51.179,51.198,50.722,50.901,1265365,0
2016-08-09,50.98,51.72,50.697,51.527,1253420,0
2016-08-10,51.793,52.235,51.322,52.155,898499,0
2016-08-11,52.485,52.597,51.91,52.155,794713,0
2016-08-12,51.969,52.339,51.601,51.733,587284,0
2016-08-15,51.746,52.089,51.362,51.455,863250,0
2016-08-16,51.435,51.85,50.993,51.026,878341,0
2016-08-17,51.013,51.514,50.987,51.487,865431,0
2016-08-18,51.389,51.7,51.006,51.601,757515,0
2016-08-19,51.395,52.162,51.395,51.863,876583,0
2016-08-22,51.753,51.877,51.455,51.667,799302,0
2016-08-23,51.653,51.873,51.218,51.389,1191651,0
2016-08-24,51.185,51.238,50.886,51.145,800656,0
2016-08-25,51.185,51.402,50.874,51.099,759749,0
2016-08-26,51.238,51.779,50.452,50.571,2502435,0
2016-08-29,50.611,51.013,50.333,50.867,795540,0
2016-08-30,50.69,51.013,50.419,50.618,984734,0
2016-08-31,50.405,50.671,50.228,50.432,1417877,0
2016-09-01,50.221,51.449,50.194,51.335,1352960,0
2016-09-02,51.66,52.6,51.429,51.793,1751085,0
2016-09-06,52.135,52.218,51.564,51.91,1411688,0
2016-09-07,51.963,51.963,50.987,51.225,980542,0
2016-09-08,51.145,51.601,51.126,51.567,890014,0
2016-09-09,51.106,51.375,50.571,50.638,1587706,0
2016-09-12,50.558,50.802,50.011,50.736,1537719,0
2016-09-13,50.445,50.69,49.786,50.228,1187555,0
2016-09-14,50.181,50.545,49.977,50.353,927503,0
2016-09-15,50.379,50.933,50.191,50.625,906392,0
2016-09-16,50.545,50.545,49.72,49.812,6490344,0
2016-09-19,49.284,50.03,49.118,49.786,896089,0
2016-09-20,49.857,50.188,48.453,48.678,2035829,0
2016-09-21,49.053,49.713,48.558,49.568,1860386,0
2016-09-22,49.819,49.924,49.555,49.706,1456757,0
2016-09-23,49.475,49.489,48.875,49.067,987892,0
2016-09-26,48.861,49.073,48.485,49.014,1140725,0
2016-09-27,49.073,49.245,48.724,49.041,951343,0
2016-09-28,48.975,49.7,48.842,49.66,1262404,0
2016-09-29,49.608,49.851,49.205,49.429,893502,0
2016-09-30,49.911,49.911,49.08,49.291,904010,0
2016-10-03,49.515,49.515,48.618,49.047,1102196,0
2016-10-04,49.034,49.098,47.76,48.07,1807218,0
2016-10-05,48.315,48.644,47.439,47.622,1736060,0
2016-10-06,47.562,48.248,47.319,47.971,1793112,0
2016-10-07,47.846,47.885,47.417,47.575,1469210,0
2016-10-10,47.548,47.945,47.449,47.727,980116,0
2016-10-11,47.522,48.044,47.436,47.945,1282970,0
2016-10-12,47.911,48.671,47.754,48.525,1842627,0
2016-10-13,48.512,48.684,48.129,48.492,1386582,0
2016-10-14,48.842,49.581,48.842,48.968,1392510,0
2016-10-17,48.928,49.588,48.875,49.245,1097576,0
2016-10-18,49.581,49.904,48.895,49.192,819994,0
2016-10-19,49.198,49.37,48.861,49.047,859575,0
2016-10-20,48.842,49.067,48.611,48.842,756130,0
2016-10-21,48.604,49.118,48.473,49.067,624056,0
2016-10-24,49.245,49.482,49.007,49.416,560830,0
2016-10-25,49.272,49.812,49.205,49.674,1137271,0
2016-10-26,49.74,50.109,49.455,49.687,1808854,0
2016-10-27,49.944,51.587,48.621,48.829,3964240,0
2016-10-28,48.888,49.812,48.718,49.615,1178002,0
2016-10-31,49.746,49.864,49.462,49.628,1182330,0
2016-11-01,49.812,50.241,49.238,49.311,1200773,0
2016-11-02,49.304,49.733,49.098,49.138,1235191,0
2016-11-03,49.212,49.332,48.907,49.007,662230,0
2016-11-04,49.098,49.332,48.867,48.994,631784,0
2016-11-07,49.245,50.039,49.047,50.019,750500,0
2016-11-08,49.926,50.746,49.866,50.601,1217660,0
2016-11-09,50.27,50.951,49.265,50.838,1307371,0
2016-11-10,50.825,50.825,49.979,50.184,1155205,0
2016-11-11,50.025,50.025,48.656,48.894,1243400,0
2016-11-14,48.954,49.014,48.399,48.907,1238805,0
2016-11-15,49.047,49.636,48.896,49.172,1086431,0
2016-11-16,49.232,49.563,49.053,49.456,1589287,0
2016-11-17,49.496,49.701,49.272,49.529,883889,0
2016-11-18,49.496,50.023,49.403,49.973,1199380,0
2016-11-21,50.224,50.948,49.966,50.891,1313797,0
2016-11-22,50.878,51.52,50.838,51.434,888698,0
2016-11-23,51.23,51.381,51.163,51.263,1481199,0
2016-11-25,51.257,51.334,51.143,51.282,459153,0
2016-11-28,51.441,51.607,50.641,50.945,904304,0
2016-11-29,50.825,50.991,50.595,50.898,1422472,0
2016-11-30,50.938,51.031,50.521,50.561,1631646,0
2016-12-01,50.694,50.74,49.662,50.244,1280916,0
2016-12-02,50.217,50.468,50.052,50.264,755686,0
2016-12-05,50.284,50.681,50.184,50.601,684158,0
2016-12-06,50.721,50.871,50.442,50.694,561761,0
2016-12-07,50.555,50.865,50.349,50.661,1409652,0
2016-12-08,50.461,51.131,50.461,50.687,1405198,0
2016-12-09,51.461,52.565,51.064,52.327,1562763,0
2016-12-12,52.3,52.3,51.334,51.587,881271,0
2016-12-13,51.863,52.096,51.334,51.381,1101781,0
2016-12-14,51.54,51.627,50.76,50.898,1224344,0
2016-12-15,50.991,51.243,50.668,51.19,597551,0
2016-12-16,51.197,51.593,51.017,51.276,1191730,0
2016-12-19,51.163,51.799,51.097,51.54,994317,0
2016-12-20,51.633,51.633,50.958,51.434,913875,0
2016-12-21,51.533,52.545,51.427,52.289,865756,0
2016-12-22,52.063,52.289,51.773,52.109,555191,0
2016-12-23,51.996,52.429,51.843,52.3,432230,0
2016-12-27,52.479,52.85,52.123,52.275,287999,0
2016-12-28,52.129,52.406,51.897,51.963,463392,0
2016-12-29,52.109,52.169,51.85,52.109,368814,0
2016-12-30,52.249,52.515,51.857,51.983,419312,0
2017-01-03,51.877,52.34,51.83,52.143,585146,0
2017-01-04,52.915,53.65,52.804,53.168,898097,0
2017-01-05,53.379,53.849,53.028,53.63,780932,0
2017-01-06,53.809,54.226,53.63,54.02,975582,0
2017-01-09,53.763,54.087,53.299,53.603,732485,0
2017-01-10,54.187,54.187,53.465,53.71,945185,0
2017-01-11,53.73,53.954,53.312,53.557,981938,0
2017-01-12,53.491,53.723,52.525,52.883,1156505,0
2017-01-13,52.909,53.557,52.797,53.227,776580,0
2017-01-17,53.299,53.525,52.817,52.929,703422,0
2017-01-18,52.817,52.941,52.519,52.698,1087337,0
2017-01-19,52.691,52.961,52.466,52.738,457125,0
2017-01-20,52.804,52.975,52.651,52.698,717719,0
2017-01-23,52.651,52.995,52.479,52.89,465407,0
2017-01-24,52.895,53.155,52.069,52.129,1242593,0
2017-01-25,52.459,52.473,51.877,52.189,1039362,0
2017-01-26,52.386,53.061,52.373,53.041,571362,0
2017-01-27,53.055,53.379,52.863,52.909,284569,0
2017-01-30,52.784,53.008,52.625,52.988,373551,0
2017-01-31,53.001,53.426,52.948,53.115,789633,0
2017-02-01,53.048,53.247,52.532,52.856,928323,0
2017-02-02,53.055,53.346,52.745,53.279,650604,0
2017-02-03,53.412,53.73,53.286,53.326,718874,0
2017-02-06,53.319,53.319,52.955,53.115,655167,0
2017-02-07,53.048,53.312,52.981,53.254,560270,0
2017-02-08,53.247,53.261,52.658,52.837,669029,0
2017-02-09,52.981,53.168,52.85,53.008,700889,0
2017-02-10,53.068,53.181,52.837,52.935,739834,0
2017-02-13,53.001,53.485,53.001,53.319,657064,0
2017-02-14,53.312,53.663,53.254,53.445,812416,0
2017-02-15,53.757,54.702,53.737,54.649,1624909,0
2017-02-16,54.557,54.881,54.047,54.748,901833,0
2017-02-17,54.814,55.363,54.193,55.296,886232,0
2017-02-21,55.179,55.859,55.125,55.793,916517,0
2017-02-22,57.017,58.009,56.388,57.354,2725475,0
2017-02-23,57.771,58.002,57.13,57.679,1393163,0
2017-02-24,57.633,57.87,57.434,57.765,942068,0
2017-02-27,57.87,57.923,57.156,57.711,970723,0
2017-02-28,57.586,58.022,57.387,57.803,943392,0
2017-03-01,57.89,58.399,57.652,58.267,1721169,0
2017-03-02,58.022,58.598,57.989,58.281,758454,0
2017-03-03,58.128,58.532,58.002,58.182,1212619,0
2017-03-06,58.055,58.326,57.73,57.809,829313,0
2017-03-07,57.882,57.949,57.651,57.717,982995,0
2017-03-08,57.618,57.644,57.207,57.252,1039299,0
2017-03-09,57.22,57.405,57.22,57.22,1312617,0
2017-03-10,57.512,57.789,57.232,57.697,778111,0
2017-03-13,57.671,58.042,57.485,57.896,1188381,0
2017-03-14,57.889,57.889,57.425,57.512,408713,0
2017-03-15,57.512,58.055,57.512,57.922,836527,0
2017-03-16,58.214,58.251,57.405,57.558,531810,0
2017-03-17,57.869,58.225,57.869,58.062,697957,0
2017-03-20,58.115,58.326,57.956,57.982,416922,0
2017-03-21,58.274,58.432,57.028,57.279,624298,0
2017-03-22,57.252,57.498,57.074,57.452,758437,0
2017-03-23,57.412,57.77,57.325,57.578,718856,0
2017-03-24,57.75,57.75,56.981,57.008,534945,0
2017-03-27,56.942,57.22,56.484,57.028,737412,0
2017-03-28,56.802,57.664,56.762,57.644,651339,0
2017-03-29,57.492,58.122,57.482,58.082,822355,0
2017-03-30,58.055,58.261,58.042,58.234,448730,0
2017-03-31,58.175,58.659,58.142,58.472,776436,0
2017-04-03,58.486,58.704,58.102,58.135,605887,0
2017-04-04,57.962,58.386,57.962,58.234,417943,0
2017-04-05,58.227,58.764,57.942,58.492,1088312,0
2017-04-06,58.579,58.579,58.055,58.379,513379,0
2017-04-07,58.532,58.646,58.082,58.095,613672,0
2017-04-10,58.274,58.777,58.082,58.697,549307,0
2017-04-11,58.811,59.149,58.677,58.99,662111,0
2017-04-12,59.149,59.149,58.254,58.32,528217,0
2017-04-13,58.274,58.559,57.988,57.995,732120,0
2017-04-17,58.241,58.479,58.075,58.472,335565,0
2017-04-18,58.187,58.811,58.015,58.797,551283,0
2017-04-19,58.876,58.996,58.559,58.731,449875,0
2017-04-20,58.883,59.6,58.646,59.5,994990,0
2017-04-21,59.328,59.725,59.268,59.64,714075,0
2017-04-24,60.083,60.282,59.731,59.99,637241,0
2017-04-25,59.785,59.98,59.653,59.818,428706,0
2017-04-26,59.798,59.919,58.797,59.328,1023881,0
2017-04-27,59.348,62.177,59.348,61.515,1554963,0
2017-04-28,61.667,61.667,60.912,60.992,855310,0
2017-05-01,61.303,61.333,60.992,61.005,483620,0
2017-05-02,61.349,61.462,60.892,61.449,889352,0
2017-05-03,61.369,61.396,60.899,61.156,361371,0
2017-05-04,61.263,61.363,60.905,61.276,436470,0
2017-05-05,61.415,61.667,61.309,61.574,394467,0
2017-05-08,61.289,61.574,61.011,61.469,509951,0
2017-05-09,61.409,61.442,60.871,61.056,415762,0
2017-05-10,61.083,61.329,60.771,61.149,816759,0
2017-05-11,60.871,61.222,60.545,60.891,403237,0
2017-05-12,61.116,61.142,60.433,60.505,585010,0
2017-05-15,60.572,61.574,60.532,61.574,506025,0
2017-05-16,61.402,61.647,60.791,61.123,500599,0
2017-05-17,60.831,61.129,60.426,60.479,436914,0
2017-05-18,60.459,61.315,60.114,60.911,497207,0
2017-05-19,61.103,61.365,60.664,61.03,707612,0
2017-05-22,61.229,61.515,61.11,61.409,342134,0
2017-05-23,61.482,61.733,61.249,61.369,417015,0
2017-05-24,61.687,61.86,61.542,61.847,800744,0
2017-05-25,61.96,62.525,61.96,62.291,587715,0
2017-05-26,62.165,63.043,62.061,62.683,489656,0
2017-05-30,62.345,62.909,62.191,62.829,470120,0
2017-05-31,62.923,63.241,62.471,63.188,1555639,0
2017-06-01,63.434,64.543,63.274,64.503,968266,0
2017-06-02,64.716,64.716,64.124,64.363,991780,0
2017-06-05,64.443,64.483,63.745,63.945,709918,0
2017-06-06,63.879,64.072,63.633,63.765,1116286,0
2017-06-07,63.952,63.952,63.613,63.799,837127,0
2017-06-08,63.785,64.012,63.043,63.447,629484,0
2017-06-09,63.487,63.68,63.063,63.447,640705,0
2017-06-12,65.618,65.645,64.012,64.841,2716406,0
2017-06-13,65.314,66.053,64.888,65.772,1942183,0
2017-06-14,65.997,66.303,65.592,65.845,2090922,0
2017-06-15,65.466,66.024,65.334,65.765,1764308,0
2017-06-16,66.004,66.801,64.995,66.522,4652911,0
2017-06-19,66.522,66.522,65.247,65.456,1300807,0
2017-06-20,65.217,65.327,64.639,64.908,1021226,0
2017-06-21,64.769,65.337,64.729,64.908,818868,0
2017-06-22,65.077,65.207,64.161,64.868,729112,0
2017-06-23,64.878,65.038,64.45,64.599,741700,0
2017-06-26,64.838,65.087,64.062,64.3,570721,0
2017-06-27,64.56,64.749,63.872,64.5,476379,0
2017-06-28,64.838,65.137,64.281,64.928,624595,0
2017-06-29,64.809,64.809,63.175,63.882,913483,0
2017-06-30,64.141,64.37,63.693,64.171,707977,0
2017-07-03,64.141,64.669,63.772,64.4,201283,0
2017-07-05,62.896,64.42,62.896,64.241,686668,0
2017-07-06,63.962,64.221,63.454,63.962,715174,0
2017-07-07,64.32,64.888,63.922,64.799,665062,0
2017-07-10,65.057,65.227,64.679,64.739,690258,0
2017-07-11,64.729,64.799,64.042,64.37,893224,0
2017-07-12,64.39,64.759,64.111,64.38,802990,0
2017-07-13,64.45,64.589,63.952,64.32,529229,0
2017-07-14,64.36,64.619,64.012,64.3,645530,0
2017-07-17,64.161,64.669,63.962,64.52,805484,0
2017-07-18,64.719,64.719,64.111,64.32,776847,0
2017-07-19,64.47,64.669,64.131,64.161,736318,0
2017-07-20,64.181,64.38,63.733,63.842,752799,0
2017-07-21,63.613,63.892,63.314,63.683,902176,0
2017-07-24,63.693,63.902,63.026,63.653,1096821,0
2017-07-25,63.703,64.659,63.344,64.5,1406909,0
2017-07-26,65.546,66.881,64.56,65.745,1263085,0
2017-07-27,65.914,66.014,65.087,65.565,700406,0
2017-07-28,65.536,65.795,64.4,64.809,727063,0
2017-07-31,65.057,65.147,64.35,64.729,538313,0
2017-08-01,64.789,65.247,64.251,65.187,667829,0
2017-08-02,64.759,65.199,64.699,65.097,491866,0
2017-08-03,65.227,65.527,64.958,65.227,562597,0
2017-08-04,65.087,65.317,64.578,64.858,576071,0
2017-08-07,64.958,65.427,64.798,65.397,595244,0
2017-08-08,65.257,65.517,64.628,64.888,520846,0
2017-08-09,64.738,64.768,63.86,64.189,669692,0
2017-08-10,64.07,64.279,63.446,63.481,597333,0
2017-08-11,63.381,64.159,63.341,63.88,518997,0
2017-08-14,63.99,64.688,63.9,64.429,632633,0
2017-08-15,64.309,64.309,63.94,64.119,465446,0
2017-08-16,64.219,64.489,63.87,64,575481,0
2017-08-17,63.95,64.559,63.95,64.04,413409,0
2017-08-18,64.259,64.399,63.471,63.491,492324,0
2017-08-21,63.471,64.02,63.371,63.96,540005,0
2017-08-22,64.159,64.479,63.87,64.389,512511,0
2017-08-23,63.9,64.758,63.88,64.459,746736,0
2017-08-24,64.449,64.758,64.439,64.628,675160,0
2017-08-25,64.808,64.808,64.399,64.758,757456,0
2017-08-28,64.828,64.968,64.324,64.838,553206,0
2017-08-29,64.449,65.656,64.449,65.566,993984,0
2017-08-30,65.586,65.806,65.407,65.676,613706,0
2017-08-31,65.676,66.674,65.616,66.554,885902,0
2017-09-01,66.824,66.824,66.095,66.345,452829,0
2017-09-05,65.906,66.305,65.527,65.916,616995,0
2017-09-06,65.866,66.085,65.502,65.866,455982,0
2017-09-07,66.055,66.395,65.856,65.966,534071,0
2017-09-08,65.956,67.263,65.956,67.123,679090,0
2017-09-11,67.453,67.942,67.208,67.932,1220897,0
2017-09-12,68.071,69.259,67.852,69.229,951897,0
2017-09-13,69.229,69.379,68.55,69.329,922838,0
2017-09-14,69.189,69.269,68.8,69.079,626264,0
2017-09-15,69.199,69.658,69.119,69.449,932158,0
2017-09-18,69.379,69.578,68.79,68.85,738710,0
2017-09-19,68.9,69.778,68.76,69.658,1051252,0
2017-09-20,69.788,70.387,69.658,70.157,952427,0
2017-09-21,70.327,70.377,69.758,69.858,637961,0
2017-09-22,70.107,70.576,69.648,69.718,484928,0
2017-09-25,69.279,70.147,69.279,69.997,887971,0
2017-09-26,69.997,70.217,69.818,69.848,571604,0
2017-09-27,69.928,70.237,69.638,70.047,619480,0
2017-09-28,69.848,70.057,69.538,69.878,413400,0
2017-09-29,69.918,69.938,69.608,69.818,699216,0
2017-10-02,69.938,70.536,69.818,70.337,575060,0
2017-10-03,70.357,70.616,70.217,70.556,490818,0
2017-10-04,70.147,70.297,68.481,69.618,1204980,0
2017-10-05,69.229,69.518,68.6,69.109,1593341,0
2017-10-06,68.411,69.059,68.391,68.76,666168,0
2017-10-09,68.76,69.189,68.71,68.8,409105,0
2017-10-10,68.999,69.758,68.999,69.738,877069,0
2017-10-11,69.848,70.047,69.558,69.718,701801,0
2017-10-12,69.518,70.377,69.518,70.027,660048,0
2017-10-13,70.257,70.377,69.319,69.349,499636,0
2017-10-16,68.88,69.628,68.88,69.369,419830,0
2017-10-17,69.389,70.127,69.319,70.037,564600,0
2017-10-18,70.097,70.676,69.898,70.367,688315,0
2017-10-19,70.057,70.896,70.057,70.636,280117,0
2017-10-20,70.726,70.756,70.387,70.457,565869,0
2017-10-23,70.586,70.656,70.287,70.566,576777,0
2017-10-24,70.586,70.646,70.027,70.127,616527,0
2017-10-25,70.127,70.267,69.459,69.738,1206694,0
2017-10-26,70.606,74.049,70.606,72.033,1939488,0
2017-10-27,72.033,72.517,71.674,71.724,754710,0
2017-10-30,71.754,71.884,70.606,70.936,844521,0
2017-10-31,70.906,71.165,70.506,70.526,989470,0
2017-11-01,70.866,70.896,69.558,69.728,902399,0
2017-11-02,69.908,70.167,69.399,69.608,658573,0
2017-11-03,69.598,69.768,69.249,69.478,934914,0
2017-11-06,69.329,69.558,68.54,68.74,664225,0
2017-11-07,68.56,69.23,68.33,69.14,854560,0
2017-11-08,69.4,69.4,68.44,68.97,692803,0
2017-11-09,68.73,69.11,68.46,69.04,585708,0
2017-11-10,68.95,69.43,68.81,69.29,725001,0
