2016-01-04,22.761,23.458,22.429,23.432,1722106,0
2016-01-05,23.598,23.689,22.894,23.251,1026277,0
2016-01-06,22.738,22.862,21.949,22.198,2189005,0
2016-01-07,21.887,21.887,20.959,20.983,1581393,0
2016-01-08,21.119,21.255,20.605,20.621,2301204,0
2016-01-11,20.782,20.799,19.744,20.394,1744119,0
2016-01-12,20.621,20.959,20.023,20.926,2162047,0
2016-01-13,20.983,21.178,19.652,19.669,3767555,0
2016-01-14,19.804,21.196,19.333,20.893,2878123,0
2016-01-15,20.057,20.74,20.016,20.539,2133760,0
2016-01-19,20.959,21.397,20.478,21.034,2139892,0
2016-01-20,20.478,21.136,19.903,20.893,1784492,0
2016-01-21,21.025,22.19,20.865,21.001,1899897,0
2016-01-22,21.625,22.022,21.312,21.736,1173661,0
2016-01-25,21.575,21.751,20.959,21.43,1553232,0
2016-01-26,21.457,22.579,21.334,21.878,1658389,0
2016-01-27,21.776,22.687,21.542,22.182,1454334,0
2016-01-28,22.418,23.041,21.819,21.972,1490522,0
2016-01-29,22.165,23.135,22.08,23.135,1633867,0
2016-02-01,22.814,22.847,22.147,22.343,1476607,0
2016-02-02,19.702,20.065,18.042,19.13,5323520,0
2016-02-03,19.037,19.037,18.208,18.514,4446989,0
2016-02-04,18.217,19.584,17.97,19.24,2719686,0
2016-02-05,19.164,19.602,18.641,18.682,1593082,0
2016-02-08,18.26,18.311,17.055,17.511,3096809,0
2016-02-09,17.097,17.806,17.039,17.731,1429711,0
2016-02-10,18.025,18.514,17.89,18.303,2296825,0
2016-02-11,17.697,18.307,17.46,18.008,2363045,0
2016-02-12,18.405,18.97,18.17,18.844,1443489,0
2016-02-16,19.154,20.141,18.994,19.989,1971952,0
2016-02-17,20.183,20.638,19.652,19.964,2737938,0
2016-02-18,19.922,19.973,19.013,19.492,1598847,0
2016-02-19,19.34,19.34,18.32,18.692,1476246,0
2016-02-22,19.061,19.417,18.994,19.207,1196490,0
2016-02-23,19.154,19.197,18.438,18.48,1526862,0
2016-02-24,18.127,19.041,17.534,18.944,1842469,0
2016-02-25,19.003,19.652,18.456,19.484,1253879,0
2016-02-26,19.754,20.176,19.441,19.679,1245508,0
2016-02-29,19.645,20.328,19.441,19.744,2024677,0
2016-03-01,19.889,20.832,19.814,20.723,2211877,0
2016-03-02,20.672,21.43,20.412,21.381,2541924,0
2016-03-03,21.263,22.224,21.245,21.533,2091484,0
2016-03-04,21.625,22.57,21.523,22.132,1822402,0
2016-03-07,21.845,22.528,21.388,22.518,1183815,0
2016-03-08,22.233,22.281,21.263,21.298,1308364,0
2016-03-09,21.49,21.77,20.874,21.186,1706764,0
2016-03-10,21.339,21.58,20.361,20.638,1749810,0
2016-03-11,20.907,22.089,20.748,21.794,2360566,0
2016-03-14,21.794,22.425,21.506,22.089,2263123,0
2016-03-15,21.331,21.43,20.242,20.629,1870335,0
2016-03-16,20.539,21.702,20.539,21.414,2157366,0
2016-03-17,21.449,22.316,21.355,21.743,1919237,0
2016-03-18,21.862,22.376,20.455,20.926,12305453,0
2016-03-21,20.926,21.022,19.645,20.293,3256443,0
2016-03-22,19.913,20.234,19.542,19.964,2324454,0
2016-03-23,19.946,20.234,19.711,19.955,1670924,0
2016-03-24,19.451,19.847,18.994,19.357,1594347,0
2016-03-28,19.425,19.525,18.776,18.919,1403665,0
2016-03-29,18.844,19.652,18.287,19.492,1844321,0
2016-03-30,19.737,20.242,19.686,19.931,1328826,0
2016-03-31,19.903,20.183,19.762,19.847,1108298,0
2016-04-01,19.636,20.074,19.13,19.981,1210755,0
2016-04-04,19.772,19.82,19.221,19.282,1531617,0
2016-04-05,18.994,19.113,18.565,18.961,1377465,0
2016-04-06,19.207,20.461,18.547,18.977,3757723,0
2016-04-07,18.699,19.087,17.983,18.067,1662709,0
2016-04-08,18.227,18.472,17.882,18.025,1422755,0
2016-04-11,18.127,18.802,18.055,18.405,1282375,0
2016-04-12,18.49,18.961,18.358,18.81,1429459,0
2016-04-13,19.23,19.858,19.061,19.5,2086405,0
2016-04-14,19.457,19.619,18.785,19.337,1618046,0
2016-04-15,19.354,19.57,19.139,19.277,1219753,0
2016-04-18,19.139,19.416,18.813,19.156,968995,0
2016-04-19,19.372,19.716,19.181,19.518,1417567,0
2016-04-20,19.526,20.119,19.388,20.018,1031467,0
2016-04-21,19.965,20.206,19.536,19.931,1029818,0
2016-04-22,19.913,20.292,19.784,20.112,1529626,0
2016-04-25,19.982,20.154,19.613,20.024,2654433,0
2016-04-26,18.533,19.21,17.711,18.52,5126591,0
2016-04-27,18.237,18.688,18.106,18.486,1780396,0
2016-04-28,18.169,18.304,17.772,17.823,1872868,0
2016-04-29,17.779,17.874,16.92,17.495,2883718,0
2016-05-02,17.48,17.798,17.031,17.418,3049166,0
2016-05-03,17.196,17.325,16.361,16.894,2775044,0
2016-05-04,16.757,16.929,16.249,16.396,2785427,0
2016-05-05,16.531,16.627,16.009,16.231,1966094,0
2016-05-06,16.154,16.766,15.973,16.646,1725367,0
2016-05-09,16.585,16.8,16.439,16.66,1615966,0
2016-05-10,16.816,17.306,16.646,17.221,1618351,0
2016-05-11,17.075,17.247,16.826,16.851,1340601,0
2016-05-12,16.936,17.212,16.627,16.997,1324114,0
2016-05-13,16.902,17.247,16.224,16.249,1552712,0
2016-05-16,16.291,16.602,16.181,16.439,1168283,0
2016-05-17,16.343,16.86,16.275,16.704,2057168,0
2016-05-18,16.619,17.014,16.482,16.86,1537823,0
2016-05-19,16.723,16.98,16.334,16.602,1333721,0
2016-05-20,16.695,17.186,16.602,17.006,968828,0
2016-05-23,16.929,17.336,16.929,17.247,1327257,0
2016-05-24,17.29,17.995,17.247,17.744,1877546,0
2016-05-25,17.883,18.579,17.883,18.253,2068537,0
2016-05-26,18.261,18.412,17.995,18.313,841863,0
2016-05-27,18.322,18.529,18.193,18.486,1114777,0
2016-05-31,18.614,18.7,18.244,18.382,1343776,0
2016-06-01,18.193,18.433,17.832,18.14,1425766,0
2016-06-02,17.977,18.174,17.686,18.174,1360141,0
2016-06-03,17.995,18.717,17.488,18.502,2829012,0
2016-06-06,18.52,19.311,18.502,18.805,1545909,0
2016-06-07,18.847,18.907,18.468,18.555,846810,0
2016-06-08,18.555,18.751,18.012,18.073,1331664,0
2016-06-09,17.867,17.867,17.276,17.35,1391788,0
2016-06-10,16.963,17.085,16.575,16.619,1397099,0
2016-06-13,16.482,16.769,16.197,16.3,1687448,0
2016-06-14,16.257,16.541,15.973,16.257,1286906,0
2016-06-15,16.361,16.646,16.214,16.257,1295275,0
2016-06-16,16.052,16.052,15.716,15.828,2054847,0
2016-06-17,15.904,16.128,15.783,15.896,2878952,0
2016-06-20,16.43,16.49,16.093,16.154,3375947,0
2016-06-21,16.275,16.334,15.595,15.639,2201831,0
2016-06-22,15.673,15.905,15.651,15.723,2335369,0
2016-06-23,16.137,16.37,15.957,16.361,3267714,0
2016-06-24,15.389,15.654,14.717,14.959,10184859,0
2016-06-27,14.717,14.769,13.764,14.065,3508636,0
2016-06-28,14.357,14.486,13.764,13.943,2635740,0
2016-06-29,14.194,14.52,13.943,14.477,2256780,0
2016-06-30,14.442,14.843,14.218,14.811,2285244,0
2016-07-01,14.683,15.037,14.442,14.623,1723027,0
2016-07-05,14.382,14.542,13.969,14.202,2203908,0
2016-07-06,14.004,14.425,13.746,14.357,2966441,0
2016-07-07,14.374,14.551,13.887,14.127,2461522,0
2016-07-08,14.374,14.772,14.241,14.683,2834194,0
2016-07-11,14.763,15.135,14.683,15.081,1464730,0
2016-07-12,15.497,16.051,15.392,15.923,2658566,0
2016-07-13,15.939,16.073,15.585,15.967,1815335,0
2016-07-14,16.347,16.426,15.984,16.028,1710882,0
2016-07-15,16.205,16.214,15.798,16.205,1137976,0
2016-07-18,16.267,16.392,16.073,16.224,953912,0
2016-07-19,16.083,16.262,15.879,15.914,972377,0
2016-07-20,16.038,16.496,15.79,16.392,1108551,0
2016-07-21,16.392,16.745,16.382,16.541,976108,0
2016-07-22,16.496,16.621,16.267,16.48,1137178,0
2016-07-25,16.488,16.709,16.285,16.496,1500326,0
2016-07-26,17.002,17.053,16.038,16.241,2547496,0
2016-07-27,16.241,16.506,15.771,16.392,1599053,0
2016-07-28,16.302,16.347,15.649,15.923,1251038,0
2016-07-29,15.886,16.17,15.613,16.153,1307199,0
2016-08-01,16.143,16.461,15.869,16.25,1156748,0
2016-08-02,16.161,16.337,15.696,15.923,1553491,0
2016-08-03,15.895,16.496,15.762,16.488,1669898,0
2016-08-04,16.525,16.531,16.011,16.436,1903650,0
2016-08-05,16.639,17.381,16.621,17.232,1862508,0
2016-08-08,17.232,17.47,16.983,17.037,1718668,0
2016-08-09,17.053,17.127,16.749,16.869,1111902,0
2016-08-10,16.895,17.072,16.763,16.86,1061508,0
2016-08-11,16.939,17.082,16.86,16.993,807623,0
2016-08-12,16.948,17.025,16.684,16.763,1453715,0
2016-08-15,16.815,17.028,16.735,17.01,1240901,0
2016-08-16,16.922,17.042,16.541,16.56,1321173,0
2016-08-17,16.56,16.576,16.312,16.444,928302,0
2016-08-18,16.426,16.657,16.401,16.657,721003,0
2016-08-19,16.55,16.851,16.476,16.604,1306645,0
2016-08-22,16.56,16.576,16.161,16.347,753646,0
2016-08-23,16.471,16.79,16.471,16.648,774295,0
2016-08-24,16.639,16.684,16.396,16.471,440824,0
2016-08-25,16.392,16.55,16.285,16.461,1780060,0
2016-08-26,16.496,16.735,16.25,16.408,786524,0
2016-08-29,16.471,16.55,16.321,16.372,761259,0
2016-08-30,16.444,16.754,16.372,16.488,720624,0
2016-08-31,16.56,16.82,16.404,16.452,2430370,0
2016-09-01,16.515,16.531,15.882,15.958,1388154,0
2016-09-02,16.046,16.436,15.895,16.337,1099747,0
2016-09-06,16.408,16.664,16.161,16.241,972984,0
2016-09-07,16.231,16.693,16.231,16.525,824237,0
2016-09-08,16.506,16.798,16.506,16.629,1266311,0
2016-09-09,16.444,16.648,15.958,15.967,1347673,0
2016-09-12,15.781,16.604,15.524,16.515,1247621,0
2016-09-13,16.224,16.224,15.621,15.939,1274771,0
2016-09-14,15.949,16.125,15.666,15.762,631408,0
2016-09-15,15.781,16.267,15.762,16.046,762603,0
2016-09-16,15.886,15.895,15.578,15.842,2165644,0
2016-09-19,15.914,16.382,15.807,15.949,1167840,0
2016-09-20,16.118,16.118,15.427,15.436,1054530,0
2016-09-21,15.585,15.701,15.357,15.64,920328,0
2016-09-22,15.879,16.09,15.781,15.869,1159556,0
2016-09-23,15.754,15.93,15.656,15.691,891488,0
2016-09-26,15.497,15.63,15.329,15.338,1119527,0
2016-09-27,15.277,15.452,15.188,15.409,729819,0
2016-09-28,15.578,15.869,15.397,15.807,867357,0
2016-09-29,15.691,16.033,15.364,15.569,969507,0
2016-09-30,15.79,16.188,15.656,16.063,1188499,0
2016-10-03,16.055,16.664,15.993,16.241,1637623,0
2016-10-04,16.241,16.312,15.939,16.083,1019768,0
2016-10-05,16.179,16.629,16.179,16.568,1730731,0
2016-10-06,16.56,16.568,15.932,16.105,1523181,0
2016-10-07,16.088,16.178,15.932,16.079,1451341,0
2016-10-10,16.242,16.568,16.105,16.123,754720,0
2016-10-11,16.105,16.205,15.707,15.932,1241845,0
2016-10-12,15.969,16.278,15.942,16.151,695939,0
2016-10-13,15.924,16.132,15.588,16.043,1380362,0
2016-10-14,16.305,16.368,15.716,15.824,669547,0
2016-10-17,15.451,15.461,14.881,15.308,1575523,0
2016-10-18,15.588,15.616,15.317,15.461,1083075,0
2016-10-19,15.543,15.797,15.416,15.643,705943,0
2016-10-20,15.561,15.753,15.449,15.68,730374,0
2016-10-21,15.552,15.916,15.534,15.797,964641,0
2016-10-24,16.351,16.351,15.916,16.259,1524571,0
2016-10-25,15.961,16.595,15.308,15.344,2851151,0
2016-10-26,15.145,15.517,15.094,15.262,1566783,0
2016-10-27,15.399,15.399,14.509,14.545,2242257,0
2016-10-28,14.573,14.605,14.173,14.528,1764184,0
2016-10-31,14.555,14.6,14.147,14.255,1557366,0
2016-11-01,14.365,14.45,13.621,14.01,2134270,0
2016-11-02,13.929,14.283,13.856,14.138,1857617,0
2016-11-03,14.246,14.365,13.915,13.966,1412902,0
2016-11-04,13.966,14.441,13.856,14.102,827814,0
2016-11-07,14.564,14.763,14.365,14.491,1167412,0
2016-11-08,14.392,14.491,13.87,14.238,1043765,0
2016-11-09,14.319,16.568,14.301,16.315,2882322,0
2016-11-10,16.631,17.384,16.521,16.813,2588524,0
2016-11-11,16.713,17.021,16.531,16.949,1768883,0
2016-11-14,17.049,17.756,17.031,17.737,1994697,0
2016-11-15,17.583,17.756,17.23,17.737,1809690,0
2016-11-16,17.184,17.593,17.148,17.357,1321317,0
2016-11-17,17.348,17.394,17.004,17.122,1225384,0
2016-11-18,17.203,17.521,16.959,17.348,1192015,0
2016-11-21,17.557,17.946,17.43,17.892,1213275,0
2016-11-22,17.973,18.173,17.693,17.956,1032993,0
2016-11-23,17.873,18.155,17.783,18.073,1035553,0
2016-11-25,18.083,18.165,18.003,18.129,287233,0
2016-11-28,18.129,18.136,17.792,17.828,993986,0
2016-11-29,17.819,18.046,17.475,17.521,986426,0
2016-11-30,17.701,17.828,17.547,17.71,1148477,0
2016-12-01,17.873,18.018,17.593,17.701,1583359,0
2016-12-02,17.648,17.735,17.158,17.175,1447536,0
2016-12-05,17.43,17.693,17.239,17.511,1406429,0
2016-12-06,17.638,18.201,17.394,18.191,1504988,0
2016-12-07,18.129,19.387,18.073,19.27,2512047,0
2016-12-08,19.234,20.015,19.234,19.933,2074546,0
2016-12-09,19.979,20.359,19.452,19.534,1469798,0
2016-12-12,19.407,19.479,18.554,18.698,1444391,0
2016-12-13,18.809,18.89,18.227,18.616,1343981,0
2016-12-14,18.563,18.84,18.227,18.345,1608735,0
2016-12-15,18.427,18.799,18.318,18.4,1268914,0
2016-12-16,18.527,18.744,18.336,18.409,4115368,0
2016-12-19,18.536,18.708,18.336,18.573,841672,0
2016-12-20,18.753,19.048,18.753,18.89,842791,0
2016-12-21,18.835,18.862,18.373,18.491,1063427,0
2016-12-22,18.509,18.509,18.028,18.073,949858,0
2016-12-23,18.119,18.181,17.855,17.883,580108,0
2016-12-27,17.937,18.191,17.929,18.073,569383,0
2016-12-28,18.136,18.136,17.629,17.693,1236147,0
2016-12-29,17.71,17.956,17.402,17.593,867163,0
2016-12-30,17.593,17.767,17.567,17.693,989314,0
2017-01-03,18.1,18.39,17.86,18.129,1303147,0
2017-01-04,18.328,18.744,18.246,18.717,1505309,0
2017-01-05,18.717,18.799,18.155,18.499,1349343,0
2017-01-06,18.573,18.626,18.3,18.436,1013613,0
2017-01-09,18.251,18.336,17.675,17.981,1617319,0
2017-01-10,18.028,18.343,17.777,17.87,1050839,0
2017-01-11,17.87,18.046,17.675,17.926,991055,0
2017-01-12,17.907,17.98,17.276,17.749,1185453,0
2017-01-13,17.926,18.195,17.462,17.518,1237235,0
2017-01-17,17.388,17.489,17.016,17.119,1444137,0
2017-01-18,17.211,17.434,16.831,17.415,1717031,0
2017-01-19,17.471,17.555,16.794,17.045,1824298,0
2017-01-20,17.099,17.499,16.998,17.341,1187761,0
2017-01-23,17.258,17.406,17.016,17.136,1113463,0
2017-01-24,17.248,17.499,17.136,17.368,1206900,0
2017-01-25,17.702,17.805,17.397,17.592,1009624,0
2017-01-26,17.629,17.629,16.59,16.636,2489658,0
2017-01-27,16.655,16.701,16.043,16.413,2601295,0
2017-01-30,16.292,16.766,16.023,16.673,1724739,0
2017-01-31,17.109,17.166,16.237,16.747,2379461,0
2017-02-01,16.747,17.053,16.284,16.376,2573969,0
2017-02-02,16.219,16.459,16.014,16.312,1203388,0
2017-02-03,16.812,16.822,16.423,16.608,1856425,0
2017-02-06,16.442,16.617,16.284,16.469,1209838,0
2017-02-07,16.459,16.571,16.08,16.386,1454064,0
2017-02-08,16.302,16.59,16.237,16.525,1399940,0
2017-02-09,16.617,16.942,16.516,16.932,1385171,0
2017-02-10,17.082,17.225,16.84,17.174,1784796,0
2017-02-13,17.286,17.397,16.92,17.053,1115025,0
2017-02-14,17.035,17.183,16.794,16.915,930192,0
2017-02-15,16.868,17.351,16.84,17.23,1179125,0
2017-02-16,17.202,17.36,17.035,17.193,903951,0
2017-02-17,17.082,17.239,16.915,17.183,964047,0
2017-02-21,17.258,17.889,17.258,17.759,2116319,0
2017-02-22,17.656,17.814,17.462,17.749,1389371,0
2017-02-23,17.898,18.028,17.457,17.675,1203952,0
2017-02-24,17.434,17.759,17.313,17.712,856753,0
2017-02-27,17.685,17.981,17.638,17.889,1317948,0
2017-02-28,17.731,17.944,17.61,17.851,1491480,0
2017-03-01,18.334,18.678,17.944,18,2260473,0
2017-03-02,17.971,18.195,17.814,17.889,1551281,0
2017-03-03,17.702,17.861,17.286,17.304,2277934,0
2017-03-06,17.156,17.266,16.859,16.924,1229364,0
2017-03-07,16.896,16.928,16.701,16.812,1124345,0
2017-03-08,16.822,17.128,16.794,16.794,990038,0
2017-03-09,16.849,16.969,16.516,16.627,862126,0
2017-03-10,16.812,16.835,16.543,16.599,842882,0
2017-03-13,16.655,16.886,16.553,16.812,1530837,0
2017-03-14,16.663,16.785,16.469,16.747,915471,0
2017-03-15,16.822,17.211,16.747,17.136,1138481,0
2017-03-16,17.202,17.397,16.932,17.053,1073003,0
2017-03-17,16.989,17.006,15.968,15.968,6648773,0
2017-03-20,15.893,16.06,15.56,15.709,2142270,0
2017-03-21,15.82,15.879,15.263,15.337,2194072,0
2017-03-22,15.189,15.457,14.957,15.43,1595494,0
2017-03-23,15.393,15.842,15.319,15.522,2105724,0
2017-03-24,15.56,15.624,15.16,15.31,1010661,0
2017-03-27,14.975,15.444,14.966,15.43,1050585,0
2017-03-28,15.356,15.842,15.347,15.746,894212,0
2017-03-29,15.634,15.866,15.514,15.597,1236749,0
2017-03-30,15.597,15.815,15.597,15.773,830771,0
2017-03-31,15.763,15.922,15.689,15.773,948493,0
2017-04-03,15.783,15.922,15.522,15.671,1513802,0
2017-04-04,15.579,15.783,15.485,15.587,1129889,0
2017-04-05,15.662,15.839,15.42,15.467,2153716,0
2017-04-06,15.477,15.835,15.371,15.801,1299006,0
2017-04-07,15.686,15.982,15.639,15.878,1203283,0
2017-04-10,15.886,16.087,15.777,15.81,1442462,0
2017-04-11,15.706,15.916,15.572,15.916,961837,0
2017-04-12,15.916,16.125,15.762,15.972,1103696,0
2017-04-13,15.878,16.02,15.706,15.839,1309308,0
2017-04-17,15.944,16.307,15.916,16.297,1300795,0
2017-04-18,16.154,16.497,16.116,16.421,1479717,0
2017-04-19,16.535,16.679,16.411,16.449,1252446,0
2017-04-20,16.583,16.774,16.535,16.746,992427,0
2017-04-21,16.765,17.004,16.66,16.717,1189634,0
2017-04-24,17.146,17.318,16.936,17.232,1554362,0
2017-04-25,17.366,17.404,17.032,17.098,1667933,0
2017-04-26,17.022,17.118,16.793,16.956,1284918,0
2017-04-27,17.032,17.247,16.707,17.032,16458460,0
2017-04-28,17.06,17.242,16.926,17.166,2405148,0
2017-05-01,17.27,17.309,16.86,16.965,2530182,0
2017-05-02,16.984,16.984,16.011,16.441,3345464,0
2017-05-03,16.297,16.459,16.116,16.202,1413423,0
2017-05-04,16.278,16.364,15.886,15.982,1370307,0
2017-05-05,16.097,16.097,15.82,16.078,975943,0
2017-05-08,16.087,16.135,15.901,16.116,928070,0
2017-05-09,16.164,16.875,16.135,16.736,1833008,0
2017-05-10,16.66,16.974,16.65,16.926,876656,0
2017-05-11,16.822,16.908,16.297,16.297,1396636,0
2017-05-12,16.287,16.325,16.087,16.287,859035,0
2017-05-15,16.373,16.459,16.144,16.24,1229196,0
2017-05-16,16.297,16.393,16.125,16.383,967757,0
2017-05-17,16.058,16.173,15.648,15.782,1160679,0
2017-05-18,15.724,15.954,15.572,15.839,947599,0
2017-05-19,15.83,16.345,15.82,16.221,838704,0
2017-05-22,16.345,16.421,16.078,16.116,794422,0
2017-05-23,16.23,16.23,15.83,16.03,1284795,0
2017-05-24,16.03,16.083,15.82,15.925,1111358,0
2017-05-25,16.03,16.24,15.878,15.886,812188,0
2017-05-26,15.868,16.151,15.848,15.963,773865,0
2017-05-30,15.916,15.963,15.658,15.706,817279,0
2017-05-31,15.724,15.972,15.61,15.972,812756,0
2017-06-01,16.058,16.669,15.982,16.535,1546847,0
2017-06-02,16.479,16.565,16.135,16.287,1006503,0
2017-06-05,16.249,16.66,16.135,16.535,1183433,0
2017-06-06,16.345,16.411,16.202,16.335,936389,0
2017-06-07,16.421,16.431,16.049,16.24,877465,0
2017-06-08,16.249,16.86,16.249,16.822,1859414,0
2017-06-09,16.984,18.239,16.919,17.309,4584831,0
2017-06-12,17.423,18.382,17.366,17.776,2945842,0
2017-06-13,17.814,17.973,17.605,17.747,1244214,0
2017-06-14,17.986,18.206,17.605,18.158,1862088,0
2017-06-15,17.91,18.176,17.795,17.871,1183508,0
2017-06-16,17.757,18.091,17.652,17.843,2624917,0
2017-06-19,18.005,18.191,17.795,18.168,929355,0
2017-06-20,18.082,18.282,17.967,18.052,971664,0
2017-06-21,18.034,18.153,17.919,17.957,731304,0
2017-06-22,18.034,18.997,17.967,18.663,3420843,0
2017-06-23,18.749,18.797,18.253,18.301,1980625,0
2017-06-26,18.415,18.52,18.1,18.253,1148791,0
2017-06-27,18.244,18.434,18.186,18.32,886504,0
2017-06-28,18.559,18.673,18.31,18.587,966839,0
2017-06-29,18.731,18.835,18.168,18.301,939045,0
2017-06-30,18.215,18.253,17.852,18.014,1650926,0
2017-07-03,18.262,18.539,18.215,18.292,801402,0
2017-07-05,18.292,18.568,18.091,18.539,929902,0
2017-07-06,18.434,18.731,18.339,18.473,1333645,0
2017-07-07,18.561,19.069,18.346,19.049,1618214,0
2017-07-10,19.02,19.421,18.961,19.294,1546872,0
2017-07-11,19.362,19.44,19.167,19.352,1015122,0
2017-07-12,19.382,19.724,19.235,19.616,1038368,0
2017-07-13,19.665,19.89,19.616,19.704,829888,0
2017-07-14,19.587,19.919,19.587,19.841,1293301,0
2017-07-17,19.792,20.134,19.724,20.134,1008815,0
2017-07-18,20.115,20.222,20.005,20.144,811118,0
2017-07-19,20.281,20.33,20.036,20.32,1398500,0
2017-07-20,20.33,20.672,20.232,20.359,1080453,0
2017-07-21,20.437,20.486,19.958,20.017,1000856,0
2017-07-24,19.988,20.198,19.903,20.193,544681,0
2017-07-25,20.408,20.672,20.388,20.574,887502,0
2017-07-26,20.633,20.681,20.466,20.535,784802,0
2017-07-27,20.662,20.672,19.675,19.782,1285680,0
2017-07-28,19.792,19.851,19.548,19.802,954274,0
2017-07-31,19.831,20.315,19.694,20.203,1456876,0
2017-08-01,20.466,20.721,19.88,20.388,2313020,0
2017-08-02,20.173,20.427,18.736,18.981,2866214,0
2017-08-03,18.961,19.357,18.795,19.245,1247279,0
2017-08-04,19.372,19.372,19.098,19.147,720057,0
2017-08-07,19.137,19.636,19.118,19.479,734274,0
2017-08-08,19.489,19.557,19.176,19.196,893156,0
2017-08-09,19.049,19.069,18.561,18.776,1226503,0
2017-08-10,18.707,18.903,18.238,18.336,1206018,0
2017-08-11,18.179,18.424,17.955,18.306,902957,0
2017-08-14,18.414,18.566,18.277,18.316,494514,0
2017-08-15,18.433,18.59,18.199,18.394,688383,0
2017-08-16,18.453,18.619,18.052,18.091,533087,0
2017-08-17,17.935,18.086,17.612,17.661,886513,0
2017-08-18,17.534,17.827,17.358,17.681,571573,0
2017-08-21,17.603,17.676,17.437,17.476,614425,0
2017-08-22,17.612,18.072,17.603,18.043,868234,0
2017-08-23,17.837,18.103,17.796,17.906,676610,0
2017-08-24,17.974,18.018,17.808,17.827,378155,0
2017-08-25,17.886,18.106,17.867,17.984,413581,0
2017-08-28,18.052,18.233,17.876,17.925,504244,0
2017-08-29,17.7,17.925,17.642,17.906,1098485,0
2017-08-30,17.906,18.072,17.74,17.984,548706,0
2017-08-31,18.13,18.238,17.984,18.189,639032,0
2017-09-01,18.189,18.517,18.16,18.463,438443,0
2017-09-05,18.365,18.365,17.608,17.74,953551,0
2017-09-06,17.857,17.896,17.554,17.72,664506,0
2017-09-07,17.749,17.788,17.647,17.7,450156,0
2017-09-08,17.7,17.969,17.681,17.945,591865,0
2017-09-11,18.082,18.443,17.984,18.238,686547,0
2017-09-12,18.404,18.492,18.052,18.14,1118557,0
2017-09-13,18.121,18.16,17.813,18.111,785299,0
2017-09-14,18.082,18.091,17.72,17.837,748054,0
2017-09-15,17.867,17.974,17.642,17.7,1711183,0
2017-09-18,17.7,18.091,17.7,17.867,906309,0
2017-09-19,17.896,18.179,17.832,17.906,812458,0
2017-09-20,17.925,18.033,17.867,17.984,626121,0
2017-09-21,17.994,18.062,17.691,17.808,862141,0
2017-09-22,17.798,18.389,17.788,18.297,872733,0
2017-09-25,18.258,18.605,18.258,18.58,811727,0
2017-09-26,18.668,18.756,18.482,18.58,703548,0
2017-09-27,18.766,19.284,18.639,19.215,1213742,0
2017-09-28,19.235,19.499,19.196,19.44,792452,0
2017-09-29,19.44,19.748,19.284,19.616,913791,0
2017-10-02,19.616,19.851,19.411,19.831,685338,0
2017-10-03,19.841,19.929,19.577,19.782,737363,0
2017-10-04,19.821,19.958,19.694,19.909,695382,0
2017-10-05,19.919,19.997,19.577,19.597,1079116,0
2017-10-06,19.597,19.675,19.303,19.518,1266818,0
2017-10-09,19.68,19.88,19.577,19.88,1005398,0
2017-10-10,19.9,20.29,19.72,19.93,1453421,0
2017-10-11,19.96,20.3,19.84,20.23,966606,0
2017-10-12,20.21,20.45,20.105,20.3,1363607,0
2017-10-13,20.37,20.66,20.34,20.42,754867,0
2017-10-16,20.51,20.605,20.17,20.38,801454,0
2017-10-17,20.43,20.43,19.92,19.97,525768,0
2017-10-18,20.09,20.5,20.08,20.39,692643,0
2017-10-19,20.19,20.4,20.09,20.34,438750,0
2017-10-20,20.555,20.645,20.4,20.59,594826,0
2017-10-23,20.67,20.79,20.21,20.24,1497232,0
2017-10-24,19.45,20.5,19.4,19.95,3102826,0
2017-10-25,20.13,20.13,19.31,20,2091443,0
2017-10-26,20.18,20.28,19.82,19.89,1178086,0
2017-10-27,19.95,20.11,19.75,19.95,821349,0
2017-10-30,19.94,19.98,18.94,19,2803472,0
2017-10-31,19.12,19.191,18.67,18.69,2514841,0
2017-11-01,18.85,18.957,18.6,18.87,1468137,0
2017-11-02,18.94,19.35,18.86,19.3,1468655,0
2017-11-03,19.23,19.37,19.14,19.34,679047,0
2017-11-06,19.34,19.54,19.23,19.48,757750,0
2017-11-07,19.46,19.46,19.16,19.31,773119,0
2017-11-08,19.3,19.46,19.12,19.43,1125188,0
2017-11-09,19.29,19.43,19.04,19.26,879519,0
2017-11-10,19.22,19.43,19.18,19.39,614409,0
