2016-01-04,19.87,19.87,18.63,19.11,182433,0
2016-01-05,19.27,19.34,18.81,19.13,12608,0
2016-01-06,18.32,18.78,18,18.02,78239,0
2016-01-07,17.31,17.47,16.6744,16.94,304393,0
2016-01-08,17.32,17.32,15.827,15.95,322269,0
2016-01-11,16.34,16.59,16,16.5461,77105,0
2016-01-12,16.91,17.69,16.76,17.67,92204,0
2016-01-13,17.744,17.744,15.81,16.01,150154,0
2016-01-14,16.22,17.1,15.87,16.7,128733,0
2016-01-15,15.04,15.85,14.48,15.07,557413,0
2016-01-19,14.63,14.63,14.63,14.63,0,0
2016-01-20,14,14.7,13.4901,14.46,252807,0
2016-01-21,14.8,15.48,14.48,14.79,255964,0
2016-01-22,15.4,15.94,15.25,15.69,204329,0
2016-01-25,15.41,15.41,14.25,14.52,155880,0
2016-01-26,14.53,15.3,14.53,15.09,78494,0
2016-01-27,15.27,16,15.03,15.59,122953,0
2016-01-28,15.91,16.19,15.46,15.65,42086,0
2016-01-29,16.1,16.876,15.53,16.75,41792,0
2016-02-01,16.7,16.85,16.24,16.69,96958,0
2016-02-02,16.17,16.17,15.75,15.78,74318,0
2016-02-03,15.76,15.76,14.254,15.128,141642,0
2016-02-04,15.5,16,15.49,15.82,54044,0
2016-02-05,15.86,16.06,15.28,15.28,51198,0
2016-02-08,14.73,14.79,14.22,14.55,87340,0
2016-02-09,13.87,14.7295,13.6,14.541,86277,0
2016-02-10,14.32,15.029,14.32,14.44,57950,0
2016-02-11,13.13,13.91,13.13,13.76,137956,0
2016-02-12,14.37,15.6,14.37,15.55,134706,0
2016-02-16,15.63,16.3844,15.63,16.23,204895,0
2016-02-17,16.26,16.78,16.07,16.1,43326,0
2016-02-18,15.95,16.068,15.75,15.96,58075,0
2016-02-19,15.55,16.25,15.55,16.15,41210,0
2016-02-22,16.62,17.14,16.62,16.89,52007,0
2016-02-23,16.39,16.53,15.83,16,106774,0
2016-02-24,15.58,15.61,14.93,15.58,89341,0
2016-02-25,15.37,15.89,15.37,15.75,18421,0
2016-02-26,15.75,16.0644,15.6701,15.88,31600,0
2016-02-29,15.79,15.79,15,15.05,53729,0
2016-03-01,14.75,16.04,14.75,16.04,76835,0
2016-03-02,15.75,16.68,15.75,16.64,59346,0
2016-03-03,16.48,16.81,16.2401,16.81,43102,0
2016-03-04,17,17.4999,16.841,17.16,27795,0
2016-03-07,16.85,17.08,16.75,16.96,20647,0
2016-03-08,16.5,16.5599,16.1489,16.19,20796,0
2016-03-09,16.41,16.5,15.8201,16,29518,0
2016-03-10,16.04,16.04,15.24,15.7839,20398,0
2016-03-11,16.1431,16.9085,16.1431,16.85,42267,0
2016-03-14,16.82,16.82,16.3201,16.5901,7215,0
2016-03-15,16.6699,16.6801,16.6301,16.6301,1024,0
2016-03-16,16.81,17.11,16.5,16.5,12973,0
2016-03-17,16.37,16.8999,16.25,16.85,2989,0
2016-03-18,16.9,17.4,16.9,17.4,30470,0
2016-03-21,17.4,17.5,17.1,17.39,32169,0
2016-03-22,16.55,17.3199,16.55,17.17,17863,0
2016-03-23,16.8,16.96,16.61,16.73,12892,0
2016-03-24,16.5,16.5,15.49,15.8,63107,0
2016-03-28,15.64,15.9,15.54,15.66,24947,0
2016-03-29,15.49,15.49,15.1712,15.328,43412,0
2016-03-30,15.599,16.18,15.53,15.82,46055,0
2016-03-31,15.92,15.99,15.5536,15.65,48400,0
2016-04-01,15.34,15.75,15.2,15.7,10983,0
2016-04-04,15.7,15.7499,15.5,15.7,17893,0
2016-04-05,15.51,15.51,15.14,15.26,60021,0
2016-04-06,15.5,15.6299,15.02,15.61,31858,0
2016-04-07,15.24,15.34,14.72,15.12,99174,0
2016-04-08,15.32,15.46,14.8,14.9499,52518,0
2016-04-11,14.8,15.3,14.8,14.85,92694,0
2016-04-12,14.8,15,14.79,14.91,256086,0
2016-04-13,15,16,15,15.73,124932,0
2016-04-14,15.53,15.53,14.91,15.08,265576,0
2016-04-15,15.01,15.01,14.5,14.78,130882,0
2016-04-18,14.6,15.2,14.6,15.1709,46659,0
2016-04-19,14.85,16.26,14.85,16.26,66533,0
2016-04-20,16.15,16.66,16.15,16.5796,64314,0
2016-04-21,16.8,16.84,16.0656,16.3,103890,0
2016-04-22,16.52,16.82,16.45,16.769,65525,0
2016-04-25,16.5,16.5999,16.33,16.51,16379,0
2016-04-26,16.7,17.12,16.7,17.118,22261,0
2016-04-27,17.35,17.5,16.87,17.14,39136,0
2016-04-28,17,17,16.44,16.49,1359,0
2016-04-29,16.48,16.48,16,16.25,11909,0
2016-05-02,15.97,16.82,15.97,16.64,9717,0
2016-05-03,16.25,16.3,15.9,16.2099,16248,0
2016-05-04,15.06,15.73,15.06,15.5,11492,0
2016-05-05,15.89,15.89,15.45,15.45,16375,0
2016-05-06,15.35,15.7599,15.06,15.57,16198,0
2016-05-09,15.4348,15.65,15.4348,15.65,921,0
2016-05-10,15.715,16,15.715,15.9,8045,0
2016-05-11,16.111,16.15,15.6,15.6,45399,0
2016-05-12,15.87,15.94,15.6,15.9,10515,0
2016-05-13,15.6099,15.61,14.83,14.8699,24602,0
2016-05-16,15.11,15.22,14.8,14.94,20767,0
2016-05-17,15.25,15.25,14.41,14.5193,43368,0
2016-05-18,14.56,15.32,14.56,15.11,19373,0
2016-05-19,15.32,15.5,14.8228,15.04,12031,0
2016-05-20,15.31,15.7299,15.18,15.18,24529,0
2016-05-23,15.3,15.36,15.2,15.36,5771,0
2016-05-24,15.62,15.82,15.49,15.75,10688,0
2016-05-25,15.9,17.1457,15.9,16.727,1102566,0
2016-05-26,16.73,16.8799,16.27,16.8799,36028,0
2016-05-27,17.31,17.31,16.73,17.08,27094,0
2016-05-31,17.06,17.34,16.72,16.83,30295,0
2016-06-01,16.9,17.21,16.39,17.2099,13432,0
2016-06-02,17.07,17.3,16.94,17.2699,11449,0
2016-06-03,16.79,16.79,16,16.47,12534,0
2016-06-06,16.82,17.05,16.6601,16.91,25568,0
2016-06-07,16.71,16.7699,16.47,16.47,1900190,0
2016-06-08,16.2,16.22,16.05,16.1,10101,0
2016-06-09,15.91,15.93,15.2,15.46,48982,0
2016-06-10,15.46,15.46,14.64,14.7384,71442,0
2016-06-13,15,15,14.5,14.5,21686,0
2016-06-14,14.5,14.5,13.53,13.71,100283,0
2016-06-15,13.9,14.78,13.64,13.645,58927,0
2016-06-16,13.64,13.64,12.75,13.47,238487,0
2016-06-17,13.45,13.67,13.41,13.45,51881,0
2016-06-20,14.12,14.2,13.45,13.45,125950,0
2016-06-21,13.67,13.8,13.215,13.55,124160,0
2016-06-22,13.73,13.9,13.35,13.4,95894,0
2016-06-23,13.42,14.13,13.42,14.09,244730,0
2016-06-24,12.2,13.36,12.2,12.525,328537,0
2016-06-27,12.2,12.3,11.67,12,266784,0
2016-06-28,12.49,12.77,12.13,12.76,4992287,0
2016-06-29,13.23,13.32,12.7536,13.28,161639,0
2016-06-30,13.58,13.63,13.045,13.62,221199,0
2016-07-01,13.3891,13.59,13.17,13.45,14795,0
2016-07-05,13.43,13.43,12.5,12.6,105523,0
2016-07-06,12.6,13.1,12.28,13.03,444258,0
2016-07-07,13.18,13.709,13.15,13.39,93060,0
2016-07-08,14,14.26,13.95,14.2,87024,0
2016-07-11,14.75,14.75,14.35,14.48,41906,0
2016-07-12,14.75,14.92,14.55,14.67,48237,0
2016-07-13,14.55,14.67,14.5092,14.56,227937,0
2016-07-14,15.1,15.37,15.0351,15.28,72588,0
2016-07-15,15,15.15,13.99,14.25,216981,0
2016-07-18,13.91,14.77,13.91,14.64,143044,0
2016-07-19,14.59,15,14.57,14.77,19877,0
2016-07-20,15.07,15.1,14.87,14.92,99442,0
2016-07-21,14.92,15.12,14.74,14.74,65528,0
2016-07-22,14.76,14.76,14.45,14.52,100798,0
2016-07-25,14.4,14.4,14.09,14.37,196947,0
2016-07-26,14.25,14.32,13.995,14.16,139433,0
2016-07-27,14.15,14.31,14.04,14.2,13015,0
2016-07-28,14.85,14.85,13.95,14.3,10759,0
2016-07-29,14.16,14.25,14.13,14.17,29184,0
2016-08-01,14,14.18,13.78,13.93,257993,0
2016-08-02,13.71,13.88,13.64,13.81,69478,0
2016-08-03,13.9,14.13,13.76,14.05,54950,0
2016-08-04,14.11,14.43,14.05,14.4,25282,0
2016-08-05,14.76,15.0899,14.76,14.99,32798,0
2016-08-08,14.97,15.32,14.97,15.26,26481,0
2016-08-09,15.4,15.4499,15.15,15.15,97010,0
2016-08-10,15.1,15.1,14.56,14.6129,24764,0
2016-08-11,14.5,14.8399,14.4,14.69,269590,0
2016-08-12,14.69,14.69,14.35,14.47,20318,0
2016-08-15,14.47,14.76,14.47,14.75,19231,0
2016-08-16,14.66,15.08,14.5,14.97,49216,0
2016-08-17,14.95,15.05,14.9077,15.05,11600,0
2016-08-18,15.05,15.16,14.82,14.9,634421,0
2016-08-19,14.86,15.11,14.86,15.08,9983,0
2016-08-22,15.1,15.24,14.96,15.18,18825,0
2016-08-23,15.09,15.2199,14.94,14.98,22023,0
2016-08-24,14.93,15.21,14.93,15.21,34447,0
2016-08-25,15.1,15.15,14.86,14.9,46224,0
2016-08-26,14.97,15.22,14.882,15.1,50902,0
2016-08-29,15.01,16.14,15.01,15.9038,211253,0
2016-08-30,16.1,16.98,16.09,16.98,87053,0
2016-08-31,17,17.2,16.77,17.11,116367,0
2016-09-01,17.2,17.27,16.5501,16.83,38241,0
2016-09-02,16.85,16.9241,16.66,16.849,40718,0
2016-09-06,16.63,16.8,16.2,16.3,54590,0
2016-09-07,16.2,16.46,16.1,16.19,12690,0
2016-09-08,16.05,16.36,15.985,16.26,35180,0
2016-09-09,16.14,16.19,15.27,15.45,220978,0
2016-09-12,15.12,15.27,14.73,15.25,171966,0
2016-09-13,14.59,14.59,13.49,13.92,581127,0
2016-09-14,14,14.4,13.45,13.45,175531,0
2016-09-15,13.05,13.6,12.58,13.4,855313,0
2016-09-16,13.36,13.36,12.59,12.63,433731,0
2016-09-19,12.9,13.39,12.814,13.16,630793,0
2016-09-20,13.56,14.09,13.39,13.86,179385,0
2016-09-21,13.62,13.64,12.88,13.19,182023,0
2016-09-22,13.32,13.47,12.97,13.27,200434,0
2016-09-23,13.1,13.3799,13.05,13.31,92393,0
2016-09-26,13.31,13.31,12.4,12.68,347701,0
2016-09-27,12.7,12.89,12.5,12.82,71353,0
2016-09-28,13.01,13.05,12.7,12.99,167733,0
2016-09-29,13.02,13.02,12.35,12.45,385609,0
2016-09-30,12.45,12.83,12.25,12.48,227443,0
2016-10-03,12.3,12.32,12.0159,12.18,64528,0
2016-10-04,12.01,12.47,12,12.38,440836,0
2016-10-05,12.29,13.25,12.29,13,227405,0
2016-10-06,13,13.3,12.9835,13.15,104629,0
2016-10-07,13.15,13.49,13.05,13.41,85525,0
2016-10-10,13.41,13.75,13.31,13.69,79932,0
2016-10-11,13.7777,13.8,13.41,13.78,417388,0
2016-10-12,13.8,13.97,13.51,13.5545,42224,0
2016-10-13,13.55,13.57,13.1,13.4,501187,0
2016-10-14,13.4,13.9,12.69,13.35,60476,0
2016-10-17,13.11,13.22,12.92,13.05,50818,0
2016-10-18,13.1,13.42,12.9617,13.19,44050,0
2016-10-19,13.25,13.73,13.25,13.62,45836,0
2016-10-20,13.45,13.63,13.18,13.63,65458,0
2016-10-21,13.25,13.93,13.25,13.83,83122,0
2016-10-24,13.96,14.05,13.8,13.846,43187,0
2016-10-25,13.9,13.95,13.85,13.95,19132,0
2016-10-26,13.8,14.14,13.75,14.14,111029,0
2016-10-27,14.25,14.44,14.1,14.4,76606,0
2016-10-28,14.261,14.261,13.98,14.1,25643,0
2016-10-31,14.01,14.15,13.51,13.51,34696,0
2016-11-01,13.68,14.045,13.5,13.7,34230,0
2016-11-02,13.48,13.5399,13.2,13.2101,25670,0
2016-11-03,13.48,13.6,13.36,13.5,55829,0
2016-11-04,13.89,13.89,13.19,13.36,156873,0
2016-11-07,13.4,13.87,13.39,13.6229,36820,0
2016-11-08,13.64,14.22,13.5,13.87,94712,0
2016-11-09,13.92,15.7,13.92,14.84,576526,0
2016-11-10,15.55,18.11,15.55,17.81,1395571,0
2016-11-11,17.42,18.28,17.19,18.025,472463,0
2016-11-14,19.09,20.25,18.87,19.53,1564500,0
2016-11-15,18.61,18.8,17.9,18.8,484243,0
2016-11-16,18.35,18.35,17.78,18,169601,0
2016-11-17,17.71,19.18,17.68,18.89,606504,0
2016-11-18,18.65,19.4,18.65,19.23,167979,0
2016-11-21,19,19,18.41,18.41,261304,0
2016-11-22,18.85,18.99,18.25,18.58,325696,0
2016-11-23,18.5,18.95,18.5,18.8,171812,0
2016-11-25,18.8,19.01,18.6,19.01,14723,0
2016-11-28,18.96,18.96,17.82,17.9,183050,0
2016-11-29,17.71,18.45,17.71,18.22,224086,0
2016-11-30,18.52,19.38,18.52,19.11,233108,0
2016-12-01,19.32,20.63,19.31,20.61,390839,0
2016-12-02,20.26,20.34,19.53,19.74,122989,0
2016-12-05,19.86,20.68,19.86,20.6,110252,0
2016-12-06,20.6,21.81,20.43,21.8,263146,0
2016-12-07,21.72,23.36,21.5,23.36,403720,0
2016-12-08,23.42,24.0575,22.93,23.4105,280084,0
2016-12-09,23.25,23.38,22.75,23.3,225191,0
2016-12-12,22.82,23.29,21.82,22,141705,0
2016-12-13,21.76,22.3,21.58,22.06,67314,0
2016-12-14,21.66,21.75,17.8,20.9,375595,0
2016-12-15,20.93,22.44,20.93,21.57,438493,0
2016-12-16,21.6,21.89,21.35,21.82,382998,0
2016-12-19,21.44,21.82,21.15,21.6,731119,0
2016-12-20,21.6,22.55,21.58,22.4,146465,0
2016-12-21,22.19,22.25,21.99,21.99,44641,0
2016-12-22,21.95,22.3499,21.85,22.05,62508,0
2016-12-23,22.14,22.24,22.02,22.24,12400,0
2016-12-27,21.74,22.3,21.74,22.2,39720,0
2016-12-28,22.14,22.2,21.57,21.58,20328,0
2016-12-29,21.58,21.65,20.8,21.03,257370,0
2016-12-30,21.18,21.66,21.18,21.33,77181,0
2017-01-03,21.28,22.574,21.28,22.16,275004,0
2017-01-04,22.37,22.48,21.8,22.22,153896,0
2017-01-05,21.82,21.85,20.7911,21.57,1049399,0
2017-01-06,21.7,21.75,21.11,21.395,120279,0
2017-01-09,20.9,21.09,20.58,20.58,52042,0
2017-01-10,20.8,21.42,20.75,20.95,573373,0
2017-01-11,20.51,21.05,20.07,21.02,86951,0
2017-01-12,21.09,21.29,20.2975,20.8332,50919,0
2017-01-13,21.45,22.45,21,21.64,274455,0
2017-01-17,21.33,21.33,19.95,20.01,42108,0
2017-01-18,20.3,20.51,19.68,20.51,28965,0
2017-01-19,20.72,21.15,20.3,20.98,296367,0
2017-01-20,21,21.4,21,21.22,91938,0
2017-01-23,20.94,21.29,20.5301,20.62,28727,0
2017-01-24,20.6,21.35,20.6,20.95,69948,0
2017-01-25,21.35,23.06,21.35,22.914,441475,0
2017-01-26,22.88,23.571,22.88,23.2801,179402,0
2017-01-27,23.19,23.19,22.7,22.7,40624,0
2017-01-30,22.46,22.46,22,22.23,76234,0
2017-01-31,22.2968,22.6,22.07,22.46,37826,0
2017-02-01,22.59,23.25,22.55,22.61,77750,0
2017-02-02,22.25,22.5,22.19,22.4,8712,0
2017-02-03,23.25,23.8,22.97,23.6742,121076,0
2017-02-06,23.4,23.8972,23.05,23.1,21431,0
2017-02-07,23.4,23.6,22.83,22.83,27894,0
2017-02-08,22.83,22.83,21.945,22.19,25565,0
2017-02-09,22.5275,23.25,22.38,23.14,75103,0
2017-02-10,23.46,23.5,23.21,23.44,26368,0
2017-02-13,23.95,23.98,23.6,23.7599,46835,0
2017-02-14,23.77,24.58,23.71,24.55,127696,0
2017-02-15,24.75,25.4599,24.6,25.15,240210,0
2017-02-16,24.95,24.95,24.15,24.67,121465,0
2017-02-17,24.16,24.52,24,24.46,170834,0
2017-02-21,25,25.04,24.41,24.85,69310,0
2017-02-22,24.51,25.0656,24.51,24.85,122195,0
2017-02-23,24.98,24.98,24.56,24.87,8019,0
2017-02-24,24.3,24.3,23.88,24.15,45076,0
2017-02-27,24.3015,24.6989,24.3015,24.53,32682,0
2017-02-28,24.26,24.665,24.26,24.46,26662,0
2017-03-01,25.44,26.45,25.39,26.2,625712,0
2017-03-02,26.11,26.11,25.15,25.28,27367,0
2017-03-03,25.63,25.63,25.14,25.2214,74647,0
2017-03-06,25.13,25.3,24.7,25.3,17859,0
2017-03-07,24.91,24.9684,24.7056,24.7056,33360,0
2017-03-08,25.3835,25.45,24.68,24.69,75067,0
2017-03-09,24.8,25.3299,24.8,25.16,69014,0
2017-03-10,25.38,25.6,25.1,25.38,183591,0
2017-03-13,25.19,25.4299,25.08,25.15,32859,0
2017-03-14,24.9832,25.26,24.77,25.16,16943,0
2017-03-15,25.2,25.75,24.97,25.11,79235,0
2017-03-16,25.81,25.85,25.41,25.77,29123,0
2017-03-17,25.486,25.486,25.11,25.1898,16753,0
2017-03-20,24.75,24.7725,24.19,24.19,31714,0
2017-03-21,25.09,25.09,22.16,22.22,116810,0
2017-03-22,21.98,22.05,21.42,21.8945,39834,0
2017-03-23,21.89,22.4,21.7114,21.79,27658,0
2017-03-24,21.83,22.36,21.8,22.3,13462,0
2017-03-27,21.3,22,20.8,21.875,78503,0
2017-03-28,21.8,22.67,21.78,22.55,61432,0
2017-03-29,22.11,22.317,22.11,22.15,3538,0
2017-03-30,22.15,22.97,22.15,22.75,11393,0
2017-03-31,22.5,22.5,22.04,22.19,4387,0
2017-04-03,22.19,22.3,21.43,22.01,12497,0
2017-04-04,21.54,21.75,21.54,21.62,5201,0
2017-04-05,22.18,22.62,21.39,21.39,106920,0
2017-04-06,21.33,22.02,21.23,21.74,29285,0
2017-04-07,21.4,21.6,21.05,21.4,80648,0
2017-04-10,21.44,21.6,21,21,11440,0
2017-04-11,20.8,20.8,19.95,20.6,82514,0
2017-04-12,20.1099,20.1099,19.69,19.69,40362,0
2017-04-13,18.45,19.4,18.1,18.2,141214,0
2017-04-17,18.22,19.2788,18.1,19.17,215677,0
2017-04-18,19.05,19.25,18.75,19.04,43619,0
2017-04-19,19.29,19.6,18.8,18.89,83979,0
2017-04-20,19.08,20,18.82,19.94,314707,0
2017-04-21,20.05,20.25,19.58,19.65,99661,0
2017-04-24,20.55,20.72,20.03,20.06,493786,0
2017-04-25,20.7,21.49,20.7,21.04,619947,0
2017-04-26,21.21,21.4682,20.84,21.08,389940,0
2017-04-27,21.01,21.01,20.4199,21,57302,0
2017-04-28,20.9,20.93,20.42,20.5,86383,0
2017-05-01,20.58,21.2103,20.58,20.9,12524,0
2017-05-02,21.1,21.1,20.7299,20.99,27053,0
2017-05-03,20.86,21.5999,20.86,21.57,9931,0
2017-05-04,21.65,22.2,21.65,21.8,31753,0
2017-05-05,21.7,21.79,21.7,21.75,2030,0
2017-05-08,21.75,21.8,21.52,21.632,7324,0
2017-05-09,22,22,21.27,21.27,15497,0
2017-05-10,21.29,21.4899,21.27,21.29,16943,0
2017-05-11,21,21.11,20.11,20.75,83212,0
2017-05-12,20.26,20.26,19.5,19.9,34008,0
2017-05-15,20,20.41,20,20.15,20915,0
2017-05-16,20.26,20.26,19.85,19.97,107220,0
2017-05-17,19.5,19.5,18.7236,19.09,31902,0
2017-05-18,18.7,19.75,18.7,19.52,21697,0
2017-05-19,19.6199,20.09,19.55,19.76,35325,0
2017-05-22,19.715,19.715,19.27,19.63,18958,0
2017-05-23,19.75,20.1,19.74,20.05,57042,0
2017-05-24,20.06,20.07,19.6,19.84,14610,0
2017-05-25,19.4,19.42,19.36,19.36,18540,0
2017-05-26,19.2693,19.34,19.1,19.16,7349,0
2017-05-30,18.75,19.1,18.63,18.69,25521,0
2017-05-31,18.25,18.25,17.51,17.93,26485,0
2017-06-01,17.97,18.769,17.9621,18.57,19885,0
2017-06-02,18.4,18.78,18.26,18.26,12117,0
2017-06-05,18.54,18.66,18.441,18.441,7408,0
2017-06-06,18.05,18.45,18.05,18.25,197710,0
2017-06-07,18.57,18.77,18.57,18.68,20162,0
2017-06-08,18.46,19.3804,18.46,19.3,61912,0
2017-06-09,19.69,20.5,19.69,20.39,95589,0
2017-06-12,20.75,21.18,20.65,20.69,38808,0
2017-06-13,21.25,21.31,21.06,21.06,35344,0
2017-06-14,20.41,21.22,20.37,21.22,7644,0
2017-06-15,20.98,21,20.67,20.78,14694,0
2017-06-16,20.53,20.9523,20.53,20.79,19103,0
2017-06-19,21.2,21.2,20.75,21,39280,0
2017-06-20,20.62,20.62,20.14,20.33,51127,0
2017-06-21,20.33,20.33,19.74,19.89,10757,0
2017-06-22,19.29,19.5,19.2,19.47,9748,0
2017-06-23,19.52,19.74,19.31,19.31,7695,0
2017-06-26,19.6,20.05,19.6,19.96,10969,0
2017-06-27,20.05,20.74,19.96,20.39,34656,0
2017-06-28,20.75,21.25,20.75,21.06,30412,0
2017-06-29,21.5,23,21.5,22.34,110780,0
2017-06-30,22.75,22.75,21.8753,22.2,26558,0
2017-07-03,22.49,22.75,22.25,22.26,5556,0
2017-07-05,22.19,22.45,21.97,22.45,53617,0
2017-07-06,22.6943,22.6943,22.06,22.06,19960,0
2017-07-07,22.12,22.3,21.83,22.23,87200,0
2017-07-10,21.89,22.34,21.89,22.23,9594,0
2017-07-11,22.23,22.23,21.53,21.6,99224,0
2017-07-12,21.25,21.71,21.25,21.62,9265,0
2017-07-13,21.76,22.1,21.6114,22.1,31305,0
2017-07-14,20.99,21.6991,20.735,21.53,16050,0
2017-07-17,21.41,21.46,21.1,21.17,16822,0
2017-07-18,21.16,21.35,21.04,21.29,13449,0
2017-07-19,21.46,21.46,21.25,21.39,8522,0
2017-07-20,21.44,21.75,21.17,21.27,98641,0
2017-07-21,21,21,20.66,20.66,4085,0
2017-07-24,20.5,20.8,20.49,20.63,351522,0
2017-07-25,21.58,21.82,21.38,21.51,433294,0
2017-07-26,21.2,21.73,21.2,21.28,801146,0
2017-07-27,21.3681,21.4694,20.97,21.17,15602,0
2017-07-28,21.03,21.03,19.82,19.85,27789,0
2017-07-31,20.17,20.69,20.16,20.45,50458,0
2017-08-01,20.75,20.75,20.21,20.45,43230,0
2017-08-02,20.6,20.7,20.2,20.21,216937,0
2017-08-03,20.02,20.07,20.02,20.05,2061,0
2017-08-04,20.15,20.22,18.88,19.31,152798,0
2017-08-07,19.3788,19.3788,19.04,19.21,22895,0
2017-08-08,19.06,19.68,19,19.12,92826,0
2017-08-09,19.14,19.19,18.92,19.19,6708,0
2017-08-10,18.72,19.11,18.58,18.59,35416,0
2017-08-11,18.5,18.6,18.32,18.36,39666,0
2017-08-14,18.5,19.7,18.5,19.55,42993,0
2017-08-15,19.93,19.93,19.39,19.4972,46845,0
2017-08-16,19.95,19.95,19.1097,19.15,3420,0
2017-08-17,19.14,19.14,18.45,18.52,71693,0
2017-08-18,18.09,18.57,17.9811,18.3,35185,0
2017-08-21,18.84,18.84,18.1,18.3,11027,0
2017-08-22,18.7,18.81,18.3,18.62,160256,0
2017-08-23,18.55,18.94,18.4115,18.65,19918,0
2017-08-24,18.71,18.95,18.55,18.6,103975,0
2017-08-25,18.64,18.88,18.35,18.36,106841,0
2017-08-28,18.45,18.45,18,18.06,11239,0
2017-08-29,17.91,18.11,17.82,18.05,20547,0
2017-08-30,18.05,18.16,17.8,17.8765,46391,0
2017-08-31,17.5,17.819,17.5,17.65,59965,0
2017-09-01,17.67,18.09,17.59,17.68,45347,0
2017-09-05,17.75,17.75,16.6036,16.92,51729,0
2017-09-06,16.9,16.9,16.49,16.68,34627,0
2017-09-07,16.7,16.7,16.15,16.51,69771,0
2017-09-08,16.68,16.69,16.31,16.43,15992,0
2017-09-11,16.78,17.45,16.78,17.26,46353,0
2017-09-12,16.94,18.35,16.94,18.05,64391,0
2017-09-13,17.63,18.09,17.63,17.96,83305,0
2017-09-14,17.99,18.25,17.75,17.89,71199,0
2017-09-15,17.87,18.18,17.81,18.022,41294,0
2017-09-18,18.09,19.36,18.09,19.36,87769,0
2017-09-19,19.35,20.05,19.2,19.83,150007,0
2017-09-20,19.99,20.55,19.75,20.18,84216,0
2017-09-21,20.35,20.74,20.18,20.6,70002,0
2017-09-22,20.55,20.82,20.51,20.82,48909,0
2017-09-25,20.84,20.84,20.1101,20.53,48903,0
2017-09-26,20.53,20.7,20.31,20.42,40568,0
2017-09-27,20.63,20.95,20.54,20.82,15373,0
2017-09-28,21,21,20.23,20.67,9315,0
2017-09-29,21,21.72,20.76,21.56,40842,0
2017-10-02,21.5,21.93,21.37,21.81,37000,0
2017-10-03,22,22.09,21.35,22.05,25309,0
2017-10-04,22.21,22.21,21.45,21.45,10147,0
2017-10-05,21.41,22.24,21.31,21.82,69022,0
2017-10-06,22.0668,22.13,21.9,21.9,7341,0
2017-10-09,21.76,21.78,21.34,21.67,32514,0
2017-10-10,21.62,22.2,21.62,22.11,41717,0
2017-10-11,21.86,22.17,21.85,22.16,30765,0
2017-10-12,21.87,22.08,21.47,21.65,73074,0
2017-10-13,20.22,20.31,19.5,20.2,134645,0
2017-10-16,19.98,20.36,19.87,20.31,50262,0
2017-10-17,20.21,20.22,19.72,19.78,57799,0
2017-10-18,19.81,20.5499,19.81,20.03,57965,0
2017-10-19,19.61,20.35,19.61,20.18,59339,0
2017-10-20,20.79,21.49,20.66,21.4127,71005,0
2017-10-23,21.48,21.48,21.27,21.36,17433,0
2017-10-24,21.49,21.98,21.49,21.9,72391,0
2017-10-25,22,22,21.44,21.67,51324,0
2017-10-26,21.9,22.58,21.9,22.07,96533,0
2017-10-27,22.03,22.42,21.692,22.26,46386,0
2017-10-30,21.75,22.234,21.72,22.17,29833,0
2017-10-31,22.25,22.85,22.25,22.57,41840,0
2017-11-01,22.57,23.14,22.51,22.51,101780,0
2017-11-02,22.5,23.1,22.3766,23.1,37658,0
2017-11-03,22.75,23,22.52,22.83,19357,0
2017-11-06,23.1,23.1,22.61,22.8939,8047,0
2017-11-07,22.64,22.64,21.5,21.8,20789,0
2017-11-08,21.3,21.32,20.83,21.2,30464,0
2017-11-09,21.03,21.03,20.4,20.8,10320,0
2017-11-10,21.07,21.07,20.77,20.77,10353,0
