2016-01-04,138.52,142.17,136.81,142.07,1144117,0
2016-01-05,142.63,143.58,138.76,139.02,1023328,0
2016-01-06,136.98,138.59,134.72,135.46,930061,0
2016-01-07,132.67,134.97,131.95,132.06,1329062,0
2016-01-08,133.48,134.19,129.78,130.07,849779,0
2016-01-11,130.95,131.88,127.08,128.95,976755,0
2016-01-12,130.26,130.81,126.05,128.86,834903,0
2016-01-13,129.34,130.29,124.42,124.69,1206772,0
2016-01-14,125.71,129.59,124.63,128.6,1274708,0
2016-01-15,124.7,125.41,120.58,123.42,1521453,0
2016-01-19,124.73,126.16,120.68,122.05,1431986,0
2016-01-20,119.94,126.7,118.57,125.34,1696649,0
2016-01-21,126.29,131.18,126.15,127.96,1269910,0
2016-01-22,130.45,131.89,125.67,128.17,1647495,0
2016-01-25,127.35,129.09,125.72,127.81,1322047,0
2016-01-26,128.34,131.13,127.54,128.81,1116377,0
2016-01-27,127.86,129.8,126.01,127,1368286,0
2016-01-28,128.57,130.55,126.19,126.67,2027248,0
2016-01-29,129.21,133.42,126.69,128.93,2993181,0
2016-02-01,129.06,132.62,126.9,129.93,2058950,0
2016-02-02,129.04,129.37,126.43,126.83,1493670,0
2016-02-03,128.41,129.64,126.22,129.6,1366501,0
2016-02-04,131.31,135.34,131.17,134.13,1476714,0
2016-02-05,134.04,135.77,131.54,132.23,936285,0
2016-02-08,131.18,131.52,127.41,129.76,1166261,0
2016-02-09,127.93,132.47,127.93,131.49,1235904,0
2016-02-10,132.61,132.87,128.85,128.91,830459,0
2016-02-11,126.12,127.67,123.05,124.48,1232625,0
2016-02-12,126.46,127.39,125.01,126.83,1176175,0
2016-02-16,128.57,130.45,126.01,129.96,1440816,0
2016-02-17,131.06,134.08,130.74,133.22,944279,0
2016-02-18,133.27,134.98,131.89,134.78,877452,0
2016-02-19,133.64,137.69,133.64,137.1,1308302,0
2016-02-22,139.23,142.81,138.92,142.19,1300457,0
2016-02-23,141.98,144.82,141.39,144.05,1269241,0
2016-02-24,143.06,146.35,141.13,146.02,1169853,0
2016-02-25,146.64,147.32,143.74,146.59,1164280,0
2016-02-26,146.83,150.33,146.6,149.18,957707,0
2016-02-29,149.14,152.3,148.53,149.93,1194714,0
2016-03-01,151.04,152.56,149.93,152.04,709791,0
2016-03-02,151.83,153.48,151.57,153.3,775926,0
2016-03-03,153.45,153.51,150.38,152.55,1049619,0
2016-03-04,153.17,156.54,151.75,155.55,1146619,0
2016-03-07,154.92,155.82,153,153.61,1085934,0
2016-03-08,152.98,154.22,150.48,153.04,980205,0
2016-03-09,153.14,154.22,151.48,153.07,743870,0
2016-03-10,154.02,155.21,151.17,152.82,911126,0
2016-03-11,154.81,160.07,154.67,158.96,1423329,0
2016-03-14,157.97,161.87,157.97,160.27,998567,0
2016-03-15,160.65,164.62,159.57,162.97,1601039,0
2016-03-16,161.25,168.92,160.27,168.16,1437962,0
2016-03-17,167.79,171.81,167.04,170.5,1090982,0
2016-03-18,171.01,173.41,170.55,171.75,1699869,0
2016-03-21,172.03,173.3,170.18,171.28,766793,0
2016-03-22,171.02,171.97,169.2,171.01,761420,0
2016-03-23,170.55,170.89,168.75,168.93,698028,0
2016-03-24,167.94,169.12,166.23,169,838761,0
2016-03-28,169.52,171.88,169.4,170.84,599267,0
2016-03-29,170.37,171.63,167.71,171.12,906930,0
2016-03-30,172.39,172.67,170.55,171.18,996133,0
2016-03-31,170.85,174.32,170.43,174.07,1241174,0
2016-04-01,173.85,177.35,172.96,176.93,1624147,0
2016-04-04,177.55,178.26,175.74,176.62,1047131,0
2016-04-05,175.47,177.77,173.76,174.86,889223,0
2016-04-06,175.34,177.03,174.53,176.02,707256,0
2016-04-07,175.19,176.17,172.28,174.17,945375,0
2016-04-08,175.91,177.18,174.97,176.25,622161,0
2016-04-11,175.91,179.11,175.49,177.13,725924,0
2016-04-12,177.32,179.53,176.25,178.73,521888,0
2016-04-13,179.49,181.18,178.86,180.82,701876,0
2016-04-14,180.95,181.06,177.22,179.67,889349,0
2016-04-15,179.88,180.95,178.53,179.91,822963,0
2016-04-18,180.1,184.05,180.01,183.39,928682,0
2016-04-19,185.58,186.86,180.54,183.54,1178040,0
2016-04-20,183.83,185.36,181.52,181.9,1068921,0
2016-04-21,182.3,183.09,180.7,180.94,635009,0
2016-04-22,180.94,181.48,179.8,180.8,910616,0
2016-04-25,180.81,181.94,178.68,179.58,1038299,0
2016-04-26,168.72,173.4,165.26,173.19,3457679,0
2016-04-27,173.9,175.67,169.74,172.04,1358816,0
2016-04-28,170.66,172.43,168.03,168.7,883573,0
2016-04-29,168.7,169.18,167.06,168.08,915006,0
2016-05-02,168.92,171.84,168.35,170.66,954000,0
2016-05-03,169.04,172.02,168.03,170.74,1027903,0
2016-05-04,169.33,171.87,167.95,169.08,995306,0
2016-05-05,169.21,171.45,168.97,170.17,755826,0
2016-05-06,168.98,171.29,168.74,170.55,584856,0
2016-05-09,170.37,171.24,167.95,169,759203,0
2016-05-10,170.23,172.11,169.15,171.11,753010,0
2016-05-11,170.11,170.69,166.02,166.37,772728,0
2016-05-12,166.56,168.11,163.45,165.57,825624,0
2016-05-13,165.72,166.89,162.46,162.86,818397,0
2016-05-16,162.7,162.99,159.32,161.76,1824261,0
2016-05-17,161.33,165.33,160.86,163.84,1215215,0
2016-05-18,163.35,165.12,161.21,162.13,809661,0
2016-05-19,161.16,163,159.81,162.8,844345,0
2016-05-20,163.65,164.35,161.71,163.22,915492,0
2016-05-23,163.1,164.11,161.78,162.02,554513,0
2016-05-24,163.1,170.09,163.1,169.18,1592011,0
2016-05-25,169.48,171.33,168.56,169.31,712643,0
2016-05-26,168.81,170.13,166.58,167.25,647006,0
2016-05-27,167.27,170.3,167.27,169.53,519000,0
2016-05-31,169.73,169.86,168.15,169.54,795634,0
2016-06-01,168.33,170.3,167.28,170.15,515122,0
2016-06-02,170.14,170.69,168.22,169.95,542138,0
2016-06-03,168.71,169.66,167.2,168.76,626639,0
2016-06-06,168.85,170.84,167.72,169.75,514229,0
2016-06-07,169.53,174.14,169.24,172.76,882755,0
2016-06-08,173.14,175.93,172.66,175.85,863069,0
2016-06-09,175.04,175.31,172.73,174.48,575770,0
2016-06-10,173.35,173.51,171.41,172.36,583359,0
2016-06-13,172.02,172.84,169.75,169.93,864170,0
2016-06-14,169.3,170.16,167.43,169.78,732928,0
2016-06-15,170.55,173.34,169.18,171.17,1078868,0
2016-06-16,170.63,170.63,167.5,169.35,951329,0
2016-06-17,169.47,171.3,168.86,170.53,985563,0
2016-06-20,172.2,175.17,172.2,172.57,742363,0
2016-06-21,173.33,173.97,171.22,172.03,661920,0
2016-06-22,172.76,174.51,172.18,173.02,494600,0
2016-06-23,175.13,175.75,172.3,173.6,716707,0
2016-06-24,165.83,165.92,156.3,157.85,2902792,0
2016-06-27,155.83,155.83,147.76,149.97,1879591,0
2016-06-28,154.51,156.92,153.82,156.37,1769917,0
2016-06-29,158.31,160.92,157.48,159.12,954586,0
2016-06-30,159.1,161.81,157.1,161.81,902454,0
2016-07-01,162.14,164.49,161.54,162.4,738750,0
2016-07-05,161.43,162.08,157.26,159.19,648747,0
2016-07-06,158.67,161.77,157.98,161.59,871480,0
2016-07-07,162.03,163.84,160.79,163,502637,0
2016-07-08,164.95,167.63,163.65,166.4,742905,0
2016-07-11,166.85,168.26,165.36,167.69,693201,0
2016-07-12,169.67,169.75,167.45,168.68,570966,0
2016-07-13,169.32,169.59,166.66,168.74,484034,0
2016-07-14,170.02,171.77,168.97,169.12,614226,0
2016-07-15,169.91,171.62,169.17,170.41,708685,0
2016-07-18,170.86,176.39,169.89,172.84,1349145,0
2016-07-19,172.57,175.68,172.57,174.14,547745,0
2016-07-20,173.63,180.59,173.2,178.32,1604303,0
2016-07-21,178.39,179.27,176.57,177.41,1299482,0
2016-07-22,181.56,182.8,176.49,182.15,1371572,0
2016-07-25,180.51,184.84,179.69,184.73,1153947,0
2016-07-26,184.68,185.04,182.62,184.46,1138806,0
2016-07-27,183.73,186.12,183.64,185.08,1076089,0
2016-07-28,185.08,187.41,183.93,186.8,964521,0
2016-07-29,187.29,187.96,185.73,186.78,991048,0
2016-08-01,186.78,188.47,186.16,186.55,851549,0
2016-08-02,186.1,186.83,183.49,183.87,666533,0
2016-08-03,183.5,183.7,181.67,182.37,777356,0
2016-08-04,182.87,184.32,181.91,183.71,649958,0
2016-08-05,184.48,185.95,182.53,184.05,652860,0
2016-08-08,185.11,185.11,183.19,184.05,403211,0
2016-08-09,184.4,184.4,182.86,183.74,463198,0
2016-08-10,184.3,184.3,180.6,181.36,774211,0
2016-08-11,182.15,183.68,181.28,181.68,656472,0
2016-08-12,180.65,181.72,179.65,180.56,638584,0
2016-08-15,180.96,181.21,178.84,179.5,1204848,0
2016-08-16,178.36,179.45,177.34,177.71,929498,0
2016-08-17,177.78,178.59,175.66,176.83,928889,0
2016-08-18,177.12,179.74,175.85,179.22,670380,0
2016-08-19,178.66,179.68,176.76,177.56,797005,0
2016-08-22,177.58,178.86,176.43,178.41,438937,0
2016-08-23,179.78,181.69,179.46,180.83,686161,0
2016-08-24,180.49,180.83,176.35,177.24,773029,0
2016-08-25,176.97,177.52,175.26,176.28,728885,0
2016-08-26,176.77,177.82,175.32,176.7,914228,0
2016-08-29,176.68,178.27,176.68,177.02,502957,0
2016-08-30,176.87,177.54,174.4,174.99,483621,0
2016-08-31,174.77,175.72,173.27,174.39,702039,0
2016-09-01,174.34,174.64,172.13,173.43,645767,0
2016-09-02,174.67,175.21,172.93,173.73,441184,0
2016-09-06,174.51,174.73,172.89,174.36,475131,0
2016-09-07,174.36,178.1,173.85,177.92,1133020,0
2016-09-08,177.13,177.6,170.47,170.63,1280656,0
2016-09-09,167.9,168.43,161.96,162.75,2075583,0
2016-09-12,160.82,166.44,160.74,165.87,1046749,0
2016-09-13,164.24,165.33,161.94,162.75,777635,0
2016-09-14,162.55,163.62,159.97,160.42,1084441,0
2016-09-15,160.22,161.33,159.12,161.17,749037,0
2016-09-16,160.5,160.68,157,158.87,1375748,0
2016-09-19,159.17,161.2,157.59,157.98,972288,0
2016-09-20,158.64,158.97,155.74,156.63,770313,0
2016-09-21,156.67,159.27,156.5,158.81,1018217,0
2016-09-22,160.52,161.21,159.57,160.44,677365,0
2016-09-23,159.75,160.08,157.97,158.31,650406,0
2016-09-26,157.78,157.98,155.95,156.79,583622,0
2016-09-27,157.08,159.59,157.01,158.92,627880,0
2016-09-28,158.74,159.22,155.92,158.43,886834,0
2016-09-29,157.75,159.47,156.06,156.54,602401,0
2016-09-30,156.85,159.17,156.66,158.3,643575,0
2016-10-03,157.99,159.72,157.22,158.22,506541,0
2016-10-04,158.34,159.67,157.46,158.41,588541,0
2016-10-05,158.95,161.12,158.95,160.2,589180,0
2016-10-06,159.91,163.01,159.61,162.29,772296,0
2016-10-07,162.58,162.98,158.74,159.6,602711,0
2016-10-10,160.59,161.3,157.49,157.71,611314,0
2016-10-11,157.84,157.93,155.33,157.19,985162,0
2016-10-12,157.73,157.73,156.34,156.99,578510,0
2016-10-13,155.56,157.55,154.86,156.95,638799,0
2016-10-14,158.5,159.78,156.69,156.93,556340,0
2016-10-17,155.09,162.13,154.96,159.12,1483252,0
2016-10-18,160.34,160.34,156.85,158.43,1133131,0
2016-10-19,158.88,163.26,158.32,162.5,1064702,0
2016-10-20,161.84,163.28,160.38,162.12,717367,0
2016-10-21,160.95,163.37,159.54,163.2,914331,0
2016-10-24,163.83,167.95,163.83,166.4,1451092,0
2016-10-25,152.76,155.98,145,148.47,5919641,0
2016-10-26,148.36,149.73,145.43,145.97,1871309,0
2016-10-27,146.2,146.43,142.44,144.18,1555313,0
2016-10-28,145.21,149.16,144.78,147.23,1399206,0
2016-10-31,148.08,148.08,145.86,146.25,1294558,0
2016-11-01,146.66,148.28,145.98,146.98,1240416,0
2016-11-02,146.84,150.05,145.99,147.17,1174267,0
2016-11-03,148.17,148.17,146.71,147.4,740412,0
2016-11-04,149.33,150.79,147.62,149.15,1001952,0
2016-11-07,151.31,152.34,150.47,151.24,744294,0
2016-11-08,151.11,155.13,150.5,154.16,1055182,0
2016-11-09,153.2,157.94,150.62,156.92,1489330,0
2016-11-10,157.57,161.9,156.58,161.07,1444872,0
2016-11-11,160.79,161.83,157.7,159.06,822651,0
2016-11-14,159.01,161.62,158.2,159.04,843674,0
2016-11-15,160.03,161.6,158.7,161.33,1158184,0
2016-11-16,161,161.56,157.87,159.22,845591,0
2016-11-17,159.71,161.55,158.66,160.35,892070,0
2016-11-18,160.78,161.22,157.47,158.18,695954,0
2016-11-21,158.4,160.13,158.05,159.9,584726,0
2016-11-22,159.94,161.42,159.11,161.05,780609,0
2016-11-23,161.01,162.41,159.2,162.36,641668,0
2016-11-25,162.6,163.48,162.35,162.65,176239,0
2016-11-28,162.05,163.14,159.46,159.73,578149,0
2016-11-29,160.57,161.51,158.38,160.65,547421,0
2016-11-30,160.99,161.91,158.18,159.54,588808,0
2016-12-01,159,161.28,158.42,159.71,567138,0
2016-12-02,160.43,166.6,160.01,163.86,1578434,0
2016-12-05,165.53,167.55,165.07,166.97,1047745,0
2016-12-06,167.45,168.13,164.62,166.37,899322,0
2016-12-07,166.08,171.65,165.92,170.69,1023922,0
2016-12-08,170.89,171.19,167.29,169.23,759594,0
2016-12-09,169.82,171.08,167.08,170.62,939962,0
2016-12-12,171,177.65,170.52,173.05,961936,0
2016-12-13,174.57,176.95,174.54,174.96,814979,0
2016-12-14,174.21,177.11,172.68,172.84,1463549,0
2016-12-15,172.44,173.68,170.1,170.7,703128,0
2016-12-16,170.98,172.64,170.11,170.97,880887,0
2016-12-19,171.55,173.14,170.82,171.45,663471,0
2016-12-20,172.04,174.93,171.42,174.75,745293,0
2016-12-21,175.23,179.53,174.54,177.81,1093686,0
2016-12-22,177.77,178.03,176.03,177.78,799627,0
2016-12-23,177.74,179.68,176.49,178.7,571625,0
2016-12-27,178.84,181.93,178.56,180.37,738369,0
2016-12-28,181.21,181.21,178.84,179.56,862579,0
2016-12-29,179.01,180.93,178.75,179.91,610597,0
2016-12-30,180.51,181,177.64,178.52,476231,0
2017-01-03,180.18,181.26,178.38,179.67,666954,0
2017-01-04,180.55,183.54,179.7,182.11,644849,0
2017-01-05,182.11,184.57,180.74,182.66,899101,0
2017-01-06,183.12,183.56,181.38,182.77,644432,0
2017-01-09,182.98,183.12,178.23,178.36,770734,0
2017-01-10,178.85,181.09,178.04,180.53,666044,0
2017-01-11,181.19,181.69,178.23,179.78,743364,0
2017-01-12,178.86,181.13,176.53,180.57,708105,0
2017-01-13,181.28,182.66,180.51,181.47,702085,0
2017-01-17,181.51,183.53,180.83,182.12,670906,0
2017-01-18,182.76,182.99,180.21,182.69,534199,0
2017-01-19,182.68,183.33,181.15,181.92,584006,0
2017-01-20,181.71,183.71,180.84,182.3,611029,0
2017-01-23,182.48,184.03,181.69,183.65,705531,0
2017-01-24,184.46,187.43,183.28,185.54,1149418,0
2017-01-25,186.98,188.57,185.63,186.8,1351184,0
2017-01-26,176.78,178.62,168.68,170.83,4581994,0
2017-01-27,169.9,170.7,165.18,167.79,2192206,0
2017-01-30,166.93,171.87,166.17,171.79,1244530,0
2017-01-31,171.51,172,170.04,171.77,789270,0
2017-02-01,172.51,172.89,170.64,170.83,707995,0
2017-02-02,170.49,170.89,167.13,168.44,938519,0
2017-02-03,169.26,171.43,168.68,170.5,561102,0
2017-02-06,169.92,170.65,168.35,169.48,596105,0
2017-02-07,170.72,172.51,169.85,170.31,753310,0
2017-02-08,169.76,171.1,168.11,170.83,817416,0
2017-02-09,170.19,172.11,169.22,170.96,538240,0
2017-02-10,171.25,172.29,170.23,171.36,656737,0
2017-02-13,171.45,173.04,171.45,172.28,601199,0
2017-02-14,171.64,172.83,170.72,171.75,508519,0
2017-02-15,171.72,174.52,171.57,173.88,729020,0
2017-02-16,174.06,175.01,172.7,173.54,615276,0
2017-02-17,173.29,174.34,172.54,174.02,416165,0
2017-02-21,172.02,177.76,172.02,176.41,748550,0
2017-02-22,176.46,177.83,175.74,177.64,689743,0
2017-02-23,178.74,179.23,176.09,177.49,787319,0
2017-02-24,176.48,177.44,174.85,176.94,725209,0
2017-02-27,177.08,177.77,175.52,175.8,875999,0
2017-02-28,175.8,175.97,173.69,175.4,611180,0
2017-03-01,175.94,176.75,175.37,175.83,981146,0
2017-03-02,176.04,176.47,175.08,175.6,436336,0
2017-03-03,175.82,176.78,174.53,175.69,430280,0
2017-03-06,174.29,175.57,173.17,173.58,454925,0
2017-03-07,173.43,174.7,172.06,173.22,490211,0
2017-03-08,173.72,174.59,172.8,173.86,732909,0
2017-03-09,173.58,174.94,172.97,174.22,566916,0
2017-03-10,175.12,177.47,174.63,175.55,787493,0
2017-03-13,175.8,177.33,174.45,176.02,837198,0
2017-03-14,175.46,177.05,175.04,176.59,432138,0
2017-03-15,176.97,177.89,174.55,175.28,949288,0
2017-03-16,174.79,175.77,169.95,170.55,1170705,0
2017-03-17,170.69,170.87,169.17,170.57,1205921,0
2017-03-20,170.42,170.96,169.72,170.66,613772,0
2017-03-21,171.77,171.86,169.29,169.89,851945,0
2017-03-22,169.75,170.2,167.69,168.22,837390,0
2017-03-23,168.04,170.03,167.01,168.12,1010432,0
2017-03-24,168.55,169.48,167.31,167.9,534388,0
2017-03-27,166.92,168.16,166.06,167.76,604239,0
2017-03-28,167.7,168.38,166.29,167.75,566406,0
2017-03-29,167.91,169.41,167.45,168.97,383568,0
2017-03-30,168.66,169.67,167.42,168.05,473384,0
2017-03-31,168.19,169.59,167.65,169.21,533496,0
2017-04-03,169.71,170,167.06,168.62,559207,0
2017-04-04,167.99,168.79,162.78,163.57,1203711,0
2017-04-05,163.56,165.38,162.93,163.56,1271088,0
2017-04-06,163.02,167.05,163.02,165.11,719412,0
2017-04-07,164.62,165.51,164.2,164.97,404662,0
2017-04-10,165.69,167.15,165.46,165.53,637688,0
2017-04-11,165.22,166.33,164.69,166.22,390788,0
2017-04-12,166.58,167.73,165.21,166.19,692074,0
2017-04-13,165.91,168.08,165.37,167.35,721669,0
2017-04-17,167.53,169.32,165.43,166.87,1289798,0
2017-04-18,166.55,166.97,164.63,166.06,1035987,0
2017-04-19,166.67,168.97,166.63,168.04,922963,0
2017-04-20,168.24,170.39,167.79,169.52,912863,0
2017-04-21,169.37,169.72,167.3,169.39,1003498,0
2017-04-24,171.82,174.64,170.76,172.64,1562263,0
2017-04-25,175.53,180.68,175.29,178.71,3705337,0
2017-04-26,179.28,183.99,178.65,182.83,1617260,0
2017-04-27,182.72,184.31,181.68,183.57,793506,0
2017-04-28,183.58,183.65,181.59,183.39,982584,0
2017-05-01,183.38,184.89,183.31,183.62,709133,0
2017-05-02,183.61,185.98,183.22,185.35,872867,0
2017-05-03,185.14,186.9,184.03,184.84,908441,0
2017-05-04,185.18,185.96,181.45,181.66,1011101,0
2017-05-05,181.56,183.09,181.21,182.85,575363,0
2017-05-08,183.27,183.68,181.21,181.41,586121,0
2017-05-09,181.36,182.78,181.12,182.22,604671,0
2017-05-10,182.12,183.07,181.23,182.96,573196,0
2017-05-11,182.87,183.79,180.62,183.36,454757,0
2017-05-12,182.78,182.81,180.58,180.93,605446,0
2017-05-15,181.76,186.46,180.79,185.51,1382572,0
2017-05-16,186.02,186.43,182.66,184.63,644094,0
2017-05-17,183.7,184.7,180.92,181.1,778552,0
2017-05-18,174.34,177.64,171.85,176.05,1391672,0
2017-05-19,176.53,179.28,175.46,177.92,798781,0
2017-05-22,178.91,180.51,178.05,178.96,520050,0
2017-05-23,179.32,179.96,178.88,179.61,417299,0
2017-05-24,179.53,179.82,178.32,178.81,460015,0
2017-05-25,178.8,181.1,177.88,179.23,546199,0
2017-05-26,179.55,179.62,177.6,177.97,581932,0
2017-05-30,178.18,182.69,177.58,182.01,766846,0
2017-05-31,182.04,184.61,181.49,184.33,760963,0
2017-06-01,184.36,187.54,183.98,186.59,787782,0
2017-06-02,186.99,189.68,185.87,188.66,618374,0
2017-06-05,188.77,193.7,187.83,190.61,1172017,0
2017-06-06,190.48,191.53,187.62,187.68,682667,0
2017-06-07,187.71,188.81,186.7,187.94,544160,0
2017-06-08,187.92,188.77,186.77,187.86,511234,0
2017-06-09,187.58,190.6,186.97,189.74,504789,0
2017-06-12,189.91,190.59,186.99,189.37,644701,0
2017-06-13,190.42,193.26,189.13,192.64,698740,0
2017-06-14,192.7,201.67,191.94,195.26,1339497,0
2017-06-15,193.87,195.6,192.8,194.97,772326,0
2017-06-16,194.56,195.05,193.33,194.6,650167,0
2017-06-19,195.47,196.96,194.81,195.59,561024,0
2017-06-20,196.14,198.64,193.06,193.3,1177094,0
2017-06-21,193.65,194.11,191.01,192.55,569226,0
2017-06-22,192.99,194.48,191.84,193.89,468963,0
2017-06-23,193.37,193.37,185.31,187.45,1574670,0
2017-06-26,187.81,190.68,187.69,189.48,785964,0
2017-06-27,189.6,190.68,186.81,187.3,623005,0
2017-06-28,188.69,189.06,187.01,187.32,602745,0
2017-06-29,187.61,188.56,185.3,186.82,657256,0
2017-06-30,187.05,191.24,187.05,190.38,749711,0
2017-07-03,190.67,191.78,189.55,190.72,399748,0
2017-07-05,191.39,192.93,191.39,191.95,419576,0
2017-07-06,191.03,192.01,187.59,188.47,521895,0
2017-07-07,189.27,191.66,187.42,190.86,422342,0
2017-07-10,191.25,192.6,190.6,191.58,371072,0
2017-07-11,191.59,191.76,188.52,190.01,424719,0
2017-07-12,191.28,192.81,190.86,191.01,544214,0
2017-07-13,191.53,192.53,190.42,191,657028,0
2017-07-14,191.39,191.97,189.21,191.04,591586,0
2017-07-17,192.96,196.26,192.73,194.25,1132942,0
2017-07-18,194.38,195.25,192.88,194.93,743287,0
2017-07-19,196.74,199.31,196.34,197.05,929364,0
2017-07-20,195.07,195.79,187.15,188.51,2281465,0
2017-07-21,188.28,190.71,187.33,189.98,726311,0
2017-07-24,189.72,189.72,187.39,188.85,546219,0
2017-07-25,190.17,190.9,188.26,189.71,721269,0
2017-07-26,189.47,191.22,188.35,188.95,909259,0
2017-07-27,180.82,181.16,173.98,177.08,2574579,0
2017-07-28,175.94,177.84,174.37,176.61,1471895,0
2017-07-31,176.91,177.35,173.05,176.72,919132,0
2017-08-01,176.93,178.13,174.19,175.33,1058402,0
2017-08-02,175.13,175.87,173.78,175.43,666581,0
2017-08-03,175.4,175.63,172.74,174.77,796032,0
2017-08-04,175.52,176.98,174.87,176.66,747147,0
2017-08-07,176.94,177.92,175.52,177.23,1073887,0
2017-08-08,176.9,178.21,176.05,177.38,756053,0
2017-08-09,176.49,177.24,173.47,173.91,806538,0
2017-08-10,173.86,174.33,170.49,170.62,1127811,0
2017-08-11,170.18,171.54,169.45,170.13,615028,0
2017-08-14,170.8,173.79,170.69,172.52,645314,0
2017-08-15,172.89,172.89,171.48,172.06,649028,0
2017-08-16,172.63,174.17,172.38,172.98,600021,0
2017-08-17,172.87,173.2,170.33,170.38,579113,0
2017-08-18,169.81,170.34,168.64,168.97,611596,0
2017-08-21,168.9,169.52,166.68,166.71,824746,0
2017-08-22,167.07,168.78,166.73,168.21,832630,0
2017-08-23,168,169.13,167.581,168.37,573271,0
2017-08-24,169,169.685,167.16,167.35,567827,0
2017-08-25,168.19,169.2,167.47,168.45,400382,0
2017-08-28,168.78,169.334,167.03,168.19,399940,0
2017-08-29,167.4,169.02,167.19,168.02,427800,0
2017-08-30,168.05,169.74,167.3,168.91,553117,0
2017-08-31,169.75,172.2,169.75,171.62,648812,0
2017-09-01,171.65,174.31,171.24,173.29,551587,0
2017-09-05,173,173.1,170.48,172.14,480587,0
2017-09-06,172.37,172.59,168.86,170.2,779679,0
2017-09-07,170.72,170.72,168.47,168.96,728899,0
2017-09-08,168.18,172.36,168.03,172.29,624646,0
2017-09-11,173.58,175.63,173.16,173.6,900010,0
2017-09-12,174.23,176.42,173.86,176.34,515568,0
2017-09-13,176.74,177,173.71,175.89,530910,0
2017-09-14,174.6,176.31,173.89,175.13,785339,0
2017-09-15,173.12,174.11,170.44,171.86,1176681,0
2017-09-18,172.31,172.525,170.09,170.84,556803,0
2017-09-19,170.81,171.68,169.51,171.06,820442,0
2017-09-20,171.06,171.75,169.935,170.38,715452,0
2017-09-21,170.94,172.907,170.08,172.69,582964,0
2017-09-22,172.86,177.45,172.72,175.23,939925,0
2017-09-25,175.05,178.32,174.83,177.29,816710,0
2017-09-26,177.8,182.25,177.189,181.63,1016410,0
2017-09-27,182.1,182.25,179.821,181.53,749651,0
2017-09-28,181.6,183.94,180.92,183.57,812554,0
2017-09-29,183.17,185.74,182.59,184.44,467922,0
2017-10-02,185.4,185.95,182.61,183.9,830309,0
2017-10-03,184.61,185.75,182.71,185.09,652118,0
2017-10-04,185.12,185.91,183.39,185.82,673349,0
2017-10-05,185.9,190.73,183.14,183.44,1388037,0
2017-10-06,183.56,183.757,180.7,181.33,794964,0
2017-10-09,180.3,180.43,178.91,179.96,601944,0
2017-10-10,180.81,180.81,176.065,177.18,1262283,0
2017-10-11,177.13,177.87,175.85,176.91,641020,0
2017-10-12,176.66,177.9,175.92,177.1,703202,0
2017-10-13,177.98,179.44,176.33,178.78,593356,0
2017-10-16,178.16,178.16,175.075,176.77,607750,0
2017-10-17,176.67,176.67,174.73,176.34,794268,0
2017-10-18,176.43,178.275,175.43,176.79,632357,0
2017-10-19,176.54,178.23,175.5,177.96,381627,0
2017-10-20,179.32,183.14,178.817,182.46,894871,0
2017-10-23,182.5,183.88,180.891,182.5,1508376,0
2017-10-24,164.95,168.6,162.01,163.26,9476994,0
2017-10-25,162.72,163,159.71,160.94,2497182,0
2017-10-26,161.13,163.1,160.57,161.51,1531097,0
2017-10-27,161.85,162.94,160.63,161.41,1250981,0
2017-10-30,161,161.991,160.56,161.66,910196,0
2017-10-31,161.61,164.83,160.63,163.93,1138772,0
2017-11-01,165,167.45,163.63,164.42,1137854,0
2017-11-02,163.72,164.665,160.94,163.41,985406,0
2017-11-03,163.53,166.225,163.31,163.86,951341,0
2017-11-06,163.53,163.92,162.55,163.42,496218,0
2017-11-07,163.37,163.499,162.43,162.56,732895,0
2017-11-08,162.67,163.068,161.81,162.77,543639,0
2017-11-09,161.76,162.92,161.29,162.74,687854,0
2017-11-10,162.54,162.96,161.68,162.05,704411,0
