2016-01-04,25.34,25.44,25.31,25.38,20026,0
2016-01-05,25.41,25.98,25.33,25.47,54473,0
2016-01-06,25.54,25.62,25.36,25.38,13571,0
2016-01-07,25.38,25.53,25.25,25.25,9241,0
2016-01-08,25.48,25.6,25.4,25.55,26171,0
2016-01-11,25.6,25.6,25.32,25.32,12649,0
2016-01-12,25.51,25.51,25.2101,25.28,210143,0
2016-01-13,25.09,25.13,24.8882,24.98,39655,0
2016-01-14,25.15,25.15,24.9,24.92,17071,0
2016-01-15,25.04,25.05,24.53,24.85,34096,0
2016-01-19,24.85,24.85,24.85,24.85,0,0
2016-01-20,24.95,24.97,24.42,24.6,75416,0
2016-01-21,24.88,24.89,24.56,24.75,28940,0
2016-01-22,24.88,25.05,24.75,24.9,28812,0
2016-01-25,25.05,25.179,24.65,24.84,9914,0
2016-01-26,25,25.21,25,25.15,20802,0
2016-01-27,25.27,25.27,25.1,25.13,10927,0
2016-01-28,25.13,25.1832,25.11,25.12,8297,0
2016-01-29,25.24,25.3,25.12,25.25,13981,0
2016-02-01,25.28,25.28,25.15,25.15,10938,0
2016-02-02,25.21,25.284,25.13,25.2,14955,0
2016-02-03,25.32,25.32,25.09,25.13,34647,0
2016-02-04,25.23,25.44,25.17,25.42,14200,0
2016-02-05,25.4,25.44,25.2,25.3,31826,0
2016-02-08,25.35,25.35,24.86,25.12,41545,0
2016-02-09,25.17,25.25,24.62,25,12317,0
2016-02-10,25.2,25.218,24.83,25.12,20295,0
2016-02-11,25.02,25.11,24.5338,24.71,35373,0
2016-02-12,24.95,24.95,24.7,24.76,201485,0
2016-02-16,25.02,25.29,24.793,25.27,17662,0
2016-02-17,25.3,25.4,25.18,25.32,25579,0
2016-02-18,25.37,25.42,25.25,25.34,16884,0
2016-02-19,25.33,25.49,25.33,25.49,16354,0
2016-02-22,25.49,25.5399,25.25,25.41,24593,0
2016-02-23,25.47,25.47,24.97,25.05,47505,0
2016-02-24,25.05,25.05,24.7601,24.928,41993,0
2016-02-25,25,25.29,24.984,25.29,21221,0
2016-02-26,25.3,25.3,25.1001,25.29,18306,0
2016-02-29,25.15,25.3,25.15,25.2,22306,0
2016-03-01,25.28,25.37,25.06,25.33,40847,0
2016-03-02,25.45,25.45,25.094,25.34,10743,0
2016-03-03,25.38,25.38,25.13,25.33,15041,0
2016-03-04,25.32,25.34,25.275,25.33,17777,0
2016-03-07,25.4,25.4,25.05,25.18,16048,0
2016-03-08,25.15,25.2757,25.08,25.19,23714,0
2016-03-09,25.29,25.34,25.13,25.32,13534,0
2016-03-10,25.38,25.4,25.3,25.36,9158,0
2016-03-11,25.4,25.42,24.92,25.42,17029,0
2016-03-14,25.46,25.48,25.25,25.43,17527,0
2016-03-15,25.42,25.42,25.1,25.1,19970,0
2016-03-16,25.22,25.22,25.08,25.2,21523,0
2016-03-17,25.12,25.28,25.08,25.14,54291,0
2016-03-18,25.21,25.22,25.17,25.17,37677,0
2016-03-21,25.22,25.248,25.11,25.18,63887,0
2016-03-22,25.2,25.25,25.115,25.2299,16637,0
2016-03-23,25.33,25.33,25.15,25.2,15166,0
2016-03-24,25.23,25.31,25.23,25.29,20054,0
2016-03-28,25.3,25.3,25.1301,25.14,8666,0
2016-03-29,25.22,25.3,25.15,25.2,45333,0
2016-03-30,25.29,25.29,25.18,25.19,41682,0
2016-03-31,25.22,25.22,25.07,25.07,122126,0
2016-04-01,25.19,25.2,25.07,25.16,20149,0
2016-04-04,25.1,25.2099,25.09,25.1,7467,0
2016-04-05,25.05,25.19,25.05,25.19,6979,0
2016-04-06,25.19,25.35,25.15,25.2,27299,0
2016-04-07,25.25,25.25,25.17,25.1955,12060,0
2016-04-08,25.33,25.33,25.1741,25.2,21369,0
2016-04-11,25.24,25.24,25.176,25.2,16165,0
2016-04-12,25.24,25.24,25.12,25.214,42051,0
2016-04-13,25.03,25.11,24.91,25,33780,0
2016-04-14,25.17,25.17,24.98,25.01,12827,0
2016-04-15,25.08,25.08,24.99,25.01,20610,0
2016-04-18,25.06,25.06,24.98,24.99,22587,0
2016-04-19,25.06,25.2,25.05,25.13,33041,0
2016-04-20,25.18,25.18,25.05,25.13,24466,0
2016-04-21,25.15,25.19,25.08,25.08,17103,0
2016-04-22,25.13,25.13,25.05,25.09,13830,0
2016-04-25,25.08,25.11,25,25.02,30963,0
2016-04-26,25.11,25.22,25.11,25.15,24534,0
2016-04-27,25.2,25.44,25.15,25.44,28998,0
2016-04-28,25.43,25.495,25.36,25.49,24063,0
2016-04-29,25.47,25.48,25.4,25.44,18041,0
2016-05-02,25.46,25.46,25.36,25.45,12846,0
2016-05-03,25.44,25.45,25.37,25.45,15733,0
2016-05-04,25.46,25.47,25.39,25.4,24545,0
2016-05-05,25.43,25.43,25.35,25.4,18123,0
2016-05-06,25.45,25.45,25.33,25.4325,9810,0
2016-05-09,25.48,25.48,25.34,25.38,17019,0
2016-05-10,25.43,25.5,25.36,25.5,19143,0
2016-05-11,25.49,25.76,25.42,25.52,33941,0
2016-05-12,25.54,25.6399,25.39,25.54,17862,0
2016-05-13,25.54,25.54,25.42,25.52,14875,0
2016-05-16,25.53,25.5678,25.36,25.45,21131,0
2016-05-17,25.44,25.47,25.34,25.45,53013,0
2016-05-18,25.48,25.5642,25.06,25.54,43218,0
2016-05-19,25.47,25.49,25.08,25.24,48843,0
2016-05-20,25.3,25.43,25.18,25.32,17710,0
2016-05-23,25.43,25.62,25.2999,25.37,30270,0
2016-05-24,25.5,25.5499,25.33,25.485,27524,0
2016-05-25,25.51,25.51,25.34,25.35,16878,0
2016-05-26,25.41,25.52,25.3092,25.45,21577,0
2016-05-27,25.49,25.6,25.41,25.53,14141,0
2016-05-31,25.49,25.52,25.34,25.493,24170,0
2016-06-01,25.5,25.53,25.3334,25.3334,15514,0
2016-06-02,25.45,25.5,25.3852,25.45,27124,0
2016-06-03,25.46,25.58,25.46,25.58,33047,0
2016-06-06,25.59,25.59,25.36,25.3699,31120,0
2016-06-07,25.45,25.48,25.36,25.36,15641,0
2016-06-08,25.48,25.48,25.3901,25.41,10615,0
2016-06-09,25.45,25.46,25.36,25.37,37273,0
2016-06-10,25.35,25.46,25.32,25.32,22725,0
2016-06-13,25.38,25.45,25.37,25.4399,17445,0
2016-06-14,25.37,25.42,25.3685,25.4,7661,0
2016-06-15,25.4,25.56,25.34,25.34,9355,0
2016-06-16,25.34,25.4622,25.32,25.3501,36849,0
2016-06-17,25.35,25.4,25.35,25.36,17487,0
2016-06-20,25.37,25.47,25.3635,25.44,20896,0
2016-06-21,25.44,25.5425,25.39,25.45,22345,0
2016-06-22,25.43,25.6,25.3,25.3,39590,0
2016-06-23,25.36,25.39,25.33,25.3606,10707,0
2016-06-24,25.02,25.33,25.02,25.25,22196,0
2016-06-27,25.2,25.26,25.2,25.25,12643,0
2016-06-28,25.28,25.3525,25.26,25.33,21348,0
2016-06-29,25.35,25.4399,25.3,25.4,27593,0
2016-06-30,25.4,25.49,25.36,25.49,14200,0
2016-07-01,25.43,25.64,25.42,25.58,32152,0
2016-07-05,25.5,25.5,25.41,25.47,13046,0
2016-07-06,25.41,25.56,25.4,25.56,12454,0
2016-07-07,25.5,25.711,25.5,25.7101,27208,0
2016-07-08,25.65,26.2,25.65,26.2,27312,0
2016-07-11,26.008,26.15,26.008,26.15,11674,0
2016-07-12,25.95,26.5,25.95,26.4,24331,0
2016-07-13,25.86,26.0849,25.7,26,34468,0
2016-07-14,25.85,25.95,25.72,25.86,14981,0
2016-07-15,25.7,25.919,25.542,25.8528,14509,0
2016-07-18,25.61,25.86,25.61,25.86,20308,0
2016-07-19,25.86,25.93,25.7,25.74,9388,0
2016-07-20,25.63,25.85,25.531,25.7,13290,0
2016-07-21,25.81,26,25.73,26,15737,0
2016-07-22,25.83,25.99,25.83,25.99,9364,0
2016-07-25,25.91,26,25.91,26,10621,0
2016-07-26,26,26,25.8,25.86,18574,0
2016-07-27,25.8685,25.95,25.7201,25.95,10239,0
2016-07-28,25.9487,25.9487,25.83,25.87,6477,0
2016-07-29,25.71,25.97,25.71,25.8,7385,0
2016-08-01,25.93,25.93,25.83,25.87,8242,0
2016-08-02,25.63,25.89,25.63,25.77,15763,0
2016-08-03,25.79,25.89,25.7882,25.89,16333,0
2016-08-04,25.86,26,25.86,25.99,15101,0
2016-08-05,25.95,26,25.91,26,15064,0
2016-08-08,25.94,26.14,25.92,26.01,66420,0
2016-08-09,26.04,26.1,25.92,26,52741,0
2016-08-10,26.04,26.06,25.76,25.88,46405,0
2016-08-11,25.82,25.93,25.77,25.8,22814,0
2016-08-12,25.77,25.85,25.65,25.78,12121,0
2016-08-15,25.78,25.8899,25.66,25.7,20902,0
2016-08-16,25.71,25.82,25.7,25.74,10878,0
2016-08-17,25.7,25.782,25.7,25.75,13869,0
2016-08-18,25.7,25.74,25.5801,25.6,16593,0
2016-08-19,25.6,25.7459,25.5,25.5,23164,0
2016-08-22,25.5,25.6,25.44,25.53,25963,0
2016-08-23,25.57,25.64,25.55,25.58,20788,0
2016-08-24,25.55,25.6,25.52,25.58,13702,0
2016-08-25,25.58,25.66,25.5232,25.58,33967,0
2016-08-26,25.53,25.65,25.53,25.58,43859,0
2016-08-29,25.51,25.71,25.51,25.69,35160,0
2016-08-30,25.71,25.98,25.71,25.95,7304,0
2016-08-31,25.85,26.1199,25.65,25.65,24650,0
2016-09-01,25.79,25.88,25.77,25.79,9239,0
2016-09-02,25.7,25.94,25.7,25.8773,5574,0
2016-09-06,25.873,26.07,25.845,26.07,12202,0
2016-09-07,25.95,26.12,25.95,26.12,18025,0
2016-09-08,26.0694,26.15,26.04,26.15,8936,0
2016-09-09,26.09,26.1,25.81,25.81,11961,0
2016-09-12,25.91,25.98,25.6661,25.71,19043,0
2016-09-13,25.69,25.94,25.69,25.94,12336,0
2016-09-14,25.81,26.13,25.79,26.13,9080,0
2016-09-15,26.1,26.2,26.02,26.2,11341,0
2016-09-16,26.07,26.18,25.8,25.99,11399,0
2016-09-19,25.91,26.0899,25.9,26.0503,4275,0
2016-09-20,25.97,26.17,25.97,26.14,19770,0
2016-09-21,26.05,26.09,25.78,26.07,11519,0
2016-09-22,25.93,26.54,25.86,26.3434,17332,0
2016-09-23,26.32,26.7299,26.3,26.4,7568,0
2016-09-26,26.25,26.36,26.1,26.36,4723,0
2016-09-27,26.3316,26.3316,26.14,26.25,4291,0
2016-09-28,26.1,26.28,25.84,25.92,19958,0
2016-09-29,25.92,26.042,25.89,26.03,7379,0
2016-09-30,25.93,26.15,25.9,25.9,16322,0
2016-10-03,25.96,26.1338,25.91,26.08,8736,0
2016-10-04,26,26.23,25.97,26.16,8508,0
2016-10-05,26.02,26.1122,25.9218,26.0268,11306,0
2016-10-06,25.94,26.0699,25.9399,26.04,5142,0
2016-10-07,26.0277,26.0463,25.951,25.951,2207,0
2016-10-10,25.96,26.2299,25.96,26.2299,8601,0
2016-10-11,26.13,26.52,26,26.25,23443,0
2016-10-12,25.92,25.9286,25.531,25.55,13827,0
2016-10-13,25.4,25.595,25.1,25.4601,7401,0
2016-10-14,25.35,25.7703,25.35,25.63,10162,0
2016-10-17,25.62,25.9201,25.56,25.8,11211,0
2016-10-18,25.7,26.03,25.7,25.76,9676,0
2016-10-19,25.73,25.91,25.73,25.88,5279,0
2016-10-20,25.74,26.24,25.74,26.23,32108,0
2016-10-21,26.3,26.35,26.13,26.25,54090,0
2016-10-24,26.21,26.26,26.1,26.2,37939,0
2016-10-25,26.04,26.34,25.92,26.09,12770,0
2016-10-26,25.98,26.08,25.78,25.9118,12073,0
2016-10-27,25.81,25.983,25.78,25.829,9096,0
2016-10-28,25.785,25.785,25.6438,25.6438,3242,0
2016-10-31,25.86,25.86,25.63,25.63,23998,0
2016-11-01,25.52,25.6115,25.35,25.42,13622,0
2016-11-02,25.37,25.6013,25.37,25.6013,7232,0
2016-11-03,25.6,25.824,25.461,25.6249,12721,0
2016-11-04,25.54,25.7317,25.4982,25.56,5633,0
2016-11-07,25.64,25.76,25.6001,25.76,4535,0
2016-11-08,25.61,25.7771,25.58,25.58,2797,0
2016-11-09,25.1,25.4311,25,25,20005,0
2016-11-10,25.12,25.25,24.5201,24.85,72083,0
2016-11-11,24.47,24.49,23.5,24,24269,0
2016-11-14,23.54,23.57,22.33,22.6432,58121,0
2016-11-15,22.85,24.47,22.85,23.57,35205,0
2016-11-16,23.48,24.6832,23.255,24.49,16451,0
2016-11-17,24.3,24.52,23.7856,24.1,21546,0
2016-11-18,23.96,24.52,23.5392,23.75,16651,0
2016-11-21,23.89,24.31,23.5764,23.9299,20129,0
2016-11-22,24.27,24.27,23.6947,24,18108,0
2016-11-23,23.44,24.1111,23.44,24.03,35876,0
2016-11-25,23.95,24.68,23.8768,24.59,6955,0
2016-11-28,24.29,24.42,23.9862,24.13,20185,0
2016-11-29,23.98,24.44,23.7857,23.9118,17641,0
2016-11-30,23.75,23.984,23.09,23.5113,26236,0
2016-12-01,23.55,23.55,22.4,23.08,23510,0
2016-12-02,23.05,23.64,22.825,23.2846,17730,0
2016-12-05,23.38,23.38,22.89,23.15,10231,0
2016-12-06,23.0928,23.34,23.0928,23.1514,21484,0
2016-12-07,23.15,23.4335,23.07,23.42,18094,0
2016-12-08,23.25,23.26,23,23.023,20481,0
2016-12-09,22.91,23.2,22.76,22.78,30854,0
2016-12-12,22.75,23.1,22.75,22.91,55044,0
2016-12-13,22.83,23.2,22.65,22.89,50758,0
2016-12-14,22.7,22.92,22.25,22.62,103863,0
2016-12-15,22.44,22.67,21.82,22.22,59835,0
2016-12-16,22.23,22.5799,22.22,22.489,74180,0
2016-12-19,22.27,22.54,22.27,22.4099,24477,0
2016-12-20,22.51,22.8199,22.51,22.6999,45648,0
2016-12-21,22.62,22.75,22.38,22.62,58801,0
2016-12-22,22.59,22.78,22.59,22.68,37798,0
2016-12-23,22.67,23,22.32,22.98,34196,0
2016-12-27,22.82,23.03,22.7196,22.82,22899,0
2016-12-28,22.66,23.0299,22.51,22.51,63893,0
2016-12-29,22.65,22.8719,22.44,22.44,29594,0
2016-12-30,22.47,22.9463,22.46,22.61,12648,0
2017-01-03,22.75,23.035,22.75,22.9507,14480,0
2017-01-04,23.05,23.97,23.04,23.95,41460,0
2017-01-05,23.78,24.06,23.76,23.93,42966,0
2017-01-06,23.91,24.06,23.7001,23.94,46083,0
2017-01-09,23.85,24.36,23.85,23.98,22624,0
2017-01-10,23.81,24.36,23.81,24,8471,0
2017-01-11,23.95,24.26,23.412,24.2,31442,0
2017-01-12,24.03,24.4,23.9559,24.15,15637,0
2017-01-13,24.15,24.26,23.98,24.05,15613,0
2017-01-17,24.18,24.37,23.6322,23.84,19397,0
2017-01-18,23.93,24.17,23.93,24.1429,7596,0
2017-01-19,24.1,24.1,23.7,23.96,8242,0
2017-01-20,24.01,24.3399,23.8028,24.053,10247,0
2017-01-23,24.07,24.3,23.9505,24.0877,14177,0
2017-01-24,24.07,24.26,24.017,24.1,21259,0
2017-01-25,23.93,24.18,23.7415,24.17,9759,0
2017-01-26,24.02,24.1575,24,24.13,13621,0
2017-01-27,24.05,24.1368,23.9,24,16842,0
2017-01-30,23.91,24.26,23.91,24.26,24231,0
2017-01-31,24.18,24.1964,23.95,24.1,20778,0
2017-02-01,24.18,24.19,24.07,24.15,13038,0
2017-02-02,24.12,24.26,23.9,24.26,16321,0
2017-02-03,24.22,24.5499,24.19,24.3,12844,0
2017-02-06,24.35,24.48,24.2787,24.2787,6394,0
2017-02-07,24.29,24.55,24.27,24.45,5993,0
2017-02-08,24.5,24.62,24.39,24.42,23489,0
2017-02-09,24.39,24.55,24.25,24.26,11768,0
2017-02-10,24.36,24.55,24.26,24.55,23042,0
2017-02-13,24.43,24.6,24.43,24.54,20301,0
2017-02-14,24.5767,24.61,24.227,24.28,12548,0
2017-02-15,24.24,24.52,24.24,24.4,44948,0
2017-02-16,24.36,24.47,24.26,24.28,14296,0
2017-02-17,24.37,24.37,24.25,24.25,10215,0
2017-02-21,24.3,24.39,24.3,24.32,16111,0
2017-02-22,24.32,24.4599,24.28,24.3,12925,0
2017-02-23,24.38,24.39,24.31,24.31,18200,0
2017-02-24,24.31,24.38,24.3,24.3,18383,0
2017-02-27,24.31,24.57,24.3,24.3,15852,0
2017-02-28,24.36,24.5425,24.28,24.41,11893,0
2017-03-01,24.35,24.38,24.3305,24.3537,11467,0
2017-03-02,24.34,24.42,24.34,24.4,14392,0
2017-03-03,24.32,24.62,24.32,24.55,40682,0
2017-03-06,24.59,24.79,24.52,24.79,10104,0
2017-03-07,24.6,24.743,24.6,24.742,6776,0
2017-03-08,24.53,24.5999,24.39,24.41,20792,0
2017-03-09,24.31,24.32,24.1153,24.21,16529,0
2017-03-10,24.24,24.6392,24.2105,24.33,8506,0
2017-03-13,24.23,24.23,24.12,24.16,8622,0
2017-03-14,24.08,24.4,24.061,24.21,12619,0
2017-03-15,24.06,24.51,24.05,24.1,25124,0
2017-03-16,24.15,24.2893,24.13,24.2,14631,0
2017-03-17,24.23,24.2627,24.161,24.18,23484,0
2017-03-20,24.21,24.38,24.19,24.2556,12078,0
2017-03-21,24.39,24.39,24.261,24.358,22465,0
2017-03-22,24.3,24.6365,24.3,24.57,8303,0
2017-03-23,24.62,24.936,24.5603,24.8774,23497,0
2017-03-24,24.87,24.9,24.73,24.75,15129,0
2017-03-27,24.74,24.87,24.5984,24.83,20850,0
2017-03-28,24.72,24.99,24.72,24.92,13142,0
2017-03-29,24.79,24.979,24.7833,24.97,14078,0
2017-03-30,24.87,24.98,24.87,24.93,20637,0
2017-03-31,24.921,24.96,24.9059,24.95,13695,0
2017-04-03,24.95,24.95,24.928,24.94,41051,0
2017-04-04,24.85,24.97,24.85,24.94,39603,0
2017-04-05,24.89,25.09,24.89,25.09,114857,0
2017-04-06,24.96,25.19,24.96,25.19,17127,0
2017-04-07,25.12,25.23,24.81,24.81,35103,0
2017-04-10,24.85,25.15,24.85,25.072,32417,0
2017-04-11,24.56,24.78,24.56,24.73,15951,0
2017-04-12,24.64,24.83,24.6301,24.7,15865,0
2017-04-13,24.66,24.8099,24.6,24.6,19760,0
2017-04-17,24.71,24.75,24.7,24.75,16485,0
2017-04-18,24.66,24.6873,24.62,24.65,14280,0
2017-04-19,24.73,24.84,24.65,24.84,15011,0
2017-04-20,24.84,24.845,24.68,24.82,18122,0
2017-04-21,24.71,24.92,24.71,24.75,18141,0
2017-04-24,24.76,25.3,24.76,25,29787,0
2017-04-25,25.1099,25.25,24.96,24.96,16789,0
2017-04-26,24.95,25.09,24.8803,25.08,22085,0
2017-04-27,24.95,25.02,24.95,25.02,10553,0
2017-04-28,25.02,25.02,24.9,25.02,23681,0
2017-05-01,25.09,25.09,24.71,24.77,19513,0
2017-05-02,24.78,24.909,24.78,24.78,24564,0
2017-05-03,24.8,24.91,24.7662,24.84,13924,0
2017-05-04,24.81,24.81,24.6,24.6,11731,0
2017-05-05,24.67,24.81,24.67,24.74,10256,0
2017-05-08,24.74,24.99,24.74,24.95,14213,0
2017-05-09,24.91,25.0466,24.88,24.98,16606,0
2017-05-10,24.92,25.0399,24.9,24.992,9353,0
2017-05-11,25.1,25.1,24.8298,24.83,9990,0
2017-05-12,24.69,24.99,24.69,24.88,13279,0
2017-05-15,24.79,25.07,24.79,24.94,8256,0
2017-05-16,24.96,25.0699,24.96,25.06,8792,0
2017-05-17,24.94,25,24.82,24.83,11101,0
2017-05-18,24.68,24.904,24.58,24.66,23229,0
2017-05-19,24.73,24.7716,24.62,24.71,28721,0
2017-05-22,24.72,24.8193,24.72,24.8169,7827,0
2017-05-23,24.91,24.92,24.8402,24.87,10076,0
2017-05-24,24.88,25.06,24.88,25.05,22698,0
2017-05-25,25.05,25.2,25.05,25.1912,12309,0
2017-05-26,25.2,25.23,24.97,24.97,27035,0
2017-05-30,24.99,25.15,24.97,25.149,13511,0
2017-05-31,25.1,25.26,25.05,25.26,11459,0
2017-06-01,25.16,25.5,25.16,25.5,15254,0
2017-06-02,25.28,25.67,25.28,25.5,7796,0
2017-06-05,25.5,25.6767,25.4721,25.66,18784,0
2017-06-06,25.6228,25.75,25.6126,25.74,16209,0
2017-06-07,25.59,25.83,25.59,25.63,21588,0
2017-06-08,25.63,25.85,25.61,25.65,19262,0
2017-06-09,25.63,25.87,25.6,25.75,7081,0
2017-06-12,25.51,25.8,25.49,25.61,9351,0
2017-06-13,25.32,25.6969,25.32,25.65,7756,0
2017-06-14,25.42,25.7291,25.42,25.57,14571,0
2017-06-15,25.52,25.69,25.4698,25.47,9185,0
2017-06-16,25.47,25.6029,25.47,25.57,4412,0
2017-06-19,25.48,25.7,25.48,25.7,3856,0
2017-06-20,25.62,25.7009,25.5962,25.6297,5031,0
2017-06-21,25.64,25.67,25.59,25.65,4482,0
2017-06-22,25.66,25.67,25.592,25.6557,3934,0
2017-06-23,25.57,25.87,25.57,25.87,11981,0
2017-06-26,25.71,25.99,25.71,25.93,11282,0
2017-06-27,25.87,26.05,25.85,25.9999,26428,0
2017-06-28,25.86,26.0052,25.85,26.0052,6534,0
2017-06-29,25.91,26.0615,25.89,26.0615,24367,0
2017-06-30,26,26.13,25.95,26.1,14193,0
2017-07-03,25.9709,26.18,25.92,26.18,3357,0
2017-07-05,26.16,26.16,25.85,25.95,13456,0
2017-07-06,25.93,26.07,25.79,25.9,21438,0
2017-07-07,25.95,26.18,25.84,25.95,10776,0
2017-07-10,26,26.09,25.91,26,8829,0
2017-07-11,25.95,26.09,25.9,26.01,18144,0
2017-07-12,25.69,25.8246,25.48,25.62,15733,0
2017-07-13,25.7,25.78,25.53,25.5842,12006,0
2017-07-14,25.64,25.7067,25.61,25.61,5955,0
2017-07-17,25.6091,25.63,25.52,25.52,5689,0
2017-07-18,25.52,25.52,25.37,25.37,8543,0
2017-07-19,25.41,25.62,25.41,25.48,14757,0
2017-07-20,25.49,25.5635,25.4,25.44,6534,0
2017-07-21,25.52,25.5299,25.4236,25.529,5164,0
2017-07-24,25.55,25.56,25.43,25.5,5961,0
2017-07-25,25.46,25.64,25.45,25.64,10469,0
2017-07-26,25.52,25.6136,25.52,25.58,3311,0
2017-07-27,25.51,25.608,25.4748,25.5649,3457,0
2017-07-28,25.47,25.73,25.47,25.73,13614,0
2017-07-31,25.7,25.74,25.62,25.62,8804,0
2017-08-01,25.61,25.7471,25.61,25.7005,4994,0
2017-08-02,25.61,25.89,25.61,25.74,8172,0
2017-08-03,25.66,25.91,25.66,25.879,6172,0
2017-08-04,25.73,25.94,25.73,25.91,17489,0
2017-08-07,25.97,25.99,25.82,25.99,11794,0
2017-08-08,25.95,26.18,25.95,26.01,4046,0
2017-08-09,26.19,26.19,25.721,25.8,6783,0
2017-08-10,25.79,25.8094,25.45,25.45,5498,0
2017-08-11,25.45,25.6999,25.39,25.5,4941,0
2017-08-14,25.5,25.64,25.5,25.56,2593,0
2017-08-15,25.56,25.5821,25.5217,25.5466,3574,0
2017-08-16,25.55,25.68,25.55,25.6001,7143,0
2017-08-17,25.58,25.673,25.447,25.51,5797,0
2017-08-18,25.5618,25.57,25.44,25.5,5320,0
2017-08-21,25.48,25.5894,25.464,25.5264,3334,0
2017-08-22,25.54,25.6036,25.48,25.48,5669,0
2017-08-23,25.43,25.53,25.43,25.436,5420,0
2017-08-24,25.44,25.63,25.39,25.43,8275,0
2017-08-25,25.44,25.55,25.44,25.44,4849,0
2017-08-28,25.45,25.55,25.4139,25.55,8884,0
2017-08-29,25.37,25.48,25.3,25.35,7959,0
2017-08-30,25.35,25.87,25.344,25.87,29578,0
2017-08-31,25.84,26.21,25.6648,26.14,33151,0
2017-09-01,26.06,26.09,25.77,25.8153,6638,0
2017-09-05,25.85,26.07,25.8101,26.07,13249,0
2017-09-06,25.95,26.12,25.8793,25.9611,19267,0
2017-09-07,25.85,25.9344,25.45,25.68,18101,0
2017-09-08,25.62,25.7049,25.36,25.37,7533,0
2017-09-11,25.62,25.89,25.62,25.75,11434,0
2017-09-12,25.7,25.87,25.7,25.8216,5709,0
2017-09-13,25.74,25.8012,25.74,25.77,4852,0
2017-09-14,25.73,25.8,25.73,25.78,3396,0
2017-09-15,25.8011,25.881,25.8011,25.881,3264,0
2017-09-18,25.89,25.89,25.75,25.75,7420,0
2017-09-19,25.74,25.85,25.64,25.64,7330,0
2017-09-20,25.62,25.7495,25.62,25.7,10345,0
2017-09-21,25.63,25.75,25.63,25.64,17878,0
2017-09-22,25.67,25.79,25.62,25.62,10606,0
2017-09-25,25.63,25.82,25.63,25.7,7949,0
2017-09-26,25.66,25.804,25.58,25.58,6813,0
2017-09-27,25.5,25.7199,25.5,25.68,14173,0
2017-09-28,25.69,25.71,25.61,25.71,13262,0
2017-09-29,25.72,25.93,25.72,25.93,5582,0
2017-10-02,25.75,25.89,25.75,25.83,4924,0
2017-10-03,25.74,25.8388,25.7,25.8388,5886,0
2017-10-04,25.76,25.85,25.76,25.8451,6625,0
2017-10-05,25.75,25.8,25.75,25.76,11648,0
2017-10-06,25.71,25.887,25.6232,25.759,7142,0
2017-10-09,25.7,25.81,25.7,25.75,5434,0
2017-10-10,25.7,25.8875,25.7,25.75,6865,0
2017-10-11,25.75,25.7875,25.6,25.67,9788,0
2017-10-12,25.47,25.82,25.42,25.55,11323,0
2017-10-13,25.58,25.7378,25.58,25.7,2860,0
2017-10-16,25.63,25.79,25.621,25.76,8705,0
2017-10-17,25.7,25.84,25.7,25.78,10150,0
2017-10-18,25.69,25.7692,25.6761,25.7,7076,0
2017-10-19,25.63,25.7677,25.63,25.67,5644,0
2017-10-20,25.6384,25.65,25.46,25.65,11809,0
2017-10-23,25.53,25.729,25.53,25.55,4165,0
2017-10-24,25.65,25.8,25.55,25.77,11728,0
2017-10-25,25.53,25.76,25.53,25.57,3285,0
2017-10-26,25.59,25.6666,25.22,25.3068,16318,0
2017-10-27,25.51,25.57,25.2446,25.26,16145,0
2017-10-30,25.32,25.39,25.19,25.2,8506,0
2017-10-31,25.1,25.19,24.905,24.98,150810,0
2017-11-01,25.04,25.16,24.9,25.11,83432,0
2017-11-02,25.12,25.16,25.0429,25.09,52927,0
2017-11-03,25.13,25.23,25.1208,25.17,27343,0
2017-11-06,25.19,25.23,25.12,25.1725,9530,0
2017-11-07,25.13,25.22,25.13,25.22,19501,0
2017-11-08,25.19,25.23,25.16,25.22,6061,0
2017-11-09,25.11,25.2099,25.11,25.11,8891,0
2017-11-10,25.11,25.11,25.03,25.0942,14252,0
