2016-01-04,12.996,13.072,12.914,12.959,73480,0
2016-01-05,12.983,13.147,12.933,13.072,27712,0
2016-01-06,12.996,13.156,12.996,13.025,33796,0
2016-01-07,12.996,13.167,12.988,12.988,60874,0
2016-01-08,12.978,13.054,12.809,12.809,63346,0
2016-01-11,12.836,13.064,12.799,12.895,39007,0
2016-01-12,12.885,12.942,12.791,12.895,46358,0
2016-01-13,12.605,12.951,12.605,12.697,88118,0
2016-01-14,12.669,13.335,12.65,12.905,101836,0
2016-01-15,12.641,13.064,12.641,12.836,91124,0
2016-01-19,12.856,13.064,12.836,12.905,61682,0
2016-01-20,12.791,12.951,12.697,12.791,115763,0
2016-01-21,12.791,12.924,12.659,12.669,59189,0
2016-01-22,12.781,12.836,12.65,12.716,68882,0
2016-01-25,12.669,12.774,12.605,12.613,45417,0
2016-01-26,12.678,12.885,12.659,12.836,30881,0
2016-01-27,12.905,12.933,12.735,12.781,46224,0
2016-01-28,12.875,13.025,12.799,12.885,45752,0
2016-01-29,12.905,13.082,12.791,12.978,123181,0
2016-02-01,12.959,13.064,12.836,12.846,59620,0
2016-02-02,12.828,12.895,12.678,12.781,35571,0
2016-02-03,12.809,12.809,12.605,12.613,59393,0
2016-02-04,12.65,12.791,12.641,12.678,37416,0
2016-02-05,12.633,12.74,12.547,12.575,90686,0
2016-02-08,12.557,12.793,12.547,12.669,235575,0
2016-02-09,12.678,12.875,12.678,12.735,55256,0
2016-02-10,12.755,12.885,12.613,12.613,33966,0
2016-02-11,12.462,12.809,12.462,12.697,57024,0
2016-02-12,12.885,12.933,12.755,12.799,72411,0
2016-02-16,12.885,12.885,12.735,12.774,23620,0
2016-02-17,12.818,12.875,12.637,12.716,80190,0
2016-02-18,12.697,12.866,12.65,12.669,37804,0
2016-02-19,12.687,12.959,12.687,12.706,31335,0
2016-02-22,12.809,13.091,12.716,12.875,76374,0
2016-02-23,12.846,13.167,12.836,12.846,41158,0
2016-02-24,12.764,12.978,12.764,12.959,26605,0
2016-02-25,12.969,13.101,12.942,13.064,30805,0
2016-02-26,13.082,13.167,13.034,13.139,35438,0
2016-02-29,13.044,13.335,13.044,13.231,81144,0
2016-03-01,13.231,13.288,13.015,13.184,28734,0
2016-03-02,13.147,13.186,13.025,13.082,29985,0
2016-03-03,13.064,13.204,12.942,13.147,31851,0
2016-03-04,13.101,13.167,12.959,13.072,29617,0
2016-03-07,12.969,13.194,12.969,13.139,44375,0
2016-03-08,13.091,13.167,13.025,13.034,30185,0
2016-03-09,13.082,13.139,12.988,13.054,14580,0
2016-03-10,13.054,13.139,13.005,13.044,33021,0
2016-03-11,13.119,13.167,12.978,13.119,49307,0
2016-03-14,13.064,13.082,12.905,12.924,37992,0
2016-03-15,12.866,13.044,12.866,12.933,45659,0
2016-03-16,12.933,12.996,12.791,12.866,31082,0
2016-03-17,12.799,13.034,12.791,12.942,47320,0
2016-03-18,13.072,13.072,12.735,12.755,176582,0
2016-03-21,12.745,12.959,12.697,12.725,114921,0
2016-03-22,12.697,12.905,12.697,12.735,87116,0
2016-03-23,12.697,12.838,12.697,12.774,65379,0
2016-03-24,12.735,12.866,12.735,12.836,38241,0
2016-03-28,12.725,12.924,12.65,12.774,73790,0
2016-03-29,12.755,12.905,12.755,12.856,75935,0
2016-03-30,12.846,12.978,12.799,12.875,40637,0
2016-03-31,12.895,12.951,12.774,12.818,214545,0
2016-04-01,12.774,13.167,12.735,13.157,43774,0
2016-04-04,13.091,13.109,12.866,12.905,42389,0
2016-04-05,12.856,12.988,12.791,12.875,44653,0
2016-04-06,12.856,12.978,12.791,12.895,37177,0
2016-04-07,12.828,12.914,12.791,12.828,31501,0
2016-04-08,12.895,13.035,12.836,12.942,27812,0
2016-04-11,12.924,13.065,12.836,12.924,40583,0
2016-04-12,12.914,13.055,12.836,12.924,28212,0
2016-04-13,12.979,13.078,12.866,12.96,73192,0
2016-04-14,12.924,13.101,12.919,13.065,19637,0
2016-04-15,12.988,13.073,12.988,13.065,24869,0
2016-04-18,12.988,13.215,12.988,13.185,38172,0
2016-04-19,13.185,13.215,13.092,13.14,20962,0
2016-04-20,13.083,13.168,13.055,13.055,30147,0
2016-04-21,13.026,13.055,12.846,12.988,37233,0
2016-04-22,13.055,13.055,12.905,12.933,41133,0
2016-04-25,12.885,13.215,12.885,13.185,116630,0
2016-04-26,13.215,13.347,13.158,13.337,37226,0
2016-04-27,13.299,13.337,13.215,13.299,59567,0
2016-04-28,13.158,13.308,13.158,13.195,23558,0
2016-04-29,13.168,13.27,13.14,13.177,23870,0
2016-05-02,13.185,13.507,13.177,13.382,68783,0
2016-05-03,13.374,13.421,13.083,13.328,55134,0
2016-05-04,13.252,13.382,13.168,13.365,52941,0
2016-05-05,13.365,13.402,13.242,13.29,28694,0
2016-05-06,13.261,13.261,13.168,13.233,29958,0
2016-05-09,13.177,13.374,13.177,13.328,26003,0
2016-05-10,13.27,13.402,13.233,13.347,28199,0
2016-05-11,13.357,13.524,13.318,13.318,64353,0
2016-05-12,13.328,13.421,13.223,13.374,62426,0
2016-05-13,13.357,13.449,13.299,13.392,54035,0
2016-05-16,13.449,13.449,13.382,13.44,33102,0
2016-05-17,13.402,13.402,13.083,13.195,70709,0
2016-05-18,13.14,13.382,13.006,13.374,31288,0
2016-05-19,13.215,13.318,13.11,13.308,30495,0
2016-05-20,13.347,13.497,13.347,13.449,52372,0
2016-05-23,13.44,13.487,13.357,13.382,16066,0
2016-05-24,13.365,13.572,13.365,13.553,59799,0
2016-05-25,13.562,13.666,13.534,13.581,25548,0
2016-05-26,13.507,13.609,13.487,13.599,39170,0
2016-05-27,13.581,13.599,13.478,13.562,21624,0
2016-05-31,13.609,13.666,13.365,13.618,45663,0
2016-06-01,13.628,13.769,13.543,13.732,54265,0
2016-06-02,13.618,13.76,13.59,13.76,30812,0
2016-06-03,13.59,13.704,13.44,13.581,14497,0
2016-06-06,13.543,13.797,13.487,13.769,31035,0
2016-06-07,13.806,13.806,13.553,13.581,22117,0
2016-06-08,13.543,13.779,13.543,13.769,32697,0
2016-06-09,13.779,13.779,13.548,13.618,25491,0
2016-06-10,13.609,13.628,13.402,13.458,26509,0
2016-06-13,13.478,13.543,13.357,13.458,41646,0
2016-06-14,13.449,13.609,13.411,13.581,57864,0
2016-06-15,13.628,13.755,13.44,13.618,27662,0
2016-06-16,13.609,13.742,13.487,13.713,50831,0
2016-06-17,13.742,13.787,13.647,13.684,106989,0
2016-06-20,13.742,13.994,13.722,13.911,43828,0
2016-06-21,13.948,14.164,13.815,14.135,35315,0
2016-06-22,14.004,14.24,13.938,14.222,46120,0
2016-06-23,14.232,14.398,14.072,14.39,71691,0
2016-06-24,13.824,14.222,13.824,14.222,177102,0
2016-06-27,14.088,14.088,13.844,13.984,59083,0
2016-06-28,14.004,14.084,13.854,14.072,40682,0
2016-06-29,14.106,14.21,14.106,14.183,43618,0
2016-06-30,14.033,14.417,14.033,14.417,68704,0
2016-07-01,14.455,14.465,14.164,14.315,25714,0
2016-07-05,14.334,14.373,14.155,14.247,27302,0
2016-07-06,14.183,14.295,14.183,14.247,20776,0
2016-07-07,14.247,14.373,14.212,14.344,53503,0
2016-07-08,14.436,14.701,14.436,14.693,48881,0
2016-07-11,14.675,14.959,14.646,14.939,36453,0
2016-07-12,14.959,15.08,14.844,14.985,80910,0
2016-07-13,15.071,15.071,14.844,14.891,71104,0
2016-07-14,14.891,14.976,14.766,14.797,41318,0
2016-07-15,14.882,14.9,14.67,14.891,58042,0
2016-07-18,14.853,14.9,14.769,14.891,56453,0
2016-07-19,14.882,14.92,14.844,14.872,112601,0
2016-07-20,14.882,14.9,14.834,14.891,23099,0
2016-07-21,14.824,14.891,14.769,14.824,18481,0
2016-07-22,14.862,14.905,14.824,14.891,83124,0
2016-07-25,14.769,14.891,14.769,14.882,69025,0
2016-07-26,14.853,14.891,14.344,14.882,47990,0
2016-07-27,14.872,14.939,14.807,14.891,34066,0
2016-07-28,14.807,14.891,14.787,14.862,40773,0
2016-07-29,14.834,14.862,14.787,14.824,44932,0
2016-08-01,14.862,14.891,14.665,14.701,28825,0
2016-08-02,14.891,14.9,14.759,14.853,106469,0
2016-08-03,14.882,14.91,14.853,14.891,52881,0
2016-08-04,14.891,14.91,14.856,14.882,80432,0
2016-08-05,14.891,14.92,14.846,14.882,138489,0
2016-08-08,14.862,15.023,14.862,14.985,122922,0
2016-08-09,14.995,15.392,14.995,15.317,104707,0
2016-08-10,15.317,15.667,15.298,15.59,147221,0
2016-08-11,15.6,15.677,15.535,15.638,122122,0
2016-08-12,15.59,15.732,15.571,15.704,92823,0
2016-08-15,15.732,15.742,15.657,15.704,37538,0
2016-08-16,15.713,15.752,15.59,15.677,88606,0
2016-08-17,15.677,15.742,15.638,15.695,88519,0
2016-08-18,15.732,15.98,15.704,15.95,144488,0
2016-08-19,15.903,15.988,15.722,15.722,84427,0
2016-08-22,15.695,15.846,15.667,15.695,91455,0
2016-08-23,15.771,15.97,15.732,15.932,112736,0
2016-08-24,15.922,15.96,15.742,15.79,75330,0
2016-08-25,15.742,15.922,15.742,15.855,173250,0
2016-08-26,15.846,16.121,15.846,15.97,108850,0
2016-08-29,15.932,15.988,15.752,15.836,58650,0
2016-08-30,15.865,15.96,15.828,15.912,110486,0
2016-08-31,15.942,16.044,15.873,15.98,88159,0
2016-09-01,16.044,16.054,15.752,16.034,78919,0
2016-09-02,16.034,16.073,15.903,15.96,78295,0
2016-09-06,15.996,16.044,15.903,15.98,57440,0
2016-09-07,16.006,16.148,15.912,16.148,70832,0
2016-09-08,16.13,16.168,15.996,16.073,95615,0
2016-09-09,16.083,16.083,15.828,15.836,54226,0
2016-09-12,15.865,16.025,15.771,15.98,55058,0
2016-09-13,15.932,15.932,15.667,15.742,32673,0
2016-09-14,15.808,16.025,15.713,15.855,51800,0
2016-09-15,15.912,15.95,15.686,15.922,55204,0
2016-09-16,15.98,16.073,15.865,16.044,156844,0
2016-09-19,16.025,16.187,15.771,15.893,112002,0
2016-09-20,15.98,16.083,15.865,15.932,53708,0
2016-09-21,15.988,16.073,15.883,15.97,34181,0
2016-09-22,15.98,16.138,15.96,16.111,92883,0
2016-09-23,16.054,16.093,15.903,16.006,48928,0
2016-09-26,15.96,16.054,15.781,15.828,48875,0
2016-09-27,15.96,16.224,15.96,16.025,119076,0
2016-09-28,15.988,16.016,15.808,15.932,42004,0
2016-09-29,15.97,16.044,15.836,15.922,56080,0
2016-09-30,15.95,16.101,15.95,16.063,291015,0
2016-10-03,16.093,16.158,15.96,16.016,50350,0
2016-10-04,16.187,16.187,15.98,16.093,57102,0
2016-10-05,16.158,16.177,16.078,16.093,47829,0
2016-10-06,16.073,16.111,15.931,16.044,31022,0
2016-10-07,15.987,16.063,15.872,16.016,32100,0
2016-10-10,15.987,16.083,15.617,16.016,46688,0
2016-10-11,15.931,16.093,15.807,15.864,29844,0
2016-10-12,15.817,16.254,15.817,15.854,57963,0
2016-10-13,15.74,15.854,15.711,15.769,32490,0
2016-10-14,15.769,15.882,15.769,15.845,45905,0
2016-10-17,15.817,15.864,15.817,15.864,24667,0
2016-10-18,15.864,15.864,15.769,15.864,44452,0
2016-10-19,15.817,16.054,15.769,16.006,57851,0
2016-10-20,16.006,16.29,15.887,16.054,95468,0
2016-10-21,15.959,16.101,15.247,16.101,33744,0
2016-10-24,16.148,16.196,15.817,15.911,62391,0
2016-10-25,16.054,16.148,15.72,15.769,43850,0
2016-10-26,15.817,15.817,15.627,15.675,49860,0
2016-10-27,15.72,15.911,15.72,15.72,27854,0
2016-10-28,15.675,15.959,15.627,15.675,31558,0
2016-10-31,15.959,16.245,15.864,16.101,215431,0
2016-11-01,16.054,16.196,15.769,15.817,92424,0
2016-11-02,15.864,15.911,15.675,15.72,58113,0
2016-11-03,15.769,15.911,15.769,15.911,52075,0
2016-11-04,15.959,16.005,15.817,15.864,164481,0
2016-11-07,16.101,16.101,15.769,15.911,90084,0
2016-11-08,15.911,16.029,15.817,15.911,49289,0
2016-11-09,15.959,16.29,15.817,16.148,133017,0
2016-11-10,16.29,16.352,15.959,16.196,222981,0
2016-11-11,16.245,16.908,16.101,16.719,212504,0
2016-11-14,16.815,17.621,16.766,16.861,146169,0
2016-11-15,16.861,17.05,16.387,16.624,96274,0
2016-11-16,16.624,16.861,16.387,16.766,82426,0
2016-11-17,16.861,17.099,16.815,16.908,100761,0
2016-11-18,17.005,17.121,16.861,17.05,91283,0
2016-11-21,17.147,17.452,17.005,17.147,89942,0
2016-11-22,17.193,17.336,17.099,17.289,118730,0
2016-11-23,17.289,17.313,17.193,17.241,68447,0
2016-11-25,17.336,17.336,17.193,17.289,49812,0
2016-11-28,17.147,17.289,17.099,17.193,56944,0
2016-11-29,17.289,17.336,17.193,17.193,85102,0
2016-11-30,17.336,17.336,16.957,17.005,97442,0
2016-12-01,17.099,17.289,17.05,17.241,130693,0
2016-12-02,17.193,17.55,16.576,17.384,149288,0
2016-12-05,17.479,17.668,17.147,17.289,104947,0
2016-12-06,17.384,17.811,17.241,17.668,101449,0
2016-12-07,17.668,17.955,17.526,17.955,95805,0
2016-12-08,17.764,18.19,17.621,18.097,188915,0
2016-12-09,18.145,18.333,18.001,18.239,98948,0
2016-12-12,18.333,18.333,17.93,18.097,68402,0
2016-12-13,18.001,18.19,17.906,18.097,75442,0
2016-12-14,18.048,18.097,17.764,17.906,50170,0
2016-12-15,17.906,18.001,17.811,17.906,126566,0
2016-12-16,17.764,18.145,17.668,17.716,189689,0
2016-12-19,17.716,17.955,17.621,17.906,89155,0
2016-12-20,17.716,18.145,17.526,18.145,164369,0
2016-12-21,18.097,18.097,17.621,17.621,73796,0
2016-12-22,17.621,17.764,17.431,17.55,76531,0
2016-12-23,17.621,17.882,17.336,17.811,93077,0
2016-12-27,17.764,17.978,17.621,17.668,100779,0
2016-12-28,17.716,18.048,17.621,17.955,124238,0
2016-12-29,17.955,18.048,17.668,17.764,83448,0
2016-12-30,17.811,17.859,17.455,17.479,150970,0
2017-01-03,17.621,18.001,17.359,17.668,94070,0
2017-01-04,17.716,17.859,17.574,17.764,59374,0
2017-01-05,17.716,17.716,17.431,17.526,63450,0
2017-01-06,17.545,17.642,17.421,17.642,65165,0
2017-01-09,17.545,17.545,17.21,17.259,69400,0
2017-01-10,17.259,17.498,17.067,17.402,43276,0
2017-01-11,17.21,17.402,17.163,17.353,61747,0
2017-01-12,17.116,17.353,16.756,17.019,71940,0
2017-01-13,17.116,17.307,16.924,17.067,44021,0
2017-01-17,17.067,17.067,16.589,16.685,81846,0
2017-01-18,16.732,16.852,16.589,16.829,52585,0
2017-01-19,16.732,16.781,16.542,16.685,54942,0
2017-01-20,16.732,16.996,16.732,16.876,70333,0
2017-01-23,16.876,16.972,16.542,16.924,97502,0
2017-01-24,16.924,17.21,16.876,17.163,51156,0
2017-01-25,17.21,17.45,17.116,17.235,87373,0
2017-01-26,17.259,17.593,17.116,17.498,94631,0
2017-01-27,17.353,17.785,17.307,17.689,129412,0
2017-01-30,17.689,17.689,17.307,17.402,98130,0
2017-01-31,17.353,17.45,17.067,17.307,141211,0
2017-02-01,17.45,17.689,17.307,17.45,76478,0
2017-02-02,17.402,17.45,17.21,17.307,66691,0
2017-02-03,17.402,17.593,17.353,17.498,38693,0
2017-02-06,17.498,17.593,17.21,17.21,60499,0
2017-02-07,17.307,17.45,17.163,17.259,65118,0
2017-02-08,17.163,17.45,16.924,16.924,89775,0
2017-02-09,16.972,17.307,16.972,17.067,84117,0
2017-02-10,17.163,17.353,17.019,17.353,61720,0
2017-02-13,17.402,17.785,17.353,17.785,93232,0
2017-02-14,17.689,17.785,17.498,17.761,84801,0
2017-02-15,17.689,18.166,17.642,18.071,84597,0
2017-02-16,18.166,18.55,17.976,18.358,146261,0
2017-02-17,18.407,18.407,18.12,18.358,97243,0
2017-02-21,18.407,18.407,18.071,18.12,77446,0
2017-02-22,18.023,18.309,17.976,18.023,104775,0
2017-02-23,18.071,18.263,17.689,18.263,155288,0
2017-02-24,18.071,18.309,17.689,17.928,87206,0
2017-02-27,17.832,18.071,17.498,17.642,72396,0
2017-02-28,17.642,17.928,17.593,17.736,93610,0
2017-03-01,18.023,18.309,18.023,18.215,165304,0
2017-03-02,18.166,18.215,17.593,17.642,42775,0
2017-03-03,17.689,17.88,17.307,17.402,107381,0
2017-03-06,17.307,17.45,16.781,17.353,86334,0
2017-03-07,17.353,17.976,17.307,17.88,108966,0
2017-03-08,18.023,18.12,17.642,17.689,86144,0
2017-03-09,17.642,17.832,17.545,17.617,43824,0
2017-03-10,17.785,17.785,17.307,17.402,55791,0
2017-03-13,17.353,17.545,17.259,17.402,45197,0
2017-03-14,17.353,17.498,17.163,17.45,45110,0
2017-03-15,17.45,17.736,17.45,17.593,63801,0
2017-03-16,17.593,17.785,17.545,17.689,47306,0
2017-03-17,17.545,17.785,17.402,17.689,138886,0
2017-03-20,17.736,17.832,17.45,17.498,49790,0
2017-03-21,17.642,17.689,16.876,16.876,83949,0
2017-03-22,16.876,17.067,16.589,16.781,88768,0
2017-03-23,16.781,17.307,16.781,17.21,69767,0
2017-03-24,17.259,17.353,16.972,17.116,55269,0
2017-03-27,17.019,17.259,16.876,17.21,31791,0
2017-03-28,17.21,17.498,17.116,17.45,82135,0
2017-03-29,17.402,17.545,17.307,17.45,41158,0
2017-03-30,17.402,17.832,17.402,17.785,62053,0
2017-03-31,17.689,17.832,17.45,17.45,145888,0
2017-04-03,17.545,17.832,17.402,17.664,76303,0
2017-04-04,17.642,17.736,17.353,17.498,50916,0
2017-04-05,17.593,17.736,16.924,16.924,87063,0
2017-04-06,16.972,17.282,16.972,17.21,68970,0
2017-04-07,17.067,17.402,17.067,17.353,42325,0
2017-04-10,17.326,17.373,17.084,17.181,43813,0
2017-04-11,17.133,17.47,17.093,17.373,30492,0
2017-04-12,17.326,17.326,16.94,16.94,41942,0
2017-04-13,16.796,17.036,16.772,16.796,67255,0
2017-04-17,16.845,17.373,16.845,17.373,44126,0
2017-04-18,17.181,17.373,17.036,17.373,46725,0
2017-04-19,17.422,17.661,17.229,17.517,86334,0
2017-04-20,17.566,17.952,17.566,17.854,83994,0
2017-04-21,17.903,18.047,17.71,18.047,80472,0
2017-04-24,18.24,18.384,18.047,18.384,89224,0
2017-04-25,18.432,18.48,18.24,18.335,108075,0
2017-04-26,18.288,18.938,18.288,18.769,167818,0
2017-04-27,18.769,18.769,18.384,18.384,55126,0
2017-04-28,18.432,18.536,18.191,18.288,90466,0
2017-05-01,18.384,18.673,18.288,18.528,52447,0
2017-05-02,18.577,18.721,18.384,18.48,89627,0
2017-05-03,18.432,19.635,18.432,19.298,182450,0
2017-05-04,19.298,19.395,18.769,18.913,87562,0
2017-05-05,18.913,18.913,18.624,18.817,89716,0
2017-05-08,18.866,19.154,18.837,19.106,166563,0
2017-05-09,19.154,19.203,18.866,18.961,107154,0
2017-05-10,18.961,19.11,18.665,18.764,77281,0
2017-05-11,18.616,18.863,18.468,18.764,70408,0
2017-05-12,18.715,18.715,18.419,18.616,44771,0
2017-05-15,18.616,18.813,18.567,18.715,50111,0
2017-05-16,18.764,18.764,18.394,18.567,52354,0
2017-05-17,18.271,18.419,18.073,18.073,163864,0
2017-05-18,18.023,18.419,18.023,18.319,98341,0
2017-05-19,18.271,18.492,18.221,18.369,94059,0
2017-05-22,18.419,18.419,18.098,18.271,55878,0
2017-05-23,18.419,18.665,18.073,18.567,83459,0
2017-05-24,18.517,18.715,18.271,18.319,51634,0
2017-05-25,18.271,18.567,18.171,18.468,65301,0
2017-05-26,18.419,18.715,18.319,18.567,69250,0
2017-05-30,18.517,18.665,18.171,18.369,55201,0
2017-05-31,18.419,18.665,18.171,18.665,88524,0
2017-06-01,18.715,18.789,18.468,18.715,73959,0
2017-06-02,18.616,19.11,18.616,18.961,103016,0
2017-06-05,18.961,19.06,18.517,18.616,63030,0
2017-06-06,18.567,18.616,18.271,18.468,45145,0
2017-06-07,18.517,18.715,18.468,18.567,45659,0
2017-06-08,18.715,19.11,18.517,18.961,82710,0
2017-06-09,19.06,19.702,19.011,19.554,110928,0
2017-06-12,19.604,19.752,18.961,19.258,69645,0
2017-06-13,19.307,19.505,19.258,19.406,46623,0
2017-06-14,19.307,19.435,19.011,19.209,55819,0
2017-06-15,19.11,19.604,19.11,19.258,43749,0
2017-06-16,19.11,19.209,18.912,19.06,120518,0
2017-06-19,19.11,19.357,18.912,19.11,53478,0
2017-06-20,19.011,19.011,18.665,18.665,42271,0
2017-06-21,18.665,18.665,18.271,18.271,81601,0
2017-06-22,18.271,18.451,18.122,18.221,62877,0
2017-06-23,18.271,18.764,18.122,18.517,224509,0
2017-06-26,18.517,18.665,18.319,18.419,57208,0
2017-06-27,18.517,18.764,18.319,18.517,79175,0
2017-06-28,18.813,18.863,18.517,18.665,82899,0
2017-06-29,18.863,18.912,18.468,18.665,77283,0
2017-06-30,18.764,18.764,18.369,18.616,72817,0
2017-07-03,18.684,19.11,18.567,19.011,25705,0
2017-07-05,18.912,18.912,18.468,18.715,91401,0
2017-07-06,18.665,18.764,18.443,18.517,45338,0
2017-07-07,18.715,18.813,18.369,18.665,62747,0
2017-07-10,18.635,18.834,18.387,18.536,53509,0
2017-07-11,18.735,18.735,18.239,18.685,74389,0
2017-07-12,18.685,19.182,18.635,18.785,79642,0
2017-07-13,18.834,18.834,18.486,18.685,50857,0
2017-07-14,18.536,18.685,18.387,18.536,67868,0
2017-07-17,18.486,18.834,18.238,18.785,67053,0
2017-07-18,18.635,18.983,18.635,18.934,67995,0
2017-07-19,18.934,18.934,18.536,18.735,52451,0
2017-07-20,18.685,19.033,18.536,18.884,55579,0
2017-07-21,19.232,19.232,18.685,18.834,98853,0
2017-07-24,18.785,19.083,18.735,18.785,78277,0
2017-07-25,18.983,19.132,18.785,18.983,63357,0
2017-07-26,18.983,19.232,18.685,18.685,51545,0
2017-07-27,18.785,19.232,18.635,18.983,71743,0
2017-07-28,18.934,19.083,18.735,18.884,57954,0
2017-07-31,19.033,19.033,18.735,18.735,43120,0
2017-08-01,18.785,19.182,18.685,19.132,81049,0
2017-08-02,19.083,19.083,18.437,18.486,112306,0
2017-08-03,18.536,18.635,17.84,18.089,203429,0
2017-08-04,18.139,18.586,17.89,18.188,147073,0
2017-08-07,18.089,18.139,17.84,17.89,99751,0
2017-08-08,17.791,18.238,17.791,17.94,75017,0
2017-08-09,17.741,18.039,17.642,17.84,134699,0
2017-08-10,17.741,17.84,17.542,17.741,98789,0
2017-08-11,17.84,18.039,17.244,17.542,131443,0
2017-08-14,17.741,17.94,17.691,17.791,72040,0
2017-08-15,17.84,17.907,17.592,17.691,44554,0
2017-08-16,17.642,17.791,17.493,17.592,57613,0
2017-08-17,17.493,17.691,17.343,17.393,117033,0
2017-08-18,17.244,17.592,17.194,17.493,77646,0
2017-08-21,17.443,17.642,17.393,17.542,32900,0
2017-08-22,17.671,17.741,17.443,17.542,45705,0
2017-08-23,17.443,17.592,17.294,17.343,55711,0
2017-08-24,17.343,17.592,17.343,17.542,44314,0
2017-08-25,17.493,17.723,17.393,17.592,32580,0
2017-08-28,17.592,17.592,17.393,17.493,29736,0
2017-08-29,17.343,17.567,17.294,17.443,66813,0
2017-08-30,17.443,17.642,17.393,17.493,27656,0
2017-08-31,17.443,17.741,17.443,17.542,55821,0
2017-09-01,17.393,17.691,17.393,17.592,68237,0
2017-09-05,17.592,17.642,17.393,17.393,53500,0
2017-09-06,17.443,17.493,17.269,17.443,73242,0
2017-09-07,17.642,17.642,17.294,17.393,133278,0
2017-09-08,17.493,17.989,17.393,17.94,63992,0
2017-09-11,17.989,18.387,17.989,18.337,66413,0
2017-09-12,18.387,18.486,18.188,18.387,47619,0
2017-09-13,18.337,18.486,18.124,18.387,60296,0
2017-09-14,18.243,18.635,18.243,18.437,66181,0
2017-09-15,18.486,18.536,18.163,18.188,232801,0
2017-09-18,18.188,18.387,17.89,18.238,46072,0
2017-09-19,18.288,18.586,17.17,18.437,80327,0
2017-09-20,18.4,18.834,18.387,18.685,66288,0
2017-09-21,18.635,18.735,18.437,18.536,65658,0
2017-09-22,18.536,18.611,18.337,18.486,68304,0
2017-09-25,18.486,18.934,18.486,18.884,82120,0
2017-09-26,18.834,19.182,18.76,19.083,82918,0
2017-09-27,19.132,19.754,19.033,19.58,95072,0
2017-09-28,19.53,19.729,19.232,19.629,84614,0
2017-09-29,19.679,19.828,19.331,19.381,64806,0
2017-10-02,19.431,19.58,19.232,19.58,59334,0
2017-10-03,19.629,19.629,19.381,19.629,100873,0
2017-10-04,19.53,19.754,19.331,19.331,74565,0
2017-10-05,19.331,19.49,19.331,19.381,65921,0
2017-10-06,19.331,19.729,19.207,19.282,81287,0
2017-10-09,19.232,19.48,19.232,19.331,50827,0
2017-10-10,19.431,19.58,19.282,19.53,55312,0
2017-10-11,19.5,19.65,19.225,19.4,41906,0
2017-10-12,19.4,19.55,19.3,19.35,31502,0
2017-10-13,19.35,19.55,19.3,19.3,39336,0
2017-10-16,19.35,19.7,19.35,19.6,54116,0
2017-10-17,19.55,19.65,19.301,19.5,55424,0
2017-10-18,19.6,19.7,19.4,19.45,47401,0
2017-10-19,19.4,19.7,19.4,19.6,43194,0
2017-10-20,19.75,19.8,19.5,19.6,60034,0
2017-10-23,19.6,19.7,19.35,19.5,30105,0
2017-10-24,19.6,19.7,19.45,19.55,70626,0
2017-10-25,19.5,19.9,19.45,19.85,146214,0
2017-10-26,19.75,19.9,19.674,19.75,111541,0
2017-10-27,19.7,19.95,19.7,19.95,98558,0
2017-10-30,19.85,20.05,19.65,19.9,116480,0
2017-10-31,19.5,19.65,19.15,19.2,198532,0
2017-11-01,19.2,19.3,18.65,18.75,85871,0
2017-11-02,18.75,19.05,18.6,19.05,43417,0
2017-11-03,19.1,19.1,18.75,18.85,60238,0
2017-11-06,18.75,19,18.6,18.7,61847,0
2017-11-07,18.75,18.75,18.2,18.2,45948,0
2017-11-08,18.1,18.35,18,18.2,55464,0
2017-11-09,18.2,18.35,18.15,18.3,76723,0
2017-11-10,18.35,18.55,18.15,18.2,24848,0
