2016-01-04,16.706,17.52,16.582,16.869,711934,0
2016-01-05,16.946,17.098,16.458,16.506,371910,0
2016-01-06,16.247,16.669,15.902,15.97,557743,0
2016-01-07,15.807,16.084,15.625,15.634,569228,0
2016-01-08,15.749,15.816,15.327,15.616,626777,0
2016-01-11,15.681,15.941,15.532,15.739,520514,0
2016-01-12,15.979,16.118,15.793,16.074,380582,0
2016-01-13,16.458,16.458,15.117,15.423,461050,0
2016-01-14,16.132,16.515,15.576,16.122,1537038,0
2016-01-15,15.472,16.343,15.472,16.094,833370,0
2016-01-19,16.257,16.486,15.634,15.892,1052472,0
2016-01-20,15.69,15.97,15.472,15.834,5243996,0
2016-01-21,15.834,15.852,15.164,15.28,1203876,0
2016-01-22,15.527,16.049,15.443,16.035,721598,0
2016-01-25,16.006,16.917,15.872,16.562,490787,0
2016-01-26,17.041,17.645,16.955,17.243,960544,0
2016-01-27,17.262,17.262,16.324,16.831,567141,0
2016-01-28,17.004,17.281,16.793,17.071,465759,0
2016-01-29,17.157,17.607,16.994,17.147,722766,0
2016-02-01,16.889,17.243,16.543,17.051,766283,0
2016-02-02,16.936,16.936,15.97,16.361,608085,0
2016-02-03,16.439,16.543,15.472,15.931,478414,0
2016-02-04,16.257,16.419,15.798,16.295,366158,0
2016-02-05,16.496,16.496,15.69,15.872,521806,0
2016-02-08,15.719,15.988,15.097,15.798,898545,0
2016-02-09,15.517,16.399,15.452,15.778,764212,0
2016-02-10,15.719,15.852,15.001,15.087,1336117,0
2016-02-11,15.759,15.759,13.604,14.312,1837732,0
2016-02-12,14.081,14.494,13.665,14.033,1059687,0
2016-02-16,14.377,14.983,14.284,14.714,702926,0
2016-02-17,14.772,15.117,14.54,14.82,723525,0
2016-02-18,14.848,14.937,14.54,14.599,648315,0
2016-02-19,14.55,14.876,14.367,14.704,385987,0
2016-02-22,14.886,15.941,14.791,15.661,985357,0
2016-02-23,15.69,16.054,15.586,15.739,407855,0
2016-02-24,15.489,15.671,15.192,15.643,533287,0
2016-02-25,15.643,16.476,15.643,15.931,420689,0
2016-02-26,15.988,16.351,15.892,16.114,463774,0
2016-02-29,16.094,16.429,15.926,16.015,390092,0
2016-03-01,16.114,16.37,15.979,16.142,559199,0
2016-03-02,16.142,16.592,16.064,16.582,883683,0
2016-03-03,16.572,17.214,16.506,16.946,579657,0
2016-03-04,16.964,17.518,16.755,16.85,507251,0
2016-03-07,16.745,17.29,16.716,17.272,297170,0
2016-03-08,17.157,17.931,17.156,17.243,422558,0
2016-03-09,17.31,18.001,17.013,17.098,683826,0
2016-03-10,17.108,17.214,16.669,16.745,373789,0
2016-03-11,16.86,17.237,16.802,17.12,373741,0
2016-03-14,17.101,17.411,17.063,17.294,233759,0
2016-03-15,17.284,17.284,16.86,17.14,369447,0
2016-03-16,17.034,17.391,16.88,17.237,409908,0
2016-03-17,17.227,18.259,17.227,18.075,659953,0
2016-03-18,18.221,18.221,17.13,17.362,803981,0
2016-03-21,17.276,17.487,17.073,17.217,344711,0
2016-03-22,17.217,17.237,16.928,16.996,361755,0
2016-03-23,17.015,17.17,16.601,16.735,651677,0
2016-03-24,16.706,16.842,16.34,16.513,441173,0
2016-03-28,16.591,17.352,16.591,17.256,541325,0
2016-03-29,17.545,17.99,17.371,17.69,776431,0
2016-03-30,17.7,17.996,16.947,17.16,543679,0
2016-03-31,17.188,17.343,16.726,17.034,557183,0
2016-04-01,16.918,17.073,16.571,16.696,1076380,0
2016-04-04,17.083,18.192,15.336,15.974,3346580,0
2016-04-05,15.781,16.484,15.434,16.176,1064727,0
2016-04-06,16.223,16.253,15.482,15.866,578855,0
2016-04-07,15.819,15.87,15.309,15.434,467572,0
2016-04-08,15.424,15.692,15.163,15.636,527970,0
2016-04-11,15.655,15.781,15.024,15.105,745950,0
2016-04-12,15.182,15.627,14.999,15.588,507496,0
2016-04-13,15.682,15.771,15.49,15.702,417615,0
2016-04-14,15.636,15.712,15.538,15.636,329175,0
2016-04-15,15.673,15.781,15.548,15.762,324911,0
2016-04-18,15.568,15.993,15.568,15.856,344736,0
2016-04-19,15.856,16.169,15.598,15.781,299204,0
2016-04-20,15.762,16.348,15.673,16.193,448102,0
2016-04-21,16.193,16.302,15.856,15.964,382151,0
2016-04-22,15.964,16.292,15.732,16.253,264484,0
2016-04-25,16.292,16.311,15.984,16.157,187739,0
2016-04-26,16.223,16.466,16.069,16.466,307442,0
2016-04-27,16.504,16.658,16.242,16.273,352339,0
2016-04-28,16.253,17.17,16.089,16.456,624302,0
2016-04-29,16.283,16.629,15.984,16.049,500740,0
2016-05-02,16.049,17.13,16.049,16.986,678052,0
2016-05-03,16.773,17.083,16.253,16.292,467728,0
2016-05-04,16.331,16.638,15.964,16.069,328086,0
2016-05-05,16.233,16.397,16.084,16.203,348307,0
2016-05-06,16.203,16.629,15.988,16.522,436790,0
2016-05-09,16.513,16.591,16.203,16.456,364975,0
2016-05-10,17.362,17.603,16.331,16.812,1004746,0
2016-05-11,17.015,18.154,17.015,17.44,838022,0
2016-05-12,17.459,17.661,16.783,17.16,629504,0
2016-05-13,17.16,17.748,17.16,17.294,281193,0
2016-05-16,17.381,17.466,17.043,17.276,299827,0
2016-05-17,16.417,16.832,16.04,16.466,2355646,0
2016-05-18,16.283,16.75,16.283,16.561,588258,0
2016-05-19,16.466,16.947,16.297,16.358,543890,0
2016-05-20,16.446,16.551,16.184,16.427,500720,0
2016-05-23,16.446,16.522,16.011,16.049,474771,0
2016-05-24,16.147,16.601,16.147,16.513,472109,0
2016-05-25,16.484,16.755,16.456,16.687,259123,0
2016-05-26,16.793,17.237,16.793,16.812,470720,0
2016-05-27,16.764,16.957,16.532,16.89,267261,0
2016-05-31,16.88,17.15,16.851,16.947,314288,0
2016-06-01,16.851,17.14,16.783,17.093,215291,0
2016-06-02,16.966,17.227,16.89,17.16,212958,0
2016-06-03,17.15,17.217,16.966,17.053,161711,0
2016-06-06,17.053,17.294,16.996,17.17,370898,0
2016-06-07,17.17,17.632,16.976,17.323,404420,0
2016-06-08,17.401,17.516,17.256,17.401,301928,0
2016-06-09,17.256,17.411,17.14,17.276,259499,0
2016-06-10,17.083,17.266,16.88,16.966,267118,0
2016-06-13,16.859,17.102,16.772,16.937,291479,0
2016-06-14,16.937,17.365,16.869,17.094,592605,0
2016-06-15,17.034,17.374,16.996,17.296,318589,0
2016-06-16,17.753,18.442,17.714,18.015,892082,0
2016-06-17,18.083,18.307,17.802,18.025,538088,0
2016-06-20,18.025,19.152,17.957,18.337,783033,0
2016-06-21,18.442,18.647,18.055,18.122,347861,0
2016-06-22,18.181,18.472,17.947,17.977,431920,0
2016-06-23,18.191,18.541,18.083,18.521,306604,0
2016-06-24,17.569,17.952,17.491,17.656,1076199,0
2016-06-27,17.404,17.588,17.171,17.229,360809,0
2016-06-28,17.336,17.443,16.996,17.239,576787,0
2016-06-29,17.452,17.627,17.2,17.549,392755,0
2016-06-30,17.675,18.307,17.579,17.88,501462,0
2016-07-01,17.947,18.181,17.452,17.598,311284,0
2016-07-05,17.51,17.617,17.286,17.443,357313,0
2016-07-06,17.549,18.551,17.501,18.366,1003728,0
2016-07-07,18.337,18.832,18.267,18.627,446421,0
2016-07-08,18.792,19.229,18.715,18.947,352210,0
2016-07-11,19.083,20.035,18.987,19.87,991920,0
2016-07-12,20.201,20.579,19.492,19.511,595363,0
2016-07-13,19.54,19.754,19.399,19.501,625431,0
2016-07-14,19.666,19.764,19.424,19.424,229381,0
2016-07-15,19.589,19.598,19.288,19.482,270065,0
2016-07-18,19.472,19.803,19.239,19.589,486694,0
2016-07-19,19.424,19.53,18.802,19.112,490614,0
2016-07-20,19.21,19.501,19.036,19.492,353053,0
2016-07-21,19.472,19.724,19.424,19.521,285648,0
2016-07-22,19.501,19.563,19.083,19.288,421710,0
2016-07-25,19.288,19.569,19.229,19.297,298466,0
2016-07-26,19.346,19.482,19.152,19.239,263071,0
2016-07-27,19.152,19.278,18.812,19.171,521286,0
2016-07-28,19.016,19.793,18.559,19.181,741804,0
2016-07-29,19.103,19.356,19.016,19.181,466559,0
2016-08-01,19.181,19.191,18.742,18.841,450311,0
2016-08-02,18.861,18.918,18.559,18.647,381935,0
2016-08-03,18.511,18.997,18.327,18.987,390512,0
2016-08-04,18.918,19.122,18.823,19.083,241270,0
2016-08-05,19.103,19.307,19.045,19.288,233583,0
2016-08-08,19.239,19.648,19.191,19.414,344805,0
2016-08-09,19.414,19.823,19.307,19.744,495921,0
2016-08-10,19.783,19.973,19.569,19.783,382005,0
2016-08-11,19.841,20.389,19.841,20.298,652783,0
2016-08-12,20.249,20.328,19.86,20.094,598855,0
2016-08-15,20.035,20.676,19.998,20.414,623612,0
2016-08-16,20.375,20.394,20.113,20.229,285610,0
2016-08-17,20.239,20.385,19.87,20.365,268478,0
2016-08-18,20.609,20.774,20.104,20.269,514007,0
2016-08-19,20.249,20.424,20.203,20.328,327094,0
2016-08-22,20.336,20.496,20.049,20.424,285152,0
2016-08-23,20.444,20.784,20.444,20.638,222043,0
2016-08-24,20.521,20.666,20.473,20.54,222359,0
2016-08-25,20.453,20.666,20.453,20.619,194031,0
2016-08-26,20.609,20.851,20.336,20.434,203005,0
2016-08-29,20.404,20.511,20.239,20.356,231636,0
2016-08-30,20.298,20.444,20.219,20.414,179332,0
2016-08-31,20.404,20.473,20.035,20.172,308410,0
2016-09-01,20.209,20.483,20.123,20.318,284818,0
2016-09-02,20.414,20.609,20.385,20.579,262055,0
2016-09-06,20.745,20.93,20.249,20.356,938897,0
2016-09-07,20.346,20.725,20.269,20.569,1057406,0
2016-09-08,20.463,20.493,19.939,20.153,584943,0
2016-09-09,20.084,20.104,19.54,19.55,549733,0
2016-09-12,19.433,19.608,19.268,19.443,538639,0
2016-09-13,19.199,19.345,18.979,19.003,338024,0
2016-09-14,19.082,19.238,18.915,18.954,513784,0
2016-09-15,18.974,19.14,18.857,19.033,238737,0
2016-09-16,19.023,19.13,18.681,18.877,387666,0
2016-09-19,18.924,19.082,18.758,18.944,207086,0
2016-09-20,18.954,19.023,18.813,18.915,305091,0
2016-09-21,19.053,19.775,19.033,19.766,387685,0
2016-09-22,19.902,20.204,19.843,20.068,348590,0
2016-09-23,19.961,20.196,19.961,20.108,340670,0
2016-09-26,19.834,20.303,19.726,20.098,496571,0
2016-09-27,20.088,20.381,19.971,20.204,486687,0
2016-09-28,20.254,20.576,20.196,20.557,350920,0
2016-09-29,20.489,20.645,20.088,20.371,310178,0
2016-09-30,20.518,20.919,20.43,20.811,460187,0
2016-10-03,20.782,20.806,20.313,20.567,536922,0
2016-10-04,20.567,20.645,20.318,20.381,286646,0
2016-10-05,20.459,20.567,20.176,20.303,359333,0
2016-10-06,20.313,20.537,20.152,20.323,320153,0
2016-10-07,20.303,20.303,19.746,19.873,224358,0
2016-10-10,20,20.357,19.981,20,142028,0
2016-10-11,19.932,19.991,19.521,19.57,204209,0
2016-10-12,19.57,19.677,19.433,19.433,178937,0
2016-10-13,19.257,19.785,19.023,19.501,291352,0
2016-10-14,19.716,19.853,19.287,19.482,367868,0
2016-10-17,19.492,19.746,19.39,19.521,226511,0
2016-10-18,19.687,19.716,19.345,19.365,279893,0
2016-10-19,19.424,19.531,19.219,19.335,287154,0
2016-10-20,19.229,19.472,19.179,19.277,396706,0
2016-10-21,19.053,19.501,19.053,19.296,1020473,0
2016-10-24,19.414,19.853,19.404,19.531,538023,0
2016-10-25,19.501,19.531,18.974,19.013,358923,0
2016-10-26,18.944,19.16,18.662,18.691,471355,0
2016-10-27,17.235,18.808,16.991,18.731,1704050,0
2016-10-28,17.85,18.104,17.655,17.655,990749,0
2016-10-31,17.587,17.645,17.214,17.275,1182860,0
2016-11-01,17.333,17.684,17.011,17.293,940346,0
2016-11-02,17.303,17.323,16.878,16.961,434714,0
2016-11-03,17.039,17.308,17.02,17.079,633930,0
2016-11-04,17.069,17.333,17.069,17.118,379108,0
2016-11-07,17.46,17.479,17.308,17.401,344192,0
2016-11-08,17.401,17.401,16.61,16.62,923161,0
2016-11-09,16.473,17.508,16.384,17.343,550274,0
2016-11-10,17.587,17.674,17.039,17.167,360225,0
2016-11-11,17.215,17.753,17.186,17.684,363759,0
2016-11-14,17.889,17.988,17.602,17.684,397602,0
2016-11-15,17.616,17.743,17.249,17.401,284077,0
2016-11-16,17.401,17.782,17.401,17.665,291656,0
2016-11-17,17.684,18.183,17.684,18.104,313715,0
2016-11-18,18.114,18.3,17.993,18.173,255751,0
2016-11-21,18.134,18.202,17.84,17.958,226038,0
2016-11-22,18.046,18.075,17.694,17.822,245367,0
2016-11-23,17.733,18.251,17.733,18.231,225386,0
2016-11-25,18.31,18.393,18.192,18.359,118439,0
2016-11-28,18.231,18.486,18.212,18.27,207793,0
2016-11-29,18.29,18.505,18.29,18.476,280054,0
2016-11-30,18.555,18.652,18.339,18.349,634563,0
2016-12-01,18.407,18.564,17.968,18.026,394196,0
2016-12-02,18.075,18.181,17.728,17.772,201137,0
2016-12-05,17.87,18.515,17.812,18.486,354354,0
2016-12-06,18.486,18.587,18.183,18.515,207458,0
2016-12-07,18.466,19.033,18.466,18.984,219571,0
2016-12-08,19.287,19.521,19.043,19.492,295265,0
2016-12-09,19.541,19.82,19.443,19.805,231009,0
2016-12-12,19.746,19.746,19.306,19.472,358625,0
2016-12-13,18.381,18.824,18.194,18.657,2585238,0
2016-12-14,18.48,18.754,18.136,18.243,1014443,0
2016-12-15,18.233,18.445,18.037,18.224,708487,0
2016-12-16,18.313,18.657,18.156,18.224,827350,0
2016-12-19,18.204,18.706,18.185,18.607,300469,0
2016-12-20,18.627,18.744,18.41,18.607,246525,0
2016-12-21,18.549,18.744,18.445,18.549,634116,0
2016-12-22,18.529,18.686,18.243,18.293,410769,0
2016-12-23,18.243,18.42,18.126,18.283,390719,0
2016-12-27,18.243,18.5,18.243,18.293,166099,0
2016-12-28,18.273,18.44,18.047,18.106,254284,0
2016-12-29,18.086,18.342,18.017,18.233,344094,0
2016-12-30,18.303,18.303,18.008,18.086,324029,0
2017-01-03,18.253,18.253,17.693,17.929,616498,0
2017-01-04,17.939,18.676,17.939,18.597,628629,0
2017-01-05,18.48,18.539,18.156,18.313,623989,0
2017-01-06,18.352,18.44,18.146,18.146,339609,0
2017-01-09,18.185,18.45,18.052,18.44,424690,0
2017-01-10,18.627,18.726,18.44,18.657,1082792,0
2017-01-11,18.744,18.744,18.49,18.667,332152,0
2017-01-12,18.794,18.834,18.391,18.814,531454,0
2017-01-13,18.912,19.217,18.706,19.148,877278,0
2017-01-17,18.951,19.128,18.843,18.961,803574,0
2017-01-18,18.961,19.305,18.764,19.256,581323,0
2017-01-19,19.168,19.325,19.001,19.08,829740,0
2017-01-20,19.06,19.148,18.961,19.099,358124,0
2017-01-23,19.089,19.133,18.804,18.961,364233,0
2017-01-24,19.001,19.295,18.912,19.197,238389,0
2017-01-25,19.305,19.384,19.217,19.354,529236,0
2017-01-26,19.295,19.424,19.108,19.295,304298,0
2017-01-27,19.334,19.334,19.06,19.168,322934,0
2017-01-30,19.08,19.247,18.991,19.237,225703,0
2017-01-31,19.168,19.384,19.153,19.247,549328,0
2017-02-01,19.404,19.615,19.192,19.276,784969,0
2017-02-02,19.227,19.237,18.931,19.128,593936,0
2017-02-03,19.217,19.571,19.187,19.364,409195,0
2017-02-06,19.344,19.511,19.177,19.325,460707,0
2017-02-07,19.414,19.472,19.197,19.237,403042,0
2017-02-08,19.217,19.217,18.794,18.951,1164173,0
2017-02-09,19.668,21.075,19.384,20.603,2220257,0
2017-02-10,20.652,21.733,20.564,21.596,1715005,0
2017-02-13,21.683,22.314,21.683,22.274,896334,0
2017-02-14,22.214,22.746,22.028,22.117,1297757,0
2017-02-15,22.067,22.357,21.905,22.234,812512,0
2017-02-16,22.274,22.274,21.621,21.733,623801,0
2017-02-17,21.733,21.763,21.449,21.763,358562,0
2017-02-21,21.783,22.047,21.723,21.88,749339,0
2017-02-22,21.86,21.92,21.252,21.272,353760,0
2017-02-23,21.369,21.445,20.908,20.995,424130,0
2017-02-24,20.819,21.134,20.682,21.085,465667,0
2017-02-27,21.065,21.222,20.976,21.095,370371,0
2017-02-28,21.015,21.085,20.603,20.623,353340,0
2017-03-01,20.908,20.995,20.504,20.514,336811,0
2017-03-02,20.593,20.593,20.097,20.17,371821,0
2017-03-03,20.151,20.642,20.082,20.613,745919,0
2017-03-06,20.504,20.681,20.318,20.554,425753,0
2017-03-07,20.593,20.731,20.102,20.209,364461,0
2017-03-08,20.288,20.485,20.151,20.161,538152,0
2017-03-09,20.151,20.161,19.827,19.954,269265,0
2017-03-10,20.151,20.362,19.915,19.915,296793,0
2017-03-13,19.984,20.172,19.984,20.043,188906,0
2017-03-14,20.014,20.122,19.865,20.033,275161,0
2017-03-15,20.142,20.34,20.043,20.3,308168,0
2017-03-16,20.35,20.646,20.35,20.568,441608,0
2017-03-17,20.577,20.909,20.449,20.854,804565,0
2017-03-20,20.814,21.002,20.676,21.002,486972,0
2017-03-21,21.092,21.22,20.778,20.864,631375,0
2017-03-22,20.794,20.934,20.607,20.844,697106,0
2017-03-23,20.854,21.596,20.854,21.496,599699,0
2017-03-24,21.506,22.05,21.458,21.704,588990,0
2017-03-27,21.724,22.165,21.378,21.922,605901,0
2017-03-28,21.932,22.466,21.804,22.248,1280345,0
2017-03-29,22.179,22.318,21.882,22.179,693750,0
2017-03-30,22.199,22.258,21.862,22.218,417868,0
2017-03-31,22.238,22.367,21.852,21.972,701043,0
2017-04-03,22.14,22.314,20.32,21.606,2096439,0
2017-04-04,21.516,21.862,21.318,21.764,1354234,0
2017-04-05,21.872,22.174,21.754,21.774,875698,0
2017-04-06,21.814,22.15,21.636,22.09,388702,0
2017-04-07,22.031,22.288,21.784,21.862,285842,0
2017-04-10,21.843,21.942,21.516,21.744,196601,0
2017-04-11,21.684,21.872,21.551,21.586,458855,0
2017-04-12,21.546,21.628,21.318,21.388,266624,0
2017-04-13,21.368,21.536,21.14,21.14,204191,0
2017-04-17,21.24,21.516,21.21,21.506,3634583,0
2017-04-18,21.062,21.112,20.528,20.636,1361963,0
2017-04-19,20.775,20.914,20.636,20.894,617869,0
2017-04-20,20.982,21.102,20.746,21.032,602313,0
2017-04-21,21.022,21.042,20.824,20.834,386593,0
2017-04-24,21.112,21.229,20.711,20.963,428084,0
2017-04-25,21.112,21.18,20.894,21.032,400072,0
2017-04-26,21.022,21.566,21.012,21.308,564908,0
2017-04-27,21.368,21.381,21.082,21.29,217556,0
2017-04-28,21.3,21.3,20.824,21.19,446957,0
2017-05-01,21.328,21.358,21.092,21.16,233235,0
2017-05-02,21.17,21.21,20.943,21.042,218381,0
2017-05-03,20.943,20.982,20.37,20.558,601961,0
2017-05-04,20.221,20.251,19.529,19.569,1186333,0
2017-05-05,19.657,20.093,19.529,20.023,649968,0
2017-05-08,20.033,20.033,19.697,19.806,502275,0
2017-05-09,19.826,19.954,19.628,19.935,532806,0
2017-05-10,19.875,20.043,19.776,20.023,293015,0
2017-05-11,19.984,19.984,19.697,19.905,256601,0
2017-05-12,19.836,19.895,19.628,19.717,260899,0
2017-05-15,19.747,19.757,19.371,19.421,693687,0
2017-05-16,19.489,19.489,19.133,19.282,570843,0
2017-05-17,19.045,19.113,18.945,18.965,450877,0
2017-05-18,18.945,19.479,18.907,19.301,572457,0
2017-05-19,19.331,19.717,19.213,19.44,440489,0
2017-05-22,19.479,19.628,19.371,19.579,290283,0
2017-05-23,19.618,19.697,19.47,19.539,289973,0
2017-05-24,19.559,19.717,19.46,19.529,167744,0
2017-05-25,19.618,19.737,19.549,19.687,272261,0
2017-05-26,19.657,19.786,19.608,19.687,189803,0
2017-05-30,19.677,19.855,19.648,19.806,370831,0
2017-05-31,19.845,20.221,19.717,20.182,364099,0
2017-06-01,20.211,20.834,20.172,20.676,589508,0
2017-06-02,20.696,20.765,20.411,20.468,322173,0
2017-06-05,20.449,20.587,20.29,20.36,270055,0
2017-06-06,20.251,20.32,20.033,20.221,169366,0
2017-06-07,20.231,20.37,20.142,20.202,176753,0
2017-06-08,20.192,20.538,20.149,20.33,221005,0
2017-06-09,20.468,20.558,20.063,20.172,349400,0
2017-06-12,20.162,20.568,20.073,20.538,314497,0
2017-06-13,20.577,20.916,20.577,20.806,665655,0
2017-06-14,20.826,20.876,20.572,20.597,213750,0
2017-06-15,20.418,20.766,20.418,20.737,177146,0
2017-06-16,20.597,20.796,20.478,20.796,513077,0
2017-06-19,20.796,20.796,20.463,20.587,292413,0
2017-06-20,20.558,20.568,19.981,20.04,301817,0
2017-06-21,20.07,20.339,20.015,20.269,296878,0
2017-06-22,20.239,20.359,20.061,20.1,220047,0
2017-06-23,20.1,20.339,20.02,20.299,369574,0
2017-06-26,20.349,20.627,20.269,20.528,205299,0
2017-06-27,20.528,20.607,20.239,20.269,285837,0
2017-06-28,20.369,20.667,20.229,20.577,215862,0
2017-06-29,20.597,20.627,20.269,20.428,214412,0
2017-06-30,20.359,20.935,20.249,20.259,508663,0
2017-07-03,20.309,20.349,19.981,20.219,185643,0
2017-07-05,20.2,20.478,20.1,20.379,252104,0
2017-07-06,20.249,20.478,20.1,20.398,583486,0
2017-07-07,20.418,20.667,20.339,20.448,354712,0
2017-07-10,20.438,20.702,20.329,20.478,305258,0
2017-07-11,20.458,20.587,20.369,20.418,336431,0
2017-07-12,20.518,20.623,20.369,20.488,317515,0
2017-07-13,20.438,20.577,20.349,20.568,327604,0
2017-07-14,20.538,20.856,20.528,20.776,321419,0
2017-07-17,20.786,20.796,20.418,20.568,308554,0
2017-07-18,20.488,20.717,20.398,20.697,294749,0
2017-07-19,20.717,21.453,20.697,21.174,784117,0
2017-07-20,21.065,21.363,21.005,21.174,340332,0
2017-07-21,21.294,21.313,20.965,21.095,540888,0
2017-07-24,21.244,22.039,21.124,21.652,1173403,0
2017-07-25,21.652,22.049,21.443,21.622,648062,0
2017-07-26,21.612,21.826,21.492,21.562,537627,0
2017-07-27,22.228,22.338,21.016,21.771,1291641,0
2017-07-28,20.687,21.294,20.677,21.264,3919628,0
2017-07-31,21.353,21.433,20.836,21.045,923948,0
2017-08-01,21.105,21.239,20.955,21.174,729558,0
2017-08-02,21.134,21.134,20.747,20.935,842739,0
2017-08-03,20.985,21.154,20.935,21.115,525921,0
2017-08-04,21.115,21.224,20.707,20.876,404937,0
2017-08-07,20.896,21.045,20.628,20.896,315737,0
2017-08-08,20.955,21.115,20.687,20.786,441701,0
2017-08-09,20.577,20.782,20.448,20.727,340681,0
2017-08-10,20.766,21.383,20.737,21.174,758393,0
2017-08-11,20.677,21.234,20.577,20.945,508413,0
2017-08-14,21.065,21.383,20.906,20.926,674873,0
2017-08-15,20.985,21.105,20.826,21.015,475066,0
2017-08-16,21.105,21.443,21.095,21.433,448253,0
2017-08-17,21.353,21.492,20.965,20.985,350911,0
2017-08-18,20.866,21.115,20.617,20.786,249770,0
2017-08-21,20.796,20.796,20.528,20.677,268655,0
2017-08-22,20.727,20.906,20.627,20.866,342980,0
2017-08-23,20.776,20.906,20.627,20.637,160556,0
2017-08-24,20.697,21.025,20.659,20.846,319863,0
2017-08-25,20.965,20.965,20.51,20.776,386588,0
2017-08-28,20.816,21.433,20.786,21.373,534694,0
2017-08-29,21.224,21.353,21.115,21.154,389987,0
2017-08-30,21.164,21.552,21.164,21.483,305305,0
2017-08-31,21.463,21.716,21.463,21.681,351772,0
2017-09-01,21.681,22.109,21.622,22.03,579729,0
2017-09-05,22,22.358,21.751,21.821,567600,0
2017-09-06,21.87,22.02,21.781,21.98,455186,0
2017-09-07,22,22.197,21.87,21.91,336027,0
2017-09-08,21.85,21.85,21.443,21.492,295303,0
2017-09-11,21.612,21.701,21.373,21.443,289886,0
2017-09-12,21.483,21.821,21.413,21.761,287158,0
2017-09-13,21.751,22.149,21.652,21.94,765919,0
2017-09-14,21.94,22.075,21.69,22.06,271421,0
2017-09-15,22.09,22.44,21.96,22.44,752848,0
2017-09-18,22.49,22.915,22.38,22.83,727045,0
2017-09-19,22.84,22.84,22.39,22.52,336833,0
2017-09-20,22.6,22.86,22.43,22.52,276369,0
2017-09-21,22.49,22.81,22.45,22.5,194177,0
2017-09-22,22.5,22.75,22.45,22.6,192274,0
2017-09-25,22.59,22.73,22.5,22.54,255122,0
2017-09-26,22.5,22.82,22.42,22.65,357073,0
2017-09-27,22.69,23.215,22.59,23.06,456213,0
2017-09-28,22.98,23.1,22.8,23.06,327462,0
2017-09-29,23.07,23.57,23,23.55,547014,0
2017-10-02,23.74,23.87,23.59,23.72,739302,0
2017-10-03,23.74,23.765,23.49,23.63,522470,0
2017-10-04,23.54,23.88,23.53,23.64,366838,0
2017-10-05,23.65,23.68,23.33,23.42,428009,0
2017-10-06,23.43,23.63,23.39,23.51,311993,0
2017-10-09,23.42,23.64,23.345,23.46,341143,0
2017-10-10,23.49,23.65,23.29,23.29,324899,0
2017-10-11,23.23,23.34,22.99,23.09,352472,0
2017-10-12,22.99,23,22.29,22.3,1501728,0
2017-10-13,22.33,22.65,22.24,22.54,508381,0
2017-10-16,22.68,22.75,22.49,22.59,190801,0
2017-10-17,22.6,22.71,22.48,22.54,326232,0
2017-10-18,22.69,22.86,22.46,22.54,286454,0
2017-10-19,22.34,22.63,22.3,22.62,189236,0
2017-10-20,22.76,22.89,22.57,22.62,206664,0
2017-10-23,22.64,22.81,22.455,22.48,467553,0
2017-10-24,22.47,22.54,21.89,22.06,473927,0
2017-10-25,22.01,22.05,21.22,21.55,1104446,0
2017-10-26,22.25,24.48,21.89,24.4,2273548,0
2017-10-27,24.72,26.255,24.6,26.09,1941162,0
2017-10-30,25.16,25.79,24.85,25.31,1017445,0
2017-10-31,25.5,26.73,25.485,26.53,1069544,0
2017-11-01,26.75,26.869,26.27,26.5,956376,0
2017-11-02,26.42,26.545,25.92,26.26,813110,0
2017-11-03,26.22,26.7,26.14,26.38,768146,0
2017-11-06,26.29,26.77,26,26.74,625497,0
2017-11-07,26.73,27.29,26.73,27.11,876162,0
2017-11-08,27.15,27.41,26.96,27.26,628107,0
2017-11-09,27.09,27.46,26.91,27.1,627491,0
2017-11-10,27.14,27.62,27.1,27.3,510211,0
