2016-01-04,64.675,66.84,62.367,66.352,3807867,0
2016-01-05,66.807,70.086,65.271,67.606,3986696,0
2016-01-06,65.348,66.459,63.062,64.105,3037492,0
2016-01-07,61.691,61.761,57.698,58.073,5143023,0
2016-01-08,59.347,60.871,55.527,55.71,5352900,0
2016-01-11,56.936,57.881,54.04,54.794,4780435,0
2016-01-12,56.395,56.558,52.999,53.664,3697311,0
2016-01-13,54.185,54.889,49.819,50.627,4902045,0
2016-01-14,50.905,51.127,48.193,49.689,4358715,0
2016-01-15,51.29,57.047,50.219,56.318,9718936,0
2016-01-19,57.746,58.971,55.296,57.052,6064713,0
2016-01-20,55.487,55.671,50.674,54.35,5641454,0
2016-01-21,54.436,55.449,52.42,54.688,3607448,0
2016-01-22,56.926,58.654,55.923,57.091,3079284,0
2016-01-25,58.836,61.509,58.056,58.855,4964667,0
2016-01-26,59.473,61.499,57.563,61.181,3019281,0
2016-01-27,60.485,62.715,59.096,60.042,2636592,0
2016-01-28,62.397,64.076,60.1,60.931,3332803,0
2016-01-29,61.469,64.992,61.316,64.973,2762857,0
2016-02-01,64.172,65.3,61.316,64.741,3533103,0
2016-02-02,63.235,63.631,59.106,59.82,5015685,0
2016-02-03,60.274,61.662,57.438,60.948,3833603,0
2016-02-04,60.293,63.197,59.154,61.538,3339590,0
2016-02-05,61.084,62.079,59.337,59.734,2202658,0
2016-02-08,58.933,59.297,55.044,56.732,3446667,0
2016-02-09,55.449,58.624,54.591,56.395,2286024,0
2016-02-10,56.936,58.083,55.585,56.097,2461209,0
2016-02-11,56.404,59.492,54.523,57.593,4712658,0
2016-02-12,60.544,66.845,60.11,66.709,10054702,0
2016-02-16,68.35,73.329,67.395,72.025,9090930,0
2016-02-17,72.662,75.518,71.07,73.532,6429594,0
2016-02-18,72.991,76.946,70.963,75.693,5807111,0
2016-02-19,74.157,75.44,73.459,74.944,3851917,0
2016-02-22,76.886,78.965,76.343,77.225,4478397,0
2016-02-23,77.4,78.431,75.963,77.344,2702827,0
2016-02-24,76.168,77.711,73.381,77.363,4655431,0
2016-02-25,76.635,78.46,75.546,78.294,2433511,0
2016-02-26,79.031,81.178,78.828,79.789,2718737,0
2016-02-29,79.789,80.712,79.246,80.091,2202181,0
2016-03-01,82.004,83.741,81.732,82.063,5395115,0
2016-03-02,82.617,82.892,80.887,82.537,5189263,0
2016-03-03,81.712,86.295,81.16,85.79,5280606,0
2016-03-04,85.81,85.819,81.878,82.965,5707036,0
2016-03-07,81.081,83.316,79.703,81.557,4876358,0
2016-03-08,80.79,81.421,77.799,77.945,3313359,0
2016-03-09,79.06,80.051,77.458,79.197,2177632,0
2016-03-10,80.343,82.315,78.946,81.625,3362609,0
2016-03-11,81.12,84.684,80.79,83.567,3669134,0
2016-03-14,83.664,84.645,82.207,82.751,2632119,0
2016-03-15,83.577,83.985,79.572,80.838,3503605,0
2016-03-16,80.489,84.092,80.304,83.801,2451010,0
2016-03-17,84.189,86.693,84.092,86.228,3355112,0
2016-03-18,89.024,93.765,88.713,91.296,7243467,0
2016-03-21,90.384,90.598,87.452,90.054,2815143,0
2016-03-22,91.598,93.801,90.966,92.248,4122698,0
2016-03-23,92.005,92.025,88.849,89.103,2318824,0
2016-03-24,87.879,90.966,86.957,90.762,3397939,0
2016-03-28,90.82,91.17,87.014,90.141,3035929,0
2016-03-29,91.976,92.665,89.481,91.414,3172223,0
2016-03-30,92.88,93.209,89.083,91.267,2975280,0
2016-03-31,91.354,91.88,89.345,90.724,2714770,0
2016-04-01,89.178,92.491,87.723,91.995,4253017,0
2016-04-04,91.821,93.433,90.47,90.694,2539455,0
2016-04-05,88.967,90.598,87.782,88.287,3638565,0
2016-04-06,89.044,89.16,83.237,86.957,7341336,0
2016-04-07,92.287,97.92,92.025,97.095,12061766,0
2016-04-08,97.703,99.467,94.578,95.919,5862931,0
2016-04-11,96.744,98.522,95.452,95.462,3469040,0
2016-04-12,94.929,95.376,92.754,94.374,3162574,0
2016-04-13,93.579,95.35,92.957,94.849,2707238,0
2016-04-14,98.078,98.236,93.801,94.84,3647020,0
2016-04-15,94.598,95.802,94.006,94.84,1688646,0
2016-04-18,94.278,94.56,93.122,93.685,2351471,0
2016-04-19,93.908,97.489,93.908,97.095,3156489,0
2016-04-20,96.395,98.058,95.646,96.511,2033924,0
2016-04-21,93.986,94.365,91.627,93.015,4903716,0
2016-04-22,92.763,93.967,91.646,93.219,2269164,0
2016-04-25,93.054,93.054,87.335,88.307,4714037,0
2016-04-26,88.307,89.607,86.674,87.024,3648125,0
2016-04-27,86.801,88.451,86.305,86.587,2318792,0
2016-04-28,85.8,89.694,85.733,86.636,2701211,0
2016-04-29,85.471,88.149,85.228,85.742,2977244,0
2016-05-02,88.654,91.752,88.14,91.548,3927039,0
2016-05-03,90.296,92.957,88.927,91.714,3312826,0
2016-05-04,89.704,90.762,87.51,88.589,3015154,0
2016-05-05,88.432,88.908,86.403,86.976,3406963,0
2016-05-06,88.957,90.169,86.013,88.569,3422436,0
2016-05-09,88.898,89.495,86.48,87.024,2439735,0
2016-05-10,87.237,91.364,87.122,91.306,2803542,0
2016-05-11,91.267,91.51,89.392,90.267,1884788,0
2016-05-12,90.976,91.656,88.859,90.714,1686505,0
2016-05-13,90.333,91.075,87.6,87.814,2167595,0
2016-05-16,87.707,89.659,87.423,88.722,1316598,0
2016-05-17,88.722,91.378,88.145,89.065,1757513,0
2016-05-18,88.264,89.465,85.998,86.35,2365965,0
2016-05-19,85.618,87.199,85.09,86.35,2264583,0
2016-05-20,86.818,88.115,86.501,86.847,1549845,0
2016-05-23,87.179,89.796,86.887,89.308,1908261,0
2016-05-24,90.186,91.368,89.524,91.006,1425346,0
2016-05-25,91.642,94.878,91.573,94.355,3063123,0
2016-05-26,95.136,95.136,91.583,92.374,1725631,0
2016-05-27,92.304,94.502,91.856,93.681,1396776,0
2016-05-31,94.111,95.38,93.428,93.896,1816625,0
2016-06-01,91.778,94.707,90.87,94.434,1848117,0
2016-06-02,94.542,97.498,93.731,97.05,2717814,0
2016-06-03,96.572,96.592,93.781,96.161,2494312,0
2016-06-06,94.687,97.04,93.965,96.347,2084593,0
2016-06-07,96.044,99.56,95.8,98.7,2862309,0
2016-06-08,99.58,100.9,97.675,98.904,2355460,0
2016-06-09,98.106,98.993,97.255,98.404,1099364,0
2016-06-10,97.568,98.641,96.113,98.068,2200240,0
2016-06-13,97.264,100.32,97.185,97.772,1704046,0
2016-06-14,97,99.297,95.936,99.118,2150050,0
2016-06-15,99.238,101.63,98.482,99.178,1952814,0
2016-06-16,98.295,99.168,96.825,98.785,1874383,0
2016-06-17,99.89,101.29,99.178,100.73,1846672,0
2016-06-20,101.55,103.18,97.762,97.91,2530489,0
2016-06-21,98.135,99.63,97.168,99.377,1751821,0
2016-06-22,99.92,100.44,98.256,98.325,1495005,0
2016-06-23,99.58,100.46,98.725,99.277,1408769,0
2016-06-24,95.546,97.284,89.767,90.099,4305541,0
2016-06-27,88.596,88.596,84.291,85.608,4910844,0
2016-06-28,88.059,88.332,85.324,86.175,3343766,0
2016-06-29,87.863,89.85,86.789,89.113,2289109,0
2016-06-30,89.27,89.815,87.033,88.488,2146069,0
2016-07-01,88.643,91.719,88.488,89.611,2595153,0
2016-07-05,89.084,89.084,86.023,86.984,2160273,0
2016-07-06,86.457,87.932,85.189,87.796,1860780,0
2016-07-07,87.932,88.81,86.086,86.847,1783090,0
2016-07-08,87.657,88.587,87.082,87.619,1821480,0
2016-07-11,89.132,93.781,89.113,91.876,3538580,0
2016-07-12,93.594,94.278,92.266,94.209,2377673,0
2016-07-13,94.189,94.189,91.738,92.627,1848541,0
2016-07-14,91.553,92.499,88.624,89.835,3171807,0
2016-07-15,90.362,91.572,89.954,90.03,1708755,0
2016-07-18,90.166,94.628,89.943,94.365,2698906,0
2016-07-19,93.721,93.916,92.286,92.91,1609134,0
2016-07-20,92.051,92.7,90.977,91.944,1914448,0
2016-07-21,91.846,93.082,91.215,91.651,1630906,0
2016-07-22,92.256,93.632,91.27,93.496,1330706,0
2016-07-25,94.941,96.649,93.975,95.097,2602454,0
2016-07-26,97.636,101.39,97.528,101.01,3646147,0
2016-07-27,100.79,101.31,97.822,99.82,2148620,0
2016-07-28,100.09,102.43,98.612,102.18,2803014,0
2016-07-29,93.857,100.55,93.731,95.623,7760423,0
2016-08-01,95.623,97.138,92.569,95.614,3379097,0
2016-08-02,95.244,95.527,93.767,94.628,1689983,0
2016-08-03,93.751,95.78,93.233,95.342,1302623,0
2016-08-04,95.693,96.483,94.044,95.918,1801427,0
2016-08-05,96.582,96.951,95.038,95.195,1638427,0
2016-08-08,95.342,97.891,95.254,97.675,1616452,0
2016-08-09,98.078,99.287,97.193,98.305,1446704,0
2016-08-10,98.512,98.874,96.947,97.713,1056015,0
2016-08-11,98.315,101.83,98.126,100.72,3068824,0
2016-08-12,97.626,98.974,97.361,97.872,2778462,0
2016-08-15,99.073,102.48,98.266,101.79,3359902,0
2016-08-16,102.1,102.1,98.716,99.51,2785286,0
2016-08-17,99.96,100.17,98.964,99.417,1790284,0
2016-08-18,99.043,99.467,96.399,97.802,2823616,0
2016-08-19,96.929,97.135,94.132,95.55,3487761,0
2016-08-22,95.85,95.861,94.31,95.272,2470639,0
2016-08-23,96.173,97.042,94.437,94.573,2476645,0
2016-08-24,94.201,94.662,88.647,89.1,5624767,0
2016-08-25,89.894,90.717,88.362,88.806,2494987,0
2016-08-26,88.981,89.579,87.195,88.156,2801651,0
2016-08-29,87.666,90.073,87.618,89.011,2052298,0
2016-08-30,89.147,90.08,87.951,88.462,1901298,0
2016-08-31,87.588,89.237,86.832,87.638,2112662,0
2016-09-01,91.817,93.465,91.248,91.406,6639580,0
2016-09-02,92.032,92.278,89.393,90.64,2744379,0
2016-09-06,91.209,92.112,90.09,91.042,1758597,0
2016-09-07,91.728,93.446,91.492,92.573,2191593,0
2016-09-08,94.132,94.888,93.23,93.976,2496159,0
2016-09-09,94.556,96.645,93.436,96.556,6112379,0
2016-09-12,95.733,102.11,95.252,102.06,6316374,0
2016-09-13,101.12,102.81,100.28,101.76,4148276,0
2016-09-14,102.52,105.65,101.32,105.24,4288050,0
2016-09-15,104.87,107.44,102.75,106.63,5189728,0
2016-09-16,106.6,107.21,104.71,106.52,3307747,0
2016-09-19,106.24,106.38,101.5,102,3898540,0
2016-09-20,101.78,102.84,100.49,101.54,2439992,0
2016-09-21,102.13,103.24,99.6,101.06,3466508,0
2016-09-22,101.56,102.12,99.81,100.36,3430253,0
2016-09-23,99.168,100.61,96.527,100.22,4661542,0
2016-09-26,99.64,99.76,97.782,98.904,2307680,0
2016-09-27,98.256,100.19,97.891,98.835,3529458,0
2016-09-28,99.65,99.84,96.645,99.74,2724689,0
2016-09-29,99.257,101.68,98.116,98.68,2511900,0
2016-09-30,96.291,96.596,93.014,95.585,6208192,0
2016-10-03,98.404,99.337,97.067,97.411,3838869,0
2016-10-04,97.401,97.713,94.348,94.565,2905784,0
2016-10-05,94.506,96.517,94.074,96.096,2410451,0
2016-10-06,95.663,96.743,95.272,95.899,1749610,0
2016-10-07,95.79,96.138,94.328,95.182,1938575,0
2016-10-10,95.358,97.616,95.182,96.811,1629874,0
2016-10-11,97.948,99.148,95.545,95.86,2505180,0
2016-10-12,95.497,96.066,94.191,94.612,1841796,0
2016-10-13,93.946,93.985,91.071,93.161,2682124,0
2016-10-14,93.867,94.526,90.178,91.612,2840664,0
2016-10-17,89.511,92.364,89.344,91.346,1714315,0
2016-10-18,92.71,93.093,90.826,91.228,1040622,0
2016-10-19,91.042,94.132,91.042,93.721,1620095,0
2016-10-20,93.348,95.408,93.22,94.191,1341502,0
2016-10-21,93.701,94.417,92.72,93.475,1742131,0
2016-10-24,94.996,96.046,94.583,94.976,1423728,0
2016-10-25,94.829,94.844,93.358,93.771,1188089,0
2016-10-26,93.436,95.713,93.436,93.946,1750149,0
2016-10-27,95.222,95.222,91.366,92.407,1822655,0
2016-10-28,92.513,93.751,91.983,92.407,2096069,0
2016-10-31,92.877,93.26,91.66,92.769,1367343,0
2016-11-01,94.612,97.872,94.142,96.38,3793756,0
2016-11-02,95.929,96.262,94.054,94.702,2591264,0
2016-11-03,90.472,91.18,85.096,85.881,9224137,0
2016-11-04,86.567,87.52,84.94,86.381,3285663,0
2016-11-07,88.256,88.306,85.675,86.205,2720741,0
2016-11-08,86.244,86.813,84.556,85.036,3465670,0
2016-11-09,83.742,86.862,83.006,86.185,2784737,0
2016-11-10,87.48,87.961,83.202,83.692,3560315,0
2016-11-11,83.192,83.918,80.956,83.379,3254754,0
2016-11-14,82.907,84.37,81.201,82.917,2528281,0
2016-11-15,83.845,86.412,83.777,85.741,2319136,0
2016-11-16,85.652,86.777,84.783,85.445,1782320,0
2016-11-17,86.649,89.482,86.214,89.265,3493678,0
2016-11-18,90.044,92.778,89.708,91.15,3166983,0
2016-11-21,93.479,97.17,93.024,96.115,4964175,0
2016-11-22,95.798,97.032,94.75,96.825,2594984,0
2016-11-23,96.677,100.21,96.282,100,3666342,0
2016-11-25,100.19,100.87,99.158,100.23,1170694,0
2016-11-28,100.09,101.81,99.447,100.67,2576741,0
2016-11-29,99.87,101.22,97.91,98.492,2141665,0
2016-11-30,100.48,103.54,100.2,100.66,2325064,0
2016-12-01,99.69,99.69,96.065,97.979,3916331,0
2016-12-02,96.725,98.305,96.135,97.358,1895884,0
2016-12-05,98.266,99.083,96.697,97.092,1544194,0
2016-12-06,97.712,100.97,97.466,100.85,2620964,0
2016-12-07,99.96,100.76,98.745,100.66,1666721,0
2016-12-08,100.9,100.9,88.831,89.541,12599924,0
2016-12-09,95.156,95.24,89.965,90.654,9965954,0
2016-12-12,91.08,91.287,88.907,90.31,3265785,0
2016-12-13,91.92,93.519,90.824,92.284,3719072,0
2016-12-14,92.531,93.242,90.262,90.962,3511831,0
2016-12-15,90.627,91.277,89.215,89.698,3025599,0
2016-12-16,89.857,90.952,89.255,90.705,3493373,0
2016-12-19,90.804,91.508,88.682,88.948,2996500,0
2016-12-20,89.155,89.877,86.856,87.162,4004680,0
2016-12-21,87.941,88.534,86.856,88.11,2255734,0
2016-12-22,87.853,88.031,86.56,87.103,1695739,0
2016-12-23,86.669,87.843,86.599,87.191,1251617,0
2016-12-27,87.478,88.061,86.866,87.093,1474075,0
2016-12-28,87.083,87.518,85.495,85.949,1665888,0
2016-12-29,85.939,86.382,85.612,86.036,962064,0
2016-12-30,85.969,86.313,84.457,85.386,1913375,0
2017-01-03,86.066,86.748,85.079,86.323,2697560,0
2017-01-04,86.569,89.285,86.569,89.116,2529156,0
2017-01-05,89.62,91.13,89.462,90.252,2487725,0
2017-01-06,89.896,91.427,89.63,91.228,1828350,0
2017-01-09,92.659,93.766,91.417,91.544,2736861,0
2017-01-10,92.452,94.229,92.147,93.597,3048923,0
2017-01-11,93.094,93.529,90.834,91.721,2158314,0
2017-01-12,91.427,91.594,89.048,90.744,1884886,0
2017-01-13,91.297,91.297,89.323,89.353,1495855,0
2017-01-17,89.323,91.988,88.435,91.14,1985014,0
2017-01-18,91.673,91.673,90.162,90.784,1206101,0
2017-01-19,90.647,91.15,89.333,89.748,1132087,0
2017-01-20,90.123,91.011,89.6,89.64,952239,0
2017-01-23,89.708,92.413,89.708,91.437,2095817,0
2017-01-24,91.663,93.212,91.307,92.808,1680006,0
2017-01-25,93.37,95.976,93.37,95.166,2842945,0
2017-01-26,94.753,98.059,93.963,94.259,4652129,0
2017-01-27,100.67,102.69,99.69,101.74,7992390,0
2017-01-30,101.38,103.03,100.77,101.22,2487602,0
2017-01-31,100.82,101.12,99.58,100.11,1758351,0
2017-02-01,98.266,98.785,96.499,96.588,3016829,0
2017-02-02,96.065,96.805,95.309,96.115,1626731,0
2017-02-03,96.41,97.219,95.443,95.66,1913687,0
2017-02-06,96.972,98.009,94.743,95.758,2793807,0
2017-02-07,95.611,96.026,95.275,95.749,1917436,0
2017-02-08,95.72,95.966,95.078,95.917,912253,0
2017-02-09,96.292,97.882,96.035,97.595,1760317,0
2017-02-10,98.239,99.397,97.733,98.111,2108704,0
2017-02-13,98.091,98.626,97.421,98.18,1610757,0
2017-02-14,99.71,99.86,96.821,96.901,1749944,0
2017-02-15,96.662,99.487,96.136,98.984,1885497,0
2017-02-16,98.795,98.803,95.799,95.948,2679018,0
2017-02-17,95.442,95.571,94.262,95.144,1947018,0
2017-02-21,95.432,95.611,94.292,95.204,1457386,0
2017-02-22,95.124,95.204,93.557,93.994,1964889,0
2017-02-23,94.4,94.52,92.853,93.091,1875533,0
2017-02-24,92.505,93.309,91.931,93.26,1864811,0
2017-02-27,93.686,95.472,93.528,94.748,1680642,0
2017-02-28,94.46,96.969,94.054,95.382,2027574,0
2017-03-01,99.102,102.88,98.825,101.89,6065910,0
2017-03-02,101.85,101.85,98.944,99.347,2755382,0
2017-03-03,99.218,100.71,98.289,100.23,1709955,0
2017-03-06,99.97,100.32,98.725,99.57,1193526,0
2017-03-07,98.984,99.367,97.465,98.666,2409713,0
2017-03-08,98.587,99.51,97.971,98.438,1136966,0
2017-03-09,98.031,98.944,97.625,98.2,1081693,0
2017-03-10,98.378,99.72,98.031,98.755,1348560,0
2017-03-13,101.64,103.87,100.69,103.47,3481927,0
2017-03-14,103.37,104.99,102.92,103.86,2799416,0
2017-03-15,103.98,104.15,102.31,103.91,2146574,0
2017-03-16,104.16,107.73,102.95,105.32,4747892,0
2017-03-17,106.41,109.43,105.85,109.31,3810313,0
2017-03-20,109.12,112.94,109.12,110.75,5053677,0
2017-03-21,112.09,113.04,109.67,110.86,4197190,0
2017-03-22,110.96,112.62,110.41,112.45,2492910,0
2017-03-23,112.39,113.17,110.89,111.42,2321109,0
2017-03-24,111.85,112.36,110.01,111.02,1598612,0
2017-03-27,109.93,114.85,109.3,113.73,3504095,0
2017-03-28,114.06,115.27,112.98,114.26,2148148,0
2017-03-29,113.95,115.07,113.63,114.57,1208492,0
2017-03-30,114.37,114.81,112.89,113.38,1683143,0
2017-03-31,112.44,114.01,111.8,113.69,1948324,0
2017-04-03,116.88,118.84,114.95,115.42,3505223,0
2017-04-04,115.08,115.92,114.35,115.8,1628224,0
2017-04-05,117.33,118.47,115.58,115.74,3106214,0
2017-04-06,115.26,117.63,115.16,116.91,1890932,0
2017-04-07,116.83,117.01,115.38,115.89,1595577,0
2017-04-10,115.38,116.62,114.4,115.26,1242020,0
2017-04-11,115.48,115.81,112.95,115.31,1950461,0
2017-04-12,115.69,116.13,113.82,114.47,1639751,0
2017-04-13,114.13,114.42,112.01,112.57,2515468,0
2017-04-17,112.87,114.28,112.79,113.72,2744325,0
2017-04-18,113.09,115.14,112.91,114.97,1760722,0
2017-04-19,114.83,115.66,113.82,114.02,1204808,0
2017-04-20,114.75,115.76,114.48,115.23,2116803,0
2017-04-21,115.33,115.45,113.48,114.98,3033421,0
2017-04-24,116.04,116.06,114.3,114.65,2368058,0
2017-04-25,114.81,117.4,114.81,117.28,4238912,0
2017-04-26,122.32,126.18,117.28,124.19,6332895,0
2017-04-27,124.22,124.96,123.01,123.5,2467878,0
2017-04-28,124.04,124.04,121.99,122.03,1535057,0
2017-05-01,123,125.97,122.27,124.92,2152457,0
2017-05-02,125.5,125.56,123.86,124.3,1463800,0
2017-05-03,124.24,125.17,123.54,124.85,1330868,0
2017-05-04,125.12,125.44,122.89,123.32,1434112,0
2017-05-05,122.5,122.84,118.88,121.16,3110942,0
2017-05-08,119.83,120.65,118.21,119.24,2921048,0
2017-05-09,119.98,123.42,119.77,122.99,2928020,0
2017-05-10,122.08,122.91,121.21,122.8,1240678,0
2017-05-11,122.89,122.89,121.24,121.76,1053541,0
2017-05-12,124.2,126.65,123.7,124.81,2383767,0
2017-05-15,124.31,125.98,123.78,125.21,1401688,0
2017-05-16,125.94,128.53,125.57,127.42,2410867,0
2017-05-17,125.75,126.16,121.92,122.15,2692364,0
2017-05-18,120.09,123.27,120.06,121.95,1658979,0
2017-05-19,122.56,124.46,120.01,121.26,3193126,0
2017-05-22,123.09,125.34,122.53,124.68,1984075,0
2017-05-23,125.36,127.09,123.41,123.67,1915266,0
2017-05-24,123.71,124.2,122.85,123.52,1106932,0
2017-05-25,123.55,124.36,123.2,123.96,1004145,0
2017-05-26,123.97,126.83,123.97,125.25,1359210,0
2017-05-30,125.25,127.1,124.88,126.09,1623458,0
2017-05-31,126.37,128.34,125.02,128.21,1701822,0
2017-06-01,131.29,134.74,130.25,133.08,4066361,0
2017-06-02,133.93,134.41,132.68,134.16,2299696,0
2017-06-05,133.83,134.28,131.99,132.77,1426792,0
2017-06-06,133,133.82,131.78,132.09,1899341,0
2017-06-07,132.76,132.76,130.67,131.8,2380738,0
2017-06-08,132.93,134.44,131.99,134.21,2617805,0
2017-06-09,134.01,134.57,127.11,129.09,3120388,0
2017-06-12,128.18,131.84,127.54,129.75,1928645,0
2017-06-13,131.95,134.08,131.57,133.64,1671852,0
2017-06-14,133.89,134.74,132.08,132.98,1240012,0
2017-06-15,130.96,133.83,130.35,133.53,1245919,0
2017-06-16,133.89,136.45,133.4,133.94,1813486,0
2017-06-19,136.08,138.26,135.59,137.89,1831224,0
2017-06-20,137.57,137.99,135.8,136.6,1364871,0
2017-06-21,136.5,137.91,136.07,136.93,900663,0
2017-06-22,136.84,137.43,135.46,136.52,1131261,0
2017-06-23,135.83,137.87,135.53,137.79,1461027,0
2017-06-26,137.97,139.13,136.22,136.62,1178134,0
2017-06-27,136.47,138.22,134.81,135.11,1735399,0
2017-06-28,135.46,136.16,133.5,135.42,1273168,0
2017-06-29,135.28,135.3,130.58,132.25,1780859,0
2017-06-30,132.63,134.54,131.19,133.61,1456964,0
2017-07-03,132.29,132.39,128.33,130.46,2013456,0
2017-07-05,131.09,132.38,129.53,131.91,1217633,0
2017-07-06,131.53,132.31,130.33,130.41,1277537,0
2017-07-07,130.3,132.93,129.01,131.94,1332854,0
2017-07-10,132.19,134.63,131.91,134.43,1123579,0
2017-07-11,134.47,135.38,132.51,133.77,1396631,0
2017-07-12,135.05,136.01,134.6,134.75,1184892,0
2017-07-13,135.68,135.81,133.98,134.45,957242,0
2017-07-14,129.03,131.33,126.52,129.92,4494494,0
2017-07-17,129.5,130.82,128.41,129.35,2165478,0
2017-07-18,129.46,133.2,129.43,133.04,1747231,0
2017-07-19,133.77,134.66,131.4,132.66,1364579,0
2017-07-20,132.75,132.92,131.19,131.49,1005219,0
2017-07-21,131.68,135.08,131.67,133.62,1653054,0
2017-07-24,135.71,138.91,135.02,138,2823746,0
2017-07-25,138.56,139.12,136.15,138.45,3730750,0
2017-07-26,131.49,132.49,127.95,131.49,8665325,0
2017-07-27,131.82,132.62,126.85,127.53,4528567,0
2017-07-28,127.36,130.63,127.16,128.12,2741061,0
2017-07-31,129.06,130.83,128.06,128.84,2488077,0
2017-08-01,129.63,129.86,126.93,127.51,2430719,0
2017-08-02,127.35,127.42,123.68,125.47,2917782,0
2017-08-03,125.72,126.7,124.72,125.85,1242900,0
2017-08-04,126.48,127.41,125.39,127.02,1038664,0
2017-08-07,127.83,129.95,127.51,129.73,1710841,0
2017-08-08,130.65,131.69,129.39,130.07,1791528,0
2017-08-09,129.56,130.07,128.44,129.85,1789319,0
2017-08-10,129,129.52,125.93,126.02,2169564,0
2017-08-11,125.57,126.37,124.11,125.63,1234338,0
2017-08-14,127.31,128.47,126.78,128.18,1290206,0
2017-08-15,131.32,136.52,131.25,136.39,5138810,0
2017-08-16,136.65,136.96,135.41,136.45,2131155,0
2017-08-17,136,137.11,134.14,134.62,2183360,0
2017-08-18,134.51,136.98,133.49,134.9,1729448,0
2017-08-21,135.99,136.5,133.23,135.64,1670503,0
2017-08-22,136.48,137.95,135.79,136.15,1931775,0
2017-08-23,133.9,135.44,133.27,134.75,1719411,0
2017-08-24,135.3,135.3,132.57,134.1,1474309,0
2017-08-25,133.85,135.29,132.821,134.65,1128694,0
2017-08-28,134.86,135.29,132.26,133.9,1972638,0
2017-08-29,133.45,135.485,132.63,135.25,1130297,0
2017-08-30,135.31,136.336,134.52,136.1,1012186,0
2017-08-31,137.11,139.94,136.36,138.99,2623213,0
2017-09-01,141.4,144.81,140.85,143.42,3013563,0
2017-09-05,142.58,143.92,140.84,142.5,1837240,0
2017-09-06,143.81,143.905,142.09,143.38,1817300,0
2017-09-07,144,147.5,143.82,145.75,1860510,0
2017-09-08,145.53,146.89,144.16,144.43,1083912,0
2017-09-11,146.17,146.21,144.21,145.9,1516642,0
2017-09-12,145.5,146.26,143.91,145.92,991211,0
2017-09-13,146.4,146.49,144.56,145.47,932677,0
2017-09-14,145,145.13,143.95,144.1,1069944,0
2017-09-15,144.11,145.15,142.87,143.22,1533656,0
2017-09-18,143.77,145.09,143.42,143.84,900697,0
2017-09-19,144.18,147.38,144,147.01,1964601,0
2017-09-20,147.35,147.9,144.09,145.69,1223550,0
2017-09-21,145.14,145.8,142.7,145.4,1361755,0
2017-09-22,144.91,146.085,144.595,144.91,1022774,0
2017-09-25,143.46,143.96,140.2,141.13,2190500,0
2017-09-26,142.38,145,141.79,144.62,1082505,0
2017-09-27,145,147.02,144.581,145.28,1348534,0
2017-09-28,145.4,146.13,144.167,144.38,1133021,0
2017-09-29,147.11,150.15,146.47,148.92,3214218,0
2017-10-02,147.11,148.87,145.4,147.07,3002520,0
2017-10-03,147.67,148.23,146.36,147.11,1708953,0
2017-10-04,146.64,147.58,145.95,146.97,1522214,0
2017-10-05,147.54,150.4,146.81,146.96,1718489,0
2017-10-06,144.68,145.829,142.32,143.88,3339422,0
2017-10-09,142.4,144.21,139.2,143.37,2575607,0
2017-10-10,144.28,145.28,141.95,142.54,1503939,0
2017-10-11,142.03,144.19,142.01,143.27,869762,0
2017-10-12,143.56,145.9,140.11,140.76,2445496,0
2017-10-13,141.29,143.21,140.23,142.33,1449592,0
2017-10-16,143.93,148.14,143.79,146.81,2831444,0
2017-10-17,146.56,147.32,145.8,146.4,1005854,0
2017-10-18,146.4,146.828,144.51,145.33,1172860,0
2017-10-19,144,145.63,143.39,145.53,785131,0
2017-10-20,146.8,146.82,144.22,144.44,1062848,0
2017-10-23,144.4,146.73,144.4,144.76,1213282,0
2017-10-24,145.01,145.65,144.28,144.91,733259,0
2017-10-25,144.6,146.549,143,143.51,1704424,0
2017-10-26,145.53,146.1,142.733,145.34,2747567,0
2017-10-27,142.806,145.8,141.05,143.15,3038066,0
2017-10-30,142.4,142.76,140.375,141.21,1636843,0
2017-10-31,143.88,149.65,143.88,147.49,3938054,0
2017-11-01,152.38,153.56,149.87,151.55,3463860,0
2017-11-02,151.55,152.13,149.885,150.05,1357250,0
2017-11-03,149.5,151.02,149.1,150.09,1214452,0
2017-11-06,150.05,154.28,149.55,151.39,1772569,0
2017-11-07,152.85,153.42,150.81,152.19,1286451,0
2017-11-08,152.25,153,151.09,152.77,2152302,0
2017-11-09,151.95,154.092,151.24,153.59,1455344,0
2017-11-10,153.19,154.67,153.01,154.03,903886,0
