2016-01-04,15.25,15.29,14.51,15.22,3517298,0
2016-01-05,15.16,15.54,15.13,15.41,2395336,0
2016-01-06,15.04,15.06,14.69,14.97,3829835,0
2016-01-07,14.63,15.03,13.64,13.96,3274615,0
2016-01-08,14.4,14.48,13.37,13.42,2544570,0
2016-01-11,13.7,13.78,12.61,12.86,3908450,0
2016-01-12,13.13,13.19,12.73,13.09,2311986,0
2016-01-13,13.38,13.48,12.73,12.98,2186603,0
2016-01-14,12.99,13.37,12.62,13.18,1980828,0
2016-01-15,12.38,12.52,11.95,12.21,3390281,0
2016-01-19,12.5,12.51,11.76,11.93,2396100,0
2016-01-20,11.68,11.955,11,11.8,4748564,0
2016-01-21,11.68,12.36,11.62,12.18,2610526,0
2016-01-22,12.99,13.26,12.84,13.13,2389097,0
2016-01-25,12.86,12.9,12.41,12.57,1703464,0
2016-01-26,12.75,13.28,12.5,13.26,2214787,0
2016-01-27,13.37,13.73,13.13,13.21,2324205,0
2016-01-28,13.68,13.85,12.95,13.13,2828168,0
2016-01-29,13.37,13.61,13.19,13.42,2456914,0
2016-02-01,13.24,13.64,13.17,13.6,1877169,0
2016-02-02,13.1,13.17,12.67,12.78,1678149,0
2016-02-03,13.06,13.27,12.71,13.23,2764337,0
2016-02-04,13.59,13.975,13.41,13.55,2176196,0
2016-02-05,13.25,13.33,12.59,12.88,2409304,0
2016-02-08,12.88,12.88,12.43,12.775,2324140,0
2016-02-09,12.4,12.97,12.29,12.5,2752789,0
2016-02-10,12.67,12.99,12.48,12.78,1359022,0
2016-02-11,12.44,12.77,12.385,12.61,1946829,0
2016-02-12,12.83,13.14,12.45,12.95,2296302,0
2016-02-16,13.42,13.87,13.38,13.57,3973854,0
2016-02-17,14,14,13.59,13.64,2496112,0
2016-02-18,13.86,13.955,13.02,13.08,2267111,0
2016-02-19,12.83,12.92,12.55,12.67,2871748,0
2016-02-22,13.2,13.44,13.16,13.33,1964500,0
2016-02-23,13.21,13.29,12.88,12.91,973943,0
2016-02-24,12.8,13.2,12.51,13.17,2250534,0
2016-02-25,12.99,13.15,12.68,12.88,1603657,0
2016-02-26,13.38,13.49,12.81,12.98,1464103,0
2016-02-29,13.14,13.14,12.825,12.92,1174610,0
2016-03-01,13.16,13.665,13.06,13.575,2186000,0
2016-03-02,13.35,14.18,13.35,14.18,2134444,0
2016-03-03,13.95,14.2,13.615,13.74,1572102,0
2016-03-04,13.96,14.49,13.57,14.48,3073794,0
2016-03-07,14.21,14.81,14,14.54,4042205,0
2016-03-08,14.32,14.385,13.57,13.72,2368422,0
2016-03-09,13.97,14.04,13.79,13.88,1478126,0
2016-03-10,14.01,14.0299,13.42,13.63,1027180,0
2016-03-11,14.03,14.37,13.96,14.26,1818050,0
2016-03-14,14.18,14.775,14.11,14.74,3032904,0
2016-03-15,14.48,14.48,13.94,14.05,2141619,0
2016-03-16,14.08,15.11,14.08,15.06,2666029,0
2016-03-17,15.15,15.44,14.96,15.41,3033918,0
2016-03-18,15.42,15.57,15.095,15.19,2610736,0
2016-03-21,15.14,15.29,14.795,15.02,2517698,0
2016-03-22,14.96,15.32,14.81,15.27,1702716,0
2016-03-23,15.1,15.25,14.86,14.98,1835585,0
2016-03-24,14.72,15.12,14.62,15.08,2491140,0
2016-03-28,15.06,15.06,14.64,14.91,1088291,0
2016-03-29,14.8,15.36,14.6,15.29,1653768,0
2016-03-30,15.46,15.73,15.25,15.4,1740907,0
2016-03-31,15.45,15.499,15.12,15.32,1397319,0
2016-04-01,14.87,15.41,14.86,15.38,1701736,0
2016-04-04,15.28,15.335,15,15.06,1283508,0
2016-04-05,14.91,15.14,14.72,15.08,1371003,0
2016-04-06,15.14,15.485,14.96,15.45,1839293,0
2016-04-07,15.28,15.6,15.15,15.21,2638569,0
2016-04-08,15.4,15.57,14.9,15.05,2989700,0
2016-04-11,15.42,15.92,15.36,15.68,2487653,0
2016-04-12,16,16.94,15.85,16.76,3904238,0
2016-04-13,16.8,17.24,16.655,16.75,4135877,0
2016-04-14,16.83,16.86,16.43,16.84,2082465,0
2016-04-15,16.74,16.82,16.52,16.59,1563269,0
2016-04-18,16.2,17.2,16.04,17.17,2919651,0
2016-04-19,17.42,17.565,17.15,17.51,3196243,0
2016-04-20,17.55,18.39,17.417,18.21,4853770,0
2016-04-21,17.91,18.32,17.91,18.13,3290340,0
2016-04-22,18.4,18.51,17.88,18.08,1650737,0
2016-04-25,18.26,18.47,17.68,17.86,1859154,0
2016-04-26,17.9,18.12,17.74,18.11,1783958,0
2016-04-27,18.13,18.7,18,18.53,3264426,0
2016-04-28,19.55,20.29,19.31,19.87,8535894,0
2016-04-29,19.93,20.67,19.87,20.47,5065332,0
2016-05-02,20.41,20.77,19.91,20.68,3867730,0
2016-05-03,20.14,20.3,19.7,20.18,2719107,0
2016-05-04,19.97,20.32,19.74,19.97,3602012,0
2016-05-05,20.06,20.19,19.74,19.97,2829345,0
2016-05-06,19.44,20.08,19.2,19.88,3145234,0
2016-05-09,19.33,19.81,18.99,19.24,3890831,0
2016-05-10,19.15,19.62,18.98,19.59,2213942,0
2016-05-11,19.79,19.865,19.61,19.69,1792249,0
2016-05-12,19.81,20.01,19.38,19.58,1684699,0
2016-05-13,19.38,19.76,19.37,19.52,1419436,0
2016-05-16,19.85,20.095,19.8,19.81,1988408,0
2016-05-17,19.61,19.91,19.55,19.69,1948550,0
2016-05-18,19.59,19.7,19.03,19.12,1860980,0
2016-05-19,18.89,19.05,18.55,18.99,3008823,0
2016-05-20,19.06,19.25,18.99,19.22,1425720,0
2016-05-23,19.19,19.4,19.04,19.16,1442000,0
2016-05-24,19.22,19.51,19.13,19.48,1148426,0
2016-05-25,19.69,19.85,19.55,19.77,1438962,0
2016-05-26,19.96,20.3697,19.77,19.85,1286829,0
2016-05-27,19.89,19.955,19.725,19.91,1201203,0
2016-05-31,20.06,20.83,19.99,20.61,3104904,0
2016-06-01,20.47,20.62,19.96,20.56,1477844,0
2016-06-02,20.12,20.68,20.11,20.63,1343996,0
2016-06-03,20.61,21.06,20.58,20.89,2217015,0
2016-06-06,21.42,21.83,21.29,21.46,2132370,0
2016-06-07,21.66,21.99,21.44,21.93,3359502,0
2016-06-08,22.02,23.2,22.02,23.08,6397044,0
2016-06-09,22.68,23.08,22.63,23.08,3615798,0
2016-06-10,22.5,22.67,21.44,21.83,3429060,0
2016-06-13,21.55,21.855,21.34,21.48,1954860,0
2016-06-14,21.18,21.38,20.7,21.11,2314560,0
2016-06-15,21.25,21.65,21.13,21.18,1825093,0
2016-06-16,20.98,21.14,20.505,21.09,2126732,0
2016-06-17,21.26,21.8,20.96,21.43,2453741,0
2016-06-20,22.3,22.5438,21.78,21.81,2894001,0
2016-06-21,21.68,21.76,21.38,21.54,2336753,0
2016-06-22,21.49,22,21.31,21.815,1308965,0
2016-06-23,22.32,22.59,21.99,22.08,1753130,0
2016-06-24,21.02,21.97,20.9699,21.39,3499943,0
2016-06-27,21.09,21.1178,19.54,19.9,3341214,0
2016-06-28,20.44,20.97,20.43,20.93,3662257,0
2016-06-29,21.17,21.77,20.89,21.47,3218996,0
2016-06-30,21.29,22,21.29,21.85,2081412,0
2016-07-01,21.88,22.18,21.495,21.72,1711270,0
2016-07-05,21.6,21.69,21.155,21.65,1899513,0
2016-07-06,21.37,21.57,20.855,21.56,1589935,0
2016-07-07,21.61,22.06,21.53,21.68,1878793,0
2016-07-08,21.98,22.27,21.975,22.08,1978002,0
2016-07-11,22.29,22.39,21.87,22.07,1252450,0
2016-07-12,22.3,23.17,22.28,22.77,3307951,0
2016-07-13,22.78,22.81,21.825,22,3133967,0
2016-07-14,22.29,22.49,21.76,21.97,2173339,0
2016-07-15,21.99,22.14,21.35,21.43,2206128,0
2016-07-18,21.52,21.71,21.33,21.5,1955380,0
2016-07-19,21.44,21.6,21.04,21.05,2176486,0
2016-07-20,21.01,21.46,20.95,21.39,2851192,0
2016-07-21,21.41,21.6999,21.23,21.26,1553812,0
2016-07-22,21.4,21.51,21.2037,21.23,1393139,0
2016-07-25,21.23,21.33,20.95,21.02,1567500,0
2016-07-26,20.91,21.42,20.83,21.13,1667189,0
2016-07-27,21.18,21.86,21.14,21.71,2844250,0
2016-07-28,22.44,23.17,22.08,22.33,4069631,0
2016-07-29,22.24,22.28,21.59,21.65,1849644,0
2016-08-01,21.58,22.08,21.18,21.26,2448593,0
2016-08-02,21.2,21.87,20.93,21.14,2150347,0
2016-08-03,21,21.47,21,21.05,1621925,0
2016-08-04,21.05,21.5,21.01,21.46,1198400,0
2016-08-05,21.56,22,21.41,21.77,2179173,0
2016-08-08,21.95,22.15,21.85,21.89,1074816,0
2016-08-09,21.93,22.41,21.79,22.39,1778307,0
2016-08-10,22.44,22.715,22.3,22.36,1138750,0
2016-08-11,22.57,23.54,22.4,23.24,4139426,0
2016-08-12,23.23,23.39,22.915,23.21,1474442,0
2016-08-15,23.48,23.874,23.3,23.41,1799398,0
2016-08-16,23.32,23.54,23.05,23.35,2375900,0
2016-08-17,23.32,23.32,22.4865,22.87,1578101,0
2016-08-18,22.79,23.13,22.68,22.77,1810718,0
2016-08-19,22.73,22.815,22.45,22.48,1586988,0
2016-08-22,22.34,22.57,22.03,22.13,1333431,0
2016-08-23,22.25,22.57,22.135,22.44,2406579,0
2016-08-24,22.29,22.5,22.22,22.37,1447657,0
2016-08-25,22.41,22.53,22,22.14,1417897,0
2016-08-26,22.18,22.72,22,22.15,2053479,0
2016-08-29,22.18,22.41,22.05,22.22,774956,0
2016-08-30,22.26,22.39,21.93,22.11,1142903,0
2016-08-31,22,22.19,21.71,22.04,1584701,0
2016-09-01,22.04,22.42,22,22.19,1766478,0
2016-09-02,22.32,22.65,22.22,22.39,1780066,0
2016-09-06,22.65,22.84,21.99,22.05,2330565,0
2016-09-07,22.15,22.21,21.87,22.02,2003914,0
2016-09-08,22.39,22.44,21.84,21.85,2193946,0
2016-09-09,21.64,21.7,20.17,20.31,4148400,0
2016-09-12,20.43,21.03,20.43,20.83,2442468,0
2016-09-13,20.55,20.575,19.98,20.38,2665013,0
2016-09-14,20.37,20.43,20.145,20.32,838434,0
2016-09-15,20.46,20.62,20.13,20.5,1515461,0
2016-09-16,20.46,20.72,20.31,20.64,1193941,0
2016-09-19,20.89,21,20.69,20.77,1101932,0
2016-09-20,20.72,20.87,20.56,20.7,1209450,0
2016-09-21,20.84,21.56,20.7,21.56,1800242,0
2016-09-22,21.77,22.1,21.69,22.07,1675327,0
2016-09-23,21.84,22.05,21.47,21.57,1561766,0
2016-09-26,21.44,21.74,21.272,21.36,1206548,0
2016-09-27,21.32,21.47,21.06,21.31,1097867,0
2016-09-28,21.28,21.55,21.155,21.45,1826805,0
2016-09-29,21.53,21.72,21.225,21.44,2136717,0
2016-09-30,21.45,21.47,21.03,21.05,2144040,0
2016-10-03,21.36,21.75,21.3249,21.73,1384402,0
2016-10-04,21.67,21.67,21.3,21.44,1460765,0
2016-10-05,21.41,22.1,21.39,21.98,1447440,0
2016-10-06,21.92,22.2,21.819,22.13,1297993,0
2016-10-07,22.24,22.3,21.82,22,1548991,0
2016-10-10,22.05,22.16,21.62,21.76,1884008,0
2016-10-11,21.63,21.74,21.27,21.4,1765037,0
2016-10-12,21.27,21.36,20.08,20.16,3133602,0
2016-10-13,20.05,20.05,18.85,19.08,4938278,0
2016-10-14,19.28,19.72,18.91,18.93,3445807,0
2016-10-17,19,19.19,18.65,19.04,2976017,0
2016-10-18,19.25,19.86,19.23,19.74,3175480,0
2016-10-19,19.97,20,19.75,19.84,2274288,0
2016-10-20,19.7,19.84,19.58,19.7,1111125,0
2016-10-21,19.69,19.69,19.23,19.5,1431401,0
2016-10-24,19.99,20,19.57,19.64,1293367,0
2016-10-25,19.95,20.01,19.6,19.62,3048474,0
2016-10-26,19.58,19.58,18.84,18.95,4449470,0
2016-10-27,20,20.64,19.88,19.92,7418287,0
2016-10-28,20.2,20.48,19.92,20.06,3147683,0
2016-10-31,19.84,19.99,19.53,19.69,1873330,0
2016-11-01,19.88,19.94,19.445,19.52,2472843,0
2016-11-02,19.49,19.52,18.66,18.69,2102366,0
2016-11-03,18.83,18.87,18.45,18.5,1911095,0
2016-11-04,18.32,18.62,18.09,18.32,2229328,0
2016-11-07,19,19.12,18.595,18.65,1459266,0
2016-11-08,18.55,18.9,18.38,18.74,1565777,0
2016-11-09,18.84,20.06,18.8,20.03,6453111,0
2016-11-10,20.01,20.26,19,19.2,3531265,0
2016-11-11,18.91,19.01,18.21,18.71,2895014,0
2016-11-14,18.4,18.45,17.28,17.81,3483999,0
2016-11-15,18.09,18.31,17.81,18.27,4306638,0
2016-11-16,18.11,18.19,17.59,17.61,3232964,0
2016-11-17,17.85,18.02,17.58,17.96,2726778,0
2016-11-18,17.96,18.67,17.88,18.47,2156352,0
2016-11-21,18.74,19.06,18.41,18.6,2745837,0
2016-11-22,18.6,18.975,18.15,18.95,2994845,0
2016-11-23,18.58,19.17,18.58,19.03,2983675,0
2016-11-25,19,19.1,18.6,18.63,1286423,0
2016-11-28,18.65,18.84,18.425,18.48,1716982,0
2016-11-29,18.38,18.71,18.28,18.46,1626280,0
2016-11-30,18.7,19.06,18.43,19.01,3369590,0
2016-12-01,19.08,19.45,18.5,18.61,2383638,0
2016-12-02,18.76,18.8621,18.325,18.42,1882797,0
2016-12-05,18.7,19.255,18.62,19.22,1871587,0
2016-12-06,19.01,19.5,19.01,19.24,2447183,0
2016-12-07,19.28,19.785,19.06,19.68,1481534,0
2016-12-08,19.7,19.98,19.63,19.95,1320230,0
2016-12-09,19.95,20.01,19.75,19.86,1114386,0
2016-12-12,20.19,20.45,19.93,20.29,3503694,0
2016-12-13,20.52,21.14,20.5,21.06,3587574,0
2016-12-14,20.56,21.315,20.24,20.78,2639490,0
2016-12-15,20.98,21.07,20.355,20.58,2496771,0
2016-12-16,20.76,20.77,20.16,20.25,1667439,0
2016-12-19,20.23,20.39,19.92,19.95,986893,0
2016-12-20,20.1,20.93,20.04,20.89,1761133,0
2016-12-21,20.75,20.83,20.2,20.29,2296498,0
2016-12-22,20.39,20.5911,20.23,20.5,1433195,0
2016-12-23,20.31,20.56,20.2,20.39,1060899,0
2016-12-27,20.42,20.65,20.285,20.37,1263144,0
2016-12-28,20.46,20.69,20.125,20.23,927857,0
2016-12-29,20.3,20.55,20.22,20.35,1247069,0
2016-12-30,20.5,20.55,20.06,20.13,774764,0
2017-01-03,20.44,20.8,20.2,20.43,1588082,0
2017-01-04,20.56,20.8,20.335,20.44,2440346,0
2017-01-05,20.53,22,20.38,21.88,3992027,0
2017-01-06,21.55,21.99,21.54,21.84,1682900,0
2017-01-09,21.72,22.11,21.62,21.95,1611016,0
2017-01-10,21.95,22.06,21.45,21.57,1413627,0
2017-01-11,21.61,21.61,21.25,21.49,1297927,0
2017-01-12,21.48,21.6,21.155,21.31,1527156,0
2017-01-13,21.31,21.61,21.2962,21.5,1286713,0
2017-01-17,21.66,22.03,21.66,21.92,1393232,0
2017-01-18,21.95,22.06,21.75,21.96,1435146,0
2017-01-19,21.86,22.04,21.71,22.03,1686093,0
2017-01-20,22.1,22.12,21.84,21.87,1026103,0
2017-01-23,21.97,22.15,21.67,22.09,1217478,0
2017-01-24,22.4,23.32,22.37,23.19,3707295,0
2017-01-25,23.34,23.83,23.22,23.7,2403164,0
2017-01-26,23.45,23.57,23.01,23.28,1854801,0
2017-01-27,23.58,23.78,23.51,23.63,1422307,0
2017-01-30,23.3,23.33,22.62,23.1,1434612,0
2017-01-31,22.96,23.28,22.83,23.14,1530872,0
2017-02-01,23.26,23.37,22.795,23.36,2108128,0
2017-02-02,23.21,23.39,22.88,23.33,3212002,0
2017-02-03,23.48,23.66,23.08,23.08,2542932,0
2017-02-06,23.11,23.19,22.88,23.01,1219632,0
2017-02-07,23.07,23.37,23.01,23.15,1184987,0
2017-02-08,23.14,23.14,22.66,23.05,1652891,0
2017-02-09,23.01,23.22,22.87,22.96,1353950,0
2017-02-10,23.07,23.15,22.75,23.12,1681468,0
2017-02-13,23.24,23.29,22.87,22.97,1015123,0
2017-02-14,23.09,23.12,22.58,22.69,3312676,0
2017-02-15,22.9,23.29,22.75,23.14,3051950,0
2017-02-16,23.02,25,22.95,24.49,6095224,0
2017-02-17,24.03,24.7298,23.86,24.66,3256786,0
2017-02-21,24.75,24.8,24.12,24.34,3250025,0
2017-02-22,23.94,24.26,23.85,24.17,2701266,0
2017-02-23,24,24.1,23.66,23.74,1626050,0
2017-02-24,23.57,23.65,23.33,23.58,1666804,0
2017-02-27,23.56,23.57,23.17,23.18,1533541,0
2017-02-28,22.97,23.1,22.45,22.5,2335805,0
2017-03-01,22.82,23.41,22.44,23.35,3911686,0
2017-03-02,23.18,23.34,22.92,23.23,3926117,0
2017-03-03,23.25,23.62,23.2275,23.57,1980156,0
2017-03-06,23.45,23.62,23.13,23.57,1580953,0
2017-03-07,23.54,23.61,23.23,23.49,1246061,0
2017-03-08,23.47,23.68,23.36,23.43,1236054,0
2017-03-09,23.23,23.23,22.635,22.85,2786233,0
2017-03-10,23.07,23.19,22.9,23.03,2602358,0
2017-03-13,23.05,23.35,22.9,23.24,2063423,0
2017-03-14,23,23.12,22.75,22.8,1536800,0
2017-03-15,22.91,23.03,22.4501,22.94,2377805,0
2017-03-16,23.16,23.98,23.16,23.74,1583710,0
2017-03-17,23.84,23.89,23.44,23.62,1657087,0
2017-03-20,23.58,23.67,23.4,23.48,939265,0
2017-03-21,23.64,23.65,22.14,22.18,2989825,0
2017-03-22,22.31,22.44,22.02,22.42,1721627,0
2017-03-23,22.44,22.62,22.16,22.24,1603770,0
2017-03-24,22.35,22.565,22.21,22.41,1074547,0
2017-03-27,22.05,22.25,21.645,22.17,1470359,0
2017-03-28,22.17,22.57,22.13,22.43,1029867,0
2017-03-29,22.43,22.53,22.11,22.24,1413869,0
2017-03-30,22.38,22.79,22.05,22.06,1273809,0
2017-03-31,21.87,22.21,21.85,21.93,1113516,0
2017-04-03,21.92,22.36,21.89,22.13,1355597,0
2017-04-04,22.08,22.21,21.895,22.14,907160,0
2017-04-05,22.37,23.13,22.32,22.61,1998550,0
2017-04-06,22.7,23.16,22.7,22.9,1455183,0
2017-04-07,22.24,22.44,21.6,21.82,4952804,0
2017-04-10,21.43,21.85,21.4,21.67,2309898,0
2017-04-11,21.89,22.39,21.68,22.33,2333622,0
2017-04-12,22.27,22.8,22.26,22.78,2416869,0
2017-04-13,22.61,22.96,22.51,22.75,1621058,0
2017-04-17,23.09,24.545,23.09,24.27,7102221,0
2017-04-18,23.82,24.13,23.7,24.01,3750510,0
2017-04-19,24.11,24.15,23.12,23.32,2609911,0
2017-04-20,23.41,23.83,23.31,23.31,2008082,0
2017-04-21,23.38,23.45,23,23.08,1586211,0
2017-04-24,23.52,23.65,23.3,23.38,1990624,0
2017-04-25,23.64,23.95,23.33,23.92,3167701,0
2017-04-26,24.05,25.03,23.95,24.87,4909614,0
2017-04-27,25.32,27.51,25.28,27.4,8546517,0
2017-04-28,26.84,27.33,26.72,27.26,3772275,0
2017-05-01,27.38,27.865,27.19,27.76,2158402,0
2017-05-02,27.65,27.695,26.78,26.79,3719220,0
2017-05-03,26.43,27.28,26.42,27.21,2543486,0
2017-05-04,26.76,27.41,26.57,26.84,2934627,0
2017-05-05,26.85,27.58,26.75,27.44,1716944,0
2017-05-08,27.4,28,27.2182,27.66,1671776,0
2017-05-09,27.86,28,27.29,27.38,968953,0
2017-05-10,27.58,27.78,27.47,27.51,1477826,0
2017-05-11,27.63,27.685,27.23,27.65,1954278,0
2017-05-12,27.57,28.23,27.34,28.06,2020016,0
2017-05-15,28.38,29.11,28.35,28.9,2173304,0
2017-05-16,28.31,29.13,28.301,28.99,2395487,0
2017-05-17,28.31,28.69,27.51,27.58,2518608,0
2017-05-18,27.34,27.9,26.78,27.77,1869973,0
2017-05-19,27.8,28.735,27.7097,28.51,2260014,0
2017-05-22,28.51,28.7,28.19,28.63,973434,0
2017-05-23,28.91,28.97,28.34,28.47,700246,0
2017-05-24,28.29,28.675,28.221,28.47,1206396,0
2017-05-25,28.7,28.75,27.815,27.82,1744147,0
2017-05-26,27.88,27.93,27.41,27.66,1833160,0
2017-05-30,27.51,27.79,26.99,27.19,1514674,0
2017-05-31,26.82,26.94,26.31,26.48,1733811,0
2017-06-01,26.48,27.14,26.21,27.09,2103787,0
2017-06-02,27.02,27.05,25.98,26.32,2228742,0
2017-06-05,26.37,27.32,26.37,27.17,1521501,0
2017-06-06,27.07,27.21,26.83,26.87,983515,0
2017-06-07,27,27.17,26.525,26.74,1103979,0
2017-06-08,26.68,26.9,26.38,26.75,1200344,0
2017-06-09,26.95,27.124,25.68,26.25,1888493,0
2017-06-12,26.14,26.48,25.36,25.94,1222228,0
2017-06-13,26.17,26.6,25.79,26.28,1250369,0
2017-06-14,26.21,26.54,25.17,25.74,2255591,0
2017-06-15,25.37,25.985,24.94,25.77,2982217,0
2017-06-16,25.75,25.93,25.19,25.57,3398627,0
2017-06-19,25.5,26.64,25.5,26.6,2439142,0
2017-06-20,26.49,26.67,25.92,26.25,1395731,0
2017-06-21,26.39,26.94,26.15,26.78,1640426,0
2017-06-22,27,27.34,26.71,26.93,2116503,0
2017-06-23,26.95,27.64,26.37,27.55,1948616,0
2017-06-26,27.71,27.89,26.92,27.17,2248076,0
2017-06-27,27.06,27.11,26.65,26.88,2635990,0
2017-06-28,26.85,27.88,26.31,27.62,2461646,0
2017-06-29,27.59,27.59,26.33,26.63,2202842,0
2017-06-30,26.7,26.98,25.89,26.23,2576358,0
2017-07-03,26.18,26.45,26.02,26.13,551643,0
2017-07-05,26.17,26.2,25.65,25.97,1350494,0
2017-07-06,26.19,26.38,25.99,26.04,1387416,0
2017-07-07,26.18,26.34,25.98,26.25,1254563,0
2017-07-10,26.29,26.61,26.22,26.51,2530799,0
2017-07-11,26.27,26.61,26.13,26.5,1493534,0
2017-07-12,26.99,27.99,26.9,27.33,2560452,0
2017-07-13,32.29,32.44,30.9,31.68,23961481,0
2017-07-14,31.18,31.82,31.13,31.62,4982687,0
2017-07-17,31.39,31.88,31.07,31.35,2497262,0
2017-07-18,31.32,32.1,31.2263,31.55,2918719,0
2017-07-19,31.83,32.24,30.96,31.1,2340735,0
2017-07-20,31.21,31.5,30.66,31.36,2715025,0
2017-07-21,31.31,31.62,31.09,31.41,2219143,0
2017-07-24,31.05,32.09,31,31.84,3511845,0
2017-07-25,31.86,31.93,31.35,31.74,3400095,0
2017-07-26,31.75,31.95,31.59,31.84,5530067,0
2017-07-27,32.05,32.38,30.42,30.76,4345260,0
2017-07-28,30,30.32,29.15,29.53,6868925,0
2017-07-31,29.62,29.635,28.78,28.98,4052909,0
2017-08-01,29.26,29.46,28.74,28.98,3445315,0
2017-08-02,29.07,29.19,28.13,28.36,2890281,0
2017-08-03,28.79,29.29,28.61,29.16,4616950,0
2017-08-04,29.48,29.67,29.14,29.61,3995469,0
2017-08-07,29.93,30.09,29.75,29.96,2078149,0
2017-08-08,29.86,30.02,29.51,29.84,1951897,0
2017-08-09,30.67,31.31,30.38,30.71,4111942,0
2017-08-10,30.56,30.75,29.08,29.28,2493744,0
2017-08-11,29.28,29.39,28.87,29.05,2505949,0
2017-08-14,29.45,29.89,29.35,29.73,1547667,0
2017-08-15,29.85,30.29,29.64,30.25,1598268,0
2017-08-16,30.31,31.06,30.28,30.95,2512678,0
2017-08-17,30.91,31.355,30.3,30.34,2145651,0
2017-08-18,30.25,30.38,29.67,29.81,1891424,0
2017-08-21,30,30.29,29.6,29.72,1208656,0
2017-08-22,29.84,30.145,29.62,30.08,2375209,0
2017-08-23,29.81,29.99,29.58,29.94,2317230,0
2017-08-24,30.09,30.18,29.69,29.88,1284928,0
2017-08-25,30.08,30.4,29.6099,29.75,1545301,0
2017-08-28,29.93,30.04,29.29,29.47,986692,0
2017-08-29,29.19,29.63,29.04,29.49,2235176,0
2017-08-30,29.63,30.08,29.31,29.85,3909085,0
2017-08-31,30.21,30.46,29.93,30.01,4851738,0
2017-09-01,30.3,32.85,30.292,32.21,7718767,0
2017-09-05,32.21,32.875,32.075,32.35,4742346,0
2017-09-06,32.34,32.76,31.751,32.1,3716078,0
2017-09-07,32.23,33.19,31.61,33.01,4861236,0
2017-09-08,33,33.26,31.82,31.86,2420360,0
2017-09-11,32.315,33.33,32.17,33.11,3562621,0
2017-09-12,33.16,33.61,32.7,33.09,2198575,0
2017-09-13,32.65,32.95,32.37,32.44,1837230,0
2017-09-14,32.45,32.525,32,32.2,1892548,0
2017-09-15,32.43,33.2,32.36,32.64,4729758,0
2017-09-18,32.46,32.76,32.14,32.32,1507204,0
2017-09-19,32.09,32.4,31.66,32.24,2356135,0
2017-09-20,32.36,32.73,31.74,32.03,1342579,0
2017-09-21,32.35,32.69,31.96,32.63,2226985,0
2017-09-22,32.63,33.68,32.44,33.2,3799986,0
2017-09-25,33.44,33.59,31.6,32.49,3367671,0
2017-09-26,32.31,32.65,31.65,31.71,2209028,0
2017-09-27,32.09,32.52,31.94,32.36,2227208,0
2017-09-28,32.3,32.43,31.85,32.37,1702491,0
2017-09-29,32.23,32.97,32.08,32.95,2345310,0
2017-10-02,32.94,33.555,32.63,32.96,1469314,0
2017-10-03,33.21,34.18,33,34.18,2674496,0
2017-10-04,34.23,34.27,33.3,33.43,963022,0
2017-10-05,33.72,33.8234,33.23,33.76,1169708,0
2017-10-06,33.26,33.51,32.46,32.51,2846280,0
2017-10-09,32.49,32.89,32.41,32.47,1581153,0
2017-10-10,32.68,32.7,31.5,31.71,2944345,0
2017-10-11,31.82,32.265,31.6,31.83,2153852,0
2017-10-12,31.8,32.46,31.78,32.34,1928197,0
2017-10-13,32.5,32.8,32.305,32.44,1854892,0
2017-10-16,32.5,32.68,31.735,31.89,1813594,0
2017-10-17,31.8,31.99,31.6001,31.75,1306440,0
2017-10-18,31.79,32.48,31.61,32.32,1768358,0
2017-10-19,32.13,32.14,31.61,31.64,1705870,0
2017-10-20,31.72,31.88,31.095,31.16,3166742,0
2017-10-23,31.29,31.47,30.74,30.77,3135357,0
2017-10-24,32.08,34.13,31.6,32.82,6089452,0
2017-10-25,32.65,32.875,31.85,32.01,2917952,0
2017-10-26,32.14,33.17,31.97,32.68,2093992,0
2017-10-27,32.77,33.53,32.26,32.38,3539071,0
2017-10-30,32.69,33.41,32.45,33.1,3295066,0
2017-10-31,32.47,34.08,32.47,33.83,2592074,0
2017-11-01,34.12,34.83,33.94,34.03,2412358,0
2017-11-02,33.5,33.8,33,33.44,2863880,0
2017-11-03,33.42,33.8,32.84,33.01,2020557,0
2017-11-06,33.05,33.69,33.01,33.55,1644639,0
2017-11-07,33.6,33.6,32.32,32.57,3079975,0
2017-11-08,32.76,32.96,32.25,32.72,1958500,0
2017-11-09,32.34,32.36,31.11,31.91,3302493,0
2017-11-10,31.94,32.21,30.85,30.99,3913934,0
