2016-01-04,25.77,25.795,24.405,24.51,589974,0
2016-01-05,24.34,24.77,23.6,24.04,415704,0
2016-01-06,23.84,24.14,23.48,23.88,478086,0
2016-01-07,23.4,23.87,23,23.02,967349,0
2016-01-08,23.42,24.17,23.42,23.89,556366,0
2016-01-11,23.89,24.35,23.41,23.76,534798,0
2016-01-12,23.89,24.11,23.1305,23.63,314967,0
2016-01-13,23.28,24.205,22.71,23,427816,0
2016-01-14,23,23,21.64,22.64,676821,0
2016-01-15,22.64,22.67,21.63,22.3,953438,0
2016-01-19,22.38,22.38,21.44,21.8,804200,0
2016-01-20,21.75,22.0799,20.52,21.26,1308056,0
2016-01-21,21.56,21.6,20.44,20.6,616757,0
2016-01-22,21.04,21.62,20.58,21.47,731005,0
2016-01-25,21.47,21.75,20.53,20.59,679221,0
2016-01-26,20.62,21.19,20.03,21.19,341575,0
2016-01-27,21.11,21.51,20.61,20.72,485330,0
2016-01-28,20.8,21.31,20.35,20.52,457461,0
2016-01-29,20.44,21.67,20.44,21.66,508973,0
2016-02-01,21.65,21.81,20.41,20.92,525094,0
2016-02-02,20.78,21.06,19.1,19.81,832039,0
2016-02-03,20.13,20.68,19.04,19.51,666654,0
2016-02-04,19.55,20.16,18.93,19.91,409760,0
2016-02-05,19.66,19.795,18.01,18.15,723226,0
2016-02-08,17.96,18.09,16.6,17.06,1479402,0
2016-02-09,16.84,17.44,16.455,17.21,827483,0
2016-02-10,17.18,18.24,17.1,17.88,857484,0
2016-02-11,17.38,19.82,17.34,19.18,1544305,0
2016-02-12,18.48,19.61,17.295,18.86,2273147,0
2016-02-16,18.8,19.97,18.42,19.55,825910,0
2016-02-17,19.23,21.46,19.23,20.19,959214,0
2016-02-18,20.31,20.73,19.82,20.38,722262,0
2016-02-19,20.78,21.54,20.05,21.44,766359,0
2016-02-22,21.43,22,20.57,20.84,762112,0
2016-02-23,21.45,22.83,21.18,21.76,1177622,0
2016-02-24,21.5,21.5,20.15,21.02,793298,0
2016-02-25,21.19,22.36,21.19,22.3,683107,0
2016-02-26,22.25,22.63,21.88,22.35,860010,0
2016-02-29,22.09,23.58,22.09,23.15,702463,0
2016-03-01,23.39,24.07,22.7,23.06,817724,0
2016-03-02,23.61,24.24,23.44,24.08,690007,0
2016-03-03,24.35,25.29,24.08,24.64,1134906,0
2016-03-04,24.58,25.7497,24.1,24.76,704547,0
2016-03-07,24.82,25.85,24.63,25.23,623149,0
2016-03-08,24.93,25.96,24.78,25.59,528430,0
2016-03-09,25.38,25.46,23.75,23.85,817509,0
2016-03-10,23.84,24.16,22.69,23.35,854255,0
2016-03-11,23.47,24.05,23.45,24,334636,0
2016-03-14,23.51,24.18,23.5,23.96,443131,0
2016-03-15,23.72,23.72,22.69,23.14,656684,0
2016-03-16,23.1,24.02,23,23.74,348192,0
2016-03-17,23.61,23.96,23.15,23.16,508658,0
2016-03-18,23.41,23.67,22.95,23.4,976882,0
2016-03-21,23.44,24.07,23.11,23.96,756710,0
2016-03-22,25.3,25.955,24.45,24.56,1283003,0
2016-03-23,24.39,24.76,23.54,23.71,836874,0
2016-03-24,23.5,24.17,23.31,24.14,496734,0
2016-03-28,24.46,24.46,23.595,24.13,358002,0
2016-03-29,23.92,25.32,23.92,25.09,570785,0
2016-03-30,25.34,25.84,24.91,24.94,513303,0
2016-03-31,24.64,25.75,24.64,25.55,542882,0
2016-04-01,26,26,24.42,24.79,547925,0
2016-04-04,24.51,24.62,23.62,23.78,683817,0
2016-04-05,23.47,23.51,22.68,22.9,831621,0
2016-04-06,22.83,23.62,21.86,22.69,672112,0
2016-04-07,22.51,22.73,21.89,21.9,720829,0
2016-04-08,22.04,22.36,21.78,22.07,1306193,0
2016-04-11,22.13,22.17,20.87,21.05,726821,0
2016-04-12,21.04,21.73,20.89,21.59,680834,0
2016-04-13,21.76,22.64,21.655,22.53,489678,0
2016-04-14,22.53,22.8899,22.4,22.62,460826,0
2016-04-15,22.57,22.98,22.42,22.95,324001,0
2016-04-18,22.74,23.25,22.42,22.82,394704,0
2016-04-19,22.93,23.595,22.7424,23.19,538278,0
2016-04-20,23.29,24.9,23.06,24.22,648808,0
2016-04-21,24.5,24.99,24.28,24.5,443744,0
2016-04-22,24.27,25.77,23.63,25.67,650582,0
2016-04-25,25.42,25.65,24.875,25.58,402181,0
2016-04-26,25.5,26.83,25.49,25.82,593175,0
2016-04-27,25.71,26.1357,25.31,25.52,282470,0
2016-04-28,25.08,25.83,24.94,25.03,327010,0
2016-04-29,24.96,25.75,24.39,25.02,400777,0
2016-05-02,24.76,26.09,24.41,25.97,791253,0
2016-05-03,26.06,26.44,25.31,25.72,1194243,0
2016-05-04,29.7,30.5,28.61,29.07,2890507,0
2016-05-05,29.48,29.48,27.3,27.49,1252716,0
2016-05-06,26.99,27.66,26.9501,27.41,723107,0
2016-05-09,27.44,27.65,26.85,27.3,471857,0
2016-05-10,27.51,28.39,27.34,27.85,402156,0
2016-05-11,27.69,28.32,27.57,28,385626,0
2016-05-12,28,28.59,27.95,28.36,481152,0
2016-05-13,28.42,29,28.11,28.23,628107,0
2016-05-16,28.38,29.08,27.95,29,547657,0
2016-05-17,29.11,29.58,28.51,28.57,636416,0
2016-05-18,28.5,29.29,26.77,29.04,1853938,0
2016-05-19,29.03,29.78,27.21,27.76,967703,0
2016-05-20,27.79,28.43,27.43,28.3,447505,0
2016-05-23,28.49,28.86,28.1819,28.29,230762,0
2016-05-24,28.34,29.28,28.34,29.04,407479,0
2016-05-25,29.2,29.5,28.61,29.17,348093,0
2016-05-26,29.01,29.3,28.35,28.78,351921,0
2016-05-27,28.49,29.9,28.49,29.18,341461,0
2016-05-31,28.99,29.46,28.93,29.24,409501,0
2016-06-01,29.18,29.18,28.31,28.91,463096,0
2016-06-02,28.95,29.7,28.77,29.65,332275,0
2016-06-03,29.39,29.87,28.82,29.74,259448,0
2016-06-06,29.88,31.04,29.86,30.78,625365,0
2016-06-07,33.4,33.72,32.21,32.4,2326990,0
2016-06-08,32.19,33.03,32,32.84,559919,0
2016-06-09,32.64,32.86,32.19,32.68,348640,0
2016-06-10,32.15,32.86,32.15,32.47,650467,0
2016-06-13,33,33.19,32.11,32.62,1235511,0
2016-06-14,32.46,33.11,32.21,32.83,637621,0
2016-06-15,32.81,33.18,32.67,32.92,811293,0
2016-06-16,32.65,33.47,32.65,33.28,1300817,0
2016-06-17,33.28,34.75,33.18,34.16,1445120,0
2016-06-20,34.5,35.2,34.415,35.05,1107165,0
2016-06-21,34.92,35.49,34.61,34.93,678529,0
2016-06-22,34.89,35.43,34.22,34.7003,554029,0
2016-06-23,35.01,35.65,34.81,35.5,606447,0
2016-06-24,34.2,34.97,34,34.52,897683,0
2016-06-27,34.3,34.45,32.85,33.01,537080,0
2016-06-28,33.5,34.44,33.35,34.12,610144,0
2016-06-29,34.32,35.57,34.16,35.36,694271,0
2016-06-30,35.22,36.65,35.22,36.65,858112,0
2016-07-01,36.65,36.86,35.81,36.18,623539,0
2016-07-05,36.12,36.23,35.3,35.69,751666,0
2016-07-06,35.41,36.13,35.18,35.87,298582,0
2016-07-07,36.01,36.55,35.66,36.25,470278,0
2016-07-08,36.64,36.9,36.5,36.86,351550,0
2016-07-11,36.79,37.5,36.69,37.13,331883,0
2016-07-12,37.26,37.8,37.25,37.3,477817,0
2016-07-13,37.41,37.67,36.69,36.81,316778,0
2016-07-14,37.44,37.72,36.93,37.42,601737,0
2016-07-15,37.33,37.7399,36.68,37.64,384224,0
2016-07-18,37.68,38.02,37.545,37.95,392178,0
2016-07-19,37.74,38.25,37.69,37.86,425021,0
2016-07-20,37.91,38.6,37.63,38.47,359853,0
2016-07-21,38.6,39.11,37.89,38.11,778839,0
2016-07-22,38.01,38.65,37.94,38.58,470046,0
2016-07-25,38.38,38.5,37.92,38.17,161188,0
2016-07-26,38.11,38.95,38.11,38.76,228328,0
2016-07-27,38.73,39.2,38.57,38.85,326778,0
2016-07-28,38.93,39.57,38.93,39.22,630899,0
2016-07-29,39.18,39.715,38.93,39.41,394722,0
2016-08-01,39.45,39.99,39.3,39.94,508338,0
2016-08-02,39.95,39.95,38.88,39.37,621739,0
2016-08-03,39.3,39.36,38.84,39.07,669119,0
2016-08-04,39.05,39.63,38.72,39.35,1381548,0
2016-08-05,37.8,38.01,36.35,37.17,3417588,0
2016-08-08,37.24,37.57,36.61,37.14,682753,0
2016-08-09,37,37,36.1,36.14,567055,0
2016-08-10,36.14,36.62,35.31,35.32,608748,0
2016-08-11,35.49,35.73,35.08,35.23,420492,0
2016-08-12,35.15,35.38,34.6,35.01,682594,0
2016-08-15,35,35.75,35,35.42,312074,0
2016-08-16,35.52,35.95,33.9,34.06,809236,0
2016-08-17,34.2,34.29,33.02,34.07,900914,0
2016-08-18,34.09,34.27,33.76,33.83,325535,0
2016-08-19,33.87,34.77,33.57,34.66,523531,0
2016-08-22,34.53,35.11,34.27,34.87,517512,0
2016-08-23,35.1,35.592,34.77,34.8,882915,0
2016-08-24,34.72,34.92,33.69,33.92,359366,0
2016-08-25,33.75,34.08,33.64,33.9,407429,0
2016-08-26,33.85,34.62,33.85,34.13,263422,0
2016-08-29,34.12,34.7,34.12,34.43,227723,0
2016-08-30,34.46,34.75,34.08,34.23,229752,0
2016-08-31,34.05,34.38,33.53,33.83,346453,0
2016-09-01,33.73,34.06,32.96,34.05,388173,0
2016-09-02,34.2,34.8,34.11,34.6,249487,0
2016-09-06,34.66,34.95,34.11,34.805,471766,0
2016-09-07,34.81,34.9,34.5101,34.83,231477,0
2016-09-08,34.81,34.81,34.26,34.28,249463,0
2016-09-09,33.96,33.96,33.17,33.21,548002,0
2016-09-12,33.13,33.63,32.93,33.4,458153,0
2016-09-13,33.2,33.36,32.64,33.03,448667,0
2016-09-14,33.17,33.47,32.73,32.92,241619,0
2016-09-15,33,33.36,32.55,33.08,283756,0
2016-09-16,32.99,33.69,32.84,33.53,406849,0
2016-09-19,33.68,34.24,33.66,33.9,496713,0
2016-09-20,33.87,34.075,33.261,33.7,212311,0
2016-09-21,33.77,34.98,33.77,34.87,335597,0
2016-09-22,34.8,35.7699,34.8,35.69,351379,0
2016-09-23,35.44,35.64,34.86,35.03,346547,0
2016-09-26,34.85,35.14,34.7,34.91,172612,0
2016-09-27,34.91,35.665,34.91,35.53,206878,0
2016-09-28,35.65,35.9901,35.28,35.9,385371,0
2016-09-29,35.9,36.305,35.62,35.8,283173,0
2016-09-30,35.75,35.75,34.17,34.45,613199,0
2016-10-03,34,34.81,34,34.75,305900,0
2016-10-04,34.68,34.81,33.95,34.2,251429,0
2016-10-05,34.21,34.33,33.91,34.11,205716,0
2016-10-06,34.01,34.15,33.16,33.18,189757,0
2016-10-07,33.85,33.99,32.97,32.98,354222,0
2016-10-10,33.14,33.52,32.5701,33.45,344824,0
2016-10-11,33.5,33.67,32.31,32.58,333542,0
2016-10-12,32.55,32.69,31.71,32.61,321276,0
2016-10-13,32.29,32.29,31.17,31.99,777572,0
2016-10-14,32.1,32.81,32.1,32.56,275476,0
2016-10-17,32.42,33.25,32.26,32.88,311268,0
2016-10-18,33.2,33.49,33.02,33.47,301889,0
2016-10-19,33.38,33.6,33.18,33.33,286688,0
2016-10-20,33.05,33.4,32.48,33.25,361147,0
2016-10-21,32.93,33.69,32.7,33.53,362195,0
2016-10-24,33.57,34.27,33.57,33.96,344127,0
2016-10-25,33.57,33.84,32.38,32.72,374639,0
2016-10-26,32.62,32.63,31.63,31.95,725947,0
2016-10-27,31.96,32.1399,31.24,31.72,436932,0
2016-10-28,31.65,32.49,31.65,32.07,712234,0
2016-10-31,32.38,33.74,32.375,33.03,881243,0
2016-11-01,33.03,33.13,31.96,32.78,1418053,0
2016-11-02,32.79,35.41,32.02,34.63,2415517,0
2016-11-03,34.92,36.1,34.51,34.77,909617,0
2016-11-04,34.72,34.93,33.59,33.88,1194090,0
2016-11-07,34.09,34.65,33.51,34.58,719289,0
2016-11-08,34.41,35.21,33.96,34.91,540167,0
2016-11-09,34.05,35.3,33.5,35.22,676813,0
2016-11-10,35.49,36.35,33.91,33.97,1428352,0
2016-11-11,33.72,34.79,33.28,34.7,843787,0
2016-11-14,34.7,34.95,34.26,34.59,486589,0
2016-11-15,34.51,35.6,34.2,34.9,475526,0
2016-11-16,34.61,35.19,34.03,34.56,548308,0
2016-11-17,34.9,35.75,34.3,35.5,661325,0
2016-11-18,35.43,35.88,35.05,35.43,492795,0
2016-11-21,35.34,35.53,34.7,35.47,390906,0
2016-11-22,35.41,35.62,34.87,35.44,491897,0
2016-11-23,35.09,36.5,34.91,36.05,760545,0
2016-11-25,36.18,36.18,35.55,35.7,295083,0
2016-11-28,35.45,35.72,35.02,35.18,278067,0
2016-11-29,35.25,35.71,35.02,35.32,366081,0
2016-11-30,35.33,35.65,34.94,35.15,310387,0
2016-12-01,35.21,35.21,32.85,33.31,1420973,0
2016-12-02,33.4,34,33.13,33.33,355888,0
2016-12-05,33.39,34.41,33.21,34.28,544557,0
2016-12-06,33.76,38.215,33.735,38.07,9249846,0
2016-12-07,37.71,38.48,36.83,38.12,1774427,0
2016-12-08,37.6,38.17,37.3,37.43,870162,0
2016-12-09,37.5,37.88,37.06,37.31,341709,0
2016-12-12,37.28,37.48,36.68,36.74,273751,0
2016-12-13,36.86,37.37,36.79,36.88,476223,0
2016-12-14,36.82,37.3,36.57,37.09,353351,0
2016-12-15,37.22,39.186,37.14,38.1,708388,0
2016-12-16,38.07,38.3167,37.55,37.83,535522,0
2016-12-19,37.75,38.52,37.44,38.19,282121,0
2016-12-20,38.2,38.89,38.125,38.8,344716,0
2016-12-21,38.62,38.98,38.06,38.37,325111,0
2016-12-22,38.37,38.39,36.8,37.05,785954,0
2016-12-23,37.03,37.38,36.81,37.23,305062,0
2016-12-27,37.15,37.92,37.15,37.73,168413,0
2016-12-28,37.54,37.74,36.74,37.15,309829,0
2016-12-29,37.26,37.48,36.93,37.05,233662,0
2016-12-30,37.29,37.29,36.375,36.45,353648,0
2017-01-03,36.71,37.44,36.31,37.38,628666,0
2017-01-04,37.44,37.52,36.73,37.3,440930,0
2017-01-05,37.19,37.24,36.42,36.81,457218,0
2017-01-06,37.03,37.17,36.28,37.14,428783,0
2017-01-09,37.24,37.63,36.95,37.22,362605,0
2017-01-10,37.12,37.43,36.61,37.09,363843,0
2017-01-11,37.15,37.15,36.19,36.63,341988,0
2017-01-12,36.53,37.45,36.29,37.29,257467,0
2017-01-13,36.91,38.08,36.75,38,527272,0
2017-01-17,37.72,37.72,36.74,37.09,371795,0
2017-01-18,37.12,37.32,36.88,37.17,282436,0
2017-01-19,37.3,37.495,37.1,37.13,220380,0
2017-01-20,37.31,37.84,37.27,37.4,305261,0
2017-01-23,37.39,37.86,37.32,37.64,305678,0
2017-01-24,37.71,38.08,37.62,37.82,345290,0
2017-01-25,38.12,38.18,37.34,37.37,165589,0
2017-01-26,37.48,37.555,36.86,37.36,175652,0
2017-01-27,37.28,37.7,37.02,37.1,181624,0
2017-01-30,36.73,36.98,36.24,36.42,665294,0
2017-01-31,36.28,36.45,35.681,35.98,393705,0
2017-02-01,36.07,36.49,35.3601,35.71,639668,0
2017-02-02,35.52,36.22,35.43,36.07,317381,0
2017-02-03,36.37,36.66,35.99,36.42,315341,0
2017-02-06,37.03,37.32,36.67,36.97,740472,0
2017-02-07,36.98,38.25,36.97,37.16,721654,0
2017-02-08,34.41,35.16,33.37,34.38,2470159,0
2017-02-09,34.24,34.76,32.92,33.78,972223,0
2017-02-10,33.83,34.25,33.5,34.09,779557,0
2017-02-13,34.31,34.9,34.25,34.79,928300,0
2017-02-14,35.99,36.5,35.41,35.72,1140791,0
2017-02-15,35.88,36.08,35.41,35.52,369929,0
2017-02-16,35.41,35.62,34.565,34.79,272314,0
2017-02-17,34.69,35.06,34.57,35.01,317889,0
2017-02-21,35.46,35.62,34.45,34.81,314855,0
2017-02-22,34.82,35.83,34.81,35.39,352686,0
2017-02-23,35.36,35.6,34.4,34.8,333617,0
2017-02-24,34.45,34.84,34.17,34.58,316791,0
2017-02-27,34.61,34.79,34.23,34.51,442939,0
2017-02-28,34.35,34.42,33.52,33.63,588777,0
2017-03-01,34.05,35.07,33.5,35.02,584563,0
2017-03-02,34.77,35.02,34.2,34.27,420682,0
2017-03-03,34.09,34.46,33.76,34.41,234351,0
2017-03-06,34.38,34.5046,33.965,34.46,308987,0
2017-03-07,34.29,34.91,34.16,34.74,379321,0
2017-03-08,34.7,34.86,34.45,34.54,272733,0
2017-03-09,34.6,34.94,34.3,34.82,238774,0
2017-03-10,35,35.27,34.63,34.99,197785,0
2017-03-13,35.15,35.655,35,35.62,143644,0
2017-03-14,35.6,35.6,34.92,35.49,191567,0
2017-03-15,35.67,36.475,35.3,36.45,422210,0
2017-03-16,36.5,36.68,36.17,36.24,458038,0
2017-03-17,36.2,36.2,35.83,36.04,222539,0
2017-03-20,36.05,36.05,35.73,35.83,224094,0
2017-03-21,36.02,36.19,34.83,34.92,456229,0
2017-03-22,35.01,35.2,34.7,34.88,226911,0
2017-03-23,34.5,34.83,33.14,33.39,1077786,0
2017-03-24,33.45,33.75,33.09,33.52,346733,0
2017-03-27,32.67,33.84,32.63,33.74,243907,0
2017-03-28,33.65,33.72,32.76,33.1,541628,0
2017-03-29,33.06,33.89,32.85,33.68,314037,0
2017-03-30,33.63,33.6625,33.09,33.5,291087,0
2017-03-31,33.29,33.85,33.11,33.82,224851,0
2017-04-03,33.81,34.17,33.76,34.04,513691,0
2017-04-04,34,34.13,33.74,34.05,428301,0
2017-04-05,34.26,34.26,33.47,33.49,339994,0
2017-04-06,33.5,33.8725,33.37,33.75,262796,0
2017-04-07,33.62,34.25,33.62,34.16,263598,0
2017-04-10,34.18,34.75,33.99,34.43,304945,0
2017-04-11,34.53,34.64,34.22,34.43,188345,0
2017-04-12,34.37,34.96,34.1,34.21,257849,0
2017-04-13,34.16,34.51,34.09,34.41,249047,0
2017-04-17,34.49,34.78,34.36,34.78,266323,0
2017-04-18,34.64,35.35,34.64,35.33,313523,0
2017-04-19,35.39,35.85,35.39,35.8,199730,0
2017-04-20,35.91,36.03,35.76,35.95,252270,0
2017-04-21,35.84,36.23,35.84,36.16,256501,0
2017-04-24,36.5,36.655,36.29,36.48,301090,0
2017-04-25,36.55,37.25,36.5075,37.17,334346,0
2017-04-26,37.17,38.2,37.17,38.14,616233,0
2017-04-27,38.14,39.77,38.13,38.99,588043,0
2017-04-28,39.04,39.23,38.48,38.49,374835,0
2017-05-01,38.52,39.62,38.49,39.42,740146,0
2017-05-02,39.6,39.6,38.6,39.28,386633,0
2017-05-03,39.18,39.18,38.5,38.97,385230,0
2017-05-04,38.93,40.3358,38.71,39.7,1016198,0
2017-05-05,41.68,43.9,41.19,43.81,1764287,0
2017-05-08,44,44.13,43.14,43.62,501384,0
2017-05-09,43.5,43.5,42.1501,42.71,1009526,0
2017-05-10,42.69,43.29,42.69,43.13,685361,0
2017-05-11,43.16,43.48,42.615,43.46,701189,0
2017-05-12,43.38,43.65,42.98,43.09,316137,0
2017-05-15,43.29,43.92,43.28,43.3,559571,0
2017-05-16,43.33,44.58,43.08,44.41,476962,0
2017-05-17,43.76,43.76,41.51,41.63,793580,0
2017-05-18,41.15,42.03,41.07,41.71,766249,0
2017-05-19,41.95,42.49,41.231,41.42,463615,0
2017-05-22,41.7,41.96,41.45,41.7,457442,0
2017-05-23,41.93,42.9,41.51,42.86,401183,0
2017-05-24,42.92,43.98,42.74,43.76,602485,0
2017-05-25,43.87,44,43.54,43.63,455510,0
2017-05-26,43.68,43.84,43.32,43.65,401006,0
2017-05-30,43.56,43.98,43.44,43.9,290636,0
2017-05-31,43.89,44.09,43.23,43.89,411638,0
2017-06-01,44.23,45,43.6,44.99,359242,0
2017-06-02,44.7,45.61,44.69,45.39,244315,0
2017-06-05,45.48,45.5507,45,45.07,367339,0
2017-06-06,45.04,46.17,44.0929,45.49,336813,0
2017-06-07,45.73,46.11,45.11,45.82,267341,0
2017-06-08,45.38,45.96,44.88,45.8,322855,0
2017-06-09,45.62,46.04,43.64,44.77,702324,0
2017-06-12,44.37,44.85,43.39,44.74,460725,0
2017-06-13,44.9,45.65,44.8,45.21,287501,0
2017-06-14,45,45.98,45,45.65,292938,0
2017-06-15,45,45.62,44.67,45.44,274318,0
2017-06-16,45.67,45.87,45.13,45.58,394174,0
2017-06-19,46.1,46.96,45.78,46.77,331993,0
2017-06-20,46.35,47.43,46.35,47.3,407892,0
2017-06-21,47.37,48.95,47.35,48.3,457687,0
2017-06-22,48.79,49.1,47.8,49.07,374095,0
2017-06-23,49,50.82,48.96,50.69,650041,0
2017-06-26,50.5,50.91,49.59,50.08,467545,0
2017-06-27,49.78,50.16,47.9527,48.04,367170,0
2017-06-28,48.67,48.76,47.75,48.57,290540,0
2017-06-29,48.49,48.63,47.03,47.7,458852,0
2017-06-30,47.87,48.97,47.625,48.84,587070,0
2017-07-03,48.69,48.92,48.135,48.63,145219,0
2017-07-05,48.29,49.03,47.94,48.5,297955,0
2017-07-06,48.2,48.2,46.94,47.01,275908,0
2017-07-07,47.09,47.44,46.34,46.55,408495,0
2017-07-10,46.01,46.93,46.005,46.43,404084,0
2017-07-11,46.57,46.7,45.56,46.39,477811,0
2017-07-12,46.89,46.89,43.96,44.62,969067,0
2017-07-13,44.84,45.47,43.74,45.12,577513,0
2017-07-14,45.99,47.51,45.89,46.41,510302,0
2017-07-17,46.5,47.15,46.48,46.88,292490,0
2017-07-18,46.74,47.0799,45.9,46.39,369498,0
2017-07-19,46.44,46.69,45.31,45.53,328115,0
2017-07-20,45.55,45.7,44.59,44.75,359812,0
2017-07-21,44.77,44.85,44.38,44.63,149069,0
2017-07-24,44.75,45.07,44.39,44.95,241522,0
2017-07-25,45.05,45.89,44.53,45.73,238781,0
2017-07-26,46,46,45.27,45.59,241672,0
2017-07-27,45.65,46.14,44.3,45.06,257754,0
2017-07-28,44.9,45.75,44.65,45.33,171481,0
2017-07-31,45.67,45.67,44.46,45.43,389298,0
2017-08-01,45.56,45.99,44.87,45.67,346415,0
2017-08-02,45.95,45.95,44.8,45.75,347745,0
2017-08-03,45.82,46.23,45.5069,45.67,174869,0
2017-08-04,46.1299,46.1299,45.37,45.64,247892,0
2017-08-07,45.91,47.94,45.91,47.43,644864,0
2017-08-08,47.47,48.7,46.76,47.74,775178,0
2017-08-09,45,45.035,42.75,43.39,1629907,0
2017-08-10,43.05,43.33,39.92,40.25,882086,0
2017-08-11,40.37,41.99,40.33,40.71,545899,0
2017-08-14,40.91,41.64,40.91,41.31,445459,0
2017-08-15,41.37,41.48,40.65,40.79,288259,0
2017-08-16,40.76,41.17,40.2403,40.62,345304,0
2017-08-17,40.49,40.49,39,39.22,491193,0
2017-08-18,39.36,39.595,38.51,38.88,221966,0
2017-08-21,38.73,39.1161,38.391,38.81,399168,0
2017-08-22,39.03,39.03,38.25,38.41,391884,0
2017-08-23,38.19,38.7,38.07,38.61,441966,0
2017-08-24,39.01,39.11,38.29,38.81,527720,0
2017-08-25,39.06,39.31,38.22,38.3,505081,0
2017-08-28,38.5,38.66,38.001,38.56,281962,0
2017-08-29,38.06,39.82,38.06,39.7,534906,0
2017-08-30,39.68,39.96,39.29,39.78,367104,0
2017-08-31,39.96,40.3,39.51,39.92,388264,0
2017-09-01,39.84,40.18,39.76,39.95,332496,0
2017-09-05,39.99,40.146,38.87,39.37,161076,0
2017-09-06,39.53,39.64,38.75,39.08,335454,0
2017-09-07,39.13,39.59,38.73,39.21,171027,0
2017-09-08,39.18,39.18,38.05,38.14,256582,0
2017-09-11,38.34,39.38,38.34,39.3,401503,0
2017-09-12,39.3,41.11,39.1,40.62,631061,0
2017-09-13,40.3,40.565,37.96,38.91,981100,0
2017-09-14,38.6,39.92,38.42,39.87,363451,0
2017-09-15,39.67,40.43,39.18,40.15,468872,0
2017-09-18,40,40.79,40,40.58,398922,0
2017-09-19,40.64,40.73,39.66,39.86,314867,0
2017-09-20,39.76,40.24,39.55,40.15,329301,0
2017-09-21,40,40.14,39.44,39.86,339738,0
2017-09-22,39.89,39.995,38.92,38.93,456167,0
2017-09-25,38.73,38.95,38.165,38.91,580676,0
2017-09-26,39.16,39.49,38.57,38.75,425804,0
2017-09-27,39,39.74,38.86,38.92,413084,0
2017-09-28,39.09,39.78,38.73,39.42,381090,0
2017-09-29,39.69,40.64,39.43,40.15,658991,0
2017-10-02,40.15,40.62,39.92,40.56,552168,0
2017-10-03,40.71,40.9325,40.34,40.83,207096,0
2017-10-04,40.79,41.78,40.77,41.65,349901,0
2017-10-05,41.61,41.83,40.88,41.47,271079,0
2017-10-06,41.42,42.14,41.15,41.89,241269,0
2017-10-09,42.18,42.72,41.86,41.95,248618,0
2017-10-10,41.98,42.31,41.47,41.6,239057,0
2017-10-11,41.73,41.99,41.2,41.25,194190,0
2017-10-12,41.06,41.82,41.06,41.43,249566,0
2017-10-13,41.74,41.86,41.28,41.44,264527,0
2017-10-16,41.47,41.6,40.97,41.1,248837,0
2017-10-17,41.07,41.51,40.79,41.51,322869,0
2017-10-18,41.44,41.69,40.81,40.92,323724,0
2017-10-19,40.64,40.98,40.35,40.92,315597,0
2017-10-20,41.49,41.49,40.91,41.1,253887,0
2017-10-23,41.24,41.24,40.47,40.75,287240,0
2017-10-24,41.04,41.23,40.52,40.99,301403,0
2017-10-25,40.83,41.045,40.08,40.35,313260,0
2017-10-26,40.51,41.35,40.031,41.2,344258,0
2017-10-27,41.59,41.59,40.57,41.02,399932,0
2017-10-30,41.02,41.18,40.62,40.77,167443,0
2017-10-31,40.91,41.4831,40.365,41.31,778047,0
2017-11-01,41.42,41.42,40.3,40.53,385988,0
2017-11-02,41.2,41.2,39.65,39.67,397742,0
2017-11-03,39.55,40.7,39.4,40.62,754107,0
2017-11-06,40.42,42.72,40.3,40.98,628531,0
2017-11-07,41.34,41.34,39.76,40.22,529425,0
2017-11-08,41.02,41.5725,38.83,41.15,1932897,0
2017-11-09,41.32,42.07,39.71,40.43,941775,0
2017-11-10,40.07,40.31,38.89,39.74,595319,0
